1694427642397 161.4734730253263 0
1694427642412 167.8713599759627 1
1694427642429 163.5435986585325 2
1694427642444 165.4991547515523 3
1694427642460 167.51789316326747 4
1694427642476 159.6239556676815 5
1694427642492 166.89016325528954 6
1694427642508 170.06171870581633 7
1694427642523 167.63262669250122 8
1694427642539 173.70259304531632 9
1694427642554 165.82302671582804 10
1694427642570 173.20288637456673 11
1694427642586 170.9300170942868 12
1694427642602 168.6907086831587 13
1694427642618 176.26330070679177 14
1694427642633 166.25566776164874 15
1694427642650 169.0776930030723 16
1694427642666 171.08909765390104 17
1694427642682 168.75331193115804 18
1694427642698 167.9171444963611 19
1694427642714 166.80819344365736 20
1694427642730 171.06255310625298 21
1694427642746 169.50822476897784 22
1694427642764 170.59651048621689 23
1694427642780 169.06266242289954 24
1694427642796 168.358033963362 25
1694427642813 168.30951621834197 26
1694427642830 171.4066778158926 27
1694427642847 168.46897934015539 28
1694427642865 171.83817679662005 29
1694427642882 170.4623991290141 30
1694427642899 160.67824258229294 31
1694427642915 161.31096675022152 32
1694427642931 170.69124076104768 33
1694427642945 168.8581720089746 34
1694427642961 169.42046119263523 35
1694427642976 171.30984109143546 36
1694427642991 168.06536440239344 37
1694427643008 165.94716801714017 38
1694427643023 166.25091428633502 39
1694427643039 164.17770224577671 40
1694427643055 169.41143894795272 41
1694427643070 168.51399386274642 42
1694427643086 167.6214483429647 43
1694427643101 168.44964119263935 44
1694427643117 167.6992050471693 45
1694427643134 170.4842220536791 46
1694427643149 170.73781231667917 47
1694427643164 169.01049111142373 48
1694427643179 169.29188698870456 49
1694427643194 168.71117437459594 50
1694427643208 169.37341253149128 51
1694427643224 168.46217522699368 52
1694427643239 170.12828354489284 53
1694427643253 165.13472093158933 54
1694427643269 173.9893994163574 55
1694427643283 170.97674634862224 56
1694427643298 169.2257607945103 57
1694427643312 170.0096984726815 58
1694427643327 171.9742500029309 59
1694427643342 170.13230908018068 60
1694427643356 165.80783861542614 61
1694427643372 166.0436268357329 62
1694427643386 171.89255684763344 63
1694427643401 173.11832494459307 64
1694427643416 168.7107700576948 65
1694427643431 170.23775923319843 66
1694427643446 168.70447128172626 67
1694427643461 169.26024816948407 68
1694427643476 168.8758249974989 69
1694427643490 168.7532205583115 70
1694427643505 162.3410781650837 71
1694427643522 156.29187143171788 72
1694427643537 167.20442240152875 73
1694427643552 166.28818606799254 74
1694427643566 170.3290910781584 75
1694427643581 167.42801938034304 76
1694427643595 167.52064098659847 77
1694427643610 164.12234607053873 78
1694427643625 168.65182962824792 79
1694427643640 165.0882886570868 80
1694427643655 168.48510975913925 81
1694427643671 170.65397165797805 82
1694427643686 171.17168694168444 83
1694427643701 169.43408066489806 84
1694427643715 166.43285203991897 85
1694427643729 170.25191874674465 86
1694427643743 167.67954201712845 87
1694427643758 170.74692626194175 88
1694427643773 166.94146707371647 89
1694427643788 168.00240770631075 90
1694427643801 170.40909398087516 91
1694427643817 165.09389971008613 92
1694427643832 167.82570012741613 93
1694427643848 168.0642484468634 94
1694427643862 166.41045278968684 95
1694427643879 165.3522527422524 96
1694427643894 169.15271786689212 97
1694427643909 164.62224600971103 98
1694427643924 166.83533026688318 99
1694427643939 167.50778734662484 100
1694427643955 169.83395370859571 101
1694427643972 166.90291421866382 102
1694427643992 167.72864050601405 103
1694427644013 169.5429196406956 104
1694427644031 169.8804991052064 105
1694427644047 164.49749183040575 106
1694427644062 167.31924590095625 107
1694427644077 169.52225617590392 108
1694427644091 165.85339867839255 109
1694427644107 173.54562222646308 110
1694427644122 169.73351889936728 111
1694427644136 170.26877582568468 112
1694427644151 166.44833447812093 113
1694427644166 169.15643811655397 114
1694427644182 167.731757412274 115
1694427644197 165.91583883823265 116
1694427644211 169.29820594568346 117
1694427644226 167.46689319316127 118
1694427644241 169.00249901992674 119
1694427644255 162.61665444864275 120
1694427644273 170.8718495521006 121
1694427644289 167.95955820746244 122
1694427644304 171.97250435630764 123
1694427644319 172.03665353654952 124
1694427644334 167.51559682455078 125
1694427644349 164.16929134147313 126
1694427644364 169.50995931036047 127
1694427644379 172.59881993805396 128
1694427644394 165.65147594828113 129
1694427644408 170.37966555552043 130
1694427644423 167.7614743917971 131
1694427644438 169.59288972559384 132
1694427644453 170.40150761418244 133
1694427644468 163.21804263351402 134
1694427644483 170.43036951382257 135
1694427644498 171.51364002267582 136
1694427644513 168.24460677354554 137
1694427644528 173.18002584350583 138
1694427644543 165.65613388594198 139
1694427644557 166.22701690967327 140
1694427644572 166.3874973066229 141
1694427644586 168.3097528789913 142
1694427644601 169.47275868449577 143
1694427644616 167.39489947510032 144
1694427644631 171.43447618883988 145
1694427644647 169.07326996262077 146
1694427644662 168.82455980403657 147
1694427644677 166.51171313801132 148
1694427644692 172.62768145581316 149
1694427644706 169.49212226009624 150
1694427644720 168.0607193900702 151
1694427644734 167.3136399083466 152
1694427644748 168.80456189112766 153
1694427644763 168.84067188397688 154
1694427644779 167.05514597452387 155
1694427644793 169.3616969439457 156
1694427644808 167.48108498387316 157
1694427644822 167.85426948656752 158
1694427644837 166.63387110857116 159
1694427644851 169.83383685554185 160
1694427644866 167.8565752541202 161
1694427644882 164.72560856621106 162
1694427644896 172.25719143503966 163
1694427644912 167.60960144019992 164
1694427644927 166.8803710414828 165
1694427644941 172.2704478351516 166
1694427644957 171.9680621943008 167
1694427644972 168.27285477744064 168
1694427644987 169.94587484753214 169
1694427645001 167.00150011729463 170
1694427645016 168.99664723805196 171
1694427645030 168.71896548687036 172
1694427645044 171.2631787283493 173
1694427645058 169.95578732836546 174
1694427645074 167.90574491700744 175
1694427645088 170.61589903442095 176
1694427645102 165.40462595038642 177
1694427645116 168.62882349350713 178
1694427645131 169.8230718983713 179
1694427645146 167.68449142008632 180
1694427645161 171.74986812311803 181
1694427645176 171.21076764793742 182
1694427645191 170.74238839262657 183
1694427645207 165.71770007066308 184
1694427645223 168.82284995282149 185
1694427645239 168.31773895107926 186
1694427645255 166.2789236115257 187
1694427645270 170.40107265147375 188
1694427645287 169.86528299085793 189
1694427645303 165.08137352164366 190
1694427645319 174.2233226180026 191
1694427645335 166.84079711610335 192
1694427645350 169.10285506097125 193
1694427645365 164.93873367577535 194
1694427645381 170.24472370216998 195
1694427645396 168.7282700487917 196
1694427645412 167.89761545889223 197
1694427645427 165.7650549730792 198
1694427645442 172.18672406799604 199
1694427645456 168.80065667280567 200
1694427645471 174.4088967067671 201
1694427645485 171.90589231334658 202
1694427645499 166.05185725512663 203
1694427645514 169.23535355460203 204
1694427645528 170.88376491812232 205
1694427645543 173.5603237755815 206
1694427645557 171.65848819103218 207
1694427645571 168.4206241072827 208
1694427645586 166.22232121783546 209
1694427645601 168.2816785272992 210
1694427645616 167.40466355206757 211
1694427645630 168.3345682004477 212
1694427645645 174.57789571066124 213
1694427645660 164.2861905145293 214
1694427645675 171.74004263274873 215
1694427645690 169.23947931870245 216
1694427645704 166.91380783144197 217
1694427645720 163.83127264114674 218
1694427645734 167.79153883445335 219
1694427645748 169.9495133217799 220
1694427645762 166.40287322157565 221
1694427645777 166.8678802487137 222
1694427645792 164.02412335120124 223
1694427645807 163.90397640074298 224
1694427645821 166.12483412957857 225
1694427645836 171.71934183121303 226
1694427645849 173.08092535678892 227
1694427645865 169.68437070043018 228
1694427645880 170.98058672994844 229
1694427645895 170.71357172562585 230
1694427645910 165.17246763310985 231
1694427645924 166.0094229745827 232
1694427645939 162.26677440496385 233
1694427645954 171.6857814846207 234
1694427645969 163.41308697963768 235
1694427645983 169.2800124723768 236
1694427645997 169.55364655670368 237
1694427646012 168.88964612776735 238
1694427646028 167.61314857707697 239
1694427646044 171.2833320104168 240
1694427646060 169.7047921602113 241
1694427646077 167.1929671179518 242
1694427646092 169.08956430128725 243
1694427646107 169.58560122430706 244
1694427646121 164.99390228344095 245
1694427646136 165.14151642448238 246
1694427646150 170.5626790064054 247
1694427646163 170.67009795440435 248
1694427646179 172.31687268296292 249
1694427646193 168.0955143978484 250
1694427646207 168.52728108198886 251
1694427646221 169.0939668235228 252
1694427646235 169.31981839642432 253
1694427646249 165.91529146130574 254
1694427646264 165.11223872003796 255
1694427646279 166.31622881645643 256
1694427646293 170.20924917391977 257
1694427646309 166.26335084958438 258
1694427646324 166.30200169696624 259
1694427646339 167.67267131579976 260
1694427646353 171.4937574810688 261
1694427646368 169.5735046169329 262
1694427646383 172.14607056303268 263
1694427646397 167.32892870509562 264
1694427646413 168.7221961148029 265
1694427646428 169.7462882449806 266
1694427646442 171.13836088725506 267
1694427646457 167.39613374975372 268
1694427646470 169.73552136433153 269
1694427646486 173.94512377946265 270
1694427646500 166.13103786571926 271
1694427646514 167.1093688539657 272
1694427646530 168.92324632782675 273
1694427646545 169.59905371174642 274
1694427646560 170.8562699029774 275
1694427646575 162.743710867769 276
1694427646589 171.624008588918 277
1694427646603 159.9962926208396 278
1694427646617 168.3724122112355 279
1694427646632 171.31235300184076 280
1694427646647 165.967266721314 281
1694427646662 164.39800536217942 282
1694427646676 163.96814975060383 283
1694427646690 163.02272908640614 284
1694427646705 168.55808394655273 285
1694427646720 170.88427967640197 286
1694427646735 168.39244308478155 287
1694427646749 168.40869976592043 288
1694427646763 167.02625918984148 289
1694427646778 165.77620048335163 290
1694427646792 168.88743219187182 291
1694427646807 171.70547864636936 292
1694427646821 170.16793951281446 293
1694427646836 170.40277730425154 294
1694427646850 172.53629146981885 295
1694427646864 170.25978913219546 296
1694427646878 167.90546847079136 297
1694427646893 169.33584111484188 298
1694427646907 172.31408490745986 299
1694427646922 165.23037009418164 300
1694427646938 166.03096547959908 301
1694427646953 167.24769033254353 302
1694427646968 168.26971355298338 303
1694427646983 163.30536388442843 304
1694427646998 172.681171652047 305
1694427647012 171.48973803646044 306
1694427647026 170.28662825550472 307
1694427647042 172.9601614847423 308
1694427647057 168.9215475463104 309
1694427647071 169.78673967266445 310
1694427647086 173.010852853013 311
1694427647101 164.52359275335633 312
1694427647115 168.97561392710645 313
1694427647130 168.0060202876718 314
1694427647145 166.031019616428 315
1694427647161 170.08644933653704 316
1694427647177 169.35337141296063 317
1694427647193 170.95603752460858 318
1694427647207 168.20767756167032 319
1694427647221 172.81233305480313 320
1694427647235 164.02345035795653 321
1694427647250 166.20157506339638 322
1694427647264 171.01092754834968 323
1694427647279 171.60450039154884 324
1694427647293 164.52480470587858 325
1694427647308 171.59016461749496 326
1694427647323 169.43009913414738 327
1694427647338 167.51254542790852 328
1694427647352 165.5593291086928 329
1694427647366 169.5320184008942 330
1694427647381 167.03872137247862 331
1694427647395 169.9648669427876 332
1694427647409 169.11952949505803 333
1694427647424 171.096638487122 334
1694427647439 167.68856607374883 335
1694427647453 166.3351571945338 336
1694427647467 164.6188910408807 337
1694427647482 163.86441751534946 338
1694427647496 171.95842333364584 339
1694427647511 169.3922940425479 340
1694427647525 169.76832440790895 341
1694427647540 170.91416137670856 342
1694427647554 171.09823104037838 343
1694427647569 166.3028885987439 344
1694427647584 165.07188214338402 345
1694427647599 165.05799337405844 346
1694427647613 169.08175878963792 347
1694427647627 168.64610494425756 348
1694427647642 172.89559460664321 349
1694427647658 170.18219965740485 350
1694427647674 167.7348573942034 351
1694427647690 170.39440415574794 352
1694427647705 167.11019765495266 353
1694427647720 169.95334742396275 354
1694427647735 168.60758194055205 355
1694427647750 172.224930341441 356
1694427647765 167.1927095284673 357
1694427647779 165.880174383592 358
1694427647794 167.42249071722003 359
1694427647809 169.6816419931931 360
1694427647823 178.25894697918443 361
1694427647837 168.63488551103367 362
1694427647851 170.2631545336146 363
1694427647865 172.2143729530942 364
1694427647880 164.1047133458257 365
1694427647895 170.54432602104265 366
1694427647910 164.71898386942442 367
1694427647924 170.62943521901823 368
1694427647939 168.15273798864902 369
1694427647953 167.83185566563716 370
1694427647968 165.77267340062738 371
1694427647982 174.82786698911008 372
1694427647997 170.46791848990253 373
1694427648011 172.0344699488876 374
1694427648026 172.38726775936271 375
1694427648041 173.42430808996536 376
1694427648055 167.66204911459175 377
1694427648070 171.1693029563321 378
1694427648084 170.65365622594007 379
1694427648099 169.09057648798924 380
1694427648113 167.8883626598549 381
1694427648128 167.7990623507907 382
1694427648142 167.19195393031524 383
1694427648157 171.90739801883842 384
1694427648171 168.91882129474723 385
1694427648186 164.24706887758603 386
1694427648201 172.4750750549169 387
1694427648216 168.70452878965594 388
1694427648229 168.58812289339122 389
1694427648246 165.53895787063746 390
1694427648261 179.52075828446428 391
1694427648277 167.48521797445605 392
1694427648292 167.9496909632829 393
1694427648306 168.69080933759486 394
1694427648321 168.35353299144575 395
1694427648336 170.97500868102549 396
1694427648350 168.68776013023242 397
1694427648365 165.28834445068267 398
1694427648379 166.2972476570233 399
1694427648393 167.00333775420282 400
1694427648408 164.09337904153674 401
1694427648423 170.0383734169372 402
1694427648437 172.2025377104028 403
1694427648452 170.4802102111044 404
1694427648466 172.5867703149244 405
1694427648480 169.28924952626286 406
1694427648495 168.29532337168925 407
1694427648509 172.3081709493354 408
1694427648524 166.66357516458694 409
1694427648538 171.31451981490972 410
1694427648553 160.16365084702144 411
1694427648567 168.20279571510983 412
1694427648582 179.1266752080584 413
1694427648597 168.1426303274132 414
1694427648612 172.95931639133232 415
1694427648627 169.78766811673896 416
1694427648640 171.7616056802585 417
1694427648656 168.66612274402084 418
1694427648670 172.0100665582618 419
1694427648685 166.47500823933865 420
1694427648699 169.05252226238295 421
1694427648714 171.22008097167458 422
1694427648729 173.54185250091922 423
1694427648743 166.72977413577632 424
1694427648758 168.63686475571726 425
1694427648775 170.47954600324132 426
1694427648790 171.71532768846342 427
1694427648806 163.147848648545 428
1694427648821 171.51116709574967 429
1694427648835 171.08160407289705 430
1694427648850 165.17413001053066 431
1694427648865 170.1280798849704 432
1694427648880 168.32917587327347 433
1694427648894 167.72325549934638 434
1694427648909 171.3274367112415 435
1694427648929 169.93040906389248 436
1694427648946 166.44700288380696 437
1694427648963 173.05687572247137 438
1694427648980 161.43055158448465 439
1694427648997 169.37989550671622 440
1694427649014 161.8208054699092 441
1694427649031 168.87328157810512 442
1694427649048 171.67559464396442 443
1694427649066 171.2341186033572 444
1694427649082 168.7296451058532 445
1694427649101 166.42340668324326 446
1694427649117 168.8650472911088 447
1694427649131 170.20109873553199 448
1694427649146 170.0427477870332 449
1694427649161 165.41440353713372 450
1694427649176 171.54915078565264 451
1694427649190 172.7985114083821 452
1694427649205 167.85127503504341 453
1694427649219 164.42783625085605 454
1694427649233 172.43947156111224 455
1694427649247 168.1137813841017 456
1694427649261 171.02570102152353 457
1694427649276 167.1500586154477 458
1694427649290 172.93890247689998 459
1694427649305 169.9138991858842 460
1694427649320 162.23832625549628 461
1694427649334 169.585250964414 462
1694427649349 171.2956488824421 463
1694427649365 171.22404016183552 464
1694427649381 169.61199449833217 465
1694427649396 163.8565625525758 466
1694427649411 165.99308409439138 467
1694427649425 166.76584783783161 468
1694427649439 168.47382162257196 469
1694427649454 169.69167331485164 470
1694427649468 171.39932152208635 471
1694427649482 168.85159994230884 472
1694427649496 167.57873414269105 473
1694427649511 170.5434360101413 474
1694427649526 167.0613276573851 475
1694427649541 166.83055361290943 476
1694427649555 168.9523801526188 477
1694427649569 170.7830198271624 478
1694427649583 166.45267473057058 479
1694427649598 168.86927411322193 480
1694427649612 168.9899686707131 481
1694427649626 165.9931263504515 482
1694427649640 167.12512508189505 483
1694427649655 167.29711638757232 484
1694427649668 172.02692141898348 485
1694427649683 169.85304317776564 486
1694427649698 168.6582883886572 487
1694427649713 169.35752699967182 488
1694427649727 162.426924546521 489
1694427649741 168.39650718157796 490
1694427649755 167.77188474128087 491
1694427649770 167.7978428704765 492
1694427649785 171.23666252475303 493
1694427649800 168.37245515361636 494
1694427649815 171.05512313188342 495
1694427649829 168.3828703458426 496
1694427649843 161.62689286892333 497
1694427649858 169.96757494969327 498
1694427649872 170.912018438013 499
