1694429927801 81.56497539811919 0
1694429927868 41.02173929952638 1
1694429927939 29.607211570635204 2
1694429928007 13.094538519370348 3
1694429928073 6.779926578125035 4
1694429928138 5.197317869675571 5
1694429928205 4.011103454703395 6
1694429928270 1.8626806307300299 7
1694429928337 1.885794756198586 8
1694429928403 0.7949962832202531 9
1694429928469 0.359220895107398 10
1694429928535 0.6783398694075577 11
1694429928601 0.07935355764399923 12
1694429928668 0.043424770845984596 13
1694429928733 0.8804017429692886 14
1694429928799 0.45024998510190345 15
1694429928867 0.8329682040771158 16
1694429928934 1.1331251495025016 17
1694429929001 0.04450103396398725 18
1694429929067 0.5814124868537666 19
1694429929133 0.3444574868085545 20
1694429929200 0.0057035010641658685 21
1694429929267 1.278999386883112 22
1694429929332 0.13750636361298027 23
1694429929399 0.7432798367352492 24
1694429929466 0.08824533289985141 25
1694429929532 0.9883143612670051 26
1694429929597 0.72080226084283 27
1694429929663 0.860023210362371 28
1694429929731 0.12621539646438423 29
1694429929796 0.4348926699909717 30
1694429929862 1.0579575505439553 31
1694429929927 0.00867256174699083 32
1694429929993 0.6965364957271385 33
1694429930058 0.00206132546526808 34
1694429930125 0.15939623269945552 35
1694429930191 0.3923017089375112 36
1694429930256 0.09014885001363664 37
1694429930323 0.26407213315933503 38
1694429930389 0.29403892758889943 39
1694429930455 0.2568314508142619 40
1694429930520 0.08732425131070795 41
1694429930586 0.034936571466334956 42
1694429930652 0.241565679826744 43
1694429930717 0.0968906872000924 44
1694429930783 0.3490687144360155 45
1694429930852 0.08514093042922642 46
1694429930918 0.3772277437234213 47
1694429930985 0.3839068350725011 48
1694429931050 0.8595589363000978 49
1694429931115 0.3764831445159001 50
1694429931181 0.15633371617414887 51
1694429931248 0.3539843390894194 52
1694429931313 0.15434139267902766 53
1694429931378 0.07766031411516487 54
1694429931444 0.0002738045312795479 55
1694429931510 0.2600791434029446 56
1694429931575 0.30325306156158943 57
1694429931640 0.3199246072015981 58
1694429931707 0.0999303075068692 59
1694429931772 0.022583568149755325 60
1694429931837 0.29397100250627306 61
1694429931903 0.05762454749025108 62
1694429931969 0.3497534225932057 63
1694429932035 0.07199315516615816 64
1694429932101 0.40644496532121693 65
1694429932166 0.6949680556483254 66
1694429932233 0.10694731124227641 67
1694429932300 0.4144145764253055 68
1694429932366 0.09138408334028794 69
1694429932434 0.04172790614364795 70
1694429932501 0.32421642017062113 71
1694429932569 0.27813632906239383 72
1694429932635 0.056271752059532526 73
1694429932701 0.5150271418151211 74
1694429932768 0.10480264783317551 75
1694429932835 0.8389610535161076 76
1694429932903 0.4226417673383015 77
1694429932970 0.30186039604061055 78
1694429933040 0.3614700063725118 79
1694429933107 0.2871937228113749 80
1694429933173 0.0011461559292933487 81
1694429933239 0.3239076208435588 82
1694429933304 0.20017290511477512 83
1694429933370 1.8263645161007598 84
1694429933436 0.10192524383863208 85
1694429933503 0.13078425670089766 86
1694429933569 0.5118235036195778 87
1694429933636 0.35066611540402454 88
1694429933703 0.48478605553697135 89
1694429933768 0.356916467732682 90
1694429933833 0.4042168530394781 91
1694429933899 0.08945839731753363 92
1694429933965 0.051111235656875864 93
1694429934032 0.14751225216136032 94
1694429934098 0.06527011261122777 95
1694429934164 0.30867658969794876 96
1694429934229 0.29344907511626733 97
1694429934296 0.00846501011896075 98
1694429934360 0.0805167837741625 99
1694429934427 0.38883565311201845 100
1694429934493 0.02719107568257764 101
1694429934557 0.05086495964411166 102
1694429934624 0.1732477077346815 103
1694429934690 0.470755097181277 104
1694429934755 0.18842834512671328 105
1694429934822 0.17537114056191963 106
1694429934888 1.5228440261799572 107
1694429934954 0.0975324100625316 108
1694429935021 0.047356667331006526 109
1694429935086 0.219659099298587 110
1694429935151 0.24367646272553775 111
1694429935217 0.15268706908336194 112
1694429935285 0.03791784076994088 113
1694429935350 0.19854254693573933 114
1694429935416 0.37058105654239115 115
1694429935483 0.5515992468347878 116
1694429935549 0.006719763761984586 117
1694429935615 0.09216960258955513 118
1694429935680 0.32865647056387925 119
1694429935746 0.431937528306357 120
1694429935811 0.18399762576605652 121
1694429935877 0.5527397235931033 122
1694429935942 0.024276119295474706 123
1694429936010 0.3768900586383926 124
1694429936075 0.11857821885074642 125
1694429936141 0.018924425907141607 126
1694429936207 0.00434636296495675 127
1694429936274 0.010396600470037792 128
1694429936340 0.8480361992832943 129
1694429936409 0.14108265918741544 130
1694429936474 0.2847158800501962 131
1694429936539 0.352678695806273 132
1694429936607 0.23857287963656762 133
1694429936672 0.0029920912366196307 134
1694429936739 1.698961067973843e-07 135
1694429936804 0.3264116307471534 136
1694429936869 0.00012336258423879711 137
1694429936938 0.38463727886271426 138
1694429937004 0.413806108057136 139
1694429937070 0.5508605587881472 140
1694429937138 0.147244885203779 141
1694429937204 0.8925499963588656 142
1694429937270 0.041960599905639946 143
1694429937335 0.1677384026597023 144
1694429937402 0.5276616157134275 145
1694429937468 0.11338042398195855 146
1694429937533 0.2396701785951682 147
1694429937599 0.6040751578305661 148
1694429937665 0.0780789544015625 149
1694429937730 0.19946333068226854 150
1694429937797 0.026584755891213237 151
1694429937863 0.0021473292625645724 152
1694429937928 0.03167595654933704 153
1694429937994 0.3606341027986635 154
1694429938061 0.06359158452714066 155
1694429938128 0.008311707812206777 156
1694429938194 0.2719668205716708 157
1694429938259 0.6188440923698465 158
1694429938325 0.04356866554586505 159
1694429938390 0.46088833235514665 160
1694429938456 0.2260945877683544 161
1694429938522 0.030759623740345257 162
1694429938587 0.11279695203625735 163
1694429938654 0.5287617360690567 164
1694429938719 0.10475667004329707 165
1694429938785 0.09778132080199507 166
1694429938852 0.021861540531963954 167
1694429938918 0.004061195528843006 168
1694429938984 0.13604411756572662 169
1694429939051 0.4251978086879879 170
1694429939117 0.6086359319187056 171
1694429939183 0.34189616672469036 172
1694429939250 0.07909434833526478 173
1694429939315 0.4681034760169037 174
1694429939380 0.18575013080843533 175
1694429939446 0.26184060179571733 176
1694429939514 0.584131503095003 177
1694429939579 0.04067373527568055 178
1694429939645 0.022525403940150367 179
1694429939711 0.6124497972628833 180
1694429939777 0.022342521510030588 181
1694429939842 0.20531276562938325 182
1694429939908 0.02487798219831919 183
1694429939974 0.5734285573054158 184
1694429940041 0.23795964996839875 185
1694429940108 0.17235430636759294 186
1694429940174 0.25455002890588674 187
1694429940240 0.14549655914252682 188
1694429940306 0.5205712331758642 189
1694429940373 0.038593221036580576 190
1694429940439 0.007275145489414878 191
1694429940504 0.46498372104805613 192
1694429940571 0.4133728650068597 193
1694429940638 0.023399727121468827 194
1694429940704 0.007879135841965902 195
1694429940771 0.12745019608209313 196
1694429940838 0.26367875101601024 197
1694429940904 0.022766132470587765 198
1694429940971 0.40456103166012397 199
1694429941037 0.39191944951479707 200
1694429941103 0.011857797421180795 201
1694429941169 0.23457524418485776 202
1694429941236 0.33071987261368674 203
1694429941303 0.10820048352878861 204
1694429941369 0.026555352392671403 205
1694429941435 0.06327109978096324 206
1694429941500 0.3033165506705503 207
1694429941567 0.13621233381932726 208
1694429941633 0.6384143155856465 209
1694429941700 0.6960718477775059 210
1694429941765 0.14876504701237786 211
1694429941833 0.1673881601039204 212
1694429941899 0.8217697797608174 213
1694429941966 0.7787578019365405 214
1694429942034 0.13458506920666682 215
1694429942099 0.31631978849061165 216
1694429942166 0.461849078009918 217
1694429942232 0.43937294707015484 218
1694429942298 0.008926307410007479 219
1694429942365 0.6530672329250032 220
1694429942431 0.011935103431108342 221
1694429942499 0.5573872375290879 222
1694429942565 0.41486410033010723 223
1694429942632 0.2643591975045197 224
1694429942698 0.31744084573662584 225
1694429942763 0.8947624378468143 226
1694429942830 0.07652397996749488 227
1694429942896 0.8611118023716967 228
1694429942962 0.30508280544906324 229
1694429943029 0.048386810205839195 230
1694429943095 0.1318717937576955 231
1694429943161 0.10643466799086096 232
1694429943228 0.08390171475440168 233
1694429943296 0.003371963385650601 234
1694429943361 0.17415424895363543 235
1694429943427 1.3587726881115478 236
1694429943494 0.13722260798231145 237
1694429943559 0.30897070551537725 238
1694429943625 0.08367332971882126 239
1694429943691 0.3157440931745624 240
1694429943758 0.14463880487635217 241
1694429943824 0.3053128931235461 242
1694429943892 0.45982117891372376 243
1694429943958 0.8662451289896604 244
1694429944025 0.11876864889903346 245
1694429944091 0.4483619730117894 246
1694429944157 0.46993017760538214 247
1694429944223 1.0007962844434906 248
1694429944289 0.5601412209690179 249
1694429944356 0.17204362856260347 250
1694429944421 0.25870904998712807 251
1694429944488 0.42244243410852295 252
1694429944554 0.36497299279335943 253
1694429944620 0.3576218675567157 254
1694429944687 0.008760334150611141 255
1694429944754 0.1872279030641704 256
1694429944820 0.5534845168526639 257
1694429944887 0.7356639188338596 258
1694429944953 1.1642366399723 259
1694429945019 0.08289539841153552 260
1694429945085 0.28168559282443933 261
1694429945152 1.0560766892237572 262
1694429945217 0.5896029617008486 263
1694429945281 0.010640716522041783 264
1694429945348 0.5024882696436317 265
1694429945414 0.025261906604489893 266
1694429945481 0.1183447796505436 267
1694429945547 0.1996928376884754 268
1694429945613 0.32234914310415186 269
1694429945679 0.4063275866215944 270
1694429945745 0.3779091924206489 271
1694429945810 0.34359233714015036 272
1694429945876 0.020263774492392885 273
1694429945943 0.026914061991643538 274
1694429946009 0.2592279907357566 275
1694429946073 0.3626147017044149 276
1694429946140 0.02592851514979307 277
1694429946206 0.16634619623180893 278
1694429946271 0.07297820862580183 279
1694429946338 0.20588728953528782 280
1694429946404 0.09669680052243458 281
1694429946469 0.137016960118163 282
1694429946535 0.5096919372220027 283
1694429946602 0.37589362597003373 284
1694429946667 0.4942527683711724 285
1694429946733 0.1991799304037463 286
1694429946800 0.3767749212941057 287
1694429946866 0.44841011462672403 288
1694429946932 0.2515748117199281 289
1694429946999 0.07805309499748704 290
1694429947066 0.6862374074435417 291
1694429947132 0.00328905291188423 292
1694429947199 0.3730494633282907 293
1694429947265 0.08613507468142845 294
1694429947331 0.016598571726828482 295
1694429947396 0.26347143767336684 296
1694429947462 0.42359969045783946 297
1694429947528 0.04110416258089716 298
1694429947593 0.4037411413866015 299
1694429947660 0.3200896486922165 300
1694429947726 1.8752706829444075 301
1694429947792 0.12402070519178951 302
1694429947857 0.22029941089853572 303
1694429947924 0.04514508653941952 304
1694429947992 0.009733442254101466 305
1694429948057 0.0002694670943938518 306
1694429948123 0.015406247185689875 307
1694429948189 0.20789382062480585 308
1694429948255 0.4279066590240372 309
1694429948323 0.16631402602147485 310
1694429948389 0.12222941020856495 311
1694429948454 0.9002431742026853 312
1694429948520 0.8103606925907431 313
1694429948586 0.1840689351921183 314
1694429948652 0.19364998281710175 315
1694429948719 0.2629196589281071 316
1694429948785 0.24950904654468742 317
1694429948852 0.10586966849188695 318
1694429948918 0.320379979595558 319
1694429948984 0.041775684268734334 320
1694429949050 0.1098493859677202 321
1694429949117 1.355233312685752 322
1694429949182 0.4874166254245218 323
1694429949249 0.07116741101048421 324
1694429949314 1.2877508915755882 325
1694429949381 0.3816091970833424 326
1694429949447 0.40405096840020865 327
1694429949514 0.22176144734418016 328
1694429949579 0.52994049166047 329
1694429949645 0.053998818603793707 330
1694429949711 0.5089822851032189 331
1694429949777 0.03975010116526774 332
1694429949844 0.4973440133660448 333
1694429949910 0.12228626348103794 334
1694429949975 0.034317607442888594 335
1694429950041 0.19651168254563986 336
1694429950107 0.3891697598361097 337
1694429950172 0.1012586406291681 338
1694429950238 0.004506778663783604 339
1694429950304 0.7328868772671249 340
1694429950369 0.9360497419454525 341
1694429950436 0.32267945786414726 342
1694429950503 0.17351610519163171 343
1694429950569 0.0532133204873015 344
1694429950636 0.40921217296573004 345
1694429950704 0.505705205597243 346
1694429950774 0.058896216833281376 347
1694429950839 0.32331748281121764 348
1694429950907 0.5606592791887356 349
1694429950973 0.01371416665149815 350
1694429951039 0.31750002279498457 351
1694429951107 0.007159778787779982 352
1694429951173 0.49622047181927437 353
1694429951239 0.30739340445316155 354
1694429951307 0.13425388796347623 355
1694429951373 0.421105536064714 356
1694429951439 0.47475786297409545 357
1694429951505 0.3690957823436681 358
1694429951571 0.26350923008488397 359
1694429951636 0.145310826236627 360
1694429951702 0.19796436164039838 361
1694429951768 0.45194634527470945 362
1694429951833 0.6666962796121567 363
1694429951899 0.08645169792562901 364
1694429951964 0.23379834162601987 365
1694429952031 0.031916278244426 366
1694429952096 0.003955178451942001 367
1694429952163 0.5060769096899569 368
1694429952230 0.7034675069480174 369
1694429952295 0.2855507828952198 370
1694429952363 0.620282496431405 371
1694429952428 0.09943125654988733 372
1694429952495 0.12781583925411175 373
1694429952562 0.24753594629172937 374
1694429952627 0.25735175952509115 375
1694429952694 0.3743935340448066 376
1694429952760 0.3700910291035234 377
1694429952826 0.22703459424250894 378
1694429952892 0.007740342711391111 379
1694429952958 0.3225134452965118 380
1694429953025 0.3513135828053253 381
1694429953092 0.011853798195134648 382
1694429953158 0.43354976700712594 383
1694429953223 0.9487408575586681 384
1694429953289 0.14148382567773501 385
1694429953357 0.0065903884252152935 386
1694429953423 0.22535647661757882 387
1694429953490 0.3771781137752511 388
1694429953558 0.06992034608355939 389
1694429953624 0.03491176383646478 390
1694429953690 0.2505308566337056 391
1694429953757 0.14769104911613176 392
1694429953823 0.19352944875948 393
1694429953889 0.6360556706295226 394
1694429953955 1.1346591393901222 395
1694429954020 0.28360950490893927 396
1694429954086 0.1183640430918988 397
1694429954152 0.3017218464113941 398
1694429954217 0.663540575899461 399
1694429954283 0.00021260923531337775 400
1694429954349 0.8399308764638226 401
1694429954414 0.2984367604365797 402
1694429954480 0.09916232083387669 403
1694429954545 0.3241828413711891 404
1694429954611 0.10315945436235242 405
1694429954677 0.0477445892830365 406
1694429954744 0.11646901623825379 407
1694429954809 0.41760912629866864 408
1694429954875 0.0002826186605727854 409
1694429954941 0.5495624305981955 410
1694429955007 0.031044327677353215 411
1694429955073 0.01778098661946381 412
1694429955139 0.004308482208434508 413
1694429955205 0.4710570027470049 414
1694429955271 0.08745901033964941 415
1694429955337 0.29346618449627293 416
1694429955403 0.9820952356871224 417
1694429955469 0.24085434826257224 418
1694429955534 0.15465534388889782 419
1694429955600 0.5430864706451816 420
1694429955665 1.3649785935489895 421
1694429955731 0.19830116599821096 422
1694429955798 0.009244064100806675 423
1694429955863 0.11327860249772244 424
1694429955930 0.13173130691156426 425
1694429955995 0.42103171575226367 426
1694429956061 0.015627885571450183 427
1694429956126 0.33260451164713206 428
1694429956193 0.41159101070962345 429
1694429956260 0.15231648503326195 430
1694429956327 0.30993564006358904 431
1694429956393 0.32094225386253394 432
1694429956459 0.10999202032928904 433
1694429956525 0.5346449587979051 434
1694429956590 0.0602597043055222 435
1694429956656 0.1128790132693393 436
1694429956721 0.020577421502642725 437
1694429956789 0.13106647175524105 438
1694429956854 0.1216905188935643 439
1694429956920 0.574093832807294 440
1694429956986 0.5595227828576005 441
1694429957052 0.5291286831487878 442
1694429957118 0.1246268742349908 443
1694429957187 0.19978844729533532 444
1694429957251 0.3150739573286208 445
1694429957317 0.004543309386102344 446
1694429957383 0.284700468241776 447
1694429957449 0.06725409019111528 448
1694429957515 0.30013641790736967 449
1694429957581 0.3966567714974294 450
1694429957647 0.3445500242348054 451
1694429957712 0.29825328931271883 452
1694429957778 0.008481104116867581 453
1694429957844 0.44902960727075125 454
1694429957910 0.8290307847070233 455
1694429957976 0.19936702224133118 456
1694429958043 0.08185686921483612 457
1694429958109 0.34868357708709613 458
1694429958174 0.155813935116405 459
1694429958241 0.2886988848203199 460
1694429958307 0.42009373445742976 461
1694429958371 0.9664697637475869 462
1694429958438 0.39445323223831863 463
1694429958503 0.10132461283055694 464
1694429958570 0.5293569278811925 465
1694429958635 0.14231641450082225 466
1694429958702 0.20867767848305804 467
1694429958767 0.17022343882561042 468
1694429958833 0.38731793514973667 469
1694429958899 0.3133765975758721 470
1694429958965 0.22965478481900758 471
1694429959030 0.0316833086221066 472
1694429959096 0.3976174121000557 473
1694429959161 0.044138470374818675 474
1694429959227 0.16093943339418215 475
1694429959293 0.5246057422654342 476
1694429959358 0.48149077115825456 477
1694429959425 0.10635898538924442 478
1694429959492 0.19285405955792484 479
1694429959557 0.08705202560377807 480
1694429959624 0.22554362210826814 481
1694429959691 0.2784964292762486 482
1694429959756 0.3993175318160158 483
1694429959824 0.09834506017744787 484
1694429959889 0.03331454538574643 485
1694429959956 0.1602171971594625 486
1694429960022 0.014819673997471305 487
1694429960087 0.3587404349180057 488
1694429960152 0.20506851855376043 489
1694429960219 0.06112006242488387 490
1694429960283 1.0254816012813845 491
1694429960348 0.114513540726779 492
1694429960414 0.32397843069376553 493
1694429960479 0.1896122975923275 494
1694429960545 0.04362933448977581 495
1694429960610 0.0013680048958044737 496
1694429960676 0.3538643913191552 497
1694429960742 0.5613567887607634 498
1694429960807 0.1500734458090519 499
