1694427660183 162.57339562720605 0
1694427660203 164.18766642494796 1
1694427660220 179.42766383665273 2
1694427660235 164.3938447444636 3
1694427660249 176.69673667518714 4
1694427660264 162.16439160326348 5
1694427660278 173.81432779790137 6
1694427660292 197.40313206102337 7
1694427660306 178.0300646065089 8
1694427660321 166.1178429156928 9
1694427660338 164.4298297660409 10
1694427660352 168.38101026060636 11
1694427660367 169.85447250198015 12
1694427660381 161.36078785775902 13
1694427660396 163.19551859065908 14
1694427660410 164.9148265153008 15
1694427660424 177.5312121797947 16
1694427660439 168.54305846652534 17
1694427660454 163.71195330747017 18
1694427660468 171.89462592927228 19
1694427660484 170.14567007801287 20
1694427660500 173.66158193258846 21
1694427660516 164.09574312633507 22
1694427660530 167.80894776442818 23
1694427660544 163.22726454913808 24
1694427660558 168.1268424390282 25
1694427660573 173.45044345483774 26
1694427660591 171.34698119459748 27
1694427660606 167.28568966178833 28
1694427660620 171.78638868859503 29
1694427660638 168.64512395729687 30
1694427660653 168.34478301159137 31
1694427660669 168.40452813697348 32
1694427660684 172.26442732284687 33
1694427660698 166.34026598303336 34
1694427660713 170.00883857782293 35
1694427660727 172.04622312389074 36
1694427660741 163.07840935415723 37
1694427660757 172.2355009624548 38
1694427660773 172.48734647039743 39
1694427660787 171.3053089951443 40
1694427660801 166.32747156931867 41
1694427660816 167.682995101615 42
1694427660831 165.3622445383357 43
1694427660848 174.57264222650466 44
1694427660862 171.72807330047564 45
1694427660876 167.51787470933272 46
1694427660890 165.55682496744944 47
1694427660904 168.02812940745 48
1694427660919 164.55658438772488 49
1694427660933 171.8578047213711 50
1694427660949 165.8619978473437 51
1694427660964 167.34877973838303 52
1694427660978 170.6840731361554 53
1694427660993 169.22004371991233 54
1694427661007 166.53334990894118 55
1694427661021 165.60253721247614 56
1694427661035 170.7186561789874 57
1694427661050 167.9343577064888 58
1694427661064 168.21911168908557 59
1694427661079 168.47160235330574 60
1694427661096 166.21342934741637 61
1694427661113 171.4338060310499 62
1694427661130 170.62879511360435 63
1694427661151 157.06882488026287 64
1694427661171 169.66476455493765 65
1694427661190 173.98999312409563 66
1694427661209 167.372271967069 67
1694427661229 168.9295876629483 68
1694427661245 166.67554784478526 69
1694427661259 171.0750472792653 70
1694427661274 162.3117436371968 71
1694427661288 163.73521250203035 72
1694427661303 168.5627469251753 73
1694427661317 167.89344593739142 74
1694427661334 168.86972312779704 75
1694427661353 162.87524386049355 76
1694427661371 166.30190474009433 77
1694427661389 174.67182851845973 78
1694427661407 170.68951881856748 79
1694427661424 166.1096732539053 80
1694427661445 171.64564636243887 81
1694427661461 170.62206709166682 82
1694427661476 168.86713626483268 83
1694427661491 170.30438294404354 84
1694427661506 162.98800284977838 85
1694427661520 169.49894641416532 86
1694427661535 166.423705167649 87
1694427661551 168.694345441444 88
1694427661569 164.83382254004437 89
1694427661585 164.12239216618826 90
1694427661601 168.096595572714 91
1694427661616 166.72200080359062 92
1694427661631 171.28623869844105 93
1694427661646 169.79227566157942 94
1694427661661 169.9948510395782 95
1694427661679 170.41898519022806 96
1694427661700 174.65665535625453 97
1694427661715 166.82199948522864 98
1694427661734 162.45341992849893 99
1694427661755 168.52368395253802 100
1694427661774 170.0639855452781 101
1694427661796 168.5298189347484 102
1694427661813 170.4191975499152 103
1694427661830 165.45368329527068 104
1694427661847 163.56257371879187 105
1694427661862 172.9881410537737 106
1694427661877 174.78240958548244 107
1694427661893 167.03368870445448 108
1694427661909 167.7680106022711 109
1694427661929 167.6030812291138 110
1694427661946 162.79466341224932 111
1694427661965 165.69979851327005 112
1694427661989 169.09265734850132 113
1694427662013 174.12784748450878 114
1694427662036 172.73520734422507 115
1694427662052 168.18217683326915 116
1694427662066 167.1870671388129 117
1694427662080 169.7255414132405 118
1694427662095 169.88007813997737 119
1694427662110 173.9592428709695 120
1694427662124 170.79602804922595 121
1694427662138 168.47715605635736 122
1694427662153 166.65569913102917 123
1694427662168 165.71231973532983 124
1694427662182 166.44807427747497 125
1694427662196 164.1889486346115 126
1694427662210 171.30322185394363 127
1694427662225 163.3734455292612 128
1694427662241 163.56126974777348 129
1694427662256 165.24734596888695 130
1694427662270 166.0811546135026 131
1694427662285 167.96914091107985 132
1694427662299 169.75084966537534 133
1694427662314 169.5667995679826 134
1694427662328 176.04112540091847 135
1694427662343 171.06648094078588 136
1694427662358 166.40595471040618 137
1694427662372 173.85803225593506 138
1694427662388 167.64987959877243 139
1694427662402 157.3936829314023 140
1694427662416 168.62582309812643 141
1694427662430 171.87699558831963 142
1694427662445 163.9464606014522 143
1694427662460 168.24100424368572 144
1694427662474 172.6296811626094 145
1694427662488 172.93121387983678 146
1694427662502 174.19138071946048 147
1694427662516 164.7743322814641 148
1694427662530 166.22389790952266 149
1694427662545 168.22686085889137 150
1694427662560 171.91535710372338 151
1694427662573 164.16358017105765 152
1694427662589 170.48402643215599 153
1694427662605 167.62539121695718 154
1694427662620 170.93025592328345 155
1694427662634 167.8268214476888 156
1694427662650 168.4958432546862 157
1694427662665 170.00005692845312 158
1694427662680 162.74596033931607 159
1694427662694 170.6358995985445 160
1694427662708 171.49409444605908 161
1694427662723 165.96031016938574 162
1694427662737 167.77880070662926 163
1694427662751 165.94055828196974 164
1694427662766 164.52231476613724 165
1694427662781 167.18835349915585 166
1694427662800 167.08664919039504 167
1694427662819 165.5438026370014 168
1694427662839 171.20364548080735 169
1694427662857 165.16339466828487 170
1694427662873 176.78419204150697 171
1694427662888 171.51985131479356 172
1694427662902 162.23986780939666 173
1694427662917 172.61517741524247 174
1694427662932 169.2544300077222 175
1694427662946 167.61046600168214 176
1694427662962 165.74507982735943 177
1694427662976 172.58084628581767 178
1694427662990 168.63617119728866 179
1694427663004 162.53202580800635 180
1694427663020 166.3123743874805 181
1694427663035 171.489749326991 182
1694427663051 165.52469750339293 183
1694427663066 166.1662467914555 184
1694427663081 164.1662421086892 185
1694427663095 171.34276303741044 186
1694427663111 165.6213469194484 187
1694427663127 172.78168571708224 188
1694427663142 166.99143767200718 189
1694427663157 163.36918913763205 190
1694427663171 165.87029193874378 191
1694427663185 165.50397958889533 192
1694427663199 170.4763478999749 193
1694427663214 170.58911947824345 194
1694427663228 167.1831735018734 195
1694427663243 169.38976688389909 196
1694427663257 166.78611368829772 197
1694427663271 162.48661863441845 198
1694427663285 169.60357691529066 199
1694427663299 169.66067228426905 200
1694427663314 169.18408109658662 201
1694427663328 169.60396508145763 202
1694427663343 166.0412882393601 203
1694427663359 167.14752146233235 204
1694427663373 168.13682408908542 205
1694427663388 166.3444913536817 206
1694427663402 162.92566901274162 207
1694427663417 168.80708439866945 208
1694427663431 168.22517488823186 209
1694427663445 168.727215162703 210
1694427663459 169.38683817750388 211
1694427663473 172.69634739765334 212
1694427663488 166.12866551353798 213
1694427663502 171.7755729920143 214
1694427663516 163.77504116950675 215
1694427663531 169.19666866127616 216
1694427663545 170.18107386510286 217
1694427663560 166.21983211596336 218
1694427663574 167.59975470088875 219
1694427663591 164.9951356630343 220
1694427663606 169.42614495270305 221
1694427663621 173.7227942561119 222
1694427663635 167.75735830311152 223
1694427663650 167.93846858154328 224
1694427663665 166.05254744209137 225
1694427663680 161.20031743464264 226
1694427663694 165.53348362481876 227
1694427663708 170.15829789945317 228
1694427663724 162.56915351723393 229
1694427663739 168.7290173431841 230
1694427663754 167.62258864925826 231
1694427663769 171.1745006105152 232
1694427663784 167.12522201975744 233
1694427663798 165.92427036661778 234
1694427663811 165.95723062312283 235
1694427663825 163.3966392846976 236
1694427663840 169.03268446366 237
1694427663855 167.39855615072582 238
1694427663870 170.96274574478525 239
1694427663888 166.95153314396117 240
1694427663907 166.6042484175327 241
1694427663924 169.49182678127892 242
1694427663941 166.37409891037302 243
1694427663956 159.0642521593288 244
1694427663970 169.35659943139515 245
1694427663984 169.96737303889313 246
1694427663999 165.46620127699975 247
1694427664013 167.42905848038203 248
1694427664027 171.5677370231081 249
1694427664041 172.56095868449682 250
1694427664056 168.60217275002998 251
1694427664070 167.13498284140323 252
1694427664084 166.6858332638632 253
1694427664098 171.43019742141527 254
1694427664113 171.5453205794211 255
1694427664127 167.78420455161108 256
1694427664141 168.2320607102844 257
1694427664157 167.60289543793425 258
1694427664171 171.45974189226004 259
1694427664185 171.75348337620935 260
1694427664200 167.2515975568581 261
1694427664213 167.36961297168122 262
1694427664227 169.89304633328197 263
1694427664242 170.80289991284056 264
1694427664257 169.55900918794455 265
1694427664275 171.7577209085974 266
1694427664290 162.8680595670466 267
1694427664304 169.0971358273309 268
1694427664318 169.32453514506776 269
1694427664333 167.17271551902485 270
1694427664348 167.47018831410168 271
1694427664365 169.10493108478815 272
1694427664379 167.71190538617088 273
1694427664394 169.7635014005343 274
1694427664408 168.81507673584653 275
1694427664422 173.5800112979857 276
1694427664437 166.41166061613603 277
1694427664452 165.68719966130973 278
1694427664467 171.97518771116265 279
1694427664481 167.43633211117384 280
1694427664495 165.13495998105853 281
1694427664509 170.29305379340911 282
1694427664524 170.3611761673607 283
1694427664538 171.9153126471111 284
1694427664552 171.1283089752107 285
1694427664566 164.7970563310455 286
1694427664581 168.84754003742805 287
1694427664595 165.62819464385004 288
1694427664611 173.11379331892354 289
1694427664626 169.057610822053 290
1694427664640 170.09589925937757 291
1694427664654 171.93190638041713 292
1694427664669 167.8091552623992 293
1694427664684 167.68802685528482 294
1694427664699 162.61179161748964 295
1694427664713 167.85989885411738 296
1694427664727 170.0871009908312 297
1694427664741 168.65005229876255 298
1694427664756 172.2481137858671 299
1694427664771 172.4647543615706 300
1694427664784 168.6371908906446 301
1694427664798 169.70903065415047 302
1694427664813 170.85739502866357 303
1694427664827 167.6732871838165 304
1694427664841 169.78231985096457 305
1694427664855 169.71408880232278 306
1694427664870 171.0854012477013 307
1694427664884 170.67959090558404 308
1694427664899 163.58207117197892 309
1694427664913 171.5626215088128 310
1694427664928 171.200636002072 311
1694427664942 164.04365421126343 312
1694427664958 171.0771759905102 313
1694427664975 169.16658552503213 314
1694427664992 170.79344860396205 315
1694427665008 164.78261430091325 316
1694427665023 169.98092384618693 317
1694427665037 167.89581038486412 318
1694427665052 168.71821172010158 319
1694427665067 169.3077042743295 320
1694427665081 170.55059001500814 321
1694427665096 174.77459992538462 322
1694427665111 168.85025165216817 323
1694427665128 168.87863050052619 324
1694427665142 172.04247553108672 325
1694427665156 170.15036307421266 326
1694427665171 173.8579706466666 327
1694427665185 174.34970311250126 328
1694427665199 165.14487302592326 329
1694427665213 165.9769957903345 330
1694427665228 168.23770926032586 331
1694427665242 167.63121739690948 332
1694427665256 166.14420017124016 333
1694427665270 169.4180845545971 334
1694427665284 165.587270959034 335
1694427665298 168.99963487973386 336
1694427665313 171.85893945725928 337
1694427665327 170.4730959255348 338
1694427665342 169.72900968990396 339
1694427665356 167.4899926249081 340
1694427665371 167.10080864359583 341
1694427665386 166.6312436465182 342
1694427665405 170.78151167656512 343
1694427665425 169.46915169894518 344
1694427665440 168.01407866939527 345
1694427665455 169.27381931573862 346
1694427665469 172.66925855530639 347
1694427665484 171.22729269451824 348
1694427665499 167.00591532917852 349
1694427665513 169.36734629845301 350
1694427665528 169.83297721442725 351
1694427665543 168.90038297763434 352
1694427665558 166.40883171491654 353
1694427665572 170.10603275100235 354
1694427665587 169.89038634878736 355
1694427665601 167.76545809900207 356
1694427665615 168.94311793009948 357
1694427665630 166.95708897137914 358
1694427665644 171.35433151331486 359
1694427665658 165.34750291567502 360
1694427665673 171.1231757818288 361
1694427665687 166.59131522509344 362
1694427665702 164.88367866068492 363
1694427665716 168.39126048942086 364
1694427665730 168.7885641686076 365
1694427665745 171.51538309346986 366
1694427665759 168.514101725716 367
1694427665773 170.26548142272284 368
1694427665787 168.71054015663685 369
1694427665801 167.73030685926392 370
1694427665816 171.31936403022897 371
1694427665830 170.227484619669 372
1694427665844 168.73119766723684 373
1694427665858 165.7111271412432 374
1694427665874 174.18419089747698 375
1694427665890 168.71560014437935 376
1694427665907 170.1112653172771 377
1694427665921 164.10492251446087 378
1694427665935 166.4882747118624 379
1694427665949 171.46511448998172 380
1694427665965 167.0864752285242 381
1694427665979 168.30084164881046 382
1694427665993 167.55942735335307 383
1694427666008 167.95957186706363 384
1694427666022 169.1128623416329 385
1694427666040 160.89099909159566 386
1694427666057 169.14328303130986 387
1694427666077 168.71745654599152 388
1694427666097 169.27200992315645 389
1694427666112 171.26888664765715 390
1694427666128 168.37595691454862 391
1694427666142 170.01522589264124 392
1694427666158 161.44201017559163 393
1694427666172 170.2245403026877 394
1694427666187 167.72684153384992 395
1694427666201 166.93088120308835 396
1694427666215 167.86852657049175 397
1694427666229 174.80149542085178 398
1694427666243 162.10985291147375 399
1694427666257 168.06269758467616 400
1694427666271 167.3066471726231 401
1694427666286 166.56784397624799 402
1694427666300 168.65284934105907 403
1694427666314 165.2861560424521 404
1694427666328 169.52599904229263 405
1694427666343 168.8357859329226 406
1694427666357 170.49239618175352 407
1694427666372 165.4174862519419 408
1694427666388 171.89184742525913 409
1694427666402 165.26584895100837 410
1694427666417 166.5040791681368 411
1694427666431 167.5695641795916 412
1694427666445 170.54950444742235 413
1694427666459 168.86100274134878 414
1694427666474 163.27373748392532 415
1694427666488 161.76771022030843 416
1694427666502 165.13481755298932 417
1694427666516 168.24064475515985 418
1694427666531 166.80290535435876 419
1694427666550 165.53925427095197 420
1694427666569 168.3385473769631 421
1694427666585 165.97981037147034 422
1694427666599 166.3882277354849 423
1694427666613 164.12552010565756 424
1694427666628 172.4839029622608 425
1694427666643 169.1259353193917 426
1694427666659 168.64911791091876 427
1694427666675 163.2564950374959 428
1694427666689 171.31342682645706 429
1694427666704 173.94200142102363 430
1694427666718 165.85751347060156 431
1694427666732 164.91375233046128 432
1694427666746 162.23698771068328 433
1694427666760 165.49668790908433 434
1694427666774 169.7563943071996 435
1694427666789 166.80099397239178 436
1694427666803 166.6145813127808 437
1694427666817 171.40341466108686 438
1694427666831 169.48721785198518 439
1694427666845 170.71891928257554 440
1694427666860 167.8252265258631 441
1694427666875 165.87234451573735 442
1694427666889 170.16481231246317 443
1694427666903 158.59392034649457 444
1694427666919 156.87323485986866 445
1694427666934 169.24141255827325 446
1694427666948 169.56460934580107 447
1694427666964 166.3388214615902 448
1694427666979 172.56332126375787 449
1694427666993 175.60954044962622 450
1694427667007 172.31499948542918 451
1694427667021 163.04698909628664 452
1694427667035 170.3493195014791 453
1694427667050 171.30825286188414 454
1694427667064 163.38212136858766 455
1694427667078 167.3565609734378 456
1694427667093 167.02101190812442 457
1694427667106 169.9072833397993 458
1694427667121 168.2583301379861 459
1694427667138 168.0170474522864 460
1694427667156 160.84322181183893 461
1694427667175 166.0201617352578 462
1694427667193 163.73011908318713 463
1694427667208 166.0793983700982 464
1694427667222 166.50274564221812 465
1694427667237 162.86862411283263 466
1694427667251 164.46496583510665 467
1694427667265 166.81066460516536 468
1694427667279 167.71421068611303 469
1694427667293 167.36624077421502 470
1694427667308 169.20165188270798 471
1694427667322 168.73301813774611 472
1694427667336 164.90676230605524 473
1694427667351 170.2329135087927 474
1694427667366 167.7494639723014 475
1694427667381 168.62725819812573 476
1694427667395 176.72044352729145 477
1694427667409 167.7103955729221 478
1694427667424 165.99583916242673 479
1694427667441 166.8400986462827 480
1694427667455 171.96683087340116 481
1694427667470 166.29413717459303 482
1694427667483 161.61539102800978 483
1694427667497 168.61880704060476 484
1694427667512 170.78738141304555 485
1694427667526 169.19681882356988 486
1694427667541 171.52135706910266 487
1694427667555 167.1507692164963 488
1694427667570 169.11662934151337 489
1694427667584 167.45717221709228 490
1694427667598 174.09815955121095 491
1694427667613 165.46942664924518 492
1694427667627 165.2418615114072 493
1694427667642 172.1892720809447 494
1694427667659 166.23429614228752 495
1694427667678 169.5190949200806 496
1694427667699 165.15250426032648 497
1694427667717 166.00489637141027 498
1694427667733 170.5982679584378 499
