1694428637474 167.41260385166294 0
1694428637490 174.16526099601492 1
1694428637505 170.19546434780207 2
1694428637523 169.10628329709206 3
1694428637538 169.19901566498513 4
1694428637553 166.6483550629532 5
1694428637567 168.3373454977087 6
1694428637585 167.20304869666987 7
1694428637602 171.0145617539305 8
1694428637617 167.81939337884072 9
1694428637632 170.82562956461942 10
1694428637647 167.3918498586875 11
1694428637662 170.0003441011445 12
1694428637677 166.01391343592496 13
1694428637692 171.96150149314033 14
1694428637707 167.90867044375796 15
1694428637722 170.46506944232516 16
1694428637737 166.88788759994637 17
1694428637753 170.01938084719762 18
1694428637767 170.52918591790058 19
1694428637782 168.40773486101435 20
1694428637797 173.1437788631688 21
1694428637812 170.5311372316139 22
1694428637828 167.42856723484897 23
1694428637842 164.66187637351595 24
1694428637857 171.51235714594722 25
1694428637872 171.58350781779 26
1694428637886 165.39717318320166 27
1694428637905 160.14872396599134 28
1694428637926 169.7314433028691 29
1694428637942 170.4039053218074 30
1694428637961 169.78330474515363 31
1694428637978 165.51164173649616 32
1694428637995 165.90448018862466 33
1694428638015 168.64136778904137 34
1694428638035 166.8200676987232 35
1694428638054 168.70039346997459 36
1694428638074 165.6785246567949 37
1694428638095 167.32465098837892 38
1694428638113 165.91250395396767 39
1694428638134 169.09828024218535 40
1694428638156 165.22140647451917 41
1694428638179 169.30565300247827 42
1694428638201 166.72530023060014 43
1694428638222 162.35909625415607 44
1694428638242 164.9890364335629 45
1694428638265 169.64471035652448 46
1694428638283 167.28485036794274 47
1694428638304 168.03470394895726 48
1694428638320 166.34862166627673 49
1694428638334 171.72796873439626 50
1694428638349 164.81423366853457 51
1694428638365 169.49072721368697 52
1694428638381 168.24755504070146 53
1694428638394 164.3030455801282 54
1694428638409 171.41761850734324 55
1694428638424 168.45101227082932 56
1694428638439 165.58126699604696 57
1694428638453 168.54948459473783 58
1694428638468 165.5649693806138 59
1694428638483 166.23527877647726 60
1694428638498 168.42792516748742 61
1694428638513 165.7992621044928 62
1694428638527 169.4239877891618 63
1694428638542 165.87158746228423 64
1694428638558 166.4732610674187 65
1694428638573 166.72580012110024 66
1694428638587 167.3659885127412 67
1694428638602 163.55177623971298 68
1694428638617 170.06414680982667 69
1694428638632 165.3265742965134 70
1694428638646 169.76479427616712 71
1694428638664 165.97687066424166 72
1694428638679 175.26582575714642 73
1694428638694 172.27981936637056 74
1694428638708 171.82243212589947 75
1694428638723 170.34200529775262 76
1694428638738 166.10898096519873 77
1694428638753 166.01355006143083 78
1694428638767 172.30773531475947 79
1694428638782 167.70614906803968 80
1694428638797 168.10264668657373 81
1694428638812 164.14865941549834 82
1694428638826 166.78243533904205 83
1694428638841 169.06967407283136 84
1694428638856 157.9721329735012 85
1694428638871 172.71870836476924 86
1694428638885 162.97162540931063 87
1694428638900 169.87821297103127 88
1694428638915 167.23322015342106 89
1694428638930 166.09847145113457 90
1694428638944 169.40042226946028 91
1694428638964 162.76931373777228 92
1694428638987 172.1166358516648 93
1694428639012 167.26766609903694 94
1694428639032 172.924126675034 95
1694428639052 163.0690753067575 96
1694428639068 167.24204460806942 97
1694428639087 166.24015665261473 98
1694428639102 170.9130036961287 99
1694428639117 169.3801919337453 100
1694428639132 164.09633064796935 101
1694428639146 169.5631736298259 102
1694428639162 166.07393901473822 103
1694428639178 175.0074071488752 104
1694428639193 168.53494290752056 105
1694428639207 167.51762954694814 106
1694428639223 170.87338755011774 107
1694428639237 174.5089176789139 108
1694428639252 172.24443693015454 109
1694428639266 172.1481399475647 110
1694428639282 168.2335763631036 111
1694428639298 165.5434392905585 112
1694428639313 167.17235994305042 113
1694428639329 168.3613976712332 114
1694428639347 167.6405127203347 115
1694428639362 169.74465894731733 116
1694428639378 162.81547371247893 117
1694428639392 169.12243038897006 118
1694428639407 166.89615256081893 119
1694428639422 165.49768605618138 120
1694428639437 166.29427195082286 121
1694428639452 167.33156538624033 122
1694428639467 167.39112139260206 123
1694428639481 169.01061167498366 124
1694428639497 166.64261155602057 125
1694428639511 165.7069374316467 126
1694428639525 169.4538968925422 127
1694428639540 167.54738205933631 128
1694428639555 167.16038842397467 129
1694428639570 164.55189295481918 130
1694428639585 171.74971268663853 131
1694428639600 165.75119585880884 132
1694428639614 166.91461397514826 133
1694428639630 173.6657549742785 134
1694428639644 174.00283612744946 135
1694428639659 170.42830966429736 136
1694428639673 173.77503562502963 137
1694428639689 166.4062338199394 138
1694428639703 165.6157008169092 139
1694428639718 162.47907365658799 140
1694428639733 163.8564398116019 141
1694428639750 167.2329063627372 142
1694428639765 170.8812120200217 143
1694428639780 164.08244243978098 144
1694428639795 170.0334642388947 145
1694428639810 167.72165588148025 146
1694428639824 165.87150258590518 147
1694428639839 166.3492310445741 148
1694428639854 166.53843577798153 149
1694428639870 166.84524886067385 150
1694428639884 165.63745414111898 151
1694428639899 174.26961637707083 152
1694428639916 170.41248158196234 153
1694428639933 173.32391437391786 154
1694428639951 171.00583701994842 155
1694428639968 172.0062605594482 156
1694428639984 168.4028221090391 157
1694428640003 164.38375420127792 158
1694428640024 171.0230972050676 159
1694428640043 165.30103073983497 160
1694428640061 164.10967128767598 161
1694428640079 172.87020387460868 162
1694428640100 166.82556505518497 163
1694428640119 166.55853514821155 164
1694428640139 164.21755942590298 165
1694428640159 164.5442445454673 166
1694428640177 171.3160471415336 167
1694428640194 165.8702758581866 168
1694428640213 168.69928705753668 169
1694428640230 171.0698865983762 170
1694428640250 168.8108494503049 171
1694428640265 170.42131067178818 172
1694428640280 175.22934285211568 173
1694428640295 170.4338857090784 174
1694428640311 164.0783999493992 175
1694428640326 166.49243756569646 176
1694428640340 163.1047559971039 177
1694428640355 164.57537973464284 178
1694428640370 168.9546494066261 179
1694428640386 180.00091360235118 180
1694428640402 168.50126991891403 181
1694428640418 175.55853065013488 182
1694428640432 172.68863643543676 183
1694428640447 171.10149797772672 184
1694428640462 165.14072323404625 185
1694428640478 167.10354647883014 186
1694428640496 162.7669898130986 187
1694428640517 164.56004767035964 188
1694428640533 167.85007823285082 189
1694428640548 163.8624813538942 190
1694428640563 162.67768178444425 191
1694428640578 170.77627582001358 192
1694428640592 161.24217409034205 193
1694428640607 166.0507122438501 194
1694428640621 163.35768254629707 195
1694428640636 170.6073531368756 196
1694428640651 159.92714150760204 197
1694428640667 176.7183197898073 198
1694428640682 164.2666479827521 199
1694428640697 168.90834797383917 200
1694428640711 177.98945939672055 201
1694428640725 169.52887246908136 202
1694428640740 169.051694249368 203
1694428640755 168.66046861085397 204
1694428640770 168.73132771124554 205
1694428640784 167.3139966706486 206
1694428640798 161.671327576309 207
1694428640813 175.56626523090011 208
1694428640828 165.02823567720176 209
1694428640843 167.2628925673188 210
1694428640858 170.1250121690849 211
1694428640872 172.66021121807256 212
1694428640887 169.55236538925436 213
1694428640902 172.1109340858822 214
1694428640917 170.18791948684589 215
1694428640931 172.2737169594793 216
1694428640946 174.85383764156344 217
1694428640962 175.00021610032215 218
1694428640976 163.3520545481439 219
1694428640992 168.67440532890024 220
1694428641006 172.61630224381858 221
1694428641021 172.07232965364443 222
1694428641036 166.9697011924781 223
1694428641050 168.77132936988764 224
1694428641066 175.17690504216483 225
1694428641080 165.12912013279308 226
1694428641095 164.11589887328321 227
1694428641110 165.58315944748225 228
1694428641125 169.35172922067235 229
1694428641140 163.97893167107802 230
1694428641154 171.06529105223913 231
1694428641170 165.76401571048788 232
1694428641186 172.9516896488921 233
1694428641200 165.9993034263909 234
1694428641218 167.84679800660328 235
1694428641236 169.54313954843363 236
1694428641255 162.50506782995856 237
1694428641273 170.22046237089896 238
1694428641287 162.84021155344752 239
1694428641301 169.09919578553166 240
1694428641317 172.79197306516653 241
1694428641332 170.82771258126382 242
1694428641347 166.77439149055567 243
1694428641362 162.98386633560008 244
1694428641376 166.60700482696322 245
1694428641391 169.32556196694668 246
1694428641405 166.55872997455725 247
1694428641420 165.8589534270361 248
1694428641436 171.28685541710314 249
1694428641451 166.9032426660104 250
1694428641465 167.05414071115607 251
1694428641480 165.18413147140134 252
1694428641497 175.08830644403014 253
1694428641517 159.65952563643276 254
1694428641539 171.25046656836648 255
1694428641561 170.35756373286975 256
1694428641584 170.34855867065116 257
1694428641608 164.02498851391465 258
1694428641632 165.08193340701055 259
1694428641656 170.97877999471407 260
1694428641678 168.75520507179687 261
1694428641701 167.33683713986193 262
1694428641725 162.6438640978071 263
1694428641747 170.39395690049 264
1694428641765 164.6313125169185 265
1694428641781 171.76635141593852 266
1694428641795 164.46537974571393 267
1694428641810 167.577659256418 268
1694428641824 166.51025090917602 269
1694428641839 170.01938906833098 270
1694428641854 170.06496031574235 271
1694428641869 166.86467449631888 272
1694428641884 175.23831315850842 273
1694428641899 167.5293785776141 274
1694428641913 166.555182790664 275
1694428641928 172.7119277598202 276
1694428641943 171.01072559442125 277
1694428641959 172.88981549273603 278
1694428641974 173.2355910287818 279
1694428641989 170.57506111127694 280
1694428642004 166.20469967166 281
1694428642019 172.6600283984431 282
1694428642033 161.6981771009322 283
1694428642048 162.13260942323282 284
1694428642062 171.54658319988485 285
1694428642078 167.07594920573638 286
1694428642092 173.44655718443704 287
1694428642107 162.16508091684432 288
1694428642121 167.3466392222768 289
1694428642136 168.62903837947565 290
1694428642151 169.25928883320964 291
1694428642166 171.014463288449 292
1694428642181 165.98963482287655 293
1694428642195 163.45808766849834 294
1694428642209 165.95138723753138 295
1694428642224 175.1235211119238 296
1694428642239 167.86101668483397 297
1694428642254 168.373903480951 298
1694428642269 168.78501307646664 299
1694428642284 161.09327319748988 300
1694428642298 170.037328087164 301
1694428642313 162.52130785692754 302
1694428642328 165.3032029837903 303
1694428642343 171.80474470390874 304
1694428642359 171.0138214006156 305
1694428642378 167.58187971106676 306
1694428642396 173.258015534944 307
1694428642414 170.01455926076946 308
1694428642429 171.54481643388058 309
1694428642445 171.04776844447613 310
1694428642460 166.5686736015985 311
1694428642475 163.55234614359583 312
1694428642490 165.1998534101993 313
1694428642504 166.69573725339674 314
1694428642519 168.81475149286783 315
1694428642534 172.1398877649744 316
1694428642549 168.20646551953834 317
1694428642563 171.78552718859743 318
1694428642579 174.1989449252952 319
1694428642593 168.91277841547085 320
1694428642608 167.15548778958956 321
1694428642623 168.5710996073436 322
1694428642638 165.79652788358808 323
1694428642653 169.2718746596616 324
1694428642669 165.37200882465183 325
1694428642683 174.33093206619918 326
1694428642699 172.69145667641905 327
1694428642714 175.12903072335675 328
1694428642728 165.28126764654692 329
1694428642742 167.75934539661017 330
1694428642759 166.09901808486583 331
1694428642777 170.18998559200844 332
1694428642792 161.43888709336346 333
1694428642806 168.44736438919742 334
1694428642822 169.52032567359169 335
1694428642836 171.7775173387508 336
1694428642857 173.11861050669904 337
1694428642872 167.64709922357844 338
1694428642888 165.4737179940091 339
1694428642902 169.58366013157328 340
1694428642918 171.97515948746624 341
1694428642933 167.7409460288118 342
1694428642947 173.97503525811473 343
1694428642964 167.05355149290122 344
1694428642978 166.31777378648422 345
1694428642993 173.18032425683774 346
1694428643008 163.8404484602854 347
1694428643022 168.67387048873678 348
1694428643037 165.88857935627598 349
1694428643053 169.02507264501122 350
1694428643068 164.83762112359403 351
1694428643082 166.64511867494159 352
1694428643097 172.4029644478068 353
1694428643112 166.2848037165533 354
1694428643126 168.9955045414264 355
1694428643141 160.83278306848044 356
1694428643156 168.19562978650168 357
1694428643171 175.75830440319052 358
1694428643186 178.1612324893183 359
1694428643200 178.7341617009005 360
1694428643215 171.56537677567476 361
1694428643230 164.43874840255648 362
1694428643245 169.33594805668685 363
1694428643260 172.99628912412282 364
1694428643275 165.93520301986385 365
1694428643290 168.4349118966116 366
1694428643306 171.75881481987588 367
1694428643321 164.80678763894443 368
1694428643336 170.9567213132565 369
1694428643350 175.15858121531787 370
1694428643366 176.52167514294987 371
1694428643380 160.5973763052589 372
1694428643395 162.73647937451463 373
1694428643410 169.68905596726276 374
1694428643425 168.21894555250447 375
1694428643441 166.26675805742587 376
1694428643455 175.07778690725505 377
1694428643471 171.57123885423817 378
1694428643490 168.1394113175667 379
1694428643508 172.41806011977658 380
1694428643525 162.47072275884645 381
1694428643540 164.51334030129678 382
1694428643557 166.73618949921092 383
1694428643572 163.19033126057363 384
1694428643587 169.0139425616112 385
1694428643602 167.0467227996106 386
1694428643617 163.0375573945226 387
1694428643631 168.90826780068528 388
1694428643646 170.23601654232996 389
1694428643662 169.78984947501658 390
1694428643677 168.89129611912782 391
1694428643693 177.33728861792926 392
1694428643708 167.0285854006777 393
1694428643722 164.20646289592221 394
1694428643737 175.08099456705295 395
1694428643751 165.4072274639931 396
1694428643765 168.95982442033375 397
1694428643780 173.07934512244915 398
1694428643795 171.6976030946822 399
1694428643810 168.30470873219627 400
1694428643825 166.45372116727233 401
1694428643840 166.2656495984023 402
1694428643855 177.3937923040894 403
1694428643870 167.72137579188916 404
1694428643885 165.76024826095448 405
1694428643899 163.2703541179463 406
1694428643914 166.21645644726007 407
1694428643928 168.76647415654082 408
1694428643944 171.31208263448025 409
1694428643959 168.1328627284774 410
1694428643974 166.86800080067766 411
1694428643994 168.6196829261565 412
1694428644012 171.4799681129671 413
1694428644031 164.15411574694005 414
1694428644045 167.88936277290287 415
1694428644060 163.22280704727982 416
1694428644075 168.14147364680574 417
1694428644090 170.1618379103441 418
1694428644105 170.25236264570876 419
1694428644119 165.00622959116694 420
1694428644134 172.55977190575913 421
1694428644148 169.7124715912539 422
1694428644163 170.960176271278 423
1694428644177 164.12014644114612 424
1694428644194 168.81221588711858 425
1694428644208 172.43584756774567 426
1694428644224 169.03629920359884 427
1694428644238 172.0400064146802 428
1694428644253 163.5654093035067 429
1694428644268 166.83986411745883 430
1694428644283 163.3148223338592 431
1694428644298 171.96191463086578 432
1694428644312 159.36783632417482 433
1694428644326 171.65720811589082 434
1694428644341 172.81895459076526 435
1694428644356 161.84208973075033 436
1694428644371 168.25829221359714 437
1694428644386 170.13358158259348 438
1694428644400 167.42256306245002 439
1694428644415 172.10695442757083 440
1694428644430 170.33237449767844 441
1694428644445 168.16159024969755 442
1694428644459 165.56395446460814 443
1694428644474 165.51601788530138 444
1694428644489 170.15816986010404 445
1694428644504 167.76545223762326 446
1694428644519 167.1331668441467 447
1694428644533 167.631839255315 448
1694428644548 166.3351634050955 449
1694428644563 167.10199222144678 450
1694428644579 167.8332536791718 451
1694428644596 170.35632188590344 452
1694428644613 165.94492239017202 453
1694428644628 168.57502561395572 454
1694428644643 167.67107929318988 455
1694428644658 165.936049381375 456
1694428644672 168.90311091534267 457
1694428644690 177.080897413485 458
1694428644704 172.32491589598285 459
1694428644720 171.940508299785 460
1694428644734 178.04777938486714 461
1694428644748 162.9922639997503 462
1694428644763 169.93790854497507 463
1694428644778 167.95515506824322 464
1694428644793 166.84218005227598 465
1694428644808 165.16140821843052 466
1694428644822 169.46306469338933 467
1694428644837 173.59701784067096 468
1694428644851 164.3023837099868 469
1694428644866 163.70152185222938 470
1694428644882 159.77300270519183 471
1694428644896 165.48918792048295 472
1694428644911 163.86102788750085 473
1694428644926 160.81477973041 474
1694428644941 162.77857907381363 475
1694428644957 165.77325292001825 476
1694428644973 168.16450237598357 477
1694428644988 180.72669463458078 478
1694428645003 164.79211943052323 479
1694428645017 171.58549967700432 480
1694428645032 169.12795762420942 481
1694428645047 166.5568915065049 482
1694428645062 179.45869924522958 483
1694428645077 173.0749986159676 484
1694428645092 173.11055890862653 485
1694428645108 161.92913719554002 486
1694428645125 164.42341182518618 487
1694428645145 176.00516180810558 488
1694428645160 169.40933385518719 489
1694428645174 170.2917108869856 490
1694428645190 167.51295516783267 491
1694428645205 169.81109468112757 492
1694428645220 174.99536616751624 493
1694428645234 166.46973359157366 494
1694428645249 166.28348579391368 495
1694428645264 173.40110395218545 496
1694428645279 162.5819318850277 497
1694428645293 163.90813457519297 498
1694428645308 163.9169909666234 499
