1694433808010 0.3707120022108652 0
1694433808080 0.00925734872527227 1
1694433808152 0.45114816224440385 2
1694433808221 0.02276382068692513 3
1694433808289 0.24938998547088245 4
1694433808357 0.12952438201770505 5
1694433808424 0.010744342238368529 6
1694433808491 0.22449338317584897 7
1694433808559 0.2641099744738405 8
1694433808627 0.0008341737551273076 9
1694433808700 0.23385243900359903 10
1694433808768 0.00010259912234990481 11
1694433808836 0.003535735069948039 12
1694433808903 0.04837341068774024 13
1694433808971 0.007031467918109888 14
1694433809038 0.018730134052265025 15
1694433809108 1.2151045970518364 16
1694433809185 0.001343815253758744 17
1694433809253 0.2765994340356629 18
1694433809321 0.24890556136505185 19
1694433809390 0.05012736029219907 20
1694433809458 0.005534673692246886 21
1694433809525 0.003789448920783436 22
1694433809593 0.22151402154938168 23
1694433809662 0.04484510378959525 24
1694433809729 0.22133450623222847 25
1694433809796 0.11284181329385143 26
1694433809864 0.003958036887581785 27
1694433809930 4.248996360404934e-07 28
1694433809999 0.2804962818161148 29
1694433810065 0.024875136134383767 30
1694433810133 0.04452630081066596 31
1694433810201 0.21717748833055603 32
1694433810269 0.003563395231669135 33
1694433810338 0.1517460325921745 34
1694433810406 0.0012853120342260777 35
1694433810474 0.0166689536448876 36
1694433810542 0.2614393555872334 37
1694433810611 0.24462901203742826 38
1694433810678 0.05654540634226229 39
1694433810745 0.017496434043303335 40
1694433810813 0.00026865101676873 41
1694433810880 0.04830661103425788 42
1694433810948 0.08815945662983128 43
1694433811016 0.00515362798181578 44
1694433811083 0.4470429295933968 45
1694433811151 0.00012955111848173708 46
1694433811218 0.1806836927378246 47
1694433811288 0.0052116502113801495 48
1694433811356 0.00311948353867823 49
1694433811424 0.21997676286882653 50
1694433811492 0.009116112085771238 51
1694433811562 0.003698877031973474 52
1694433811629 0.07281710708364322 53
1694433811697 0.07734507419309847 54
1694433811765 0.023654196070056078 55
1694433811833 0.21199545999707606 56
1694433811900 0.4686990719704262 57
1694433811969 0.1544094093769623 58
1694433812037 0.054624479596791016 59
1694433812105 0.7969746183082207 60
1694433812172 0.14649090202574364 61
1694433812240 0.002362370868766289 62
1694433812307 0.09020148190980072 63
1694433812377 0.455727651469361 64
1694433812445 0.16507637962782853 65
1694433812513 0.6958580292532497 66
1694433812581 0.0009796002128719427 67
1694433812648 0.019190833189193103 68
1694433812716 0.002535224753807411 69
1694433812784 0.08229425208736661 70
1694433812852 0.4341287187056705 71
1694433812920 0.003090235149690903 72
1694433812989 0.013320826508622334 73
1694433813057 0.0019145695721307131 74
1694433813125 0.031159098902028715 75
1694433813192 0.07952959007988557 76
1694433813261 0.0825452376825192 77
1694433813329 0.18169548290164717 78
1694433813396 0.016372883939815782 79
1694433813464 0.1322831357571109 80
1694433813531 0.17377835957501445 81
1694433813599 0.0005013332479570868 82
1694433813666 0.0033122583107020025 83
1694433813732 0.041710719925035444 84
1694433813810 0.0026885921269821913 85
1694433813879 0.12168691501525826 86
1694433813947 0.001863588868972454 87
1694433814014 0.029781006170854645 88
1694433814081 0.00011009410020900936 89
1694433814149 0.003977367584232613 90
1694433814218 0.12401536921557994 91
1694433814289 0.020593853862101538 92
1694433814357 0.07749958924093796 93
1694433814425 0.006641753150919303 94
1694433814493 0.0002747601791844434 95
1694433814560 0.07936237217870096 96
1694433814627 0.016606115388014167 97
1694433814695 0.24433965250016895 98
1694433814763 0.01199241992284996 99
1694433814830 0.004313341487841818 100
1694433814898 0.2937470038985688 101
1694433814965 0.006437400768688547 102
1694433815033 0.09638955180141984 103
1694433815101 0.0009667058381624552 104
1694433815169 0.0062292330644914806 105
1694433815236 0.14728270279419348 106
1694433815304 0.0024174347817747426 107
1694433815372 0.09265426562146768 108
1694433815439 0.0011213257517624583 109
1694433815508 0.12180265736291263 110
1694433815576 0.3934360639962717 111
1694433815645 0.03795397250476584 112
1694433815713 1.7762882423443866e-05 113
1694433815782 0.009329099159811824 114
1694433815849 4.254778433485471e-08 115
1694433815916 0.5760442244386302 116
1694433815985 0.14477252948855926 117
1694433816051 0.012216106508276004 118
1694433816119 0.5645003311056209 119
1694433816186 0.18044270645276325 120
1694433816254 0.00031599064245826247 121
1694433816321 0.11253279755000721 122
1694433816389 0.012111711062339084 123
1694433816457 0.06494005595406527 124
1694433816524 0.24003444570002194 125
1694433816590 0.11913824246823823 126
1694433816658 0.004175566830402226 127
1694433816726 0.13522862623463458 128
1694433816793 0.5837215382144514 129
1694433816860 0.18238106874401447 130
1694433816927 0.0005206599768988807 131
1694433816994 0.12328283903936581 132
1694433817062 0.14407483230117443 133
1694433817129 0.06816606788538404 134
1694433817197 0.0409173120917178 135
1694433817263 0.017019350100884848 136
1694433817332 0.44835714102754165 137
1694433817400 0.0003241562120556906 138
1694433817467 0.04597831370242166 139
1694433817534 0.012126294919546537 140
1694433817602 0.013364482083375227 141
1694433817670 0.04031076254513025 142
1694433817739 0.13195317438778353 143
1694433817806 0.09291374810151957 144
1694433817874 0.015451994810172334 145
1694433817941 0.05914430375463821 146
1694433818009 0.014143911467028095 147
1694433818078 7.88272681698616e-05 148
1694433818146 0.13417299017016154 149
1694433818214 0.051228024833644935 150
1694433818281 0.05847799961815735 151
1694433818349 0.13263887079720293 152
1694433818416 0.07905633871935751 153
1694433818483 0.02790834354801641 154
1694433818550 0.0959221868429189 155
1694433818617 0.08637773893756581 156
1694433818684 1.260445527996625e-07 157
1694433818752 0.12666496789279263 158
1694433818821 0.3425930393953775 159
1694433818887 0.03271949502918661 160
1694433818955 0.01696584649714882 161
1694433819022 0.3585362740337115 162
1694433819090 0.05055602758010706 163
1694433819158 0.031809347776358084 164
1694433819226 0.2654633070778166 165
1694433819295 1.7531092938522853e-05 166
1694433819362 0.10209027757472218 167
1694433819431 0.22636245983066916 168
1694433819499 0.07313716990341328 169
1694433819566 0.3693019119652556 170
1694433819634 0.010588237528766994 171
1694433819701 0.0020945860235434613 172
1694433819770 0.1216886461741799 173
1694433819838 0.29924911060953924 174
1694433819905 0.6846665861785447 175
1694433819973 0.22136186299151836 176
1694433820041 0.00028839254633281937 177
1694433820109 0.07993670380334725 178
1694433820176 0.05252154080819498 179
1694433820245 0.6085570355065256 180
1694433820312 0.03832441010260198 181
1694433820380 0.21894855405811367 182
1694433820449 0.002105557333476503 183
1694433820516 0.03136247103329594 184
1694433820583 0.12979952486325738 185
1694433820651 0.03497617809808651 186
1694433820719 0.08165504453299557 187
1694433820786 0.3848896643284829 188
1694433820855 0.14190186924142353 189
1694433820922 0.05385128475716329 190
1694433820990 0.12771062999624214 191
1694433821057 0.00011859375886235052 192
1694433821124 0.17974116107520255 193
1694433821192 0.012906038218889021 194
1694433821260 0.0005331163423422205 195
1694433821329 0.001508913744914424 196
1694433821397 0.20236224340511044 197
1694433821465 0.00723493188321359 198
1694433821532 0.35083955711400167 199
1694433821599 0.039398081739719315 200
1694433821666 0.007444818303543525 201
1694433821734 0.13327108451786238 202
1694433821802 0.0686718641558864 203
1694433821869 0.08212712015563409 204
1694433821936 0.5247228071859915 205
1694433822006 0.011589772722422342 206
1694433822074 0.2375657517441422 207
1694433822141 0.039956422135082444 208
1694433822209 0.005522591056396822 209
1694433822276 0.06162622074463752 210
1694433822344 0.05868241505841018 211
1694433822413 0.09367725649480045 212
1694433822482 0.3769601951548492 213
1694433822549 0.025614052155479537 214
1694433822619 0.0002699729294331983 215
1694433822686 0.07448177179141872 216
1694433822754 0.01847399640336308 217
1694433822823 0.3798379241270658 218
1694433822890 0.0282611375483647 219
1694433822958 0.0016921267740507633 220
1694433823027 0.11346342149541494 221
1694433823096 0.37353548557961297 222
1694433823166 0.42391995793120335 223
1694433823234 0.17954429893491589 224
1694433823301 0.15205623306499993 225
1694433823371 0.04484656794527106 226
1694433823439 3.331219166959818e-05 227
1694433823506 0.04020372088238828 228
1694433823575 0.014973977492308551 229
1694433823644 0.019456701805660337 230
1694433823713 0.061799764142560894 231
1694433823783 0.0002226679408577422 232
1694433823850 0.09344336494867092 233
1694433823920 0.004674650795200371 234
1694433823988 0.006073305641066595 235
1694433824056 0.028319160159813648 236
1694433824124 0.0772433833182601 237
1694433824191 0.066626504211067 238
1694433824258 0.0006616000686414276 239
1694433824325 0.11145429582512412 240
1694433824394 0.21949263133577232 241
1694433824463 0.006969972353872737 242
1694433824531 0.04096888340891669 243
1694433824600 0.1264264973980395 244
1694433824668 0.00014174257203370568 245
1694433824738 0.07788955758256076 246
1694433824805 0.8042489952506429 247
1694433824872 0.02581286689171443 248
1694433824940 0.10600708712414267 249
1694433825008 0.003695062329058266 250
1694433825075 0.013787166446983067 251
1694433825143 0.005724033869296677 252
1694433825212 0.060470106224347606 253
1694433825280 0.0032323753937994067 254
1694433825348 0.014015466835931384 255
1694433825416 0.17037301987344583 256
1694433825484 0.0001816115119626179 257
1694433825551 0.002314376675267272 258
1694433825619 0.3206801298549562 259
1694433825687 0.2884925125498417 260
1694433825754 0.0796948213166715 261
1694433825821 0.027705876088821708 262
1694433825890 0.23082512840006222 263
1694433825957 0.2694908577413965 264
1694433826024 0.03778572152868655 265
1694433826093 0.13300195775737628 266
1694433826161 0.18368603650732115 267
1694433826228 0.2636310978191345 268
1694433826297 0.02003257723450315 269
1694433826365 0.006160705045693384 270
1694433826434 0.03581752431433997 271
1694433826501 0.4321864585371071 272
1694433826568 0.29684674691599794 273
1694433826635 0.22294675236005876 274
1694433826702 0.11407631119250745 275
1694433826770 0.29996677408088995 276
1694433826839 0.23010620736194826 277
1694433826906 0.15075666841589278 278
1694433826974 0.22993012303330781 279
1694433827043 0.05240499851741074 280
1694433827112 0.017076588701991097 281
1694433827179 0.04330606338860139 282
1694433827246 0.0484525441523796 283
1694433827314 0.11531401018050072 284
1694433827382 0.0014218434967519975 285
1694433827449 0.011924055416067855 286
1694433827516 0.060368326747827515 287
1694433827584 0.024735451059640184 288
1694433827651 0.0037574338932366332 289
1694433827718 0.16499605761790423 290
1694433827787 0.0020142634730874265 291
1694433827854 0.02976232969645413 292
1694433827923 0.04705273532246995 293
1694433827990 0.010199680951732834 294
1694433828057 0.020545873784826817 295
1694433828126 0.04914782365783719 296
1694433828194 0.06020520492509962 297
1694433828261 0.04714872812286911 298
1694433828329 0.00332578189083322 299
1694433828397 0.00019565660019496095 300
1694433828465 0.0031798897745094912 301
1694433828533 0.2966037325814087 302
1694433828600 0.04016446049802216 303
1694433828668 0.021101802220659743 304
1694433828736 0.1997176747948552 305
1694433828804 0.8349500483666995 306
1694433828871 0.008854344780422563 307
1694433828940 0.04454365404339154 308
1694433829008 0.07340732188095773 309
1694433829076 0.16614857901434518 310
1694433829143 0.8414091126262191 311
1694433829210 0.06113597796551064 312
1694433829278 0.04910917557590703 313
1694433829344 8.149153562757088e-05 314
1694433829413 0.07893010513951007 315
1694433829479 0.0769229275088009 316
1694433829546 0.44465748105014585 317
1694433829614 0.025771397441601677 318
1694433829681 0.00297361907385291 319
1694433829748 0.6482477802162042 320
1694433829816 0.0037970369019876076 321
1694433829884 0.3142653143201942 322
1694433829952 0.0010100411618235228 323
1694433830019 0.06813328973365386 324
1694433830087 0.06839694424452113 325
1694433830154 0.09119526085845378 326
1694433830222 0.017526478604829546 327
1694433830289 0.009522386225951272 328
1694433830357 0.14651764919692806 329
1694433830425 0.07873610539865113 330
1694433830493 0.0982160282723353 331
1694433830561 0.004501730470606478 332
1694433830630 0.12143376278665284 333
1694433830699 0.002474652729908038 334
1694433830767 0.036919417951547136 335
1694433830835 0.001412240593191599 336
1694433830903 0.07302650842651084 337
1694433830970 0.041671754201036304 338
1694433831038 0.2692657097642778 339
1694433831105 0.034304287286920164 340
1694433831172 0.042216701310887554 341
1694433831241 0.4599840924041533 342
1694433831309 0.009491143174480885 343
1694433831377 0.04188642383212039 344
1694433831445 0.12969132279236348 345
1694433831519 0.1769284609511197 346
1694433831586 0.14709598623849474 347
1694433831654 0.03987534660374119 348
1694433831723 0.019311007833468383 349
1694433831790 0.1429770559834771 350
1694433831858 0.15256167603464024 351
1694433831925 0.022127763786044127 352
1694433831994 0.001653550862780456 353
1694433832062 0.25795058386400666 354
1694433832130 0.046087915215586216 355
1694433832197 0.68294402726543 356
1694433832265 0.3081245058007961 357
1694433832332 8.43843353750563e-06 358
1694433832400 0.012061484195847341 359
1694433832468 0.2976788936209446 360
1694433832535 0.18763643133337074 361
1694433832604 0.0073373721680368344 362
1694433832672 0.3354465845731116 363
1694433832740 0.07083250157310839 364
1694433832808 0.0012043615961021582 365
1694433832875 0.0779096958049254 366
1694433832943 0.6856467923528612 367
1694433833011 0.0010623017555209243 368
1694433833079 0.1712420136408478 369
1694433833146 0.0481003612439876 370
1694433833215 0.06213319398908568 371
1694433833284 0.11669673088413234 372
1694433833353 0.27871610680109316 373
1694433833420 0.07090394045934076 374
1694433833488 0.022458911066972984 375
1694433833555 0.10897792719305553 376
1694433833622 0.19641454992289892 377
1694433833690 0.002933347295090038 378
1694433833759 0.015867860495952502 379
1694433833827 0.13714200696013257 380
1694433833895 0.03040568578439488 381
1694433833963 0.2248168579484006 382
1694433834029 0.17938183602408897 383
1694433834098 0.22044088949951088 384
1694433834166 0.13657396256200188 385
1694433834233 0.12993461989311225 386
1694433834301 0.020003954489488857 387
1694433834369 0.023407587386931487 388
1694433834436 0.058185683221620196 389
1694433834505 0.012339041453458781 390
1694433834572 0.17927786988078975 391
1694433834640 0.08430272119448573 392
1694433834707 0.19530410310278676 393
1694433834775 0.4411552213150142 394
1694433834843 0.03006512283096523 395
1694433834911 0.004410405665688859 396
1694433834980 0.1617454546565466 397
1694433835048 0.2763395742314585 398
1694433835116 6.997388902277497e-06 399
1694433835183 7.85046172036896e-06 400
1694433835250 0.017586044697834983 401
1694433835319 0.05576574613201728 402
1694433835386 0.03705798113418812 403
1694433835453 0.1886092352232463 404
1694433835522 0.0028823527158008456 405
1694433835588 0.005244768701497362 406
1694433835656 0.11892780259053584 407
1694433835723 0.021647141065526097 408
1694433835791 0.014592748478760575 409
1694433835858 0.0008847986654066051 410
1694433835926 0.11409539214501843 411
1694433835993 1.9711969122005693 412
1694433836063 0.00823761856896784 413
1694433836130 0.03812287710224731 414
1694433836198 0.026766338961308856 415
1694433836264 0.047831820358992166 416
1694433836333 0.024797238513934453 417
1694433836400 9.39342089240036e-05 418
1694433836468 0.0024372372987636467 419
1694433836536 0.15815699616436202 420
1694433836605 0.05919118593304059 421
1694433836674 0.28887381050188904 422
1694433836741 0.08685118745932156 423
1694433836810 0.02143806273173869 424
1694433836878 0.004587511718802946 425
1694433836946 0.01651541477738005 426
1694433837013 0.03996664709027524 427
1694433837081 0.15384460817425427 428
1694433837150 0.23900400192862153 429
1694433837220 0.17846041047740285 430
1694433837289 0.014194404296044986 431
1694433837358 0.06989122247139505 432
1694433837426 0.5105676114985679 433
1694433837494 0.001044900764384788 434
1694433837561 0.3883264012505834 435
1694433837629 0.005948765194654426 436
1694433837696 0.10753920460998419 437
1694433837764 0.08283630278906014 438
1694433837832 0.030893350900660525 439
1694433837900 0.0710960316410472 440
1694433837968 0.09303233378401883 441
1694433838036 0.34927161047609817 442
1694433838103 0.01196652795770981 443
1694433838171 1.0829882073922894 444
1694433838238 0.1053380311787033 445
1694433838306 0.10448883702740211 446
1694433838374 0.032869432554357286 447
1694433838442 0.23261302320331387 448
1694433838510 0.07204747266532455 449
1694433838578 0.08386540128337917 450
1694433838646 0.016540181789922195 451
1694433838714 0.0383196489750563 452
1694433838782 0.026061163814055936 453
1694433838850 0.025960371794177192 454
1694433838918 0.18795250168553565 455
1694433838985 0.5565466596365036 456
1694433839052 0.0605975771628476 457
1694433839120 0.01738455907976705 458
1694433839191 0.07043008480602121 459
1694433839258 0.06669682574499852 460
1694433839326 0.08814679000946984 461
1694433839392 1.977537768060832e-07 462
1694433839460 0.0022421024439601323 463
1694433839529 0.026303771063833508 464
1694433839596 0.013747200390708337 465
1694433839663 0.28127935442645996 466
1694433839731 0.0781505973772071 467
1694433839799 0.0016791437251884595 468
1694433839872 0.06120948601927033 469
1694433839944 0.1585042778000566 470
1694433840013 0.0001317749374289562 471
1694433840081 0.2694630746601729 472
1694433840148 0.007341466040344991 473
1694433840216 0.00048145438905284005 474
1694433840285 0.05495780312375162 475
1694433840354 0.0003547327810787335 476
1694433840421 0.1383033212595787 477
1694433840490 0.015292997102105712 478
1694433840557 0.19115612439139132 479
1694433840626 0.0381579157798573 480
1694433840693 0.21572282819000602 481
1694433840760 0.0007356031979625562 482
1694433840828 0.015778507099445158 483
1694433840896 0.022080349375365012 484
1694433840965 0.08614578663074307 485
1694433841051 0.012971365539695027 486
1694433841121 0.4040547519516545 487
1694433841188 0.014197946476553728 488
1694433841256 0.0004822638249789044 489
1694433841325 0.004730312565870402 490
1694433841395 0.026829130745501927 491
1694433841464 0.570692514591437 492
1694433841533 0.0346869257074488 493
1694433841608 0.1604187707304073 494
1694433841677 0.07055094478253082 495
1694433841745 0.14572177683001028 496
1694433841814 0.05757096335959153 497
1694433841882 0.009840619787080444 498
1694433841951 0.18605446537911113 499
