1694427731331 169.56972472572198 0
1694427731359 168.16739154294893 1
1694427731382 167.77857300915898 2
1694427731408 175.94923184872374 3
1694427731430 178.72312945745838 4
1694427731448 166.3777912699099 5
1694427731469 169.72495882367463 6
1694427731493 163.3131925999114 7
1694427731518 174.05102062600713 8
1694427731542 172.69538352315104 9
1694427731566 171.37407653382303 10
1694427731586 175.78900274702144 11
1694427731613 166.48200915286478 12
1694427731638 173.45278103619572 13
1694427731663 168.49595094589372 14
1694427731687 165.6376550548782 15
1694427731710 165.07600494676626 16
1694427731736 175.47257895231354 17
1694427731759 172.74664357188175 18
1694427731782 164.6177816015413 19
1694427731803 175.85128427681326 20
1694427731825 169.11635754836092 21
1694427731849 167.86422629213484 22
1694427731871 172.924523781371 23
1694427731895 169.67435628490952 24
1694427731921 168.63826364312874 25
1694427731944 167.8319310663429 26
1694427731968 166.77567697289604 27
1694427731989 166.46088730499608 28
1694427732007 169.448339837153 29
1694427732028 172.35247116404747 30
1694427732051 162.77165057928042 31
1694427732073 169.09637733416903 32
1694427732097 169.07851228939563 33
1694427732119 165.44079472736627 34
1694427732144 166.96878319533172 35
1694427732165 173.8486234204681 36
1694427732190 164.81296095416928 37
1694427732215 167.03905139781654 38
1694427732236 170.61942171532343 39
1694427732257 162.51889181098787 40
1694427732278 170.84679089770296 41
1694427732300 170.81454552382823 42
1694427732324 168.69091335495537 43
1694427732350 171.15852528526042 44
1694427732372 167.43766893313756 45
1694427732396 169.91736587193026 46
1694427732417 166.9793133260175 47
1694427732440 166.51613241377078 48
1694427732464 170.12760325189788 49
1694427732487 172.66663189631728 50
1694427732510 166.83002213917288 51
1694427732533 164.62792488811564 52
1694427732555 168.59795253392312 53
1694427732577 173.8729488976119 54
1694427732599 167.19364344994133 55
1694427732620 167.70377071686065 56
1694427732643 168.1542825883583 57
1694427732666 166.03311870737625 58
1694427732684 164.8800567758667 59
1694427732708 167.57344790368123 60
1694427732732 169.2153800367724 61
1694427732756 170.83292963285672 62
1694427732778 170.33566192942604 63
1694427732799 168.80024114303131 64
1694427732821 164.93137237408175 65
1694427732843 169.63998356956904 66
1694427732866 168.63320663170035 67
1694427732888 164.72604890604154 68
1694427732913 169.89808587093532 69
1694427732937 166.77771927454052 70
1694427732961 167.56036150861718 71
1694427732986 170.5609791509781 72
1694427733008 166.23016309417358 73
1694427733031 173.56723064086404 74
1694427733053 171.71734584127177 75
1694427733075 166.27326832227422 76
1694427733095 168.7093932492826 77
1694427733117 167.60925423749345 78
1694427733137 171.68480776928945 79
1694427733158 170.4738500974101 80
1694427733180 171.68979210073076 81
1694427733201 165.27330708792329 82
1694427733223 167.5400955326054 83
1694427733245 172.06722467220246 84
1694427733266 164.9838729904669 85
1694427733290 172.84234769461358 86
1694427733312 168.19083514440177 87
1694427733334 167.44959740595377 88
1694427733356 165.699419999725 89
1694427733378 164.3902013339984 90
1694427733398 170.8241966364162 91
1694427733418 167.21513573885497 92
1694427733441 166.58857419532984 93
1694427733461 169.79673089756656 94
1694427733482 167.61505663789575 95
1694427733503 170.93465857405522 96
1694427733524 169.16823524625644 97
1694427733544 167.6066006935579 98
1694427733564 169.45063125810697 99
1694427733586 167.8544579436957 100
1694427733607 172.30927264478404 101
1694427733630 164.53180635905423 102
1694427733653 169.7464000548234 103
1694427733675 165.33713321717295 104
1694427733697 165.69184426108671 105
1694427733721 167.9857255987079 106
1694427733742 169.27391820528428 107
1694427733760 166.07440948432966 108
1694427733785 162.55210727155892 109
1694427733808 164.55000146257953 110
1694427733829 170.2337034522246 111
1694427733850 168.72493749812787 112
1694427733870 171.6860511769778 113
1694427733888 166.95839636043348 114
1694427733912 170.33879473764742 115
1694427733933 169.7583470432531 116
1694427733956 166.8246995224878 117
1694427733978 167.69428558029918 118
1694427734000 166.58830437003434 119
1694427734023 168.93583896716558 120
1694427734046 173.03681075628143 121
1694427734067 169.81920220358364 122
1694427734091 174.70192749215886 123
1694427734113 170.75612354595907 124
1694427734133 168.65793554391092 125
1694427734153 166.6290084746388 126
1694427734174 163.95729282407726 127
1694427734196 172.32397337074946 128
1694427734217 167.48868191805312 129
1694427734239 168.40762413335685 130
1694427734262 169.5130897969651 131
1694427734284 164.5330925951095 132
1694427734305 168.74321016867756 133
1694427734327 170.66731957039562 134
1694427734348 170.72032976832182 135
1694427734369 166.52991445704927 136
1694427734392 171.02229831748323 137
1694427734414 167.34343979367677 138
1694427734437 172.1055111582511 139
1694427734459 170.71782154525312 140
1694427734482 166.80145672460057 141
1694427734507 170.89014513780143 142
1694427734527 167.09868769620854 143
1694427734545 171.47449737909633 144
1694427734564 166.42458204577528 145
1694427734588 166.1982796420179 146
1694427734610 167.21373524534627 147
1694427734634 167.91676428639926 148
1694427734656 169.93218318663872 149
1694427734678 164.20396168509768 150
1694427734703 169.67140928467043 151
1694427734727 163.90264146350628 152
1694427734750 171.04316638937826 153
1694427734773 170.81612750106393 154
1694427734798 172.26604757676037 155
1694427734822 168.66309343193333 156
1694427734846 161.114960379346 157
1694427734871 168.4625085354623 158
1694427734892 169.12140084126403 159
1694427734916 167.6827615258648 160
1694427734940 168.83631904190523 161
1694427734961 169.63887503655891 162
1694427734981 167.5166946058293 163
1694427735005 168.5480294530008 164
1694427735029 168.94258241990752 165
1694427735054 164.71293930292453 166
1694427735077 169.3057961651895 167
1694427735099 168.25320735165377 168
1694427735120 163.1698289192993 169
1694427735140 168.96466615001094 170
1694427735163 167.50057959592345 171
1694427735184 170.00822650893764 172
1694427735204 171.48337642341474 173
1694427735227 171.2470124897455 174
1694427735247 164.69405175723298 175
1694427735272 167.76426574592242 176
1694427735294 166.7296545399607 177
1694427735317 170.16650248416332 178
1694427735341 170.08869969620213 179
1694427735365 171.60099904616132 180
1694427735388 167.11063387842628 181
1694427735411 166.37548500926596 182
1694427735435 172.87213582943534 183
1694427735458 168.1817083773179 184
1694427735482 169.5252181668129 185
1694427735509 165.745610228945 186
1694427735534 168.5356457965004 187
1694427735557 163.4993754368554 188
1694427735582 167.82886234551196 189
1694427735605 164.253547704597 190
1694427735630 163.6567062570484 191
1694427735655 167.11747646084788 192
1694427735680 166.54439295879402 193
1694427735703 169.406995524318 194
1694427735727 168.987447589771 195
1694427735749 164.95977961297908 196
1694427735774 171.10242654895458 197
1694427735797 171.93110685853733 198
1694427735820 171.83627278031076 199
1694427735844 168.01278142172416 200
1694427735867 166.92902767082384 201
1694427735892 170.14094428032686 202
1694427735915 169.1369476810657 203
1694427735939 165.03770591700632 204
1694427735962 173.18085572409456 205
1694427735983 168.0519961883049 206
1694427736002 170.60016337440788 207
1694427736025 162.11972498996047 208
1694427736047 164.90476325318886 209
1694427736069 170.49202174146075 210
1694427736091 164.19397895465275 211
1694427736113 171.56943519945983 212
1694427736136 170.6680219504398 213
1694427736160 168.61861938855554 214
1694427736185 169.74855428647962 215
1694427736208 165.95608058180048 216
1694427736231 169.9228695462381 217
1694427736254 166.40045455582003 218
1694427736279 168.40033340612163 219
1694427736303 170.88988836676455 220
1694427736326 167.8265168710918 221
1694427736349 165.50234714370987 222
1694427736372 174.85750628202427 223
1694427736395 163.23666328988088 224
1694427736416 165.757847468989 225
1694427736441 166.68094360963548 226
1694427736463 167.11889093799115 227
1694427736486 168.8103768198275 228
1694427736509 166.78874098214217 229
1694427736531 165.5475220118314 230
1694427736553 167.98374072645612 231
1694427736574 169.90806662358773 232
1694427736596 171.04969107519102 233
1694427736620 170.8226428582979 234
1694427736645 168.6611157224602 235
1694427736669 169.51038362935424 236
1694427736693 171.63948285417322 237
1694427736718 170.43776869971322 238
1694427736739 173.30736254304074 239
1694427736764 162.6276373515397 240
1694427736788 168.50756277307548 241
1694427736811 169.36720769952038 242
1694427736832 166.60714562187738 243
1694427736853 168.03789237884027 244
1694427736878 163.05732637268753 245
1694427736901 169.75715729588188 246
1694427736926 169.74442779894716 247
1694427736949 168.46946957125684 248
1694427736972 168.09739625696793 249
1694427736996 166.04654418311793 250
1694427737021 169.65082737013037 251
1694427737044 168.73364440445758 252
1694427737069 171.92800621719576 253
1694427737092 168.21526307101772 254
1694427737117 169.4029016940912 255
1694427737139 169.82995399615672 256
1694427737163 171.22321661525322 257
1694427737186 167.4468943631281 258
1694427737208 172.20640180151963 259
1694427737232 166.9864003788523 260
1694427737252 170.8488474360353 261
1694427737272 167.3643030655158 262
1694427737293 169.0314960064235 263
1694427737317 175.20821472069915 264
1694427737338 167.46033195754808 265
1694427737360 162.4155382224016 266
1694427737383 170.71784825427477 267
1694427737406 171.94125161016032 268
1694427737428 166.56692623798932 269
1694427737450 168.69639863750953 270
1694427737473 170.63392748979436 271
1694427737496 166.7361950936386 272
1694427737518 166.45323028459183 273
1694427737542 167.80218165042984 274
1694427737565 171.2478640974326 275
1694427737588 167.68883826963724 276
1694427737611 167.61721648500802 277
1694427737634 169.83804932741742 278
1694427737659 168.35739422586198 279
1694427737683 167.13461332569574 280
1694427737707 170.56601546766018 281
1694427737731 170.03522691619725 282
1694427737755 168.33549557441438 283
1694427737779 170.0382075278114 284
1694427737803 171.2713355442236 285
1694427737827 168.78493702553806 286
1694427737852 163.78566804312678 287
1694427737874 168.53438802336527 288
1694427737895 168.80402458279886 289
1694427737916 168.48068056552887 290
1694427737939 171.050949794363 291
1694427737962 167.5043902879141 292
1694427737986 166.38559652032976 293
1694427738010 171.9264778962805 294
1694427738033 171.42515508930313 295
1694427738054 170.35747705778547 296
1694427738077 171.04789805496102 297
1694427738099 165.59547000866715 298
1694427738121 168.87553709075723 299
1694427738141 165.9942469441794 300
1694427738158 166.92942581421968 301
1694427738179 170.1291425352612 302
1694427738203 166.95407713536858 303
1694427738223 170.81455329382447 304
1694427738241 168.90216655432053 305
1694427738260 168.81297503777833 306
1694427738284 171.69518147660497 307
1694427738310 167.981935512176 308
1694427738335 167.06344866218225 309
1694427738360 165.30520508421304 310
1694427738378 169.18454776713807 311
1694427738395 166.6083377413929 312
1694427738417 175.65646500330627 313
1694427738441 166.81320990321112 314
1694427738465 169.22211807428548 315
1694427738487 163.61489033559693 316
1694427738513 172.90295891644791 317
1694427738536 171.0484021262 318
1694427738554 171.75104596431953 319
1694427738575 167.04986387203894 320
1694427738595 168.94706489854465 321
1694427738616 165.4482685462527 322
1694427738633 164.9261720369906 323
1694427738657 167.4156001566185 324
1694427738679 170.68029405207793 325
1694427738700 170.35391892405192 326
1694427738716 166.94455897121523 327
1694427738734 172.98953585228108 328
1694427738753 164.2139105595666 329
1694427738769 172.00568572916464 330
1694427738788 169.4054946075356 331
1694427738813 167.40457811703376 332
1694427738831 173.72641914236644 333
1694427738852 167.63892782578998 334
1694427738872 169.24726802982192 335
1694427738895 166.54929717876618 336
1694427738918 167.46358524246259 337
1694427738943 165.93932985335482 338
1694427738961 167.5519724355765 339
1694427738986 171.55398842575977 340
1694427739002 168.38141640723103 341
1694427739020 169.26256400166875 342
1694427739046 171.40896258143084 343
1694427739064 166.4856892608571 344
1694427739089 163.53719516523526 345
1694427739110 167.9802192641017 346
1694427739132 166.16980787956663 347
1694427739156 167.86357408304212 348
1694427739174 170.34577370006647 349
1694427739190 168.78197296402772 350
1694427739206 168.32525585305083 351
1694427739224 169.7986641901619 352
1694427739244 169.74428111661902 353
1694427739264 166.70429099830636 354
1694427739286 167.74196945735648 355
1694427739309 169.25013747595315 356
1694427739333 169.23762279746902 357
1694427739354 167.56480732947722 358
1694427739375 170.91806357720648 359
1694427739396 169.0301194612532 360
1694427739418 171.11214000053977 361
1694427739442 164.8777961762775 362
1694427739465 166.3176507002973 363
1694427739486 166.85183287950605 364
1694427739510 166.13329837484002 365
1694427739528 170.81744150362871 366
1694427739548 170.8050482349044 367
1694427739570 170.38831259565208 368
1694427739592 169.18122209312793 369
1694427739612 172.3806244753308 370
1694427739633 167.23671007411195 371
1694427739655 170.8694703090749 372
1694427739678 172.48190215612917 373
1694427739702 169.1367636084974 374
1694427739722 165.79402168543356 375
1694427739740 172.85429779929208 376
1694427739764 165.87539687650937 377
1694427739787 168.02034217161835 378
1694427739813 170.68563245876558 379
1694427739837 168.10181775209261 380
1694427739857 167.69008283986173 381
1694427739877 169.32755285263423 382
1694427739901 171.4934890237675 383
1694427739925 164.90468930605215 384
1694427739949 168.41986250540532 385
1694427739973 166.0120519954621 386
1694427739996 167.559985880183 387
1694427740016 166.12570821764137 388
1694427740041 172.39827387829672 389
1694427740067 173.0218986203443 390
1694427740090 166.10755886772463 391
1694427740112 165.79048929928112 392
1694427740136 169.0734034041059 393
1694427740157 172.55968638661557 394
1694427740180 165.50025141142945 395
1694427740209 169.15637121584018 396
1694427740236 169.8416716993298 397
1694427740264 167.9066390866645 398
1694427740290 169.3629010946457 399
1694427740311 168.88393888550917 400
1694427740335 167.04383722837017 401
1694427740361 172.20198543863827 402
1694427740384 168.37375188917446 403
1694427740409 167.50453189845143 404
1694427740432 168.0568390865185 405
1694427740457 166.80050936745735 406
1694427740481 162.7537744237964 407
1694427740506 165.60969503658484 408
1694427740528 172.8272908674926 409
1694427740551 170.11157808726057 410
1694427740571 169.86105680610748 411
1694427740595 166.27994740415423 412
1694427740620 168.6993785554768 413
1694427740642 171.22355557704904 414
1694427740667 170.6993836376723 415
1694427740691 169.47193594740293 416
1694427740709 169.03128053709136 417
1694427740730 167.83352529226732 418
1694427740754 168.2580100689614 419
1694427740774 171.41168775824505 420
1694427740793 171.31873394124858 421
1694427740813 168.9932560955017 422
1694427740835 166.75485938801117 423
1694427740860 165.80601574113888 424
1694427740879 165.61359980228195 425
1694427740902 170.3326419288087 426
1694427740924 171.17021036037474 427
1694427740948 172.2591920707229 428
1694427740968 167.10100677011152 429
1694427740989 166.75692802369687 430
1694427741009 164.8080856780543 431
1694427741031 163.99243903294968 432
1694427741052 173.47111353435008 433
1694427741075 174.39420555267466 434
1694427741097 169.94182165577922 435
1694427741122 167.0838988245624 436
1694427741142 166.54497909963342 437
1694427741162 170.74816986913683 438
1694427741180 168.0533042062526 439
1694427741200 167.97755228856983 440
1694427741221 165.3231384487101 441
1694427741243 168.5853591678194 442
1694427741266 170.42933098563475 443
1694427741288 175.50238439549747 444
1694427741308 168.24860576479432 445
1694427741327 164.4955090794106 446
1694427741346 167.4530435707439 447
1694427741370 169.00906404338224 448
1694427741388 163.76346425315063 449
1694427741412 169.35567489223814 450
1694427741430 166.92862286422817 451
1694427741451 163.622820013381 452
1694427741476 168.01991363454255 453
1694427741497 171.95888752483356 454
1694427741517 171.39872420126304 455
1694427741540 172.82938132283917 456
1694427741557 170.58661360877892 457
1694427741580 168.85338557872527 458
1694427741602 168.38918089076944 459
1694427741624 168.51799548553964 460
1694427741642 165.13003631835127 461
1694427741663 164.253086786317 462
1694427741681 169.592991166081 463
1694427741703 167.5709376603847 464
1694427741722 167.37480672733406 465
1694427741741 173.61786151898474 466
1694427741762 168.91968906133783 467
1694427741789 169.32218374193857 468
1694427741811 168.52079836120922 469
1694427741833 167.2764936129842 470
1694427741857 171.72931359783436 471
1694427741879 167.46243168329377 472
1694427741899 168.97472016721773 473
1694427741917 168.61444318336467 474
1694427741935 166.6029099226128 475
1694427741956 169.58061061430448 476
1694427741981 169.87820499371983 477
1694427741999 171.21640880352513 478
1694427742023 167.0768659490886 479
1694427742046 169.7172056277906 480
1694427742066 166.51332277821146 481
1694427742086 167.27849579138578 482
1694427742105 165.77152883672056 483
1694427742126 166.61407596882057 484
1694427742148 169.62883766702706 485
1694427742169 166.72642698369947 486
1694427742191 170.0467650948724 487
1694427742212 169.38688284656237 488
1694427742230 168.4786149369198 489
1694427742253 165.6028585470025 490
1694427742274 170.55610558067661 491
1694427742297 166.00689949761835 492
1694427742320 166.04814705449306 493
1694427742342 167.66297313030856 494
1694427742360 167.736201734576 495
1694427742379 169.20811905856226 496
1694427742401 171.7906474957451 497
1694427742425 164.1652819796574 498
1694427742447 167.32943231910352 499
