1694427685610 165.95458947748094 0
1694427685624 171.04057265172852 1
1694427685640 169.84256853821685 2
1694427685654 169.74207489496536 3
1694427685669 168.90753461971804 4
1694427685683 172.77938657496065 5
1694427685697 173.33132899963968 6
1694427685711 159.86745123527004 7
1694427685725 172.05420794758234 8
1694427685739 166.5692345900674 9
1694427685754 164.55151510400512 10
1694427685772 164.403189064577 11
1694427685787 166.39027416367523 12
1694427685801 170.69203999068864 13
1694427685815 166.51533847711812 14
1694427685832 164.7931663771082 15
1694427685851 163.62127813836508 16
1694427685866 162.80085606154935 17
1694427685886 169.99061051393554 18
1694427685905 165.37121815664045 19
1694427685925 168.28589506518114 20
1694427685945 163.3067196479555 21
1694427685966 170.92967160769697 22
1694427685985 166.65594962615728 23
1694427686001 167.8640122633242 24
1694427686014 165.83104436947573 25
1694427686034 164.2993314742007 26
1694427686049 172.14100658043148 27
1694427686064 168.04734680138998 28
1694427686078 168.03051310941888 29
1694427686092 172.5271954516632 30
1694427686106 166.4547726388167 31
1694427686121 167.91846428605007 32
1694427686135 172.1353644420685 33
1694427686150 168.75351628201838 34
1694427686164 162.12254150834136 35
1694427686178 168.7556357230758 36
1694427686193 170.16395190418478 37
1694427686207 169.4919935802558 38
1694427686222 165.5465263179315 39
1694427686236 165.6633165718938 40
1694427686252 166.90274721318733 41
1694427686269 170.3182652047288 42
1694427686286 166.70887162373006 43
1694427686300 164.6378345276084 44
1694427686315 170.59366328754373 45
1694427686330 161.87416901098706 46
1694427686345 169.59519818275626 47
1694427686359 174.9006570916235 48
1694427686374 167.8251661971919 49
1694427686388 165.0967445901491 50
1694427686402 167.26270976174797 51
1694427686417 167.77164096571943 52
1694427686430 164.16432076421967 53
1694427686445 165.41748782716573 54
1694427686459 173.07073874709587 55
1694427686474 169.6682805718239 56
1694427686488 171.5825884933632 57
1694427686502 170.03301477772075 58
1694427686516 167.20392292414164 59
1694427686530 169.56696046484132 60
1694427686545 169.04182334870328 61
1694427686559 170.5177147334325 62
1694427686574 166.35263810930635 63
1694427686587 170.0392617795631 64
1694427686602 169.18091075143892 65
1694427686616 170.55117186754154 66
1694427686629 167.48003776030535 67
1694427686646 171.35410494394594 68
1694427686668 172.8266508442066 69
1694427686686 169.04061401026323 70
1694427686702 171.65727529558276 71
1694427686715 170.675099104574 72
1694427686730 165.0650171910411 73
1694427686744 166.9645629306147 74
1694427686758 172.6185841675392 75
1694427686773 167.84562383731082 76
1694427686787 167.80788571728104 77
1694427686801 168.62354916951753 78
1694427686815 172.88659663399622 79
1694427686829 165.1107499858334 80
1694427686844 167.0534228932807 81
1694427686858 164.41094552541307 82
1694427686873 168.12130259817334 83
1694427686888 167.39670909838682 84
1694427686902 169.76475070910683 85
1694427686917 170.69823901502065 86
1694427686931 174.93133508967182 87
1694427686949 169.74551432162087 88
1694427686967 170.3328390108631 89
1694427686988 168.9992771205584 90
1694427687004 148.1164369704702 91
1694427687019 166.67247936105542 92
1694427687034 166.05198879272228 93
1694427687048 167.76116719300668 94
1694427687063 172.13091422703226 95
1694427687077 168.8549319985913 96
1694427687091 166.2987910834253 97
1694427687105 171.83050417693056 98
1694427687120 171.64960956811674 99
1694427687134 164.25260756551782 100
1694427687148 172.72611609395327 101
1694427687162 163.84525027460384 102
1694427687177 171.89671668559714 103
1694427687191 158.01890651883636 104
1694427687205 168.25123200430644 105
1694427687220 167.5765115133238 106
1694427687234 163.89359454465898 107
1694427687248 169.55831003788845 108
1694427687263 171.53983880514602 109
1694427687278 165.65545444215414 110
1694427687292 165.9035444283804 111
1694427687307 170.51880330155765 112
1694427687321 172.4579148122262 113
1694427687334 168.4755688018247 114
1694427687348 158.8267813148641 115
1694427687363 174.61327382785768 116
1694427687380 166.42992254735057 117
1694427687397 170.2872399349403 118
1694427687417 166.10631165027877 119
1694427687431 167.36048779978324 120
1694427687446 171.64364447519372 121
1694427687460 167.02041692634407 122
1694427687475 165.50883362546367 123
1694427687489 168.926883478893 124
1694427687504 174.54258470080183 125
1694427687517 165.52588353343938 126
1694427687532 169.35974191879637 127
1694427687546 164.8911751895923 128
1694427687560 165.16657424484404 129
1694427687575 174.8966273399952 130
1694427687589 158.11345359264024 131
1694427687603 165.69633872581326 132
1694427687617 174.2655896701433 133
1694427687632 172.11651269570774 134
1694427687647 172.9671044222279 135
1694427687662 172.81998947918967 136
1694427687676 166.64663055209695 137
1694427687691 170.7928695119712 138
1694427687706 171.31163540146537 139
1694427687719 170.0899679769992 140
1694427687734 172.6797812666802 141
1694427687749 165.92927756490187 142
1694427687763 170.0126603068904 143
1694427687778 169.74687330343767 144
1694427687792 167.64337329525551 145
1694427687807 172.6747687351377 146
1694427687821 169.30340144742837 147
1694427687835 167.9369227120939 148
1694427687850 163.41104601613975 149
1694427687863 175.55912006368968 150
1694427687878 166.3343759736663 151
1694427687893 174.08631997631397 152
1694427687907 167.00437913237297 153
1694427687922 168.82073867554473 154
1694427687936 165.4170296328687 155
1694427687950 162.0652880554246 156
1694427687966 176.34466189604265 157
1694427687981 168.1612335684449 158
1694427687995 159.8418785544052 159
1694427688010 165.37962180360978 160
1694427688026 166.1915762038645 161
1694427688044 167.51772924097014 162
1694427688063 170.83633105341167 163
1694427688082 174.55203861199286 164
1694427688098 169.6872979021444 165
1694427688112 159.4259910028815 166
1694427688126 168.74080953817048 167
1694427688141 166.67443176124135 168
1694427688155 167.7701120254382 169
1694427688170 174.9655666419437 170
1694427688185 168.3288264170015 171
1694427688199 172.6990503628435 172
1694427688213 170.41350757806882 173
1694427688227 170.75700504597089 174
1694427688242 167.77847009003116 175
1694427688256 158.73147031500613 176
1694427688271 169.49148548168387 177
1694427688286 169.9614269401134 178
1694427688300 166.19554581597268 179
1694427688315 165.13362885191881 180
1694427688329 169.49774712682333 181
1694427688344 165.90609600677539 182
1694427688358 169.6900795120273 183
1694427688373 162.9286163615231 184
1694427688387 170.77365541193518 185
1694427688401 171.50171072304877 186
1694427688415 163.39872958754546 187
1694427688431 166.27297301338663 188
1694427688445 169.50618301902654 189
1694427688460 163.425481610336 190
1694427688474 168.9360286455489 191
1694427688488 161.99801358081177 192
1694427688503 162.9386576466799 193
1694427688522 164.1951168827908 194
1694427688540 168.41427661567855 195
1694427688557 165.39983853053133 196
1694427688572 169.1204948525014 197
1694427688587 171.5140722440095 198
1694427688601 169.1364769284026 199
1694427688615 169.5391496984341 200
1694427688630 163.85304367296789 201
1694427688644 171.02004055524958 202
1694427688659 173.5438956804916 203
1694427688674 165.5419716510601 204
1694427688688 165.16443641712144 205
1694427688703 166.3958804164892 206
1694427688716 172.92764065874078 207
1694427688731 173.37068961220055 208
1694427688745 172.28101991470837 209
1694427688759 172.76274040145105 210
1694427688774 172.55272143628332 211
1694427688788 178.58104934739927 212
1694427688803 162.99340236717737 213
1694427688817 164.98118944139918 214
1694427688831 171.64644181971076 215
1694427688846 170.10447441826068 216
1694427688860 167.50946052181297 217
1694427688874 167.8877995600689 218
1694427688889 170.74734991936052 219
1694427688903 161.07148634079925 220
1694427688918 171.009816819015 221
1694427688932 169.38667243077325 222
1694427688946 172.5672457153942 223
1694427688961 162.1472327450203 224
1694427688976 172.86315628324584 225
1694427688990 172.6937510205104 226
1694427689003 173.20872647642733 227
1694427689017 171.9788009657385 228
1694427689032 166.77677153908357 229
1694427689048 162.06663767705373 230
1694427689062 159.50695787495974 231
1694427689077 168.33285862004305 232
1694427689092 167.63941774404643 233
1694427689106 170.6074901594982 234
1694427689120 173.24821670171033 235
1694427689135 171.63114979885418 236
1694427689152 171.74435408108974 237
1694427689169 160.78972569811535 238
1694427689187 177.0755762400508 239
1694427689201 167.46891693044844 240
1694427689216 167.6058206090024 241
1694427689231 166.6769369478438 242
1694427689245 168.11244439612295 243
1694427689259 174.02401475752504 244
1694427689272 162.14675427622606 245
1694427689288 167.6530619845959 246
1694427689303 173.43119825141375 247
1694427689317 168.40559951877088 248
1694427689331 167.89797821291714 249
1694427689345 174.5482233195162 250
1694427689359 170.56926083327534 251
1694427689374 167.63907597102366 252
1694427689388 169.31279917020169 253
1694427689403 166.47959575739557 254
1694427689417 170.65137194278273 255
1694427689432 167.21821867473983 256
1694427689446 165.995856885348 257
1694427689461 166.645283498591 258
1694427689474 170.23434525345752 259
1694427689489 165.7162354516632 260
1694427689503 173.31279481647698 261
1694427689517 174.22372151252418 262
1694427689531 166.93681960029997 263
1694427689546 172.5933312028466 264
1694427689561 168.82804186374142 265
1694427689575 165.91778740310886 266
1694427689590 171.40709422180154 267
1694427689605 165.601227198247 268
1694427689619 162.9514729907591 269
1694427689634 167.99950863054215 270
1694427689651 169.39207920171762 271
1694427689672 171.37493433322524 272
1694427689690 165.14032272533447 273
1694427689705 167.64806505825575 274
1694427689718 171.329129825729 275
1694427689733 163.479854559288 276
1694427689747 173.15409445133403 277
1694427689761 172.64950715929407 278
1694427689776 165.48046647657443 279
1694427689790 172.22511984308952 280
1694427689806 165.17655873522168 281
1694427689820 171.51462121833006 282
1694427689834 166.6187123782695 283
1694427689848 166.7253580117676 284
1694427689862 167.90291179650816 285
1694427689877 175.05591147848753 286
1694427689891 168.207708100482 287
1694427689906 166.16035936138135 288
1694427689920 168.92264472753777 289
1694427689934 172.0031506054689 290
1694427689948 177.48885577137727 291
1694427689963 172.69876124065 292
1694427689977 171.87554380717876 293
1694427689991 173.21317145650997 294
1694427690006 172.91974747842121 295
1694427690020 163.6650437256563 296
1694427690034 165.3798313082878 297
1694427690049 164.61093726623196 298
1694427690067 159.27841051646377 299
1694427690081 162.14098708890657 300
1694427690096 154.75732757776998 301
1694427690110 168.69876743476084 302
1694427690125 167.10168264223375 303
1694427690139 171.88048041980008 304
1694427690153 166.79884797756344 305
1694427690169 181.7638227787033 306
1694427690183 172.31130910156713 307
1694427690197 162.45504352078478 308
1694427690211 169.39122400936776 309
1694427690226 171.57784106513577 310
1694427690245 162.30817687146535 311
1694427690260 169.17592555628758 312
1694427690281 168.11252925817215 313
1694427690296 167.96304159387228 314
1694427690311 170.0497239324838 315
1694427690325 169.28594860933316 316
1694427690340 165.35394243587947 317
1694427690355 172.99777989208317 318
1694427690369 166.08219407594055 319
1694427690385 167.26247618696652 320
1694427690399 171.36441416611135 321
1694427690414 173.488799666824 322
1694427690428 170.48750029223203 323
1694427690443 168.50111919744228 324
1694427690457 169.57740789445714 325
1694427690471 166.7828010214415 326
1694427690486 173.49066158486735 327
1694427690500 167.5991043849636 328
1694427690514 160.83896306533907 329
1694427690528 166.42232446192958 330
1694427690543 164.5221624406799 331
1694427690557 165.31277958895444 332
1694427690571 167.87557726218807 333
1694427690586 168.5691915774457 334
1694427690600 165.4834163765293 335
1694427690614 160.0297736001487 336
1694427690628 165.9962337323468 337
1694427690642 162.23218070938205 338
1694427690657 167.71376545930767 339
1694427690671 165.60092212362503 340
1694427690685 165.8611477744314 341
1694427690699 171.31747418895503 342
1694427690714 168.36474144794983 343
1694427690729 169.75628379812136 344
1694427690744 172.9375759581756 345
1694427690758 167.00682331140155 346
1694427690777 163.50943961135522 347
1694427690795 162.2774617902551 348
1694427690813 169.4283752728767 349
1694427690827 167.24848757079698 350
1694427690842 166.2815663573088 351
1694427690856 172.13801954803688 352
1694427690870 172.04777084106033 353
1694427690885 167.65637925715214 354
1694427690899 165.85445662997554 355
1694427690914 164.74433166587156 356
1694427690928 175.52259152938294 357
1694427690942 172.95170431432965 358
1694427690957 177.98993385721812 359
1694427690972 179.49497509069064 360
1694427690986 168.69875315917034 361
1694427691001 162.3640129827936 362
1694427691015 167.90925805907864 363
1694427691028 169.66517575724473 364
1694427691043 164.96463370416816 365
1694427691058 170.8805123614949 366
1694427691072 162.29788692003584 367
1694427691087 166.55027381150518 368
1694427691101 170.33523239671268 369
1694427691116 172.99669874281616 370
1694427691130 169.61280652534953 371
1694427691144 167.82473458221244 372
1694427691158 167.48013496093262 373
1694427691172 169.26459632723223 374
1694427691186 168.38240941827956 375
1694427691200 170.5121038517306 376
1694427691215 169.2017244215881 377
1694427691230 166.85876928176486 378
1694427691246 167.1817144373833 379
1694427691260 172.4481362931991 380
1694427691275 168.44176531403218 381
1694427691290 171.16127077661602 382
1694427691305 173.0603614252037 383
1694427691318 172.25701379532384 384
1694427691332 168.99155270048885 385
1694427691350 170.18317468042113 386
1694427691366 179.99650968821962 387
1694427691385 178.03594477977512 388
1694427691399 169.5537699987599 389
1694427691414 167.6325197807751 390
1694427691428 164.35526205863854 391
1694427691442 168.60496957738275 392
1694427691456 161.39773882461495 393
1694427691470 172.39068462283925 394
1694427691485 173.55221113069297 395
1694427691500 172.20921015377817 396
1694427691514 163.63065460141038 397
1694427691528 170.69849292794171 398
1694427691542 177.23237354693308 399
1694427691557 164.297666533147 400
1694427691571 167.06453197373372 401
1694427691585 171.6527921840951 402
1694427691600 161.42307980769527 403
1694427691615 169.5161943667487 404
1694427691629 170.61634100952884 405
1694427691642 168.87948295708904 406
1694427691657 162.11458814491772 407
1694427691672 167.0427233128591 408
1694427691686 166.20364921808783 409
1694427691700 165.91059676013498 410
1694427691714 170.4169099829091 411
1694427691729 171.27637550318977 412
1694427691743 174.98914120504148 413
1694427691757 162.10131530842412 414
1694427691772 175.21210059071095 415
1694427691786 169.41065825982332 416
1694427691800 169.82911041540677 417
1694427691818 171.27900958514033 418
1694427691833 166.79080936794753 419
1694427691847 164.0194814700878 420
1694427691861 164.33631516083733 421
1694427691876 168.19587617498365 422
1694427691897 164.6163951315047 423
1694427691917 173.70341436200187 424
1694427691933 160.3142347624591 425
1694427691948 167.96904391086807 426
1694427691962 170.17883436090344 427
1694427691976 170.94913339522287 428
1694427691991 171.15107231911853 429
1694427692007 172.0611161865306 430
1694427692021 170.24342159408462 431
1694427692035 167.05911966116994 432
1694427692050 169.59934735058206 433
1694427692065 167.837618752996 434
1694427692079 170.1011219889223 435
1694427692093 164.1739810735647 436
1694427692108 163.11648398682323 437
1694427692122 168.57691653465523 438
1694427692136 168.3180176089845 439
1694427692150 167.00329025357263 440
1694427692164 167.25880317685662 441
1694427692178 163.38807561073682 442
1694427692192 168.60863465858 443
1694427692206 174.90186362142512 444
1694427692221 171.5722443548239 445
1694427692235 167.5394942133202 446
1694427692249 169.98368497551226 447
1694427692263 162.3589748860636 448
1694427692277 175.20748946088892 449
1694427692292 176.1004030236386 450
1694427692307 162.0173050370906 451
1694427692321 171.48606646875987 452
1694427692335 166.44960339265347 453
1694427692350 160.52471536042913 454
1694427692364 167.77668172472025 455
1694427692378 170.03340694140283 456
1694427692392 171.1868988152306 457
1694427692407 170.8735904581926 458
1694427692421 168.07917187379695 459
1694427692435 180.24472650669546 460
1694427692452 164.86892093143624 461
1694427692472 167.16186282096334 462
1694427692489 163.6920772201313 463
1694427692504 163.04289843539252 464
1694427692518 172.69322694474636 465
1694427692533 167.32901573081773 466
1694427692547 170.5116491375922 467
1694427692563 166.61991046412123 468
1694427692578 167.67670330401512 469
1694427692592 167.52551089707944 470
1694427692607 176.3290085165132 471
1694427692622 165.3273366278299 472
1694427692636 167.14160926859813 473
1694427692650 167.5936787333908 474
1694427692665 167.3007396310357 475
1694427692679 167.1917060022025 476
1694427692694 175.17597312209605 477
1694427692709 167.27391028828148 478
1694427692723 172.45217321245292 479
1694427692737 173.26740684671853 480
1694427692751 168.55850196062624 481
1694427692766 162.77094175281496 482
1694427692780 163.86716791509212 483
1694427692794 165.58639807249568 484
1694427692808 167.83676632152944 485
1694427692823 167.99312492869095 486
1694427692840 171.498774029031 487
1694427692855 171.754118741797 488
1694427692869 176.908143135378 489
1694427692883 171.35408093959992 490
1694427692897 169.63261554440936 491
1694427692912 162.15533630816577 492
1694427692927 167.56611636934983 493
1694427692942 166.3187442558836 494
1694427692958 161.22587782136208 495
1694427692979 167.3842154348787 496
1694427693000 172.13167151842893 497
1694427693016 164.8072405113372 498
1694427693033 174.07721006659315 499
