1694427767807 57.142187853474 0
1694427767896 63.96950309444289 1
1694427767988 194.46003980412047 2
1694427768075 259.8557289310706 3
1694427768170 183.71970375947586 4
1694427768255 176.19777448271304 5
1694427768352 104.68096674038716 6
1694427768440 118.9335820393825 7
1694427768543 228.51792681935316 8
1694427768641 111.6281724320596 9
1694427768740 143.84663042188262 10
1694427768821 198.0482285923292 11
1694427768903 62.02665387144937 12
1694427768997 135.57869041185947 13
1694427769079 143.79293213473986 14
1694427769169 39.36007135263023 15
1694427769262 199.93670109316986 16
1694427769336 86.59429634739546 17
1694427769431 58.348923504909145 18
1694427769521 157.43545183529488 19
1694427769615 155.8240862638466 20
1694427769732 167.5088523762113 21
1694427769835 131.3303972786726 22
1694427769928 208.16561949253668 23
1694427770036 136.1271910113923 24
1694427770104 113.99979218847702 25
1694427770205 97.0064125457314 26
1694427770315 121.01231090960817 27
1694427770423 227.47993308650595 28
1694427770515 197.36694927682186 29
1694427770608 136.49838038205672 30
1694427770698 180.49140580997718 31
1694427770790 380.76378772356236 32
1694427770886 219.409296480486 33
1694427770984 155.33724601010215 34
1694427771076 163.68123329105097 35
1694427771163 260.1850912650482 36
1694427771258 173.13658144230854 37
1694427771342 190.56650889891444 38
1694427771427 134.42172063261208 39
1694427771504 53.0611567469179 40
1694427771599 141.2920465700027 41
1694427771700 265.0326618065771 42
1694427771785 94.88241232579574 43
1694427771884 144.5499164237564 44
1694427771978 230.02670109335736 45
1694427772073 91.17158037704979 46
1694427772158 174.25990779008856 47
1694427772238 41.614646061663166 48
1694427772304 122.81277822232065 49
1694427772370 257.64205968901416 50
1694427772436 88.91132395175295 51
1694427772502 296.5488253528566 52
1694427772568 112.34811192538565 53
1694427772635 125.59639402743272 54
1694427772702 83.66955666515257 55
1694427772771 130.58773877047378 56
1694427772837 310.3632674068215 57
1694427772903 216.6029088350588 58
1694427772975 533.9376950397763 59
1694427773041 176.59899117634006 60
1694427773108 318.9847470606528 61
1694427773174 178.82287637990527 62
1694427773242 185.14011274107 63
1694427773309 85.90700527345426 64
1694427773375 139.5639220015226 65
1694427773444 258.250232029005 66
1694427773512 179.41055915975463 67
1694427773579 109.8810502624381 68
1694427773648 168.16132270156396 69
1694427773717 122.81991772828069 70
1694427773783 163.06160000897452 71
1694427773851 166.9675967011585 72
1694427773919 171.06817470247893 73
1694427774012 151.45528815850722 74
1694427774090 58.1286060987727 75
1694427774159 221.7928119681448 76
1694427774227 149.1965564975118 77
1694427774293 184.79123180560046 78
1694427774358 230.9122718226863 79
1694427774426 167.32975962028297 80
1694427774493 203.04244455314011 81
1694427774561 70.81300172457385 82
1694427774641 449.8207238076211 83
1694427774733 159.76765084636693 84
1694427774812 129.8353204538899 85
1694427774892 66.55697528078383 86
1694427774978 92.28743895609485 87
1694427775065 164.24047175199098 88
1694427775152 133.7323101319747 89
1694427775218 179.4183883741581 90
1694427775283 133.34451518201442 91
1694427775348 57.537709512332974 92
1694427775412 162.5901907797805 93
1694427775477 178.69629205543478 94
1694427775540 126.4957892850565 95
1694427775618 119.70143526108491 96
1694427775707 741.7675536923188 97
1694427775785 167.62438032778616 98
1694427775863 64.63331378722414 99
1694427775926 146.0993152088921 100
1694427775992 171.50278220203344 101
1694427776058 426.1817877189356 102
1694427776121 141.32856537298113 103
1694427776185 108.2245488417632 104
1694427776249 187.14622910813858 105
1694427776319 121.36162027176093 106
1694427776382 124.95147360003071 107
1694427776448 146.91939188864734 108
1694427776512 241.23056199153956 109
1694427776577 68.68658085871442 110
1694427776640 247.5957566786521 111
1694427776705 91.79278723708757 112
1694427776770 144.6183624613462 113
1694427776834 93.4324096058768 114
1694427776904 243.2011072933175 115
1694427776969 125.78683090507889 116
1694427777034 312.58025912530235 117
1694427777097 191.1458531401659 118
1694427777161 50.83606096078484 119
1694427777226 147.2490485286741 120
1694427777294 17.303055303171767 121
1694427777358 137.48648622182247 122
1694427777423 156.8444448380832 123
1694427777488 354.0264584491102 124
1694427777551 262.294691993397 125
1694427777613 102.67284364845311 126
1694427777678 107.37396417843873 127
1694427777743 157.3002518932537 128
1694427777807 173.47593598053663 129
1694427777870 188.5383819550036 130
1694427777933 211.06423606941866 131
1694427777998 115.73076939241864 132
1694427778063 69.33825642921245 133
1694427778130 215.82206506182885 134
1694427778195 161.80618883365568 135
1694427778260 108.37144502466366 136
1694427778323 186.32186323337964 137
1694427778388 194.93089362768117 138
1694427778451 151.69035547941152 139
1694427778517 181.8532769566536 140
1694427778583 143.10952891982174 141
1694427778650 150.2136000746043 142
1694427778714 155.725566028734 143
1694427778780 135.17363309488084 144
1694427778844 234.87014064726063 145
1694427778907 32.97286530744636 146
1694427778980 107.47875073901504 147
1694427779048 130.2162433316751 148
1694427779112 340.0469128927056 149
1694427779176 343.43137167196886 150
1694427779240 122.73772232782557 151
1694427779303 227.34846181582247 152
1694427779366 113.71695137913872 153
1694427779431 172.39280336033303 154
1694427779496 45.47050373993062 155
1694427779560 438.3711901706161 156
1694427779625 204.90164192366476 157
1694427779688 460.92136182771793 158
1694427779752 187.2789238522807 159
1694427779820 217.54734348882317 160
1694427779885 130.71644557912856 161
1694427779949 57.10314405028825 162
1694427780013 131.8013356564565 163
1694427780096 107.83822582710448 164
1694427780165 191.40097469735244 165
1694427780232 148.29752363711253 166
1694427780295 173.4896000295297 167
1694427780359 145.49628048176444 168
1694427780426 264.5090424063759 169
1694427780490 160.95139131854083 170
1694427780554 92.50853981412706 171
1694427780618 204.71294107639577 172
1694427780691 238.8082470393254 173
1694427780755 144.49802131636324 174
1694427780820 72.69564902277845 175
1694427780884 240.59342797565378 176
1694427780947 192.9493024817005 177
1694427781015 228.84221204000792 178
1694427781080 344.4994996624577 179
1694427781143 194.3585346295344 180
1694427781207 162.7463479066245 181
1694427781272 127.93159996574211 182
1694427781335 187.89999247361376 183
1694427781400 146.41608100315543 184
1694427781463 151.97435796007 185
1694427781531 73.10518789205967 186
1694427781595 224.0668058090553 187
1694427781659 269.33588436547245 188
1694427781723 113.51436147135827 189
1694427781787 206.29070417208285 190
1694427781851 119.64347462033945 191
1694427781914 125.35131085396833 192
1694427781979 123.46357308959807 193
1694427782043 134.20070630979083 194
1694427782106 119.94509129759545 195
1694427782170 162.9492747545975 196
1694427782236 161.6015722927099 197
1694427782301 157.58986799679772 198
1694427782373 223.08727461998507 199
1694427782440 140.6469426436344 200
1694427782507 53.79950312823935 201
1694427782572 154.4082032686904 202
1694427782634 181.22702930743898 203
1694427782701 171.77254659318186 204
1694427782766 148.44416761950927 205
1694427782830 79.5324007668918 206
1694427782894 104.68348538628575 207
1694427782959 453.77025270664313 208
1694427783021 353.55429328699915 209
1694427783084 127.5872380187695 210
1694427783148 229.88620348527877 211
1694427783218 176.27717432328748 212
1694427783283 98.69345808694833 213
1694427783348 176.6946353670201 214
1694427783412 146.1569321642475 215
1694427783478 225.26196655463505 216
1694427783542 89.18009628244822 217
1694427783606 63.210909063810384 218
1694427783671 129.86067632356313 219
1694427783735 190.50962113227703 220
1694427783799 206.45336789451943 221
1694427783862 176.32674293524545 222
1694427783929 185.22696480913794 223
1694427783994 81.14697354768857 224
1694427784064 111.8811003956488 225
1694427784128 218.5299996566234 226
1694427784196 89.34180741555801 227
1694427784261 147.7652352213763 228
1694427784323 281.3553078157987 229
1694427784388 167.68433535644272 230
1694427784452 156.68295496678618 231
1694427784516 175.13783200952443 232
1694427784580 233.98619518117894 233
1694427784645 113.97996734669866 234
1694427784709 86.1123377713541 235
1694427784774 64.76526390442652 236
1694427784838 119.10729642173399 237
1694427784907 228.09064184773987 238
1694427784971 218.96568193974753 239
1694427785036 160.940057044689 240
1694427785101 230.96151837131055 241
1694427785164 149.36764606325286 242
1694427785228 190.88529739974675 243
1694427785292 230.62438576017624 244
1694427785356 473.20512943979327 245
1694427785420 133.2255037883578 246
1694427785484 147.2468172745777 247
1694427785547 123.31451507210784 248
1694427785612 158.81497907774448 249
1694427785675 146.46360316661767 250
1694427785746 127.63504758202919 251
1694427785810 254.98236187624693 252
1694427785874 156.95406024003395 253
1694427785938 400.7733725208011 254
1694427786002 87.6794418549745 255
1694427786066 88.63189060837115 256
1694427786131 249.56108416586017 257
1694427786197 159.2457949008044 258
1694427786261 152.05484646558102 259
1694427786326 200.67335421050416 260
1694427786390 142.57307308921872 261
1694427786455 111.85323782306962 262
1694427786518 43.049282653244056 263
1694427786584 88.5195356465447 264
1694427786649 18.220821993016294 265
1694427786713 177.3020459078509 266
1694427786777 595.5800330905156 267
1694427786841 135.4715328789499 268
1694427786903 205.4474551855199 269
1694427786966 194.64243119159866 270
1694427787032 245.49838114019946 271
1694427787095 172.04667135990815 272
1694427787158 338.7155062449998 273
1694427787222 59.498236656174555 274
1694427787286 176.79913324114014 275
1694427787351 134.200959000668 276
1694427787418 83.23967591341307 277
1694427787483 275.9862728761437 278
1694427787545 130.39153163069102 279
1694427787609 176.0786497364989 280
1694427787674 194.1095121811145 281
1694427787738 335.6656297365301 282
1694427787804 157.95604632341744 283
1694427787869 31.56852694121292 284
1694427787933 144.48331763013425 285
1694427787996 174.39821222514354 286
1694427788058 358.2819771882719 287
1694427788122 82.61404935741723 288
1694427788186 112.54172485199096 289
1694427788253 294.88261446169236 290
1694427788320 162.65526741858886 291
1694427788387 240.51141597447847 292
1694427788451 216.37195394228323 293
1694427788514 122.5227935778279 294
1694427788580 550.2894771136837 295
1694427788644 136.36192014379407 296
1694427788709 245.24851508695627 297
1694427788774 175.91122583911053 298
1694427788838 77.03224806129937 299
1694427788902 281.5714736101917 300
1694427788966 159.73147510244843 301
1694427789035 139.8793919934467 302
1694427789099 90.59338783645117 303
1694427789171 150.48939254278906 304
1694427789235 155.27502113894985 305
1694427789299 251.47024803717278 306
1694427789362 249.27342992718744 307
1694427789426 160.79784603017444 308
1694427789490 79.77492598922828 309
1694427789554 202.8644159858588 310
1694427789619 173.7534315856878 311
1694427789682 124.79531163024674 312
1694427789746 183.47711859864833 313
1694427789810 129.54213241242184 314
1694427789877 104.61755755083935 315
1694427789949 279.608817753024 316
1694427790014 145.55114721061625 317
1694427790078 77.01955635774206 318
1694427790141 218.28364544490492 319
1694427790205 230.94585042765638 320
1694427790270 154.19132877977535 321
1694427790353 182.53507288361564 322
1694427790432 136.46848059393704 323
1694427790497 234.13973956296508 324
1694427790561 191.92874654530536 325
1694427790624 120.52054653886645 326
1694427790689 273.15705793802545 327
1694427790753 134.34182080270065 328
1694427790819 527.0631544205015 329
1694427790884 248.4560582444029 330
1694427790947 240.38137801051192 331
1694427791010 166.1558881304124 332
1694427791074 136.5727848833331 333
1694427791139 182.22813299759028 334
1694427791203 177.28815154291766 335
1694427791267 148.20239340613224 336
1694427791335 238.59792867846687 337
1694427791403 132.66510513103282 338
1694427791469 304.3916944193571 339
1694427791533 170.821057089163 340
1694427791597 180.5839331757054 341
1694427791662 211.3834444338419 342
1694427791727 132.23857275499185 343
1694427791791 192.38446096327104 344
1694427791856 107.29328690001552 345
1694427791921 233.98086948860643 346
1694427791986 206.31408133134937 347
1694427792050 119.69219357998277 348
1694427792114 134.49934527114257 349
1694427792178 14.270566812848575 350
1694427792243 114.46528373923235 351
1694427792308 265.87595283437975 352
1694427792372 100.73897725506744 353
1694427792436 40.88589056993512 354
1694427792509 285.3686078638995 355
1694427792574 103.87076745667235 356
1694427792638 96.55585796661447 357
1694427792703 135.8884885823006 358
1694427792769 142.73762110300925 359
1694427792833 138.75190561116167 360
1694427792896 190.33369305102568 361
1694427792961 191.28620010201885 362
1694427793024 237.41772565673799 363
1694427793089 289.33685932279644 364
1694427793153 250.0244232228104 365
1694427793220 156.3187327935271 366
1694427793285 62.94804402807325 367
1694427793354 735.1512591641051 368
1694427793423 155.91467570395545 369
1694427793491 111.92671465755389 370
1694427793555 152.81918491283378 371
1694427793619 250.68997843073072 372
1694427793685 126.07286656247325 373
1694427793749 174.5876202588786 374
1694427793813 138.06624931455292 375
1694427793877 74.98574830119884 376
1694427793942 245.5237431168265 377
1694427794005 103.09294915829265 378
1694427794069 190.29912400763533 379
1694427794133 223.97986683219924 380
1694427794202 328.8442575704461 381
1694427794266 79.67359955348302 382
1694427794330 213.2061049131351 383
1694427794396 97.65992338185649 384
1694427794461 132.43529055870425 385
1694427794525 186.56921850385524 386
1694427794589 220.88926205673462 387
1694427794653 129.28879261971014 388
1694427794718 196.5228754290527 389
1694427794781 214.33291283900985 390
1694427794845 224.53589533010756 391
1694427794910 190.58341833311127 392
1694427794974 198.65082261517998 393
1694427795043 101.61182489057335 394
1694427795107 104.68306762287749 395
1694427795172 286.67907312837804 396
1694427795235 294.81868855617375 397
1694427795299 48.16677631869447 398
1694427795363 91.68733059028992 399
1694427795430 201.3830811473814 400
1694427795495 280.9758224009564 401
1694427795559 92.20382741656464 402
1694427795622 53.51349492043755 403
1694427795686 140.61258221234462 404
1694427795751 108.21453038878431 405
1694427795814 217.32707314415538 406
1694427795881 135.17413131482976 407
1694427795949 91.64584559717723 408
1694427796014 133.303677158636 409
1694427796078 431.2768330246434 410
1694427796142 155.69424116649475 411
1694427796208 93.47302721965076 412
1694427796273 64.61793791531205 413
1694427796338 149.55869986623202 414
1694427796403 156.99264731490243 415
1694427796467 196.4682443061824 416
1694427796531 195.93365204064537 417
1694427796595 62.961546849029745 418
1694427796661 253.05176435535105 419
1694427796727 116.59061510121802 420
1694427796793 190.30246433969475 421
1694427796858 117.71174553553396 422
1694427796921 264.25318109645843 423
1694427796986 123.92894164005685 424
1694427797050 46.59224802958605 425
1694427797113 130.81315079114415 426
1694427797177 100.06774926729749 427
1694427797244 156.36967475978827 428
1694427797308 63.66593251811833 429
1694427797372 151.87303472598953 430
1694427797436 167.68014051734298 431
1694427797499 211.2085233185735 432
1694427797567 79.12912432498932 433
1694427797633 138.58886012769517 434
1694427797698 219.64248366764193 435
1694427797763 140.37683636422355 436
1694427797843 102.21023978571068 437
1694427797907 139.9543117622164 438
1694427797971 72.91150469763866 439
1694427798035 166.62951570810847 440
1694427798099 164.63956703431464 441
1694427798163 24.92231743006604 442
1694427798230 150.0566131309298 443
1694427798294 255.5067399346894 444
1694427798358 179.0465451958404 445
1694427798424 189.30463021919508 446
1694427798490 130.14898616419046 447
1694427798555 107.94048870397842 448
1694427798618 215.35937918663325 449
1694427798683 352.57688214904545 450
1694427798748 156.2701561536295 451
1694427798813 156.434439595138 452
1694427798878 190.57526776194354 453
1694427798940 77.58948894153629 454
1694427799006 96.35920835942252 455
1694427799070 219.78803378632887 456
1694427799133 197.35532813807967 457
1694427799197 150.2880045716198 458
1694427799264 487.12307104812754 459
1694427799329 225.63947354903968 460
1694427799394 148.56896500935358 461
1694427799458 80.1857949585628 462
1694427799522 199.2301067439911 463
1694427799586 230.4331860233662 464
1694427799650 193.9628533057025 465
1694427799713 43.03877001998587 466
1694427799778 353.67784742618903 467
1694427799841 232.36008545812678 468
1694427799905 308.278067631286 469
1694427799968 201.18266569009853 470
1694427800033 118.9256557868573 471
1694427800097 118.02051990744525 472
1694427800167 132.57050743127863 473
1694427800232 130.89269863647849 474
1694427800297 244.3336163475373 475
1694427800362 138.38739740301702 476
1694427800427 211.04874310064625 477
1694427800492 110.67369335778932 478
1694427800556 333.9099046311695 479
1694427800620 192.76146713211912 480
1694427800684 119.04676824540844 481
1694427800747 56.8318338076391 482
1694427800811 81.3665035590742 483
1694427800873 108.3612931922551 484
1694427800938 141.22705940961785 485
1694427801015 186.12894090817156 486
1694427801082 182.85576249013351 487
1694427801146 155.19844918257107 488
1694427801212 189.31901050147872 489
1694427801276 141.43948761369654 490
1694427801339 153.5509234918709 491
1694427801403 147.92744316018238 492
1694427801467 315.9783512655145 493
1694427801531 246.5071288165391 494
1694427801595 86.71917918905349 495
1694427801660 382.858423622386 496
1694427801724 214.8119164028669 497
1694427801788 663.170173914141 498
1694427801856 120.16058045648903 499
