1694427534541 169.03908926289097 0
1694427534557 168.97487956812031 1
1694427534571 168.93005190283355 2
1694427534587 168.88922115739402 3
1694427534603 168.85213671739916 4
1694427534617 168.81840870636094 5
1694427534632 168.78769270496002 6
1694427534647 168.7596821802366 7
1694427534662 168.73410418448034 8
1694427534677 168.7107155213629 9
1694427534693 168.6892993598447 10
1694427534713 168.66966224248608 11
1694427534729 168.65163144167545 12
1694427534744 168.6350526227928 13
1694427534759 168.61978777818544 14
1694427534774 168.60571340011433 15
1694427534790 168.59271886460056 16
1694427534806 168.58070500142534 17
1694427534823 168.56958282846466 18
1694427534838 168.55927243112075 19
1694427534854 168.54970196988526 20
1694427534868 168.54080680107427 21
1694427534883 168.53252869753936 22
1694427534899 168.52481515771674 23
1694427534915 168.51761879274716 24
1694427534930 168.51089678260877 25
1694427534945 168.50461039327027 26
1694427534959 168.49872454781183 27
1694427534975 168.49320744528865 28
1694427534991 168.4880302218421 29
1694427535006 168.48316664920878 30
1694427535023 168.47859286634218 31
1694427535038 168.47428714036607 32
1694427535053 168.47022965351687 33
1694427535070 168.46640231312372 34
1694427535086 168.46278858201768 35
1694427535104 168.4593733270638 36
1694427535120 168.45614268377912 37
1694427535137 168.4530839352327 38
1694427535154 168.4501854036347 39
1694427535173 168.44743635320336 40
1694427535188 168.4448269030618 41
1694427535204 168.4423479490598 42
1694427535220 168.43999109354147 43
1694427535235 168.43774858219206 44
1694427535250 168.435613247196 45
1694427535265 168.4335784560244 46
1694427535280 168.43163806524834 47
1694427535296 168.4297863788418 48
1694427535311 168.42801811049873 49
1694427535326 168.4263283495412 50
1694427535341 168.42471253004342 51
1694427535356 168.42316640283795 52
1694427535371 168.42168601010718 53
1694427535386 168.4202676622956 54
1694427535402 168.41890791710776 55
1694427535417 168.41760356038196 56
1694427535432 168.41635158865319 57
1694427535448 168.41514919323797 58
1694427535464 168.41399374569235 59
1694427535481 168.4128827845097 60
1694427535498 168.41181400293988 61
1694427535513 168.41078523782232 62
1694427535529 168.40979445933837 63
1694427535543 168.4088397615969 64
1694427535558 168.40791935397664 65
1694427535574 168.407031553156 66
1694427535589 168.406174775769 67
1694427535605 168.4053475316307 68
1694427535620 168.40454841748289 69
1694427535634 168.40377611121374 70
1694427535649 168.40302936651156 71
1694427535664 168.4023070079149 72
1694427535679 168.4016079262263 73
1694427535694 168.40093107425903 74
1694427535712 168.40027546288957 75
1694427535730 168.39964015739127 76
1694427535745 168.39902427402598 77
1694427535760 168.3984269768738 78
1694427535775 168.3978474748822 79
1694427535791 168.39728501911682 80
1694427535807 168.39673890019952 81
1694427535823 168.39620844591855 82
1694427535837 168.3956930189983 83
1694427535853 168.395192015017 84
1694427535868 168.39470486046105 85
1694427535883 168.39423101090625 86
1694427535899 168.39376994931698 87
1694427535914 168.39332118445424 88
1694427535929 168.39288424938587 89
1694427535945 168.39245870009108 90
1694427535960 168.39204411415253 91
1694427535975 168.39164008953082 92
1694427535990 168.39124624341503 93
1694427536006 168.39086221114437 94
1694427536020 168.39048764519634 95
1694427536035 168.3901222142366 96
1694427536050 168.3897656022268 97
1694427536065 168.3894175075864 98
1694427536080 168.38907764240497 99
1694427536096 168.3887457317021 100
1694427536112 168.38842151273053 101
1694427536126 168.38810473432196 102
1694427536142 168.38779515627027 103
1694427536158 168.38749254875205 104
1694427536172 168.3871966917805 105
1694427536188 168.38690737469142 106
1694427536203 168.38662439565897 107
1694427536219 168.38634756123972 108
1694427536234 168.38607668594238 109
1694427536250 168.38581159182297 110
1694427536264 168.38555210810253 111
1694427536279 168.385298070807 112
1694427536294 168.38504932242708 113
1694427536310 168.38480571159778 114
1694427536325 168.3845670927957 115
1694427536341 168.3843333260532 116
1694427536355 168.3841042766888 117
1694427536370 168.3838798150522 118
1694427536385 168.3836598162838 119
1694427536401 168.3834441600871 120
1694427536417 168.3832327305137 121
1694427536431 168.38302541576033 122
1694427536447 168.38282210797632 123
1694427536462 168.38262270308212 124
1694427536478 168.3824271005972 125
1694427536493 168.38223520347725 126
1694427536509 168.38204691796025 127
1694427536523 168.38186215342049 128
1694427536539 168.38168082223046 129
1694427536554 168.38150283962997 130
1694427536569 168.38132812360206 131
1694427536584 168.38115659475545 132
1694427536600 168.3809881762132 133
1694427536617 168.3808227935067 134
1694427536633 168.38066037447558 135
1694427536648 168.38050084917248 136
1694427536663 168.38034414977247 137
1694427536678 168.38019021048754 138
1694427536693 168.38003896748486 139
1694427536709 168.3798903588094 140
1694427536724 168.37974432431014 141
1694427536740 168.37960080557028 142
1694427536755 168.3794597458405 143
1694427536770 168.37932108997566 144
1694427536786 168.37918478437433 145
1694427536801 168.37905077692156 146
1694427536817 168.378919016934 147
1694427536833 168.37878945510792 148
1694427536848 168.3786620434693 149
1694427536863 168.37853673532678 150
1694427536878 168.37841348522608 151
1694427536893 168.37829224890717 152
1694427536910 168.3781729832628 153
1694427536925 168.37805564629954 154
1694427536938 168.37794019709983 155
1694427536953 168.3778265957862 156
1694427536970 168.37771480348704 157
1694427536985 168.37760478230365 158
1694427537000 168.37749649527868 159
1694427537016 168.37738990636632 160
1694427537031 168.37728498040318 161
1694427537048 168.3771816830808 162
1694427537062 168.3770799809193 163
1694427537076 168.37697984124165 164
1694427537091 168.3768812321497 165
1694427537107 168.3767841225005 166
1694427537122 168.37668848188412 167
1694427537138 168.37659428060175 168
1694427537152 168.37650148964545 169
1694427537167 168.3764100806777 170
1694427537182 168.37632002601268 171
1694427537196 168.37623129859762 172
1694427537213 168.3761438719952 173
1694427537229 168.3760577203662 174
1694427537245 168.37597281845342 175
1694427537260 168.37588914156552 176
1694427537276 168.3758066655619 177
1694427537291 168.3757253668378 178
1694427537307 168.37564522231037 179
1694427537322 168.3755662094045 180
1694427537337 168.37548830603993 181
1694427537352 168.3754114906183 182
1694427537367 168.37533574201075 183
1694427537382 168.375261039546 184
1694427537397 168.37518736299867 185
1694427537412 168.37511469257836 186
1694427537428 168.37504300891842 187
1694427537444 168.37497229306587 188
1694427537459 168.37490252647078 189
1694427537475 168.37483369097697 190
1694427537490 168.37476576881195 191
1694427537506 168.37469874257812 192
1694427537522 168.37463259524347 193
1694427537537 168.37456731013302 194
1694427537552 168.37450287092045 195
1694427537567 168.37443926161978 196
1694427537583 168.37437646657747 197
1694427537598 168.3743144704647 198
1694427537615 168.37425325826993 199
1694427537632 168.37419281529148 200
1694427537647 168.37413312713045 201
1694427537663 168.37407417968402 202
1694427537679 168.3740159591386 203
1694427537694 168.37395845196312 204
1694427537710 168.37390164490319 205
1694427537725 168.37384552497443 206
1694427537741 168.3737900794568 207
1694427537757 168.3737352958884 208
1694427537773 168.37368116206022 209
1694427537788 168.3736276660102 210
1694427537804 168.37357479601803 211
1694427537820 168.37352254059985 212
1694427537835 168.37347088850302 213
1694427537851 168.37341982870126 214
1694427537866 168.3733693503895 215
1694427537880 168.37331944297964 216
1694427537895 168.37327009609518 217
1694427537911 168.37322129956738 218
1694427537927 168.3731730434304 219
1694427537942 168.37312531791716 220
1694427537957 168.373078113455 221
1694427537974 168.3730314206618 222
1694427537989 168.3729852303417 223
1694427538004 168.37293953348143 224
1694427538020 168.37289432124615 225
1694427538035 168.37284958497622 226
1694427538051 168.37280531618302 227
1694427538066 168.3727615065456 228
1694427538081 168.37271814790725 229
1694427538097 168.37267523227217 230
1694427538112 168.37263275180183 231
1694427538127 168.37259069881196 232
1694427538142 168.37254906576936 233
1694427538158 168.37250784528868 234
1694427538173 168.37246703012949 235
1694427538188 168.3724266131932 236
1694427538203 168.3723865875202 237
1694427538219 168.3723469462871 238
1694427538235 168.3723076828038 239
1694427538250 168.37226879051096 240
1694427538265 168.37223026297704 241
1694427538280 168.37219209389605 242
1694427538295 168.37215427708472 243
1694427538311 168.3721168064802 244
1694427538327 168.37207967613747 245
1694427538342 168.37204288022713 246
1694427538358 168.37200641303286 247
1694427538373 168.37197026894927 248
1694427538389 168.37193444247967 249
1694427538404 168.37189892823383 250
1694427538419 168.37186372092577 251
1694427538436 168.37182881537197 252
1694427538451 168.37179420648874 253
1694427538466 168.37175988929087 254
1694427538481 168.3717258588892 255
1694427538497 168.37169211048894 256
1694427538512 168.3716586393875 257
1694427538529 168.37162544097313 258
1694427538544 168.37159251072254 259
1694427538560 168.37155984419954 260
1694427538575 168.37152743705312 261
1694427538590 168.37149528501587 262
1694427538605 168.37146338390215 263
1694427538621 168.3714317296066 264
1694427538637 168.37140031810247 265
1694427538653 168.37136914544024 266
1694427538668 168.37133820774565 267
1694427538684 168.3713075012188 268
1694427538699 168.37127702213212 269
1694427538715 168.3712467668293 270
1694427538731 168.37121673172376 271
1694427538746 168.37118691329724 272
1694427538761 168.37115730809847 273
1694427538776 168.3711279127419 274
1694427538791 168.3710987239063 275
1694427538806 168.37106973833355 276
1694427538821 168.37104095282746 277
1694427538837 168.37101236425235 278
1694427538852 168.37098396953206 279
1694427538867 168.37095576564866 280
1694427538883 168.37092774964142 281
1694427538899 168.3708999186055 282
1694427538915 168.37087226969095 283
1694427538931 168.37084480010176 284
1694427538946 168.37081750709456 285
1694427538962 168.3707903879777 286
1694427538977 168.37076344011027 287
1694427538992 168.370736660901 288
1694427539008 168.37071004780745 289
1694427539023 168.37068359833492 290
1694427539038 168.37065731003537 291
1694427539054 168.37063118050696 292
1694427539069 168.37060520739266 293
1694427539084 168.37057938837964 294
1694427539099 168.37055372119832 295
1694427539114 168.37052820362163 296
1694427539130 168.37050283346395 297
1694427539145 168.37047760858053 298
1694427539160 168.3704525268665 299
1694427539175 168.37042758625637 300
1694427539190 168.37040278472293 301
1694427539206 168.37037812027663 302
1694427539221 168.370353590965 303
1694427539236 168.37032919487172 304
1694427539252 168.3703049301159 305
1694427539267 168.37028079485168 306
1694427539282 168.37025678726718 307
1694427539298 168.37023290558403 308
1694427539313 168.37020914805666 309
1694427539328 168.37018551297186 310
1694427539343 168.37016199864772 311
1694427539359 168.3701386034335 312
1694427539374 168.37011532570867 313
1694427539389 168.37009216388245 314
1694427539404 168.37006911639338 315
1694427539419 168.37004618170843 316
1694427539435 168.37002335832273 317
1694427539450 168.3700006447589 318
1694427539465 168.36997803956652 319
1694427539482 168.36995554132164 320
1694427539498 168.3699331486262 321
1694427539513 168.36991086010755 322
1694427539528 168.36988867441815 323
1694427539543 168.36986659023475 324
1694427539558 168.36984460625817 325
1694427539573 168.36982272121259 326
1694427539588 168.3698009338455 327
1694427539603 168.36977924292685 328
1694427539619 168.36975764724883 329
1694427539635 168.3697361456253 330
1694427539650 168.36971473689155 331
1694427539666 168.3696934199037 332
1694427539681 168.36967219353846 333
1694427539696 168.36965105669262 334
1694427539710 168.36963000828266 335
1694427539726 168.36960904724452 336
1694427539741 168.36958817253299 337
1694427539756 168.36956738312153 338
1694427539771 168.36954667800185 339
1694427539787 168.36952605618362 340
1694427539802 168.36950551669392 341
1694427539818 168.36948505857714 342
1694427539833 168.3694646808945 343
1694427539849 168.36944438272394 344
1694427539864 168.3694241631594 345
1694427539879 168.36940402131097 346
1694427539894 168.36938395630418 347
1694427539909 168.36936396727998 348
1694427539924 168.36934405339437 349
1694427539939 168.36932421381812 350
1694427539954 168.36930444773625 351
1694427539971 168.36928475434817 352
1694427539986 168.36926513286716 353
1694427540003 168.3692455825201 354
1694427540021 168.36922610254726 355
1694427540037 168.36920669220206 356
1694427540054 168.36918735075076 357
1694427540071 168.3691680774723 358
1694427540087 168.3691488716579 359
1694427540103 168.36912973261104 360
1694427540119 168.3691106596471 361
1694427540134 168.3690916520931 362
1694427540150 168.36907270928754 363
1694427540165 168.36905383058027 364
1694427540181 168.36903501533192 365
1694427540196 168.36901626291427 366
1694427540211 168.36899757270953 367
1694427540226 168.36897894411027 368
1694427540243 168.36896037651945 369
1694427540257 168.36894186934992 370
1694427540272 168.36892342202438 371
1694427540287 168.3689050339752 372
1694427540303 168.36888670464427 373
1694427540319 168.36886843348267 374
1694427540334 168.36885021995062 375
1694427540349 168.3688320635173 376
1694427540364 168.36881396366059 377
1694427540380 168.36879591986704 378
1694427540395 168.36877793163157 379
1694427540410 168.36875999845748 380
1694427540425 168.368742119856 381
1694427540441 168.36872429534657 382
1694427540457 168.3687065244563 383
1694427540472 168.36868880671992 384
1694427540488 168.3686711416798 385
1694427540503 168.36865352888566 386
1694427540519 168.36863596789442 387
1694427540535 168.36861845827016 388
1694427540550 168.36860099958392 389
1694427540566 168.36858359141354 390
1694427540581 168.3685662333436 391
1694427540597 168.3685489249653 392
1694427540612 168.36853166587625 393
1694427540628 168.36851445568044 394
1694427540645 168.368497293988 395
1694427540663 168.3684801804154 396
1694427540678 168.36846311458473 397
1694427540693 168.36844609612427 398
1694427540708 168.36842912466804 399
1694427540723 168.3684121998555 400
1694427540738 168.3683953213319 401
1694427540754 168.36837848874785 402
1694427540770 168.36836170175928 403
1694427540784 168.36834496002749 404
1694427540799 168.36832826321876 405
1694427540815 168.36831161100457 406
1694427540830 168.36829500306132 407
1694427540846 168.36827843907028 408
1694427540861 168.36826191871748 409
1694427540877 168.36824544169366 410
1694427540892 168.36822900769417 411
1694427540907 168.36821261641893 412
1694427540922 168.36819626757213 413
1694427540937 168.3681799608625 414
1694427540953 168.36816369600294 415
1694427540968 168.3681474727106 416
1694427540983 168.36813129070674 417
1694427540999 168.36811514971663 418
1694427541015 168.36809904946952 419
1694427541029 168.36808298969854 420
1694427541044 168.3680669701407 421
1694427541060 168.36805099053666 422
1694427541119 168.36803505063094 423
1694427541135 168.36801915017145 424
1694427541150 168.36800328890985 425
1694427541166 168.3679874666011 426
1694427541182 168.3679716830038 427
1694427541198 168.36795593787969 428
1694427541213 168.367940230994 429
1694427541228 168.367924562115 430
1694427541243 168.36790893101434 431
1694427541259 168.36789333746665 432
1694427541275 168.3678777812497 433
1694427541290 168.36786226214423 434
1694427541305 168.36784677993387 435
1694427541320 168.3678313344054 436
1694427541335 168.36781592534805 437
1694427541350 168.36780055255426 438
1694427541366 168.36778521581894 439
1694427541381 168.36776991493977 440
1694427541397 168.3677546497171 441
1694427541411 168.36773941995392 442
1694427541427 168.36772422545573 443
1694427541444 168.36770906603041 444
1694427541459 168.36769394148854 445
1694427541474 168.36767885164303 446
1694427541488 168.36766379630905 447
1694427541505 168.36764877530422 448
1694427541520 168.3676337884485 449
1694427541535 168.36761883556395 450
1694427541550 168.3676039164749 451
1694427541566 168.367589031008 452
1694427541581 168.3675741789918 453
1694427541596 168.36755936025702 454
1694427541611 168.36754457463658 455
1694427541627 168.3675298219652 456
1694427541643 168.3675151020798 457
1694427541658 168.3675004148191 458
1694427541674 168.36748576002375 459
1694427541689 168.36747113753637 460
1694427541703 168.36745654720136 461
1694427541718 168.36744198886495 462
1694427541733 168.36742746237522 463
1694427541749 168.36741296758183 464
1694427541765 168.3673985043364 465
1694427541781 168.3673840724921 466
1694427541797 168.3673696719038 467
1694427541813 168.3673553024279 468
1694427541828 168.36734096392263 469
1694427541843 168.36732665624766 470
1694427541860 168.36731237926418 471
1694427541876 168.36729813283495 472
1694427541890 168.36728391682428 473
1694427541905 168.3672697310979 474
1694427541920 168.367255575523 475
1694427541935 168.3672414499682 476
1694427541950 168.36722735430345 477
1694427541967 168.36721328840022 478
1694427541982 168.3671992521312 479
1694427541998 168.3671852453705 480
1694427542013 168.36717126799346 481
1694427542027 168.36715731987678 482
1694427542042 168.36714340089833 483
1694427542058 168.36712951093736 484
1694427542073 168.36711564987417 485
1694427542088 168.36710181759042 486
1694427542104 168.36708801396884 487
1694427542119 168.36707423889337 488
1694427542135 168.36706049224904 489
1694427542152 168.36704677392214 490
1694427542167 168.3670330837999 491
1694427542182 168.3670194217707 492
1694427542198 168.36700578772405 493
1694427542213 168.36699218155036 494
1694427542228 168.36697860314123 495
1694427542243 168.36696505238922 496
1694427542259 168.36695152918784 497
1694427542274 168.36693803343164 498
1694427542292 168.36692456501612 499
