1694428406079 170.20703061276814 0
1694428406096 170.18759630592805 1
1694428406114 170.1684141348305 2
1694428406132 170.1494806619586 3
1694428406149 170.13079249773136 4
1694428406165 170.11234629982764 5
1694428406181 170.094138772519 6
1694428406198 170.07616666601294 7
1694428406216 170.05842677580466 8
1694428406233 170.04091594203857 9
1694428406249 170.02363104887863 10
1694428406264 170.00656902388732 11
1694428406280 169.98972683741434 12
1694428406296 169.97310150199286 13
1694428406312 169.95669007174502 14
1694428406328 169.940489641796 15
1694428406344 169.9244973476957 16
1694428406359 169.90871036484924 17
1694428406376 169.8931259079554 18
1694428406392 169.87774123045287 19
1694428406409 169.8625536239745 20
1694428406424 169.84756041780918 21
1694428406439 169.83275897837154 22
1694428406454 169.818146708679 23
1694428406470 169.80372104783618 24
1694428406486 169.7894794705269 25
1694428406502 169.77541948651316 26
1694428406519 169.7615386401412 27
1694428406535 169.74783450985467 28
1694428406550 169.7343047077148 29
1694428406566 169.7209468789271 30
1694428406582 169.70775870137496 31
1694428406597 169.6947378851598 32
1694428406613 169.68188217214797 33
1694428406629 169.66918933552347 34
1694428406646 169.65665717934772 35
1694428406661 169.64428353812505 36
1694428406676 169.63206627637484 37
1694428406692 169.62000328820906 38
1694428406709 169.60809249691644 39
1694428406726 169.59633185455206 40
1694428406743 169.58471934153323 41
1694428406760 169.5732529662406 42
1694428406778 169.5619307646251 43
1694428406795 169.55075079982072 44
1694428406811 169.5397111617624 45
1694428406829 169.5288099668094 46
1694428406845 169.51804535737438 47
1694428406863 169.50741550155712 48
1694428406882 169.49691859278383 49
1694428406898 169.48655284945164 50
1694428406916 169.4763165145778 51
1694428406934 169.46620785545406 52
1694428406953 169.4562251633059 53
1694428406972 169.4463667529566 54
1694428406990 169.43663096249608 55
1694428407006 169.42701615295422 56
1694428407024 169.41752070797932 57
1694428407041 169.40814303352045 58
1694428407056 169.39888155751458 59
1694428407074 169.38973472957863 60
1694428407092 169.38070102070495 61
1694428407112 169.37177892296168 62
1694428407129 169.36296694919747 63
1694428407145 169.35426363275 64
1694428407161 169.3456675271587 65
1694428407178 169.33717720588174 66
1694428407193 169.328791262017 67
1694428407210 169.32050830802652 68
1694428407227 169.31232697546568 69
1694428407242 169.30424591471544 70
1694428407257 169.2962637947187 71
1694428407273 169.2883793027204 72
1694428407289 169.2805911440113 73
1694428407305 169.2728980416754 74
1694428407321 169.26529873634055 75
1694428407338 169.25779198593327 76
1694428407354 169.25037656543643 77
1694428407371 169.24305126665067 78
1694428407386 169.23581489795922 79
1694428407402 169.22866628409574 80
1694428407419 169.2216042659157 81
1694428407439 169.214627700171 82
1694428407454 169.20773545928773 83
1694428407470 169.2009264311469 84
1694428407485 169.19419951886852 85
1694428407501 169.18755364059854 86
1694428407517 169.18098772929898 87
1694428407534 169.1745007325408 88
1694428407549 169.16809161229997 89
1694428407565 169.16175934475606 90
1694428407581 169.15550292009416 91
1694428407596 169.14932134230904 92
1694428407611 169.14321362901254 93
1694428407627 169.13717881124336 94
1694428407643 169.13121593327975 95
1694428407659 169.1253240524548 96
1694428407674 169.11950223897418 97
1694428407689 169.11374957573662 98
1694428407705 169.10806515815693 99
1694428407721 169.10244809399134 100
1694428407738 169.0968975031655 101
1694428407756 169.09141251760488 102
1694428407771 169.08599228106732 103
1694428407789 169.08063594897837 104
1694428407805 169.07534268826853 105
1694428407822 169.0701116772131 106
1694428407838 169.06494210527404 107
1694428407853 169.05983317294422 108
1694428407869 169.05478409159392 109
1694428407884 169.04979408331926 110
1694428407899 169.04486238079292 111
1694428407915 169.03998822711708 112
1694428407931 169.03517087567806 113
1694428407948 169.03040959000344 114
1694428407963 169.02570364362103 115
1694428407978 169.02105231991965 116
1694428407994 169.016454912012 117
1694428408010 169.01191072259965 118
1694428408027 169.0074190638397 119
1694428408042 169.00297925721318 120
1694428408058 168.9985906333959 121
1694428408075 168.99425253213022 122
1694428408091 168.98996430209962 123
1694428408107 168.98572530080426 124
1694428408123 168.98153489443848 125
1694428408139 168.97739245777043 126
1694428408154 168.97329737402274 127
1694428408171 168.96924903475562 128
1694428408186 168.96524683975068 129
1694428408201 168.96129019689732 130
1694428408216 168.95737852208012 131
1694428408233 168.95351123906798 132
1694428408249 168.9496877794048 133
1694428408264 168.94590758230203 134
1694428408280 168.94217009453183 135
1694428408297 168.938474770323 136
1694428408312 168.93482107125715 137
1694428408328 168.93120846616725 138
1694428408344 168.92763643103694 139
1694428408360 168.92410444890197 140
1694428408375 168.92061200975206 141
1694428408391 168.91715861043514 142
1694428408406 168.9137437545623 143
1694428408422 168.91036695241414 144
1694428408438 168.90702772084876 145
1694428408453 168.9037255832108 146
1694428408468 168.9004600692416 147
1694428408483 168.8972307149911 148
1694428408500 168.89403706273038 149
1694428408516 168.890878660866 150
1694428408534 168.88775506385505 151
1694428408552 168.8846658321219 152
1694428408570 168.8816105319754 153
1694428408586 168.87858873552827 154
1694428408602 168.87560002061642 155
1694428408618 168.87264397072053 156
1694428408635 168.86972017488773 157
1694428408650 168.8668282276554 158
1694428408667 168.8639677289749 159
1694428408682 168.8611382841374 160
1694428408698 168.8583395037003 161
1694428408713 168.8555710034144 162
1694428408728 168.85283240415254 163
1694428408746 168.8501233318393 164
1694428408763 168.84744341738119 165
1694428408778 168.84479229659814 166
1694428408795 168.84216961015602 167
1694428408811 168.8395750034999 168
1694428408827 168.8370081267884 169
1694428408845 168.83446863482885 170
1694428408861 168.83195618701345 171
1694428408876 168.8294704472563 172
1694428408892 168.82701108393107 173
1694428408907 168.82457776981016 174
1694428408922 168.8221701820039 175
1694428408938 168.81978800190126 176
1694428408955 168.8174309151112 177
1694428408971 168.81509861140447 178
1694428408986 168.81279078465684 179
1694428409002 168.8105071327927 180
1694428409019 168.80824735772958 181
1694428409034 168.8060111653234 182
1694428409051 168.80379826531455 183
1694428409066 168.80160837127474 184
1694428409081 168.79944120055444 185
1694428409096 168.79729647423122 186
1694428409112 168.7951739170588 187
1694428409129 168.7930732574166 188
1694428409144 168.7909942272603 189
1694428409160 168.78893656207302 190
1694428409177 168.78690000081676 191
1694428409193 168.78488428588528 192
1694428409208 168.78288916305695 193
1694428409224 168.78091438144864 194
1694428409239 168.77895969347006 195
1694428409257 168.77702485477897 196
1694428409274 168.77510962423665 197
1694428409291 168.77321376386445 198
1694428409306 168.77133703880048 199
1694428409322 168.7694792172572 200
1694428409339 168.76764007047962 201
1694428409355 168.7658193727038 202
1694428409371 168.76401690111632 203
1694428409387 168.76223243581396 204
1694428409402 168.76046575976412 205
1694428409417 168.75871665876574 206
1694428409433 168.75698492141092 207
1694428409448 168.75527033904677 208
1694428409464 168.7535727057381 209
1694428409479 168.75189181823032 210
1694428409495 168.75022747591322 211
1694428409511 168.74857948078488 212
1694428409527 168.74694763741638 213
1694428409543 168.74533175291688 214
1694428409559 168.7437316368991 215
1694428409575 168.74214710144543 216
1694428409590 168.7405779610744 217
1694428409606 168.7390240327078 218
1694428409621 168.73748513563783 219
1694428409638 168.7359610914954 220
1694428409654 168.7344517242181 221
1694428409670 168.73295686001916 222
1694428409685 168.73147632735666 223
1694428409700 168.73000995690307 224
1694428409716 168.72855758151533 225
1694428409732 168.72711903620555 226
1694428409748 168.7256941581116 227
1694428409764 168.72428278646845 228
1694428409781 168.72288476258 229
1694428409796 168.721499929791 230
1694428409812 168.72012813345978 231
1694428409827 168.71876922093062 232
1694428409843 168.7174230415075 233
1694428409859 168.71608944642728 234
1694428409875 168.71476828883394 235
1694428409890 168.71345942375277 236
1694428409905 168.71216270806502 237
1694428409921 168.71087800048298 238
1694428409938 168.70960516152545 239
1694428409955 168.70834405349314 240
1694428409971 168.707094540445 241
1694428409987 168.70585648817467 242
1694428410002 168.70462976418685 243
1694428410017 168.70341423767448 244
1694428410034 168.7022097794963 245
1694428410050 168.70101626215413 246
1694428410065 168.69983355977106 247
1694428410081 168.69866154806988 248
1694428410098 168.69750010435112 249
1694428410114 168.69634910747249 250
1694428410129 168.69520843782772 251
1694428410145 168.69407797732606 252
1694428410161 168.69295760937206 253
1694428410177 168.69184721884548 254
1694428410193 168.69074669208175 255
1694428410208 168.68965591685227 256
1694428410223 168.68857478234546 257
1694428410240 168.68750317914768 258
1694428410256 168.6864409992248 259
1694428410272 168.68538813590348 260
1694428410288 168.68434448385335 261
1694428410304 168.68330993906883 262
1694428410320 168.68228439885175 263
1694428410335 168.68126776179372 264
1694428410353 168.68025992775912 265
1694428410368 168.67926079786812 266
1694428410385 168.67827027447993 267
1694428410401 168.67728826117641 268
1694428410416 168.67631466274577 269
1694428410433 168.67534938516658 270
1694428410450 168.67439233559205 271
1694428410466 168.67344342233417 272
1694428410481 168.67250255484885 273
1694428410496 168.67156964372012 274
1694428410512 168.67064460064572 275
1694428410528 168.66972733842212 276
1694428410544 168.66881777092993 277
1694428410560 168.66791581311972 278
1694428410575 168.66702138099777 279
1694428410592 168.66613439161205 280
1694428410607 168.6652547630387 281
1694428410624 168.66438241436816 282
1694428410640 168.66351726569204 283
1694428410656 168.66265923808962 284
1694428410672 168.66180825361528 285
1694428410687 168.66096423528506 286
1694428410703 168.66012710706457 287
1694428410720 168.65929679385607 288
1694428410736 168.65847322148645 289
1694428410751 168.65765631669478 290
1694428410767 168.65684600712052 291
1694428410783 168.65604222129173 292
1694428410798 168.65524488861308 293
1694428410815 168.6544539393548 294
1694428410831 168.65366930464106 295
1694428410847 168.65289091643874 296
1694428410863 168.65211870754646 297
1694428410879 168.6513526115838 298
1694428410895 168.65059256298034 299
1694428410910 168.64983849696515 300
1694428410926 168.64909034955645 301
1694428410942 168.6483480575511 302
1694428410959 168.64761155851463 303
1694428410975 168.646880790771 304
1694428410991 168.64615569339287 305
1694428411007 168.6454362061918 306
1694428411022 168.64472226970852 307
1694428411039 168.6440138252035 308
1694428411055 168.64331081464772 309
1694428411071 168.6426131807131 310
1694428411087 168.6419208667638 311
1694428411103 168.64123381684678 312
1694428411119 168.64055197568325 313
1694428411136 168.63987528865985 314
1694428411153 168.63920370181992 315
1694428411169 168.63853716185517 316
1694428411185 168.63787561609695 317
1694428411200 168.63721901250838 318
1694428411216 168.6365672996758 319
1694428411232 168.63592042680102 320
1694428411248 168.63527834369307 321
1694428411264 168.63464100076067 322
1694428411280 168.63400834900412 323
1694428411297 168.63338034000802 324
1694428411313 168.63275692593348 325
1694428411329 168.63213805951085 326
1694428411346 168.63152369403227 327
1694428411361 168.63091378334454 328
1694428411377 168.63030828184185 329
1694428411393 168.62970714445893 330
1694428411409 168.62911032666386 331
1694428411425 168.6285177844515 332
1694428411440 168.62792947433653 333
1694428411457 168.6273453533468 334
1694428411474 168.62676537901686 335
1694428411490 168.62618950938136 336
1694428411505 168.6256177029687 337
1694428411521 168.6250499187947 338
1694428411537 168.62448611635637 339
1694428411554 168.6239262556258 340
1694428411569 168.62337029704403 341
1694428411586 168.622818201515 342
1694428411602 168.6222699304 343
1694428411618 168.62172544551126 344
1694428411634 168.62118470910679 345
1694428411650 168.6206476838843 346
1694428411666 168.62011433297582 347
1694428411682 168.61958461994212 348
1694428411698 168.61905850876724 349
1694428411713 168.61853596385313 350
1694428411729 168.61801695001435 351
1694428411744 168.61750143247295 352
1694428411760 168.61698937685307 353
1694428411776 168.6164807491761 354
1694428411792 168.6159755158555 355
1694428411808 168.61547364369184 356
1694428411824 168.6149750998681 357
1694428411840 168.61447985194457 358
1694428411856 168.61398786785432 359
1694428411872 168.61349911589832 360
1694428411887 168.61301356474098 361
1694428411902 168.61253118340548 362
1694428411918 168.61205194126924 363
1694428411934 168.61157580805948 364
1694428411949 168.6111027538489 365
1694428411965 168.6106327490513 366
1694428411980 168.61016576441722 367
1694428411996 168.60970177102982 368
1694428412011 168.6092407403008 369
1694428412027 168.60878264396598 370
1694428412042 168.60832745408172 371
1694428412058 168.6078751430203 372
1694428412074 168.60742568346663 373
1694428412089 168.6069790484139 374
1694428412105 168.60653521115987 375
1694428412121 168.6060941453032 376
1694428412137 168.60565582473944 377
1694428412153 168.60522022365754 378
1694428412169 168.60478731653626 379
1694428412184 168.60435707814034 380
1694428412200 168.60392948351713 381
1694428412217 168.603504507993 382
1694428412233 168.60308212717 383
1694428412250 168.60266231692236 384
1694428412266 168.60224505339298 385
1694428412281 168.60183031299044 386
1694428412297 168.6014180723855 387
1694428412312 168.60100830850794 388
1694428412327 168.60060099854311 389
1694428412343 168.60019611992936 390
1694428412359 168.59979365035434 391
1694428412375 168.5993935677522 392
1694428412391 168.5989958503006 393
1694428412407 168.5986004764176 394
1694428412422 168.5982074247588 395
1694428412438 168.59781667421436 396
1694428412454 168.59742820390616 397
1694428412470 168.59704199318497 398
1694428412486 168.59665802162763 399
1694428412502 168.5962762690344 400
1694428412517 168.59589671542594 401
1694428412532 168.5955193410411 402
1694428412548 168.59514412633374 403
1694428412564 168.59477105197047 404
1694428412580 168.5944000988279 405
1694428412595 168.5940312479902 406
1694428412611 168.59366448074647 407
1694428412627 168.59329977858832 408
1694428412643 168.5929371232074 409
1694428412659 168.59257649649297 410
1694428412675 168.5922178805295 411
1694428412691 168.59186125759433 412
1694428412706 168.59150661015534 413
1694428412722 168.5911539208687 414
1694428412739 168.59080317257647 415
1694428412755 168.59045434830443 416
1694428412770 168.59010743126 417
1694428412786 168.5897624048298 418
1694428412801 168.5894192525777 419
1694428412818 168.58907795824257 420
1694428412834 168.58873850573633 421
1694428412849 168.58840087914166 422
1694428412866 168.58806506271029 423
1694428412881 168.5877310408605 424
1694428412897 168.58739879817557 425
1694428412912 168.58706831940162 426
1694428412928 168.5867395894457 427
1694428412944 168.58641259337378 428
1694428412959 168.58608731640905 429
1694428412975 168.58576374392987 430
1694428412992 168.5854418614681 431
1694428413007 168.58512165470697 432
1694428413023 168.58480310947974 433
1694428413039 168.58448621176757 434
1694428413056 168.58417094769783 435
1694428413072 168.58385730354252 436
1694428413088 168.58354526571637 437
1694428413103 168.58323482077532 438
1694428413119 168.58292595541477 439
1694428413134 168.5826186564679 440
1694428413150 168.58231291090422 441
1694428413166 168.5820087058277 442
1694428413181 168.58170602847542 443
1694428413196 168.58140486621605 444
1694428413212 168.58110520654787 445
1694428413228 168.58080703709797 446
1694428413243 168.58051034562 447
1694428413259 168.58021511999334 448
1694428413275 168.57992134822103 449
1694428413291 168.57962901842893 450
1694428413306 168.57933811886372 451
1694428413321 168.57904863789193 452
1694428413337 168.5787605639984 453
1694428413354 168.57847388578475 454
1694428413371 168.5781885919683 455
1694428413387 168.57790467138057 456
1694428413402 168.57762211296594 457
1694428413418 168.57734090578032 458
1694428413433 168.57706103899014 459
1694428413449 168.57678250187064 460
1694428413464 168.57650528380503 461
1694428413480 168.57622937428297 462
1694428413496 168.57595476289939 463
1694428413512 168.57568143935342 464
1694428413527 168.57540939344705 465
1694428413542 168.57513861508397 466
1694428413558 168.57486909426856 467
1694428413574 168.5746008211045 468
1694428413590 168.57433378579373 469
1694428413605 168.5740679786355 470
1694428413621 168.5738033900249 471
1694428413636 168.57354001045218 472
1694428413653 168.57327783050138 473
1694428413669 168.57301684084928 474
1694428413685 168.57275703226458 475
1694428413700 168.57249839560652 476
1694428413716 168.5722409218242 477
1694428413731 168.57198460195522 478
1694428413747 168.57172942712498 479
1694428413763 168.5714753885455 480
1694428413779 168.57122247751462 481
1694428413795 168.57097068541466 482
1694428413810 168.57072000371207 483
1694428413826 168.57047042395584 484
1694428413842 168.57022193777715 485
1694428413858 168.56997453688786 486
1694428413873 168.56972821308017 487
1694428413890 168.56948295822542 488
1694428413905 168.56923876427325 489
1694428413922 168.56899562325063 490
1694428413938 168.5687535272613 491
1694428413954 168.5685124684845 492
1694428413970 168.56827243917454 493
1694428413985 168.56803343165964 494
1694428414001 168.56779543834136 495
1694428414016 168.56755845169351 496
1694428414032 168.5673224642617 497
1694428414048 168.56708746866218 498
1694428414063 168.56685345758137 499
