1694434029524 178.59110085359148 0
1694434029542 178.232615137483 1
1694434029559 177.87484805461833 2
1694434029576 177.51779816532922 3
1694434029592 177.1614640328324 4
1694434029610 176.80584422322372 5
1694434029626 176.45093730547242 6
1694434029643 176.09674185141532 7
1694434029661 175.7432564357511 8
1694434029679 175.39047963603454 9
1694434029697 175.03841003267087 10
1694434029713 174.6870462089099 11
1694434029729 174.33638675084032 12
1694434029745 173.98643024738422 13
1694434029762 173.63717529029125 14
1694434029779 173.28862047413287 15
1694434029795 172.94076439629677 16
1694434029812 172.59360565698134 17
1694434029832 172.2471428591898 18
1694434029851 171.90137460872475 19
1694434029869 171.5562995141824 20
1694434029888 171.21191618694724 21
1694434029910 170.86822324118606 22
1694434029929 170.5252192938427 23
1694434029948 170.18290296463226 24
1694434029967 169.84127287603573 25
1694434029984 169.50032765329425 26
1694434030001 169.16006592440365 27
1694434030017 168.82048632010907 28
1694434030033 168.48158747389914 29
1694434030050 168.1464766775592 30
1694434030068 167.8120345907416 31
1694434030085 167.47825987687855 32
1694434030102 167.1451512020774 33
1694434030118 166.81270723511525 34
1694434030134 166.48092664743365 35
1694434030152 166.14980811313325 36
1694434030170 165.81935030896844 37
1694434030187 165.48955191434203 38
1694434030202 165.16041161130002 39
1694434030218 164.83192808452606 40
1694434030235 164.5041000213366 41
1694434030251 164.17692611167513 42
1694434030268 163.85040504810718 43
1694434030284 163.52453552581505 44
1694434030302 163.19931624259252 45
1694434030319 162.87474589883956 46
1694434030336 162.5508231975572 47
1694434030354 162.2275468443423 48
1694434030371 161.9049155473823 49
1694434030387 161.58292801745003 50
1694434030404 161.26158296789856 51
1694434030420 160.94087911465604 52
1694434030436 160.62081517622047 53
1694434030453 160.30138987365453 54
1694434030470 159.98260193058067 55
1694434030486 159.66445007317563 56
1694434030504 159.34693303016556 57
1694434030521 159.0300495328208 58
1694434030538 158.71379831495094 59
1694434030556 158.39817811289944 60
1694434030572 158.08318766553882 61
1694434030589 157.76882571426546 62
1694434030605 157.4550910029946 63
1694434030620 157.1419822781552 64
1694434030637 156.82949828868502 65
1694434030653 156.51763778602543 66
1694434030671 156.20639952411662 67
1694434030691 155.8957822593924 68
1694434030708 155.58578475077522 69
1694434030728 155.2764057596713 70
1694434030746 154.96764404996546 71
1694434030764 154.65949838801643 72
1694434030780 154.35196754265155 73
1694434030797 154.04505028516215 74
1694434030812 153.73874538929832 75
1694434030830 153.43305163126422 76
1694434030846 153.127967789713 77
1694434030863 152.82349264574194 78
1694434030879 152.51962498288765 79
1694434030896 152.21636358712098 80
1694434030912 151.9137072468423 81
1694434030929 151.61165475287655 82
1694434030945 151.31020489846847 83
1694434030963 151.00935647927759 84
1694434030981 150.70910829337362 85
1694434030998 150.4094591412314 86
1694434031015 150.11040782572613 87
1694434031033 149.81195315212864 88
1694434031049 149.5140939281006 89
1694434031067 149.21682896368955 90
1694434031084 148.92015707132433 91
1694434031100 148.6240770658102 92
1694434031116 148.32858776432406 93
1694434031134 148.03368798640966 94
1694434031151 147.7393765539731 95
1694434031168 147.44565229127778 96
1694434031185 147.15251402493985 97
1694434031200 146.85996058392345 98
1694434031217 146.567990799536 99
1694434031232 146.27660350542357 100
1694434031248 145.98579753756607 101
1694434031265 145.6955717342726 102
1694434031282 145.405924936177 103
1694434031299 145.11685598623276 104
1694434031315 144.82836372970885 105
1694434031332 144.54044701418465 106
1694434031348 144.25310468954575 107
1694434031366 143.96633560797883 108
1694434031382 143.6801386239675 109
1694434031399 143.3945125942875 110
1694434031415 143.10945637800202 111
1694434031432 142.82496883645726 112
1694434031448 142.54104883327784 113
1694434031466 142.25769523436216 114
1694434031483 141.9749069078779 115
1694434031499 141.69268272425742 116
1694434031517 141.41102155619333 117
1694434031534 141.12992227863384 118
1694434031552 140.84938376877827 119
1694434031570 140.56940490607255 120
1694434031587 140.2899845722048 121
1694434031603 140.0111216511006 122
1694434031619 139.73281502891888 123
1694434031635 139.45506359404703 124
1694434031651 139.1778662370967 125
1694434031669 138.90122185089942 126
1694434031685 138.62512933050172 127
1694434031702 138.34958757316116 128
1694434031719 138.07459547834173 129
1694434031736 137.80015194770937 130
1694434031752 137.52625588512757 131
1694434031769 137.252906196653 132
1694434031786 136.98010179053117 133
1694434031803 136.70784157719194 134
1694434031820 136.4361244692452 135
1694434031837 136.1649493814765 136
1694434031853 135.89431523084266 137
1694434031870 135.62422093646745 138
1694434031887 135.3546654196372 139
1694434031904 135.08564760379653 140
1694434031920 134.81716641454412 141
1694434031936 134.54922077962794 142
1694434031952 134.2818096289417 143
1694434031969 134.01493189451975 144
1694434031986 133.7485865105334 145
1694434032002 133.4827724132863 146
1694434032019 133.21748854121032 147
1694434032035 132.95273383486116 148
1694434032052 132.68850723691423 149
1694434032070 132.42480769216033 150
1694434032087 132.16163414750145 151
1694434032103 131.89898555194642 152
1694434032119 131.6368608566069 153
1694434032136 131.37525901469294 154
1694434032153 131.11417898150893 155
1694434032172 130.8536197144494 156
1694434032191 130.59358017299468 157
1694434032207 130.33405931870695 158
1694434032223 130.0750561152259 159
1694434032239 129.8165695282645 160
1694434032255 129.5585985256051 161
1694434032272 129.30114207709516 162
1694434032289 129.04419915464294 163
1694434032306 128.78776873221372 164
1694434032323 128.5318497858253 165
1694434032339 128.27644129354422 166
1694434032355 128.02154223548143 167
1694434032373 127.76715159378824 168
1694434032390 127.51326835265235 169
1694434032406 127.25989149829364 170
1694434032423 127.00702001896012 171
1694434032439 126.75465290492393 172
1694434032455 126.50278914847719 173
1694434032472 126.25142774392806 174
1694434032490 126.00056768759661 175
1694434032507 125.75020797781082 176
1694434032524 125.50034761490258 177
1694434032540 125.25098560120364 178
1694434032556 125.00212094104164 179
1694434032575 124.75375264073608 180
1694434032591 124.50587970859435 181
1694434032607 124.25850115490769 182
1694434032623 124.01161599194734 183
1694434032640 123.76522323396043 184
1694434032657 123.51932189716608 185
1694434032674 123.27391099975156 186
1694434032691 123.02898956186813 187
1694434032708 122.78455660562724 188
1694434032724 122.54061115509664 189
1694434032742 122.29715223629634 190
1694434032758 122.05417887719479 191
1694434032776 121.81169010770492 192
1694434032792 121.56968495968032 193
1694434032808 121.32816246691127 194
1694434032826 121.0871216651209 195
1694434032842 120.8465615919613 196
1694434032858 120.60648128700969 197
1694434032875 120.3668797917645 198
1694434032892 120.12775614964163 199
1694434032908 119.8891094059705 200
1694434032924 119.65093860799026 201
1694434032941 119.41324280484592 202
1694434032957 119.17602104758467 203
1694434032974 118.93927238915188 204
1694434032990 118.70299588438745 205
1694434033007 118.46719059002191 206
1694434033024 118.23185556467271 207
1694434033040 117.99698986884042 208
1694434033057 117.76259256490488 209
1694434033073 117.52866271712156 210
1694434033091 117.29519939161776 211
1694434033107 117.06220165638875 212
1694434033122 116.82966858129423 213
1694434033139 116.59759923805441 214
1694434033156 116.36599270024642 215
1694434033173 116.13484804330047 216
1694434033190 115.90416434449625 217
1694434033206 115.67394068295913 218
1694434033223 115.44417613965656 219
1694434033239 115.21486979739424 220
1694434033256 114.98602074081265 221
1694434033274 114.7576280563831 222
1694434033291 114.52969083240434 223
1694434033309 114.30220815899872 224
1694434033325 114.07517912810856 225
1694434033343 113.84860283349255 226
1694434033360 113.62247837072216 227
1694434033378 113.39680483717784 228
1694434033395 113.17158133204559 229
1694434033411 112.94680695631315 230
1694434033428 112.72248081276659 231
1694434033444 112.49860200598657 232
1694434033461 112.2751696423448 233
1694434033478 112.05218283000043 234
1694434033494 111.82964067889647 235
1694434033511 111.60754230075628 236
1694434033528 111.38588680907984 237
1694434033544 111.16467331914045 238
1694434033562 110.94390094798091 239
1694434033579 110.72356881441013 240
1694434033596 110.50367603899959 241
1694434033612 110.28422174407974 242
1694434033629 110.06520505373656 243
1694434033645 109.84662509380792 244
1694434033664 109.62848099188025 245
1694434033679 109.41077187728486 246
1694434033696 109.19349688109453 247
1694434033713 108.97665513612009 248
1694434033729 108.76024577690677 249
1694434033745 108.54426793973087 250
1694434033762 108.32872076259623 251
1694434033779 108.11360338523076 252
1694434033795 107.89891494908309 253
1694434033812 107.68465459731898 254
1694434033827 107.47082147481791 255
1694434033843 107.25741472816978 256
1694434033860 107.04443350567126 257
1694434033877 106.83187695732269 258
1694434033898 106.61974423482424 259
1694434033914 106.4080344915729 260
1694434033932 106.19674688265891 261
1694434033949 105.98588056486233 262
1694434033965 105.77543469664977 263
1694434033982 105.56540843817083 264
1694434033999 105.35580095125503 265
1694434034015 105.14661139940814 266
1694434034032 104.93783894780896 267
1694434034048 104.72948276330598 268
1694434034065 104.52154201441401 269
1694434034082 104.31401587131084 270
1694434034099 104.10690350583396 271
1694434034116 103.90020409147711 272
1694434034133 103.69391680338711 273
1694434034149 103.48804081836045 274
1694434034166 103.28257531484009 275
1694434034183 103.07751947291196 276
1694434034199 102.87287247430194 277
1694434034215 102.66863350237239 278
1694434034231 102.46480174211885 279
1694434034248 102.26137638016698 280
1694434034264 102.05835660476906 281
1694434034280 101.85574160580083 282
1694434034297 101.65353057475828 283
1694434034314 101.45172270475436 284
1694434034330 101.25031719051572 285
1694434034346 101.0493132283795 286
1694434034363 100.84871001629014 287
1694434034379 100.64850675379611 288
1694434034396 100.44870264204674 289
1694434034413 100.24929688378896 290
1694434034430 100.05028868336416 291
1694434034447 99.85167724670492 292
1694434034464 99.65346178133196 293
1694434034481 99.45564149635082 294
1694434034499 99.25821560244871 295
1694434034516 99.06118331189147 296
1694434034533 98.86454383852022 297
1694434034550 98.6682963977483 298
1694434034567 98.47244020655816 299
1694434034583 98.27697448349821 300
1694434034600 98.08189844867954 301
1694434034617 97.88721132377302 302
1694434034633 97.69291233200599 303
1694434034649 97.49900069815921 304
1694434034667 97.30547564856379 305
1694434034684 97.112336411098 306
1694434034701 96.91958221518425 307
1694434034717 96.72721229178597 308
1694434034735 96.53522587340453 309
1694434034753 96.34362219407612 310
1694434034770 96.1524004893687 311
1694434034787 95.96155999637897 312
1694434034804 95.77109995372929 313
1694434034820 95.58101960156462 314
1694434034837 95.3913181815494 315
1694434034853 95.20199493686461 316
1694434034869 95.01304911220475 317
1694434034887 94.8244799537747 318
1694434034903 94.63628670928674 319
1694434034920 94.4484686279576 320
1694434034938 94.26102496050532 321
1694434034955 94.0739549591464 322
1694434034973 93.88725787759269 323
1694434034992 93.70093297104833 324
1694434035009 93.51497949620699 325
1694434035026 93.32939671124866 326
1694434035044 93.14418387583682 327
1694434035062 92.95934025111535 328
1694434035081 92.7748650997057 329
1694434035100 92.59075768570384 330
1694434035119 92.40701727467729 331
1694434035136 92.22364313366226 332
1694434035155 92.04063453116065 333
1694434035172 91.85799073713713 334
1694434035189 91.6757110230162 335
1694434035206 91.4937946616793 336
1694434035222 91.31224092746184 337
1694434035241 91.13104909615033 338
1694434035258 90.95021844497948 339
1694434035277 90.76974825262924 340
1694434035293 90.58963779922202 341
1694434035312 90.40988636631968 342
1694434035327 90.2304932369207 343
1694434035345 90.05145769545732 344
1694434035362 89.87277902779267 345
1694434035379 89.69445652121783 346
1694434035395 89.51648946444912 347
1694434035412 89.33887714762507 348
1694434035429 89.16161886230371 349
1694434035445 88.98471390145966 350
1694434035462 88.80816155948132 351
1694434035479 88.63196113216803 352
1694434035495 88.4561119167272 353
1694434035512 88.28061321177161 354
1694434035529 88.10546431731649 355
1694434035546 87.93066453477675 356
1694434035563 87.75621316696416 357
1694434035580 87.58210951808455 358
1694434035597 87.4083528937351 359
1694434035614 87.23494260090145 360
1694434035631 87.06187794795493 361
1694434035647 86.88915824464986 362
1694434035665 86.71678280212076 363
1694434035683 86.5447509328795 364
1694434035703 86.37306195081263 365
1694434035719 86.20171517117863 366
1694434035735 86.03070991060513 367
1694434035752 85.86004548708615 368
1694434035770 85.68972121997943 369
1694434035785 85.51973643000363 370
1694434035803 85.35009043923567 371
1694434035820 85.18078257110794 372
1694434035836 85.01181215040566 373
1694434035852 84.84317850326411 374
1694434035869 84.67488095716598 375
1694434035885 84.50691884093864 376
1694434035903 84.33929148475144 377
1694434035920 84.17199822011305 378
1694434035936 84.00503837986874 379
1694434035952 83.83841129819778 380
1694434035968 83.6721163106107 381
1694434035985 83.50615275394665 382
1694434036002 83.3405199663707 383
1694434036018 83.1752172873713 384
1694434036035 83.01024405775745 385
1694434036052 82.84559961965627 386
1694434036069 82.68128331651013 387
1694434036086 82.51729449307425 388
1694434036103 82.35363249541393 389
1694434036120 82.19029667090189 390
1694434036136 82.02728636821583 391
1694434036153 81.86460093733558 392
1694434036170 81.70223972954076 393
1694434036187 81.54020209740794 394
1694434036204 81.37848739480818 395
1694434036221 81.21709497690439 396
1694434036238 81.05602420014876 397
1694434036254 80.89527442228018 398
1694434036271 80.73484500232168 399
1694434036287 80.57473530057779 400
1694434036305 80.41494467863207 401
1694434036322 80.25547249934448 402
1694434036338 80.09631812684884 403
1694434036354 79.93748092655031 404
1694434036371 79.77896026512285 405
1694434036388 79.62075551050657 406
1694434036404 79.46286603190535 407
1694434036421 79.30529119978425 408
1694434036437 79.14803038586692 409
1694434036454 78.99108296313317 410
1694434036471 78.83444830581642 411
1694434036487 78.6781257894012 412
1694434036504 78.52211479062062 413
1694434036521 78.36641468745388 414
1694434036537 78.21102485912382 415
1694434036555 78.05594468609439 416
1694434036571 77.90117355006815 417
1694434036587 77.74671083398383 418
1694434036604 77.5925559220138 419
1694434036621 77.43870819956173 420
1694434036637 77.28516705325993 421
1694434036653 77.13193187096705 422
1694434036670 76.97900204176558 423
1694434036686 76.82637695595936 424
1694434036703 76.67405600507115 425
1694434036720 76.52203858184029 426
1694434036736 76.3703240802201 427
1694434036753 76.21891189537556 428
1694434036771 76.06780142368083 429
1694434036787 75.91699206271694 430
1694434036803 75.76648321126918 431
1694434036821 75.61627426932488 432
1694434036837 75.4663646380709 433
1694434036855 75.31675371989125 434
1694434036873 75.16744091836469 435
1694434036890 75.01842563826237 436
1694434036907 74.86970728554539 437
1694434036924 74.72128526736245 438
1694434036940 74.57315899204752 439
1694434036958 74.42532786911738 440
1694434036974 74.27779130926928 441
1694434036991 74.13054872437861 442
1694434037008 73.98359952749654 443
1694434037025 73.83694313284757 444
1694434037042 73.69057895582735 445
1694434037059 73.54450641300019 446
1694434037075 73.39872492209682 447
1694434037092 73.25323390201196 448
1694434037108 73.10803277280208 449
1694434037125 72.96312095568302 450
1694434037142 72.81849787302774 451
1694434037159 72.67416294836384 452
1694434037175 72.53011560637144 453
1694434037192 72.3863552728808 454
1694434037209 72.24288137486995 455
1694434037227 72.09969334046252 456
1694434037243 71.95679059892538 457
1694434037260 71.81417258066628 458
1694434037277 71.67183871723171 459
1694434037294 71.52978844130453 460
1694434037311 71.38802118670172 461
1694434037328 71.24653638837212 462
1694434037345 71.1053334823941 463
1694434037362 70.9644119059734 464
1694434037378 70.82377109744085 465
1694434037396 70.68341049625005 466
1694434037414 70.54332954297513 467
1694434037431 70.40352767930862 468
1694434037446 70.26400434805909 469
1694434037463 70.124758993149 470
1694434037479 69.98579105961242 471
1694434037495 69.84709999359279 472
1694434037512 69.70868524234074 473
1694434037530 69.57054625421186 474
1694434037546 69.43268247866453 475
1694434037564 69.29509336625765 476
1694434037580 69.15777836864845 477
1694434037597 69.02073693859032 478
1694434037614 68.88396852993058 479
1694434037631 68.74747259760832 480
1694434037648 68.61124859765224 481
1694434037665 68.47529598717837 482
1694434037682 68.33961422438803 483
1694434037697 68.20420276856554 484
1694434037714 68.06906108007611 485
1694434037731 67.93418862036368 486
1694434037747 67.79958485194874 487
1694434037765 67.66524923842617 488
1694434037780 67.53118124446317 489
1694434037797 67.39738033579694 490
1694434037815 67.26384597923274 491
1694434037831 67.13057764264163 492
1694434037848 66.99757479495834 493
1694434037864 66.86483690617924 494
1694434037882 66.73236344736002 495
1694434037898 66.60015389061383 496
1694434037915 66.46820770910895 497
1694434037931 66.33652437706677 498
1694434037948 66.2051033697597 499
