1694430684430 173.81086304509674 0
1694430684448 133.48151956087798 1
1694430684465 98.26239020419914 2
1694430684482 86.71875696017273 3
1694430684500 81.28203810467507 4
1694430684519 71.90578146861712 5
1694430684538 59.88375559951239 6
1694430684558 48.62403005949392 7
1694430684578 41.07186283780207 8
1694430684599 33.48552315802657 9
1694430684619 30.930253012237422 10
1694430684638 25.50952486093968 11
1694430684655 20.86846236441074 12
1694430684672 18.096142413584747 13
1694430684689 17.974355388984822 14
1694430684705 14.804453168522906 15
1694430684723 12.757655314244934 16
1694430684740 11.00872339603609 17
1694430684759 10.46256449330385 18
1694430684775 7.590431952250105 19
1694430684792 7.255804348915832 20
1694430684809 6.613780149701156 21
1694430684826 5.169977099185198 22
1694430684843 4.847927543627505 23
1694430684859 2.979748157586504 24
1694430684876 3.3384668295009776 25
1694430684893 2.581330523149861 26
1694430684909 2.3550247870888295 27
1694430684926 2.803347041121987 28
1694430684943 2.149141461315456 29
1694430684960 1.6736756326352455 30
1694430684978 1.3230031284334238 31
1694430684995 1.2783847853600048 32
1694430685012 1.6219320151495094 33
1694430685029 1.1615015801323583 34
1694430685046 1.2306850486863967 35
1694430685063 1.2811924574537445 36
1694430685080 0.9098457904684369 37
1694430685097 0.9413388985616784 38
1694430685113 0.8387674595331056 39
1694430685130 0.8427860990264721 40
1694430685148 0.878583918823315 41
1694430685164 0.6972753596052474 42
1694430685181 0.7226378223085484 43
1694430685199 0.50846755260545 44
1694430685215 0.634297031543602 45
1694430685231 0.6572609327872833 46
1694430685249 0.4536581357969406 47
1694430685266 0.5018362630437355 48
1694430685283 0.4770693228509815 49
1694430685299 0.32241171502556415 50
1694430685317 0.39845588664039466 51
1694430685333 0.5209315424909365 52
1694430685351 0.4928978312907782 53
1694430685367 0.48589269031478705 54
1694430685385 0.4212339657507123 55
1694430685402 0.35189210447023717 56
1694430685419 0.4552421998526344 57
1694430685436 0.3047660539916965 58
1694430685453 0.34317752734959445 59
1694430685470 0.419061836581887 60
1694430685487 0.3426618547458223 61
1694430685504 0.5114418914038865 62
1694430685520 0.5603334302511879 63
1694430685537 0.2543703744572027 64
1694430685553 0.33582647150341305 65
1694430685569 0.2682376709755111 66
1694430685588 0.38389412278201496 67
1694430685606 0.2650552775396917 68
1694430685623 0.2744546806092527 69
1694430685641 0.22773618721361263 70
1694430685659 0.4816569943724818 71
1694430685677 0.2692016673061587 72
1694430685694 0.23586211909751767 73
1694430685711 0.32720358559514245 74
1694430685728 0.2974510114805062 75
1694430685746 0.20650506075766803 76
1694430685762 0.35693414858428224 77
1694430685779 0.4424930023226176 78
1694430685796 0.24241218699579842 79
1694430685813 0.288620321637024 80
1694430685829 0.29733284384666897 81
1694430685846 0.24864709974759283 82
1694430685863 0.22689777916937937 83
1694430685879 0.4172558434429935 84
1694430685896 0.33479515901134027 85
1694430685912 0.3336696022699525 86
1694430685929 0.4288166868486852 87
1694430685947 0.5357418858512168 88
1694430685964 0.27130476512656004 89
1694430685980 0.3364869370984881 90
1694430685996 0.34582450877693416 91
1694430686012 0.30982646991382384 92
1694430686029 0.30710434680450227 93
1694430686047 0.5602469023800726 94
1694430686064 0.2151864063972466 95
1694430686080 0.4083209656970116 96
1694430686097 0.3653242213315977 97
1694430686113 0.36283332447488925 98
1694430686130 0.24054227225493122 99
1694430686147 0.2951627297564045 100
1694430686165 0.42428619528098244 101
1694430686182 0.3389665724776522 102
1694430686199 0.1865849869108942 103
1694430686217 0.31901095967106824 104
1694430686233 0.40425556224883513 105
1694430686250 0.4173837623529985 106
1694430686268 0.3163406244375318 107
1694430686284 0.17695115370069964 108
1694430686301 0.2974087693806896 109
1694430686318 0.15688975422778276 110
1694430686335 0.22568280703622398 111
1694430686353 0.2692466447358476 112
1694430686369 0.23774634981800863 113
1694430686386 0.30727869185209217 114
1694430686403 0.29976938879315773 115
1694430686420 0.4019782713996813 116
1694430686436 0.2818310084008567 117
1694430686453 0.5421540240674964 118
1694430686470 0.44521829607296415 119
1694430686487 0.3932933186857216 120
1694430686503 0.28695823564107853 121
1694430686520 0.40343902663760617 122
1694430686536 0.2905093926163734 123
1694430686554 0.441362492660538 124
1694430686571 0.3849733138774346 125
1694430686587 0.3630917692490851 126
1694430686604 0.2958707071362095 127
1694430686621 0.3223947896532389 128
1694430686638 0.32741982744169923 129
1694430686654 0.24678477278970862 130
1694430686671 0.2186454112702816 131
1694430686688 0.21659758020426198 132
1694430686706 0.32527335990643874 133
1694430686723 0.43571551039606277 134
1694430686741 0.33071984592570564 135
1694430686758 0.31931104468673516 136
1694430686775 0.46178452697218547 137
1694430686793 0.27318033263640296 138
1694430686810 0.26149649518817975 139
1694430686828 0.3099936997598665 140
1694430686845 0.19615441688417387 141
1694430686862 0.28086375720520934 142
1694430686878 0.15793479637801452 143
1694430686896 0.3727517996398464 144
1694430686913 0.2688109389076793 145
1694430686929 0.1746501726581513 146
1694430686947 0.2464430437574209 147
1694430686963 0.21643902869312778 148
1694430686980 0.25373932785103254 149
1694430686997 0.1462815866416546 150
1694430687014 0.28809350953578416 151
1694430687030 0.3241135247639961 152
1694430687048 0.2451883867731394 153
1694430687064 0.4717101342570355 154
1694430687081 0.23561019337904293 155
1694430687098 0.28069484809609335 156
1694430687114 0.35124779775575327 157
1694430687131 0.3270275398342282 158
1694430687148 0.25153772664354906 159
1694430687165 0.4377883419962362 160
1694430687182 0.12810161645204726 161
1694430687199 0.33900981636518684 162
1694430687215 0.42133380889076977 163
1694430687232 0.2646217703962878 164
1694430687249 0.21642176737843502 165
1694430687266 0.22481049326347372 166
1694430687282 0.20829371870816354 167
1694430687298 0.3274798692802933 168
1694430687315 0.29260353056903865 169
1694430687332 0.19957287912131813 170
1694430687349 0.4122307730224292 171
1694430687366 0.2686836899327415 172
1694430687385 0.2799104593314984 173
1694430687403 0.13186250450923495 174
1694430687420 0.33631822988925847 175
1694430687437 0.33677511249136993 176
1694430687454 0.5432585052584284 177
1694430687471 0.2620901311191897 178
1694430687488 0.24545057616588511 179
1694430687504 0.34519052781437853 180
1694430687521 0.3123299384111457 181
1694430687537 0.27286702786953937 182
1694430687554 0.19548613738783385 183
1694430687570 0.21226460020962692 184
1694430687588 0.28779681052278233 185
1694430687606 0.26379545469331794 186
1694430687621 0.2720523512436331 187
1694430687639 0.18618688116686427 188
1694430687657 0.3614656565245424 189
1694430687673 0.2416960323243103 190
1694430687690 0.24709677125749524 191
1694430687707 0.3220224628032072 192
1694430687723 0.4071339190591051 193
1694430687741 0.2187020932491859 194
1694430687758 0.2503076125334164 195
1694430687774 0.33442645457500414 196
1694430687791 0.2302928707050315 197
1694430687808 0.46506744652545723 198
1694430687825 0.36273324059067363 199
1694430687842 0.24831417761944338 200
1694430687859 0.36277065772343814 201
1694430687876 0.3285135595739918 202
1694430687893 0.263700771564313 203
1694430687910 0.3891194051853824 204
1694430687927 0.5808339705182819 205
1694430687944 0.1916441702024818 206
1694430687961 0.29658876199025996 207
1694430687978 0.27151054171144334 208
1694430687996 0.32913719168817 209
1694430688012 0.3933934156006097 210
1694430688029 0.17872631255317747 211
1694430688046 0.39635337661145753 212
1694430688063 0.34573406250566663 213
1694430688080 0.15542656531985546 214
1694430688098 0.21472664596870267 215
1694430688113 0.35665795571007075 216
1694430688130 0.24027067311876119 217
1694430688147 0.36927159961018335 218
1694430688164 0.2746759379712297 219
1694430688182 0.2982717572760189 220
1694430688198 0.3146887422470897 221
1694430688215 0.2784367167902525 222
1694430688231 0.6604171210806296 223
1694430688248 0.2774306824911158 224
1694430688266 0.31401275818045676 225
1694430688283 0.2862896319160721 226
1694430688300 0.29016610453200137 227
1694430688317 0.2968274300032869 228
1694430688333 0.3149327447558837 229
1694430688350 0.2529858986805481 230
1694430688367 0.39081514672430545 231
1694430688384 0.35346401342742106 232
1694430688400 0.33307990909515134 233
1694430688416 0.2263667323417417 234
1694430688434 0.2874569367969116 235
1694430688450 0.3591852114254361 236
1694430688467 0.12026052172254886 237
1694430688484 0.2253995984111466 238
1694430688501 0.3320550352739593 239
1694430688518 0.3630896648750466 240
1694430688534 0.35937907626291093 241
1694430688550 0.4307757203662499 242
1694430688568 0.3552214784481649 243
1694430688586 0.2646886654304854 244
1694430688603 0.37908951979029 245
1694430688620 0.25653950622288085 246
1694430688637 0.304007980649848 247
1694430688655 0.2853244079391593 248
1694430688672 0.3278750427832712 249
1694430688689 0.28063389850094395 250
1694430688707 0.2872374602386336 251
1694430688723 0.3410172131119418 252
1694430688740 0.26828712106380803 253
1694430688758 0.4859920393224603 254
1694430688774 0.39055085802268447 255
1694430688791 0.27974513831028763 256
1694430688808 0.45848570864812715 257
1694430688824 0.2393536637977983 258
1694430688841 0.22746770339320507 259
1694430688858 0.36043966558596946 260
1694430688875 0.20708056021470103 261
1694430688892 0.2701643629913958 262
1694430688909 0.45720303170370435 263
1694430688926 0.4345506282504292 264
1694430688943 0.25903461573180436 265
1694430688959 0.29923527048899734 266
1694430688975 0.24186497021595468 267
1694430688992 0.2918520787733368 268
1694430689008 0.24338049454494096 269
1694430689027 0.2973585702976222 270
1694430689043 0.3793768650088842 271
1694430689059 0.29663821175489063 272
1694430689077 0.2635427090798423 273
1694430689094 0.35329072982511994 274
1694430689111 0.2995572847294804 275
1694430689128 0.17254452309590126 276
1694430689145 0.4712529325021226 277
1694430689163 0.4323422859101464 278
1694430689181 0.34752990404511835 279
1694430689199 0.35751722327151736 280
1694430689215 0.27742537190889266 281
1694430689231 0.21580613541685995 282
1694430689248 0.3224672810237286 283
1694430689266 0.30072577270313766 284
1694430689283 0.26510173012793053 285
1694430689300 0.2085181392277802 286
1694430689317 1.2693372939672216 287
1694430689334 0.20713571153924595 288
1694430689351 0.23865141467804768 289
1694430689368 0.4104890612120017 290
1694430689385 0.17207796481703513 291
1694430689402 0.24692986015987498 292
1694430689418 0.30057722963215344 293
1694430689435 0.6389600404781216 294
1694430689451 0.3605956120706173 295
1694430689468 0.3709306366327584 296
1694430689485 0.2705297103534135 297
1694430689502 0.2281340360093337 298
1694430689519 0.27474203636453526 299
1694430689536 0.23497018094409325 300
1694430689553 0.34416591242642497 301
1694430689570 0.39704402149934787 302
1694430689587 0.3077476930778424 303
1694430689605 0.2215399662277513 304
1694430689621 0.5091211480615941 305
1694430689639 0.30481549536859387 306
1694430689655 0.3273716456107389 307
1694430689672 0.22383764085461944 308
1694430689690 0.31916603313834574 309
1694430689708 0.16817641602403088 310
1694430689725 0.3730464465061733 311
1694430689744 0.34019414998730985 312
1694430689761 0.5621146905148743 313
1694430689780 0.27046357448374797 314
1694430689798 0.5403042335019167 315
1694430689816 0.5027830853534517 316
1694430689833 0.272385397830063 317
1694430689850 0.2790748225355009 318
1694430689867 0.4716443197875762 319
1694430689885 0.25825162619856024 320
1694430689902 0.3013734970536465 321
1694430689919 0.1996655254075896 322
1694430689936 0.2863517463642795 323
1694430689953 0.2918525452547229 324
1694430689970 0.23300603753508292 325
1694430689988 0.3867960108497545 326
1694430690005 0.24647746780184485 327
1694430690022 0.425580737530396 328
1694430690039 0.31030637354164237 329
1694430690056 0.33205552080865763 330
1694430690074 0.3418858609000733 331
1694430690091 0.37096035878684114 332
1694430690108 0.29798984028100295 333
1694430690125 0.2874609272585359 334
1694430690142 0.3267071683137317 335
1694430690158 0.2969621486418958 336
1694430690175 0.3652876728120292 337
1694430690195 0.23241529177646217 338
1694430690211 0.27143216211731963 339
1694430690228 0.2363565559768074 340
1694430690245 0.2659170630452964 341
1694430690261 0.3488396777533897 342
1694430690278 0.5625213243918965 343
1694430690295 0.23495383149100416 344
1694430690315 0.32475354595405065 345
1694430690334 0.16901651740950926 346
1694430690352 0.30308639581856045 347
1694430690368 0.21998987153670255 348
1694430690386 0.27680006821708797 349
1694430690403 0.39579105752188776 350
1694430690420 0.2562985353789216 351
1694430690437 0.2373729702003274 352
1694430690453 0.30166522419869873 353
1694430690470 0.3924008089500265 354
1694430690488 0.27194385704088875 355
1694430690505 0.19243627667271615 356
1694430690522 0.20168431421084282 357
1694430690539 0.4242169087873125 358
1694430690555 0.21552932811656195 359
1694430690572 0.40967877857700424 360
1694430690589 0.2583428488711214 361
1694430690606 0.45474721366743304 362
1694430690623 0.23375512711706062 363
1694430690640 0.3678227866468745 364
1694430690657 0.23607164912215942 365
1694430690674 0.3089660733962413 366
1694430690693 0.31692969267295634 367
1694430690710 0.4058067003545388 368
1694430690726 0.3183514204506556 369
1694430690744 0.23082041677918502 370
1694430690760 0.33210167788561795 371
1694430690777 0.21633285056543036 372
1694430690794 0.386791900472843 373
1694430690812 0.2665979299371703 374
1694430690830 0.2820134683503438 375
1694430690847 0.37836079851390003 376
1694430690864 0.36830706913859756 377
1694430690884 0.44486930410803777 378
1694430690903 0.2954037365113143 379
1694430690920 0.27041568588710446 380
1694430690937 0.35154030080997895 381
1694430690954 0.3189145785586214 382
1694430690971 0.20876329236799482 383
1694430690989 0.4528458171746737 384
1694430691006 0.3230503259555045 385
1694430691023 0.29515181080989816 386
1694430691040 0.39088540019263185 387
1694430691056 0.40997041293153724 388
1694430691073 0.25300541414961836 389
1694430691090 0.1945047643593094 390
1694430691108 0.25432281006517654 391
1694430691124 0.24246757361449262 392
1694430691141 0.3083006057274887 393
1694430691158 0.4464466260054116 394
1694430691174 0.28158627387435237 395
1694430691191 0.2930235927953424 396
1694430691209 0.33947365695046766 397
1694430691225 0.2790007882041401 398
1694430691243 0.22494400916252896 399
1694430691260 0.4662323812971221 400
1694430691277 0.28840233676948157 401
1694430691296 0.23991920403643124 402
1694430691314 0.2569482422430515 403
1694430691334 0.3239993293742954 404
1694430691352 0.16753772949429177 405
1694430691375 0.3404550852223563 406
1694430691396 0.3830961871933221 407
1694430691413 0.2525377281381073 408
1694430691430 0.22222164456313312 409
1694430691447 0.14478297280189706 410
1694430691464 0.2882619018212974 411
1694430691480 0.28120958465081275 412
1694430691498 0.27387775415250526 413
1694430691516 0.270083124362357 414
1694430691534 0.37415758452987224 415
1694430691550 0.2501372291857426 416
1694430691567 0.2907018540057386 417
1694430691584 0.20827522638024085 418
1694430691602 0.1993101388286122 419
1694430691618 0.39503334655411504 420
1694430691635 0.29965883191844184 421
1694430691652 0.2761422322208228 422
1694430691668 0.45598717134673994 423
1694430691686 0.3987158874767753 424
1694430691704 0.3949715429274766 425
1694430691720 0.35606577893839786 426
1694430691737 0.2974519377448029 427
1694430691754 0.45422996987289016 428
1694430691770 0.48747318295239606 429
1694430691788 0.6575718285717861 430
1694430691805 0.32314204568668276 431
1694430691822 0.17056822816061903 432
1694430691838 0.14300312061761708 433
1694430691855 0.18057970763864262 434
1694430691870 0.43627713007871183 435
1694430691888 0.3211095309227754 436
1694430691906 0.41273902961890296 437
1694430691923 0.3070362440884945 438
1694430691940 0.22301002611275594 439
1694430691957 0.28659021352803704 440
1694430691972 0.42768818702019346 441
1694430691990 0.49334738999646943 442
1694430692007 0.3859370909043561 443
1694430692025 0.35085011839357705 444
1694430692042 0.20664233959187864 445
1694430692059 0.33190752897639364 446
1694430692075 0.16193791628579915 447
1694430692092 0.34914176343743825 448
1694430692110 0.3394162084164792 449
1694430692127 0.29370894156210187 450
1694430692145 0.3337851060851286 451
1694430692162 0.4230991133792652 452
1694430692179 0.25216711135489744 453
1694430692197 0.16043867350786006 454
1694430692214 0.19444333864781801 455
1694430692231 0.46181410363107817 456
1694430692248 0.3357873706272546 457
1694430692265 0.2658703915488831 458
1694430692283 0.195586840406662 459
1694430692299 0.3456970039641504 460
1694430692316 0.3342415633491311 461
1694430692333 0.2195049497124563 462
1694430692349 0.239326114194885 463
1694430692366 0.4040552310588987 464
1694430692384 0.3713286246929912 465
1694430692401 0.1740816875958585 466
1694430692418 0.3903244753561496 467
1694430692435 0.3615825715302573 468
1694430692451 0.2978605557162098 469
1694430692468 0.32461610784691813 470
1694430692484 0.21170317730909632 471
1694430692501 0.26195144806810944 472
1694430692518 0.19501850240778712 473
1694430692535 0.2900879629052803 474
1694430692552 0.24155606737658494 475
1694430692569 0.24586757545556495 476
1694430692585 0.24720381245120704 477
1694430692602 0.3552716312845673 478
1694430692620 0.39573700244237403 479
1694430692637 0.2871664243470088 480
1694430692656 0.279668528564348 481
1694430692672 0.3904384183474837 482
1694430692689 0.2833066032023543 483
1694430692707 0.32976316055482957 484
1694430692724 0.3018776094921903 485
1694430692741 0.1974581718637526 486
1694430692758 0.27412525311386576 487
1694430692774 0.39856018241555313 488
1694430692791 0.20244213925496393 489
1694430692808 0.3834738003175024 490
1694430692824 0.3121590808884827 491
1694430692842 0.2366220916242065 492
1694430692858 0.3245181934571536 493
1694430692874 0.38142385452006805 494
1694430692892 0.35646508601206245 495
1694430692909 0.35064523043383966 496
1694430692926 0.23243326985340199 497
1694430692943 0.35002101376636163 498
1694430692960 0.33764471983339023 499
