1694428619366 168.2114736498971 0
1694428619382 167.07751096895552 1
1694428619398 170.03542431978127 2
1694428619413 167.183340695821 3
1694428619427 164.12529062582502 4
1694428619441 172.85955015486152 5
1694428619456 168.121350649665 6
1694428619471 169.6535496678325 7
1694428619497 166.5391434711295 8
1694428619519 165.77435403790702 9
1694428619537 170.2972127754825 10
1694428619551 167.06031402795557 11
1694428619566 170.59379520639982 12
1694428619581 168.81851502458045 13
1694428619595 162.80474865983211 14
1694428619610 175.02926830234625 15
1694428619625 158.75913484873436 16
1694428619639 164.55696605112095 17
1694428619656 161.33038884716007 18
1694428619671 171.18534879697978 19
1694428619685 165.97034189979058 20
1694428619700 166.7256340655202 21
1694428619715 177.6265566800669 22
1694428619731 165.37440340214675 23
1694428619748 167.50355914265242 24
1694428619763 165.93521999755203 25
1694428619778 166.3997027796307 26
1694428619793 166.8186202838338 27
1694428619808 165.46479991867054 28
1694428619823 170.73677826234203 29
1694428619837 171.02559741905657 30
1694428619852 168.53593602102683 31
1694428619867 162.43882091130453 32
1694428619882 169.09607275321673 33
1694428619896 167.81880402547148 34
1694428619911 166.30762989482272 35
1694428619926 168.86806194435286 36
1694428619941 170.3027425438756 37
1694428619958 165.788773277351 38
1694428619972 171.2340371598497 39
1694428619987 167.47953101768195 40
1694428620004 169.34551811914454 41
1694428620023 179.01428490050566 42
1694428620039 163.7932275902442 43
1694428620056 172.75646587606107 44
1694428620075 165.66268031869694 45
1694428620098 168.22571580741607 46
1694428620120 166.4916151070158 47
1694428620139 164.13462076194224 48
1694428620157 171.73287359363127 49
1694428620178 161.2185455578576 50
1694428620197 167.36777307279604 51
1694428620217 165.70535024590907 52
1694428620233 172.50958275520173 53
1694428620248 165.59678579860454 54
1694428620264 168.21381906140206 55
1694428620279 179.80197620667744 56
1694428620293 169.08859556693227 57
1694428620308 172.5462053716422 58
1694428620323 176.8973336515233 59
1694428620340 157.32787843417253 60
1694428620359 166.54554417378054 61
1694428620375 175.4136129591997 62
1694428620390 160.16437401706327 63
1694428620405 167.69460701174117 64
1694428620419 172.62970974904826 65
1694428620434 161.75116462335126 66
1694428620449 168.48182154635703 67
1694428620466 160.29802590971798 68
1694428620481 167.69654339550166 69
1694428620497 166.77128463966395 70
1694428620511 169.47476499862705 71
1694428620527 179.72297960206615 72
1694428620541 169.0672599331435 73
1694428620556 165.92261574463828 74
1694428620576 168.19440098194903 75
1694428620599 164.49730569486564 76
1694428620621 171.89203541643207 77
1694428620643 168.5084470743587 78
1694428620661 166.81262503680856 79
1694428620676 173.8709871509039 80
1694428620691 165.8945901396737 81
1694428620706 164.608358380791 82
1694428620720 162.24170950664686 83
1694428620736 173.51006716902515 84
1694428620751 165.13958959327928 85
1694428620766 167.32789775132443 86
1694428620781 170.5100711740106 87
1694428620797 169.34347100835163 88
1694428620811 181.98419574172982 89
1694428620826 163.55404248904273 90
1694428620841 164.87474965488042 91
1694428620856 166.69928506051858 92
1694428620870 167.68551090913746 93
1694428620885 168.63127026802908 94
1694428620900 166.32770625500083 95
1694428620915 172.21558128208298 96
1694428620929 167.39280891624315 97
1694428620943 161.80783719636187 98
1694428620962 168.87572436363158 99
1694428620982 172.3150027635424 100
1694428620998 171.58314212123767 101
1694428621013 164.5110804339293 102
1694428621028 170.82629356966518 103
1694428621042 171.13617115777419 104
1694428621057 167.6437980200389 105
1694428621072 171.5571958220643 106
1694428621087 171.8834057633039 107
1694428621101 168.90766244494847 108
1694428621116 161.08997274023776 109
1694428621131 164.85728770522502 110
1694428621149 165.48222992964247 111
1694428621170 171.8209784603507 112
1694428621188 170.33558776249083 113
1694428621204 169.56654669581047 114
1694428621224 165.86418394050568 115
1694428621240 169.633737542865 116
1694428621255 170.39127936145948 117
1694428621269 168.6714469312146 118
1694428621284 162.16188106681585 119
1694428621299 167.021408892626 120
1694428621315 173.55316459717307 121
1694428621333 164.86878034096873 122
1694428621348 166.04678504593875 123
1694428621363 173.53786095835454 124
1694428621379 167.33689599465006 125
1694428621393 167.40295989689204 126
1694428621408 174.41768727379346 127
1694428621422 174.96865668632648 128
1694428621438 170.04346475386004 129
1694428621452 177.5966181387696 130
1694428621468 171.1563446904632 131
1694428621485 171.75189194748086 132
1694428621501 170.4344919830201 133
1694428621516 169.96273578290084 134
1694428621530 164.94992586621416 135
1694428621545 166.57552319409584 136
1694428621560 169.42786060395545 137
1694428621574 166.29094107841996 138
1694428621589 159.7562904514207 139
1694428621603 169.26228189599527 140
1694428621617 173.44850115503525 141
1694428621632 174.0125125849104 142
1694428621647 165.47499909019032 143
1694428621662 174.08159254441742 144
1694428621677 171.8645105637905 145
1694428621692 172.72047225647938 146
1694428621706 168.97326206477047 147
1694428621721 164.4759381718887 148
1694428621736 169.5570492642442 149
1694428621751 171.28000207204812 150
1694428621765 165.40775304735416 151
1694428621781 168.06271688828787 152
1694428621796 176.4877709367595 153
1694428621810 167.3304590793579 154
1694428621825 170.2222308486682 155
1694428621839 170.18623191056733 156
1694428621854 165.90046264568312 157
1694428621869 171.60541904244232 158
1694428621884 161.3505323825528 159
1694428621899 161.6902518216871 160
1694428621914 173.92388030473717 161
1694428621928 160.60873089854752 162
1694428621942 165.73369146230922 163
1694428621958 170.41152474892888 164
1694428621973 169.94603041583485 165
1694428621989 168.1457568754136 166
1694428622006 168.84099135376763 167
1694428622021 166.76153472205985 168
1694428622036 167.3053734974275 169
1694428622050 176.92352553896063 170
1694428622065 166.48999926732523 171
1694428622080 167.86746437117873 172
1694428622094 173.46190030047322 173
1694428622109 166.85968757976158 174
1694428622123 168.29564915704984 175
1694428622138 166.29013528544968 176
1694428622153 167.28512936883882 177
1694428622167 170.26785821521045 178
1694428622182 166.734959490842 179
1694428622197 160.17498106331257 180
1694428622214 169.50672091184057 181
1694428622233 168.08918663984815 182
1694428622249 158.91613290407895 183
1694428622271 165.09146903572986 184
1694428622290 164.1592711982232 185
1694428622305 171.205068038132 186
1694428622319 172.71055787096063 187
1694428622334 166.64677950946808 188
1694428622350 165.62880977359512 189
1694428622364 166.19407553392543 190
1694428622379 172.17486403471747 191
1694428622394 163.9978306559201 192
1694428622408 166.06478154176415 193
1694428622423 169.9403365141729 194
1694428622438 175.43596820453007 195
1694428622453 170.56194168351914 196
1694428622468 173.63675848739575 197
1694428622483 170.82504222198153 198
1694428622498 170.606397832617 199
1694428622514 169.0397624477997 200
1694428622530 168.78610480523588 201
1694428622546 161.00565458430333 202
1694428622560 167.59961392697733 203
1694428622575 171.52960473012612 204
1694428622591 170.92695913422855 205
1694428622605 164.72363103943417 206
1694428622620 173.970399591438 207
1694428622635 168.9506536310874 208
1694428622650 163.59819144558745 209
1694428622665 168.83562033956886 210
1694428622681 166.23846903219496 211
1694428622696 171.7853897353021 212
1694428622716 165.64693359235466 213
1694428622736 161.33878840491334 214
1694428622752 163.6797588919159 215
1694428622768 179.4520432856012 216
1694428622783 166.38230842411718 217
1694428622798 163.73325124019138 218
1694428622813 167.34177624460065 219
1694428622827 169.93981544065738 220
1694428622842 166.835516642287 221
1694428622857 168.11330138718495 222
1694428622872 166.2947490834833 223
1694428622886 172.9048216132059 224
1694428622902 178.38341120291884 225
1694428622916 165.23438309026145 226
1694428622931 161.92114118964932 227
1694428622947 166.14711611905986 228
1694428622963 165.55260950097036 229
1694428622977 173.38297057556727 230
1694428622992 165.61553296847018 231
1694428623006 172.38081900318383 232
1694428623022 169.69227566466208 233
1694428623037 172.5749694616934 234
1694428623052 174.12121357603158 235
1694428623066 166.7580195816035 236
1694428623083 169.94436767775733 237
1694428623097 162.92935246400108 238
1694428623112 170.88535089286648 239
1694428623126 170.61556642154625 240
1694428623141 167.74401283076017 241
1694428623155 170.34666275893898 242
1694428623170 165.93940523888705 243
1694428623185 164.17408472975785 244
1694428623200 185.67149414986875 245
1694428623217 173.563942697861 246
1694428623232 168.23474363460232 247
1694428623246 169.04470046788327 248
1694428623262 167.7544674779087 249
1694428623278 166.8339141073047 250
1694428623296 175.51705272004986 251
1694428623315 162.663162191619 252
1694428623331 178.69447227193857 253
1694428623346 164.0932295606065 254
1694428623362 167.97767586182604 255
1694428623377 167.0349903976484 256
1694428623392 168.18692104813928 257
1694428623407 168.1342079688201 258
1694428623421 171.42360266610922 259
1694428623436 173.96177695254696 260
1694428623450 167.01841505697536 261
1694428623465 163.65557776263788 262
1694428623480 165.83407574016763 263
1694428623495 168.47209334921556 264
1694428623509 163.679637090844 265
1694428623524 170.7945034713693 266
1694428623539 170.7009217667829 267
1694428623554 164.0303331076876 268
1694428623569 162.31087095373275 269
1694428623583 171.15735593592717 270
1694428623598 167.25745487338875 271
1694428623612 175.69270614897897 272
1694428623627 168.86827879959446 273
1694428623642 171.41540801092827 274
1694428623658 163.70320293667004 275
1694428623673 167.38410893417966 276
1694428623688 155.0796846615104 277
1694428623704 170.71704039116935 278
1694428623719 172.82575893759414 279
1694428623734 163.92249685093688 280
1694428623749 168.96158558667634 281
1694428623765 177.80432030448785 282
1694428623780 172.54628693242532 283
1694428623794 164.62510970235684 284
1694428623809 164.13650925943207 285
1694428623824 167.87583208236657 286
1694428623839 166.70749660698448 287
1694428623853 164.29424807649312 288
1694428623868 166.35784718781488 289
1694428623883 166.78467938675539 290
1694428623898 164.0302541171846 291
1694428623912 173.73105133534415 292
1694428623927 165.6408028702827 293
1694428623942 169.76995677051607 294
1694428623956 167.79033977333478 295
1694428623971 172.81536098525075 296
1694428623986 164.81029081215252 297
1694428624001 169.55206752984742 298
1694428624016 162.8926713455042 299
1694428624031 172.93212647226548 300
1694428624046 170.702914947158 301
1694428624061 173.41033657671855 302
1694428624077 173.4498961821116 303
1694428624095 163.1973760606564 304
1694428624110 168.89631662996513 305
1694428624125 161.67152923075668 306
1694428624140 170.08463928757422 307
1694428624155 175.06516304644433 308
1694428624170 166.45625170594033 309
1694428624186 170.07183416960882 310
1694428624200 170.89499221686359 311
1694428624215 175.0653020608917 312
1694428624229 170.00900915033438 313
1694428624244 169.23484350805572 314
1694428624259 171.05816129865383 315
1694428624274 168.31980363083716 316
1694428624288 172.84734233101554 317
1694428624303 164.77519568936125 318
1694428624318 166.653450245697 319
1694428624333 165.02770713937917 320
1694428624349 175.22586418024392 321
1694428624363 169.48178306475398 322
1694428624382 166.66550127521236 323
1694428624402 172.72612287187835 324
1694428624420 169.58985045816135 325
1694428624435 163.82011285859903 326
1694428624449 175.8946352895732 327
1694428624464 165.64701153757613 328
1694428624479 169.97499822150107 329
1694428624494 166.42089316552875 330
1694428624509 174.8090727304439 331
1694428624525 164.61985957732404 332
1694428624539 165.82110678091476 333
1694428624554 169.26856040182494 334
1694428624569 169.72326164377358 335
1694428624584 165.28570173503638 336
1694428624598 164.5613951336173 337
1694428624613 161.30947790620212 338
1694428624627 170.2158604677413 339
1694428624642 173.09825223255788 340
1694428624658 161.53612047786896 341
1694428624673 164.5430517109348 342
1694428624688 170.82510815322166 343
1694428624703 169.4839955334206 344
1694428624718 157.8185293350895 345
1694428624733 168.55915685989044 346
1694428624748 179.71177643314573 347
1694428624763 169.03016641801923 348
1694428624778 171.17944747309934 349
1694428624793 165.40685526283173 350
1694428624808 162.3020350156135 351
1694428624823 175.23404899964385 352
1694428624841 164.15758009679112 353
1694428624859 173.18867470607844 354
1694428624876 168.0261857840137 355
1694428624891 161.54918063585598 356
1694428624906 166.69460626346049 357
1694428624921 164.55751079065658 358
1694428624935 175.17056741897017 359
1694428624950 165.21829919750266 360
1694428624966 167.43064280638578 361
1694428624980 167.70266250238274 362
1694428624995 166.45472665845514 363
1694428625010 172.64134564205648 364
1694428625024 170.74570638804747 365
1694428625039 166.45813241667565 366
1694428625054 169.0879015150941 367
1694428625069 175.63645054889685 368
1694428625084 162.336506822082 369
1694428625099 163.118429950746 370
1694428625113 172.90455507278125 371
1694428625128 177.1836710384436 372
1694428625143 172.30704741173912 373
1694428625157 160.47573214475992 374
1694428625172 164.19439470468703 375
1694428625186 163.60034962507137 376
1694428625201 168.76967058582568 377
1694428625216 170.58292890615044 378
1694428625231 166.9541084865855 379
1694428625245 164.26158481583985 380
1694428625259 168.78623235246724 381
1694428625275 167.01732038326395 382
1694428625290 174.7263473429257 383
1694428625306 172.73953195770517 384
1694428625321 169.9515573474996 385
1694428625335 170.66458934658422 386
1694428625351 171.13984889964323 387
1694428625365 164.7284095243771 388
1694428625380 173.284727565266 389
1694428625395 167.5000088460677 390
1694428625410 169.23025890190408 391
1694428625425 164.96864334237716 392
1694428625439 171.91102591955982 393
1694428625454 168.50600352763868 394
1694428625469 171.11320715783114 395
1694428625487 167.3618155607356 396
1694428625503 169.14855648277373 397
1694428625520 167.6105951053071 398
1694428625538 160.91233982805616 399
1694428625553 164.12620810741507 400
1694428625568 162.07253215891282 401
1694428625582 173.862027796978 402
1694428625597 165.63721464226845 403
1694428625612 170.0667242171442 404
1694428625627 166.95934110271133 405
1694428625641 172.52836944888534 406
1694428625656 170.3289120014518 407
1694428625670 172.21482216476005 408
1694428625685 175.54057045778944 409
1694428625700 163.6919292738596 410
1694428625714 169.3568554216162 411
1694428625729 169.05910299618404 412
1694428625743 168.21811844159245 413
1694428625758 167.72663920735187 414
1694428625773 163.87951224766314 415
1694428625788 165.03600381020732 416
1694428625803 166.11528677354588 417
1694428625817 159.31167988139075 418
1694428625832 171.709889502154 419
1694428625847 172.26611894353616 420
1694428625861 172.23245804878826 421
1694428625875 165.43787708995777 422
1694428625891 165.92292653756112 423
1694428625905 166.3214544811323 424
1694428625920 173.56876175906314 425
1694428625934 166.2891053707294 426
1694428625950 172.21049396028184 427
1694428625966 167.67588022320595 428
1694428625984 173.34540147881134 429
1694428626005 170.82986142717363 430
1694428626022 173.06311977279196 431
1694428626038 165.33145692012047 432
1694428626053 175.79491859200132 433
1694428626067 168.7129788689778 434
1694428626082 171.14081595288545 435
1694428626097 175.71626996782874 436
1694428626112 169.45493111581405 437
1694428626127 172.12181360609844 438
1694428626141 169.65258853994095 439
1694428626156 171.42236450096001 440
1694428626170 171.19774954619135 441
1694428626185 168.7097000244698 442
1694428626201 177.385287018896 443
1694428626215 174.44517119986924 444
1694428626229 175.79984490392116 445
1694428626243 170.6870082874491 446
1694428626258 167.1289144439165 447
1694428626273 170.12404473147188 448
1694428626289 172.80895966071904 449
1694428626303 165.28090479316916 450
1694428626319 172.96126923245473 451
1694428626333 167.0014271822249 452
1694428626348 176.70781329190496 453
1694428626363 168.64892708445515 454
1694428626377 175.38599502735292 455
1694428626393 161.68730214090377 456
1694428626407 175.89901100734366 457
1694428626422 173.8824084263904 458
1694428626436 171.622404997825 459
1694428626451 163.8616557122883 460
1694428626465 169.5765050562736 461
1694428626480 172.31411517343705 462
1694428626496 172.65570612703002 463
1694428626510 167.38290245209834 464
1694428626525 164.88125979803198 465
1694428626540 170.11112052661775 466
1694428626554 168.72999033459422 467
1694428626570 161.85870494458726 468
1694428626585 173.48504375683532 469
1694428626603 168.5996820883539 470
1694428626621 167.937786428572 471
1694428626638 171.28676454118641 472
1694428626653 165.29627075338618 473
1694428626667 170.30712742056699 474
1694428626682 168.1742887667083 475
1694428626696 162.23186985406232 476
1694428626711 172.0945757964871 477
1694428626725 162.52716724674752 478
1694428626740 170.67066443882098 479
1694428626755 167.56250093430685 480
1694428626770 168.17953841878216 481
1694428626784 172.84080284758403 482
1694428626799 168.07298316142175 483
1694428626814 165.4387623666756 484
1694428626828 169.23248190944318 485
1694428626843 167.9324251313073 486
1694428626857 175.07434754304592 487
1694428626872 172.85549700180795 488
1694428626886 166.75048590453454 489
1694428626901 175.2588440335126 490
1694428626915 164.5972484806577 491
1694428626930 170.63307011080767 492
1694428626944 174.2425731579321 493
1694428626961 162.66473130193285 494
1694428626976 169.8207900767331 495
1694428626990 173.463202683999 496
1694428627006 170.89648782824892 497
1694428627021 170.79390867662454 498
1694428627036 166.3358474833012 499
