1694429332752 168.30459622669596 0
1694429332768 164.95472358138724 1
1694429332784 162.33347980952792 2
1694429332799 159.753371177656 3
1694429332816 157.2151244656591 4
1694429332832 154.71804904068176 5
1694429332848 152.26146868833249 6
1694429332864 149.84471843019122 7
1694429332880 147.46714433981384 8
1694429332896 145.12810335575878 9
1694429332913 142.82696309789168 10
1694429332931 140.56310168689436 11
1694429332947 138.33590756691967 12
1694429332963 136.14477933133296 13
1694429332978 133.98912555148448 14
1694429332994 131.86836460845674 15
1694429333010 129.78192452773172 16
1694429333027 127.72924281672549 17
1694429333044 125.70976630513702 18
1694429333061 123.72295098806026 19
1694429333076 121.76826187180909 20
1694429333092 119.8451728224058 21
1694429333108 117.95316641668492 22
1694429333126 116.09173379596477 23
1694429333142 114.26037452224031 24
1694429333157 112.45859643685219 25
1694429333172 110.68591552158668 26
1694429333189 108.94185576216323 27
1694429333205 107.22594901406652 28
1694429333223 105.53773487068082 29
1694429333239 103.87676053368584 30
1694429333255 102.24258068567295 31
1694429333273 100.63475736494253 32
1694429333292 99.05285984244355 33
1694429333309 97.49646450081677 34
1694429333327 95.96515471550467 35
1694429333345 94.45852073789098 36
1694429333362 92.9761595804339 37
1694429333378 91.51767490375772 38
1694429333395 90.08267690566807 39
1694429333410 88.6707822120569 40
1694429333427 87.28161376966372 41
1694429333442 85.91480074066025 42
1694429333459 84.56997839902684 43
1694429333475 83.24678802868824 44
1694429333490 81.94487682337896 45
1694429333506 80.66389778820661 46
1694429333522 79.40350964288453 47
1694429333539 78.16337672660373 48
1694429333555 76.94316890451586 49
1694429333571 75.7425614757988 50
1694429333587 74.56123508327741 51
1694429333603 73.39887562457226 52
1694429333617 72.25517416474969 53
1694429333634 71.12982685044705 54
1694429333651 70.02253482544758 55
1694429333667 68.93300414767947 56
1694429333684 67.86094570761495 57
1694429333699 66.80607514804434 58
1694429333718 65.76811278520191 59
1694429333735 64.74678353121996 60
1694429333751 63.741816817887745 61
1694429333767 62.75294652169359 62
1694429333783 61.77991089012706 63
1694429333798 60.82245246922011 64
1694429333814 59.88031803230562 65
1694429333830 58.953258509972436 66
1694429333847 58.04102892119627 67
1694429333862 57.143388305626225 68
1694429333879 56.260099657007245 69
1694429333895 55.39092985771874 70
1694429333911 54.535649614410616 71
1694429333929 53.69403339471746 72
1694429333951 52.86585936503281 73
1694429333971 52.050909329325115 74
1694429333986 51.24896866897773 75
1694429334002 50.45982628363528 76
1694429334017 49.68327453303945 77
1694429334034 48.91910917983709 78
1694429334050 48.16712933334415 79
1694429334066 47.427137394249186 80
1694429334082 46.69893900024039 81
1694429334097 45.98234297254044 82
1694429334113 45.277161263333745 83
1694429334129 44.58320890407089 84
1694429334146 43.90030395463535 85
1694429334160 43.22826745335803 86
1694429334176 42.566923367864845 87
1694429334192 41.91609854674369 88
1694429334208 41.27562267201662 89
1694429334224 40.64532821240354 90
1694429334240 40.02505037736432 91
1694429334256 39.41462707190593 92
1694429334272 38.81389885214149 93
1694429334288 38.222708881589114 94
1694429334304 37.64090288819736 95
1694429334319 37.06832912208548 96
1694429334335 36.504838313986234 97
1694429334352 35.950283634379396 98
1694429334368 35.4045206533045 99
1694429334386 34.867407300840966 100
1694429334401 34.33880382824495 101
1694429334416 33.81857276973123 102
1694429334432 33.30657890488986 103
1694429334448 32.80268922172642 104
1694429334464 32.306772880315684 105
1694429334481 31.81870117705836 106
1694429334496 31.338347509530593 107
1694429334512 30.865587341916452 108
1694429334528 30.40029817101358 109
1694429334543 29.942359492802357 110
1694429334560 29.491652769569054 111
1694429334575 29.048061397573935 112
1694429334592 28.611470675254818 113
1694429334607 28.181767771957446 114
1694429334623 27.758841697183616 115
1694429334639 27.342583270348584 116
1694429334654 26.932885091039036 117
1694429334671 26.52964150976337 118
1694429334687 26.13274859918608 119
1694429334702 25.742104125837994 120
1694429334717 25.357607522294572 121
1694429334733 24.97915985981439 122
1694429334749 24.606663821430057 123
1694429334766 24.240023675484135 124
1694429334782 23.879145249602477 125
1694429334797 23.523935905097883 126
1694429334812 23.174304511796635 127
1694429334828 22.83016142328113 128
1694429334844 22.491418452541527 129
1694429334860 22.157988848029486 130
1694429334876 21.829787270107587 131
1694429334893 21.506729767887542 132
1694429334908 21.18873375645094 133
1694429334924 20.875717994445978 134
1694429334941 20.56760256205409 135
1694429334956 20.26430883932013 136
1694429334972 19.965759484840294 137
1694429334987 19.671878414801583 138
1694429335003 19.3825907823671 139
1694429335018 19.097822957401487 140
1694429335034 18.817502506530605 141
1694429335050 18.541558173530245 142
1694429335066 18.26991986003809 143
1694429335081 18.002518606583706 144
1694429335097 17.739286573931317 145
1694429335113 17.480157024730033 146
1694429335129 17.225064305466596 147
1694429335146 16.973943828715466 148
1694429335161 16.726732055681413 149
1694429335176 16.48336647902967 150
1694429335192 16.243785605999033 151
1694429335207 16.00792894179306 152
1694429335224 15.775736973244767 153
1694429335240 15.547151152750438 154
1694429335256 15.322113882467907 155
1694429335272 15.100568498774997 156
1694429335286 14.882459256983918 157
1694429335303 14.66773131630712 158
1694429335320 14.456330725070737 159
1694429335334 14.248204406171254 160
1694429335351 14.043300142771608 161
1694429335367 13.841566564232576 162
1694429335381 13.64295313227564 163
1694429335397 13.447410127373466 164
1694429335414 13.254888635364281 165
1694429335430 13.065340534286344 166
1694429335445 12.878718481428995 167
1694429335462 12.694975900596651 168
1694429335478 12.514066969582124 169
1694429335494 12.335946607845937 170
1694429335512 12.160570464398237 171
1694429335527 11.987894905879823 172
1694429335543 11.817877004839103 173
1694429335559 11.650474528201766 174
1694429335575 11.485645925929813 175
1694429335591 11.323350319867068 176
1694429335606 11.163547492767908 177
1694429335622 11.006197877506231 178
1694429335638 10.85126254646168 179
1694429335654 10.698703201080239 180
1694429335670 10.54848216160626 181
1694429335686 10.400562356983158 182
1694429335702 10.25490731491995 183
1694429335718 10.111481152120762 184
1694429335734 9.97024856467504 185
1694429335750 9.831174818605232 186
1694429335766 9.694225740569834 187
1694429335782 9.559367708718929 188
1694429335797 9.426567643699876 189
1694429335814 9.295792999810624 190
1694429335830 9.167011756298132 191
1694429335846 9.040192408799612 192
1694429335863 8.91530396092423 193
1694429335880 8.792315915972887 194
1694429335896 8.671198268793805 195
1694429335913 8.551921497771797 196
1694429335928 8.434456556948863 197
1694429335944 8.318774868274009 198
1694429335962 8.204848313980229 199
1694429335977 8.092649229086417 200
1694429335993 7.982150394022297 201
1694429336009 7.873325027374216 202
1694429336026 7.766146778749868 203
1694429336043 7.66058972176004 204
1694429336060 7.556628347115334 205
1694429336076 7.454237555836074 206
1694429336091 7.353392652573491 207
1694429336108 7.254069339040361 208
1694429336123 7.156243707549272 209
1694429336139 7.059892234656799 210
1694429336155 6.964991774911784 211
1694429336172 6.871519554706065 212
1694429336186 6.779453166225904 213
1694429336202 6.68877056150253 214
1694429336218 6.5994500465600785 215
1694429336234 6.511470275659441 216
1694429336250 6.424810245636296 217
1694429336266 6.339449290331949 218
1694429336282 6.255367075115257 219
1694429336298 6.172543591494325 220
1694429336314 6.090959151816389 221
1694429336330 6.010594384054432 222
1694429336346 5.931430226679163 223
1694429336362 5.853447923614964 224
1694429336378 5.776629019278299 225
1694429336395 5.700955353697393 226
1694429336409 5.626409057711754 227
1694429336426 5.552972548250206 228
1694429336441 5.480628523686223 229
1694429336457 5.4093599592692065 230
1694429336473 5.339150102630537 231
1694429336490 5.269982469363126 232
1694429336506 5.201840838673219 233
1694429336521 5.134709249103408 234
1694429336537 5.068571994325459 235
1694429336553 5.003413619002037 236
1694429336568 4.939218914716066 237
1694429336585 4.875972915966617 238
1694429336601 4.813660896230271 239
1694429336617 4.752268364086864 240
1694429336633 4.691781059408561 241
1694429336650 4.632184949611199 242
1694429336667 4.573466225966923 243
1694429336682 4.515611299977028 244
1694429336698 4.458606799804134 245
1694429336714 4.402439566762608 246
1694429336729 4.3470966518662975 247
1694429336745 4.292565312432752 248
1694429336762 4.238833008742813 249
1694429336777 4.185887400754824 250
1694429336792 4.133716344872463 251
1694429336808 4.08230789076541 252
1694429336825 4.031650278241878 253
1694429336840 3.981731934172215 254
1694429336856 3.932541469462759 255
1694429336871 3.8840676760790886 256
1694429336887 3.8362995241178317 257
1694429336903 3.789226158926308 258
1694429336918 3.7428368982691493 259
1694429336934 3.6971212295411773 260
1694429336950 3.652068807025747 261
1694429336966 3.6076694491978403 262
1694429336983 3.5639131360711565 263
1694429336998 3.520790006588435 264
1694429337014 3.4782903560544396 265
1694429337030 3.436404633610712 266
1694429337045 3.3951234397515706 267
1694429337061 3.354437523880609 268
1694429337077 3.314337781907013 269
1694429337093 3.274815253881106 270
1694429337109 3.2358611216683895 271
1694429337125 3.197466706661562 272
1694429337141 3.1596234675297716 273
1694429337156 3.1223229980046154 274
1694429337173 3.0855570247021578 275
1694429337189 3.0493174049804774 276
1694429337206 3.013596124832112 277
1694429337221 2.9783852968108353 278
1694429337237 2.9436771579922345 279
1694429337254 2.909464067967454 280
1694429337270 2.8757385068696726 281
1694429337286 2.8424930734326805 282
1694429337300 2.8097204830811098 283
1694429337317 2.777413566051709 284
1694429337333 2.745565265545262 285
1694429337349 2.7141686359085355 286
1694429337365 2.6832168408458728 287
1694429337382 2.6527031516598725 288
1694429337398 2.6226209455206666 289
1694429337413 2.5929637037634343 290
1694429337429 2.563725010213555 291
1694429337445 2.5348985495390224 292
1694429337463 2.5064781056296908 293
1694429337478 2.478457560002856 294
1694429337494 2.4508308902347586 295
1694429337510 2.4235921684176267 296
1694429337526 2.396735559641795 297
1694429337542 2.3702553205024715 298
1694429337557 2.3441457976308553 299
1694429337574 2.3184014262490305 300
1694429337590 2.293016728748443 301
1694429337605 2.2679863132914173 302
1694429337621 2.2433048724354125 303
1694429337637 2.2189671817796524 304
1694429337653 2.1949680986337303 305
1694429337670 2.1713025607078147 306
1694429337685 2.1479655848241705 307
1694429337701 2.1249522656495836 308
1694429337716 2.1022577744483746 309
1694429337732 2.079877357855652 310
1694429337747 2.0578063366704913 311
1694429337765 2.0360401046686967 312
1694429337781 2.014574127434834 313
1694429337798 1.993403941213228 314
1694429337815 1.972525151777587 315
1694429337830 1.9519334333189755 316
1694429337846 1.9316245273518349 317
1694429337862 1.9115942416377334 318
1694429337879 1.8918384491265894 319
1694429337894 1.8723530869150449 320
1694429337910 1.8531341552217468 321
1694429337928 1.8341777163792292 322
1694429337943 1.8154798938421504 323
1694429337959 1.7970368712115856 324
1694429337976 1.778844891275141 325
1694429337992 1.760900255062637 326
1694429338008 1.743199320917057 327
1694429338024 1.72573850358059 328
1694429338040 1.7085142732954348 329
1694429338056 1.6915231549191998 330
1694429338072 1.6747617270545945 331
1694429338088 1.658226621193257 332
1694429338104 1.6419145208733905 333
1694429338120 1.6258221608510783 334
1694429338136 1.6099463262849767 335
1694429338152 1.594283851934216 336
1694429338168 1.5788316213692941 337
1694429338184 1.5635865661956958 338
1694429338200 1.5485456652901177 339
1694429338215 1.5337059440490082 340
1694429338231 1.5190644736492676 341
1694429338247 1.5046183703209146 342
1694429338263 1.4903647946314829 343
1694429338279 1.4763009507820204 344
1694429338296 1.4624240859144413 345
1694429338312 1.4487314894300611 346
1694429338328 1.4352204923191667 347
1694429338345 1.4218884665013987 348
1694429338361 1.4087328241767885 349
1694429338378 1.395751017187276 350
1694429338394 1.382940536388536 351
1694429338409 1.3702989110319526 352
1694429338426 1.3578237081565525 353
1694429338441 1.3455125319907577 354
1694429338457 1.3333630233637954 355
1694429338473 1.3213728591266038 356
1694429338490 1.3095397515820588 357
1694429338505 1.2978614479244224 358
1694429338521 1.2863357296878013 359
1694429338538 1.274960412203497 360
1694429338553 1.263733344066136 361
1694429338569 1.2526524066083529 362
1694429338585 1.241715513383982 363
1694429338602 1.230920609659549 364
1694429338617 1.2202656719139657 365
1694429338633 1.2097487073462723 366
1694429338650 1.1993677533913014 367
1694429338667 1.189120877243176 368
1694429338682 1.1790061753864114 369
1694429338698 1.169021773134629 370
1694429338714 1.1591658241766525 371
1694429338730 1.1494365101299102 372
1694429338746 1.1398320401010344 373
1694429338762 1.1303506502535134 374
1694429338778 1.120990603382301 375
1694429338794 1.1117501884952627 376
1694429338810 1.1026277204013455 377
1694429338826 1.0936215393053637 378
1694429338843 1.084730010409307 379
1694429338859 1.0759515235200339 380
1694429338876 1.0672844926632832 381
1694429338893 1.0587273557038608 382
1694429338909 1.0502785739719442 383
1694429338926 1.041936631895378 384
1694429338941 1.033700036637856 385
1694429338956 1.025567317742934 386
1694429338973 1.0175370267837236 387
1694429338989 1.0096077370182164 388
1694429339005 1.0017780430501486 389
1694429339020 0.9940465604952727 390
1694429339036 0.986411925652997 391
1694429339052 0.978872795183277 392
1694429339067 0.9714278457886869 393
1694429339083 0.9640757739015849 394
1694429339098 0.9568152953762789 395
1694429339115 0.9496451451861264 396
1694429339131 0.9425640771254792 397
1694429339146 0.9355708635164017 398
1694429339161 0.9286642949200705 399
1694429339178 0.921843179852803 400
1694429339194 0.9151063445066094 401
1694429339209 0.9084526324742341 402
1694429339225 0.9018809044785726 403
1694429339240 0.8953900381064116 404
1694429339256 0.8889789275464474 405
1694429339272 0.8826464833314421 406
1694429339288 0.8763916320845545 407
1694429339303 0.870213316269668 408
1694429339319 0.8641104939457359 409
1694429339334 0.8580821385250268 410
1694429339350 0.8521272385352415 411
1694429339366 0.8462447973854114 412
1694429339383 0.8404338331355343 413
1694429339398 0.8346933782698792 414
1694429339414 0.8290224794739146 415
1694429339429 0.8234201974147682 416
1694429339446 0.8178856065252069 417
1694429339462 0.8124177947910332 418
1694429339478 0.8070158635418874 419
1694429339495 0.8016789272453687 420
1694429339511 0.7964061133044255 421
1694429339527 0.7911965618579794 422
1694429339542 0.786049425584716 423
1694429339557 0.7809638695099901 424
1694429339574 0.7759390708158016 425
1694429339590 0.7709742186537974 426
1694429339606 0.7660685139612342 427
1694429339622 0.7612211692798625 428
1694429339638 0.7564314085776958 429
1694429339653 0.7516984670736 430
1694429339668 0.7470215910646621 431
1694429339684 0.7424000377563194 432
1694429339700 0.7378330750951427 433
1694429339717 0.7333199816043062 434
1694429339732 0.7288600462216523 435
1694429339748 0.7244525681403149 436
1694429339763 0.7200968566518676 437
1694429339779 0.7157922309919681 438
1694429339794 0.7115380201884338 439
1694429339811 0.7073335629117194 440
1694429339826 0.7031782073277721 441
1694429339842 0.6990713109532013 442
1694429339857 0.6950122405127368 443
1694429339874 0.6910003717989537 444
1694429339890 0.6870350895341981 445
1694429339906 0.6831157872347038 446
1694429339922 0.6792418670768382 447
1694429339937 0.6754127397654842 448
1694429339953 0.6716278244044768 449
1694429339970 0.6678865483690876 450
1694429339986 0.6641883471805371 451
1694429340001 0.6605326643824472 452
1694429340021 0.6569189514192894 453
1694429340039 0.6533466675167006 454
1694429340056 0.649815279563711 455
1694429340072 0.6463242619968252 456
1694429340091 0.642873096685909 457
1694429340106 0.6394612728218939 458
1694429340121 0.6360882868062239 459
1694429340137 0.6327536421420619 460
1694429340152 0.6294568493271863 461
1694429340168 0.626197425748581 462
1694429340185 0.6229748955786867 463
1694429340201 0.6197887896732535 464
1694429340215 0.6166386454708297 465
1694429340232 0.6135240068938043 466
1694429340248 0.6104444242510039 467
1694429340264 0.6073994541418238 468
1694429340279 0.6043886593618617 469
1694429340296 0.6014116088100088 470
1694429340312 0.5984678773970246 471
1694429340328 0.5955570459555166 472
1694429340343 0.5926787011513462 473
1694429340360 0.5898324353964116 474
1694429340376 0.5870178467627873 475
1694429340392 0.5842345388982241 476
1694429340407 0.5814821209429394 477
1694429340423 0.5787602074477454 478
1694429340439 0.5760684182934089 479
1694429340454 0.5734063786113099 480
1694429340471 0.5707737187053135 481
1694429340486 0.568170073974863 482
1694429340503 0.5655950848392767 483
1694429340519 0.5630483966632214 484
1694429340534 0.5605296596833353 485
1694429340549 0.5580385289360174 486
1694429340566 0.5555746641863061 487
1694429340582 0.5531377298578923 488
1694429340597 0.5507273949642082 489
1694429340616 0.5483433330405783 490
1694429340632 0.5459852220774445 491
1694429340649 0.5436527444546003 492
1694429340665 0.5413455868764723 493
1694429340681 0.5390634403083825 494
1694429340698 0.536805999913812 495
1694429340713 0.5345729649926334 496
1694429340729 0.5323640389202914 497
1694429340743 0.530178929087937 498
1694429340760 0.5280173468434823 499
