1694435440663 168.89967544445548 0
1694435440690 168.56115720152764 1
1694435440714 168.22511676221558 2
1694435440741 167.88975099855756 3
1694435440770 167.55505854250094 4
1694435440798 167.2210380288204 5
1694435440824 166.88768809511197 6
1694435440852 166.55500738178702 7
1694435440879 166.22299453206597 8
1694435440908 165.8916481919727 9
1694435440937 165.56096701032814 10
1694435440964 165.23094963874436 11
1694435440987 164.90159473161876 12
1694435441008 164.57290094612796 13
1694435441030 164.2448669422218 14
1694435441055 163.9174913826175 15
1694435441080 163.59077293279375 16
1694435441105 163.26471026098466 17
1694435441129 162.9393020381739 18
1694435441153 162.61454693808898 19
1694435441178 162.290443637195 20
1694435441206 161.96699081468938 21
1694435441236 161.64418715249525 22
1694435441262 161.3220313352563 23
1694435441290 161.00052205033057 24
1694435441316 160.67965798778476 25
1694435441339 160.3594378403885 26
1694435441361 160.03986030360835 27
1694435441386 159.72092407560223 28
1694435441410 159.4026278572137 29
1694435441438 159.084970351966 30
1694435441462 158.76795026605646 31
1694435441483 158.45156630835083 32
1694435441505 158.13581719037748 33
1694435441530 157.82070162632172 34
1694435441558 157.5062183330202 35
1694435441581 157.19236602995514 36
1694435441603 156.87914343924876 37
1694435441625 156.56654928565766 38
1694435441651 156.254582296567 39
1694435441674 155.94324120198522 40
1694435441701 155.6325247345381 41
1694435441727 155.3224316294634 42
1694435441750 155.01296062460523 43
1694435441774 154.70411046040843 44
1694435441798 154.39587987991308 45
1694435441825 154.08826762874895 46
1694435441850 153.78127245512994 47
1694435441879 153.47489310984864 48
1694435441904 153.1691283462708 49
1694435441924 152.86397692032978 50
1694435441945 152.55943759052116 51
1694435441966 152.2555091178973 52
1694435441989 151.9521902660618 53
1694435442009 151.64947980116395 54
1694435442029 151.3473764918938 55
1694435442052 151.0458791094762 56
1694435442080 150.74498642766554 57
1694435442104 150.44469722274064 58
1694435442125 150.14501027349894 59
1694435442145 149.84592436125158 60
1694435442167 149.5474382698177 61
1694435442191 149.2495507855192 62
1694435442212 148.9522606971756 63
1694435442238 148.6555667960985 64
1694435442259 148.35946787608628 65
1694435442279 148.06396273341906 66
1694435442298 147.76905016685302 67
1694435442319 147.47472897761557 68
1694435442340 147.18099796939975 69
1694435442360 146.88785594835915 70
1694435442381 146.59530172310266 71
1694435442401 146.30333410468924 72
1694435442425 146.01195190662276 73
1694435442449 145.72115394484666 74
1694435442470 145.430939037739 75
1694435442490 145.141306006107 76
1694435442510 144.8522536731822 77
1694435442534 144.56378086461496 78
1694435442557 144.27588640846972 79
1694435442577 143.9885691352195 80
1694435442596 143.70182787774098 81
1694435442617 143.41566147130945 82
1694435442640 143.13006875359355 83
1694435442665 142.84504856465034 84
1694435442684 142.56059974692013 85
1694435442703 142.27672114522153 86
1694435442721 141.9934116067462 87
1694435442740 141.71066998105414 88
1694435442759 141.42849512006836 89
1694435442778 141.14688587807007 90
1694435442797 140.86584111169344 91
1694435442817 140.58535967992105 92
1694435442837 140.30544044407847 93
1694435442859 140.02608226782942 94
1694435442880 139.74728401717104 95
1694435442901 139.46904456042859 96
1694435442920 139.19136276825074 97
1694435442941 138.91423751360466 98
1694435442960 138.63766767177103 99
1694435442980 138.36165212033913 100
1694435442998 138.08618973920198 101
1694435443017 137.81127941055158 102
1694435443036 137.5369200188738 103
1694435443058 137.26311045094369 104
1694435443079 136.9898495958207 105
1694435443100 136.71713634484354 106
1694435443123 136.4449695916258 107
1694435443143 136.1733482320508 108
1694435443162 135.90227116426684 109
1694435443185 135.6317372886826 110
1694435443205 135.361745507962 111
1694435443228 135.09229472702 112
1694435443249 134.82338385301713 113
1694435443269 134.5550117953554 114
1694435443287 134.2871774656731 115
1694435443310 134.01987977784023 116
1694435443332 133.75311764795399 117
1694435443352 133.4868899943337 118
1694435443372 133.22119573751635 119
1694435443393 132.95603380025196 120
1694435443411 132.6914031074986 121
1694435443430 132.42730258641805 122
1694435443448 132.16373116637106 123
1694435443468 131.90068777891264 124
1694435443488 131.63817135778743 125
1694435443513 131.37618083892517 126
1694435443533 131.11471516043596 127
1694435443554 130.85377326260584 128
1694435443574 130.59335408789192 129
1694435443594 130.33345658091818 130
1694435443613 130.07407968847053 131
1694435443633 129.81522235949248 132
1694435443652 129.55688354508047 133
1694435443674 129.29906219847942 134
1694435443696 129.04175727507814 135
1694435443717 128.78496773240485 136
1694435443741 128.5286925301226 137
1694435443762 128.27293063002492 138
1694435443787 128.01768099603115 139
1694435443808 127.76294259418204 140
1694435443826 127.50871439263534 141
1694435443845 127.25499536166122 142
1694435443865 127.00178447363793 143
1694435443891 126.74908070304727 144
1694435443913 126.4968830264703 145
1694435443931 126.24519042258268 146
1694435443949 125.99400187215056 147
1694435443971 125.74331635802591 148
1694435443988 125.49313286514226 149
1694435444008 125.24345038051037 150
1694435444028 124.9942678932137 151
1694435444047 124.74558439440423 152
1694435444068 124.497398877298 153
1694435444087 124.2497103371707 154
1694435444105 124.00251777135352 155
1694435444125 123.75582017922872 156
1694435444145 123.50961656222529 157
1694435444167 123.26390592381473 158
1694435444185 123.01868726950669 159
1694435444206 122.77395960684467 160
1694435444229 122.52972194540187 161
1694435444255 122.28597329677679 162
1694435444281 122.04271267458897 163
1694435444306 121.79993909447488 164
1694435444328 121.55765157408355 165
1694435444350 121.31584913307239 166
1694435444375 121.07453079310301 167
1694435444401 120.83369557783692 168
1694435444426 120.59334251293139 169
1694435444452 120.35347062603529 170
1694435444475 120.11407894678483 171
1694435444500 119.87516650679943 172
1694435444523 119.6367323396776 173
1694435444546 119.39877548099268 174
1694435444573 119.1612949682888 175
1694435444592 118.92428984107667 176
1694435444617 118.68775914082954 177
1694435444641 118.45170191097894 178
1694435444666 118.21611719691077 179
1694435444690 117.981004045961 180
1694435444716 117.74636150741169 181
1694435444741 117.51218863248694 182
1694435444762 117.27848447434876 183
1694435444783 117.0452480880929 184
1694435444807 116.8124785307451 185
1694435444829 116.58017486125675 186
1694435444850 116.34833614050095 187
1694435444872 116.11696143126854 188
1694435444897 115.88604979826398 189
1694435444922 115.6556003081015 190
1694435444945 115.4256120293009 191
1694435444968 115.19608403228368 192
1694435444994 114.96701538936905 193
1694435445018 114.73840517476994 194
1694435445042 114.510252464589 195
1694435445067 114.28255633681472 196
1694435445092 114.05531587131743 197
1694435445115 113.8285301498453 198
1694435445141 113.6021982560206 199
1694435445165 113.3763192753355 200
1694435445190 113.15089229514848 201
1694435445214 112.92591640468015 202
1694435445238 112.70139069500951 203
1694435445264 112.47731425906996 204
1694435445286 112.25368619164553 205
1694435445310 112.03050558936695 206
1694435445337 111.80777155070776 207
1694435445361 111.58548317598051 208
1694435445385 111.3636395673329 209
1694435445409 111.1422398287439 210
1694435445433 110.92128306602002 211
1694435445455 110.70076838679137 212
1694435445478 110.48069490050796 213
1694435445500 110.2610617184358 214
1694435445519 110.04186795365314 215
1694435445542 109.82311272104677 216
1694435445567 109.60479513730809 217
1694435445590 109.38691432092942 218
1694435445616 109.16946939220028 219
1694435445646 108.95245947320356 220
1694435445674 108.73588368781179 221
1694435445698 108.51974116168344 222
1694435445722 108.30403102225918 223
1694435445747 108.08875239875812 224
1694435445772 107.87390442217414 225
1694435445797 107.6594862252721 226
1694435445822 107.4454969425844 227
1694435445848 107.23193571040692 228
1694435445876 107.01880166679561 229
1694435445901 106.80609395156273 230
1694435445928 106.59381170627314 231
1694435445954 106.38195407424078 232
1694435445980 106.17052020052489 233
1694435446001 105.95950923192636 234
1694435446019 105.74892031698428 235
1694435446040 105.53875260597209 236
1694435446062 105.32900525089407 237
1694435446086 105.11967740548181 238
1694435446111 104.9107682251904 239
1694435446135 104.70227686719507 240
1694435446157 104.49420249038741 241
1694435446176 104.28654425537196 242
1694435446197 104.07930132446249 243
1694435446215 103.87247286167856 244
1694435446237 103.66605803274189 245
1694435446256 103.46005600507283 246
1694435446280 103.25446594778685 247
1694435446299 103.049287031691 248
1694435446321 102.84451842928036 249
1694435446340 102.64015931473455 250
1694435446360 102.43620886391417 251
1694435446385 102.23266625435747 252
1694435446407 102.02953066527655 253
1694435446427 101.82680127755422 254
1694435446449 101.6244772737403 255
1694435446471 101.42255783804818 256
1694435446493 101.22104215635143 257
1694435446516 101.01992941618029 258
1694435446541 100.81921880671825 259
1694435446566 100.61890951879859 260
1694435446591 100.41900074490097 261
1694435446611 100.21949167914796 262
1694435446636 100.02038151730167 263
1694435446660 99.82166945676038 264
1694435446682 99.62335469655497 265
1694435446705 99.42543643734575 266
1694435446726 99.22791388141889 267
1694435446749 99.03078623268314 268
1694435446771 98.83405269666642 269
1694435446795 98.63771248051249 270
1694435446815 98.44176479297751 271
1694435446834 98.2462088444268 272
1694435446858 98.05104384683139 273
1694435446880 97.85626901376476 274
1694435446903 97.66188356039952 275
1694435446923 97.46788670350396 276
1694435446948 97.27427766143893 277
1694435446970 97.08105565415435 278
1694435446991 96.88821990318604 279
1694435447012 96.69576963165234 280
1694435447033 96.50370406425088 281
1694435447055 96.31202242725531 282
1694435447075 96.12072394851197 283
1694435447095 95.92980785743661 284
1694435447114 95.73927338501129 285
1694435447133 95.54911976378087 286
1694435447153 95.35934622785008 287
1694435447176 95.16995201287996 288
1694435447198 94.9809363560849 289
1694435447222 94.79229849622924 290
1694435447246 94.60403767362413 291
1694435447272 94.41615313012434 292
1694435447296 94.22864410912499 293
1694435447315 94.0415098555584 294
1694435447335 93.85474961589092 295
1694435447354 93.6683626381197 296
1694435447372 93.48234817176956 297
1694435447391 93.29670546788978 298
1694435447409 93.11143377905096 299
1694435447427 92.92653235934188 300
1694435447444 92.74200046436634 301
1694435447462 92.55783735124004 302
1694435447480 92.3740422785874 303
1694435447500 92.19061450653847 304
1694435447518 92.00755329672576 305
1694435447537 91.82485791228127 306
1694435447555 91.64252761783321 307
1694435447573 91.46056167950296 308
1694435447591 91.27895936490201 309
1694435447608 91.09771994312888 310
1694435447626 90.91684268476597 311
1694435447645 90.73632686187655 312
1694435447663 90.55617174800167 313
1694435447681 90.37637661815712 314
1694435447700 90.19694074883036 315
1694435447718 90.01786341797741 316
1694435447735 89.83914390501994 317
1694435447753 89.6607814908422 318
1694435447771 89.48277545778784 319
1694435447789 89.30512508965717 320
1694435447807 89.12782967170386 321
1694435447825 88.95088849063212 322
1694435447842 88.77430083459363 323
1694435447860 88.59806599318458 324
1694435447877 88.42218325744257 325
1694435447896 88.24665191984387 326
1694435447914 88.0714712743001 327
1694435447932 87.89664061615562 328
1694435447950 87.72215924218428 329
1694435447967 87.54802645058665 330
1694435447984 87.37424154098699 331
1694435448003 87.2008038144303 332
1694435448020 87.02771257337942 333
1694435448038 86.85496712171208 334
1694435448055 86.68256676471795 335
1694435448073 86.5105108090958 336
1694435448091 86.33879856295047 337
1694435448109 86.16742933579008 338
1694435448127 85.99640243852306 339
1694435448144 85.82571718345528 340
1694435448161 85.65537288428716 341
1694435448179 85.48536885611081 342
1694435448197 85.31570441540708 343
1694435448215 85.1463788800428 344
1694435448233 84.97739156926784 345
1694435448251 84.8087418037123 346
1694435448269 84.64042890538359 347
1694435448286 84.47245219766364 348
1694435448304 84.3048110053061 349
1694435448321 84.13750465443343 350
1694435448339 83.97053247253412 351
1694435448356 83.80389378845982 352
1694435448374 83.6375879324226 353
1694435448392 83.47161423599212 354
1694435448410 83.30597203209274 355
1694435448428 83.1406606550009 356
1694435448446 82.97567944034212 357
1694435448463 82.81102772508844 358
1694435448481 82.64670484755538 359
1694435448500 82.48271014739944 360
1694435448518 82.3190429656152 361
1694435448535 82.15570264453244 362
1694435448552 81.99268852781368 363
1694435448570 81.82999996045119 364
1694435448587 81.66763628876427 365
1694435448606 81.50559686039666 366
1694435448623 81.34388102431367 367
1694435448641 81.18248813079951 368
1694435448659 81.02141753145452 369
1694435448678 80.86066857919256 370
1694435448695 80.70024062823823 371
1694435448713 80.54013303412415 372
1694435448731 80.3803451536883 373
1694435448753 80.22087634507135 374
1694435448770 80.06172596771391 375
1694435448790 79.90289338235391 376
1694435448814 79.7443779510239 377
1694435448833 79.58617903704844 378
1694435448852 79.42829600504129 379
1694435448870 79.27072822090292 380
1694435448887 79.11347505181777 381
1694435448906 78.95653586625164 382
1694435448924 78.79991003394903 383
1694435448941 78.64359692593052 384
1694435448960 78.48759591449013 385
1694435448977 78.33190637319268 386
1694435448997 78.17652767687127 387
1694435449014 78.0214592016245 388
1694435449032 77.86670032481405 389
1694435449050 77.71225042506194 390
1694435449067 77.55810888224798 391
1694435449085 77.40427507750728 392
1694435449103 77.25074839322741 393
1694435449123 77.09752821304613 394
1694435449147 76.94461392184866 395
1694435449166 76.79200490576504 396
1694435449183 76.63970055216775 397
1694435449203 76.48770024966899 398
1694435449222 76.33600338811824 399
1694435449239 76.18460935859969 400
1694435449256 76.03351755342965 401
1694435449274 75.88272736615404 402
1694435449291 75.73223819154593 403
1694435449310 75.5820494256029 404
1694435449328 75.43216046554465 405
1694435449346 75.2825707098103 406
1694435449363 75.13327955805612 407
1694435449382 74.98428641115282 408
1694435449400 74.83559067118324 409
1694435449418 74.68719174143962 410
1694435449436 74.53908902642141 411
1694435449453 74.39128193183251 412
1694435449470 74.243769864579 413
1694435449488 74.09655223276648 414
1694435449506 73.94962844569784 415
1694435449524 73.80299791387057 416
1694435449542 73.65666004897449 417
1694435449560 73.51061426388912 418
1694435449579 73.36485997268143 419
1694435449600 73.2193965906032 420
1694435449617 73.0742235340888 421
1694435449635 72.92934022075256 422
1694435449654 72.78474606938647 423
1694435449674 72.64044049995775 424
1694435449692 72.49642293360637 425
1694435449710 72.35269279264271 426
1694435449727 72.20924950054516 427
1694435449746 72.06609248195763 428
1694435449763 71.92322116268727 429
1694435449781 71.78063496970202 430
1694435449799 71.63833333112824 431
1694435449816 71.49631567624833 432
1694435449834 71.35458143549836 433
1694435449851 71.21313004046571 434
1694435449869 71.07196092388668 435
1694435449887 70.9310735196442 436
1694435449905 70.79046726276532 437
1694435449922 70.65014158941912 438
1694435449941 70.51009593691408 439
1694435449958 70.37032974369602 440
1694435449975 70.23084244934543 441
1694435449992 70.09163349457555 442
1694435450010 69.9527023212297 443
1694435450029 69.81404837227915 444
1694435450046 69.6756710918207 445
1694435450064 69.53756992507454 446
1694435450082 69.3997443183817 447
1694435450099 69.26219371920197 448
1694435450116 69.1249175761115 449
1694435450138 68.98791533880048 450
1694435450156 68.85118645807094 451
1694435450181 68.7147303858345 452
1694435450203 68.57854657510995 453
1694435450222 68.44263448002106 454
1694435450242 68.30699355579438 455
1694435450262 68.17162325875685 456
1694435450284 68.0365230463337 457
1694435450305 67.90169237704599 458
1694435450330 67.76713071050858 459
1694435450350 67.63283750742778 460
1694435450369 67.49881222959908 461
1694435450389 67.36505433990504 462
1694435450409 67.23156330231292 463
1694435450430 67.09833858187255 464
1694435450451 66.96537964471413 465
1694435450470 66.83268595804593 466
1694435450490 66.70025699015211 467
1694435450510 66.56809221039059 468
1694435450530 66.43619108919076 469
1694435450551 66.30455309805133 470
1694435450571 66.17317770953815 471
1694435450591 66.04206439728198 472
1694435450611 65.91121263597631 473
1694435450630 65.7806219013753 474
1694435450651 65.65029167029144 475
1694435450669 65.52022142059349 476
1694435450692 65.39041063120425 477
1694435450713 65.26085878209852 478
1694435450735 65.13156535430082 479
1694435450759 65.00252982988327 480
1694435450778 64.8737516919635 481
1694435450798 64.7452304247025 482
1694435450816 64.6169655133024 483
1694435450835 64.48895644400444 484
1694435450855 64.36120270408682 485
1694435450875 64.23370378186252 486
1694435450894 64.10645916667723 487
1694435450912 63.979468348907275 488
1694435450930 63.85273081995745 489
1694435450950 63.72624607225891 490
1694435450967 63.600013599267115 491
1694435450984 63.474032895459686 492
1694435451001 63.34830345633439 493
1694435451020 63.22282477840697 494
1694435451039 63.09759635920907 495
1694435451058 62.97261769728624 496
1694435451076 62.84788829219577 497
1694435451098 62.7234076445047 498
1694435451121 62.59917525578767 499
