1694438681688 0.5045270358080112 0
1694438681758 0.08321461689708652 1
1694438681831 0.009362251764640997 2
1694438681900 0.12813582065213544 3
1694438681970 0.21051857996428375 4
1694438682040 0.05623038685587003 5
1694438682109 0.13914447264945423 6
1694438682181 0.002254394003018664 7
1694438682253 0.009327618575268143 8
1694438682323 0.09160994690372352 9
1694438682392 0.06216243106475954 10
1694438682463 0.2400158959936531 11
1694438682532 0.17753195272205766 12
1694438682603 0.0005093522060235019 13
1694438682672 0.016339971662732048 14
1694438682741 0.020522266952727637 15
1694438682810 0.019523947978664212 16
1694438682881 0.838624101444956 17
1694438682950 0.010392225494947614 18
1694438683019 0.232626990244426 19
1694438683090 0.23035215237721024 20
1694438683158 0.014339252702153527 21
1694438683227 0.002597351699079726 22
1694438683296 0.0014293114743532563 23
1694438683365 0.0011158548708573638 24
1694438683434 0.000891162734789132 25
1694438683504 0.1442185686573687 26
1694438683574 0.016593252838349632 27
1694438683643 0.34256105579905133 28
1694438683714 0.04430395832477567 29
1694438683783 0.32406698659733996 30
1694438683853 0.31044473086840285 31
1694438683922 4.862420822553358e-05 32
1694438683990 0.010764591429588228 33
1694438684058 4.641143395614576e-06 34
1694438684128 0.020223664155567603 35
1694438684198 0.5469709645518439 36
1694438684266 0.04435185146721336 37
1694438684335 0.07301878574384277 38
1694438684404 0.10186583961960394 39
1694438684472 0.07195746699796116 40
1694438684542 0.1527602104291623 41
1694438684614 0.019325400923051315 42
1694438684683 0.3428764432172195 43
1694438684753 0.006222103783544883 44
1694438684824 0.0941074806917036 45
1694438684893 0.005931142805290966 46
1694438684961 0.03254282335595223 47
1694438685031 0.017327804977713083 48
1694438685099 0.3393487358053784 49
1694438685168 0.5400477752267977 50
1694438685237 0.0032642837750708788 51
1694438685307 0.0013415748030404788 52
1694438685376 0.09959329038921384 53
1694438685445 0.0671160145296036 54
1694438685514 0.10875287370266588 55
1694438685583 0.03706786941509646 56
1694438685652 0.013962484219308654 57
1694438685721 0.007353877292903293 58
1694438685790 0.0531016354254251 59
1694438685858 0.0018203415200060112 60
1694438685928 0.015725461599082436 61
1694438685997 0.26931251386165883 62
1694438686065 0.1018800137655812 63
1694438686134 0.000271165729082854 64
1694438686203 0.013913701628919981 65
1694438686272 0.061754984056481485 66
1694438686342 0.005180683759695935 67
1694438686411 0.06348191647181906 68
1694438686480 0.123216918518367 69
1694438686549 0.013972822099853632 70
1694438686618 0.15739410291291692 71
1694438686687 0.004383297114851577 72
1694438686756 0.04885249500249732 73
1694438686824 0.015228795970467167 74
1694438686893 0.205309814290335 75
1694438686963 0.026583060715512603 76
1694438687031 0.04758397922848502 77
1694438687100 1.2118428347911823e-05 78
1694438687172 0.27601590903503564 79
1694438687241 0.31744321201387565 80
1694438687310 0.12242838123585607 81
1694438687379 0.022120000650216617 82
1694438687449 0.06966403418063 83
1694438687518 0.052231154274675264 84
1694438687586 0.0003980910445781172 85
1694438687656 0.44715217444701155 86
1694438687724 0.3689611512550373 87
1694438687793 0.04253191301502611 88
1694438687864 0.01845953899144889 89
1694438687934 0.00031255369111515304 90
1694438688003 0.6306357319758933 91
1694438688072 0.03746972518573597 92
1694438688141 0.0452499212752304 93
1694438688210 0.03217263979724612 94
1694438688280 0.08442680257362384 95
1694438688348 0.03646543533353495 96
1694438688418 0.1624778471950817 97
1694438688488 0.028857894144345468 98
1694438688557 0.0035752161145216257 99
1694438688626 0.00023291776539707918 100
1694438688696 0.07391461398394412 101
1694438688764 0.8207782426295738 102
1694438688834 0.02778330167297669 103
1694438688904 0.10528182358500182 104
1694438688974 0.012683495831368193 105
1694438689043 0.007237809753395622 106
1694438689113 0.1870253961785202 107
1694438689182 0.0013502438594535902 108
1694438689251 0.03231800876665861 109
1694438689320 0.19727321850251578 110
1694438689390 0.16074794425688288 111
1694438689459 0.125889205399605 112
1694438689527 0.00014264466654097068 113
1694438689596 0.02305447470199528 114
1694438689667 0.0035918792160615 115
1694438689737 0.014820730292754195 116
1694438689805 0.1078748593131798 117
1694438689875 0.05291271104836087 118
1694438689944 0.03239065552045653 119
1694438690013 0.03531741368271831 120
1694438690082 0.0002328942391404601 121
1694438690151 0.06280282006956595 122
1694438690220 0.0005078452991492416 123
1694438690289 0.11493757332242059 124
1694438690358 0.07278577910798661 125
1694438690426 0.05284525305909275 126
1694438690502 0.00032362379491574026 127
1694438690574 0.0019313274463427833 128
1694438690643 0.44170135174521274 129
1694438690712 0.0009550332530845975 130
1694438690781 0.04119720069620698 131
1694438690850 0.019796982449734803 132
1694438690919 0.005612672820649393 133
1694438690987 0.023286861949038992 134
1694438691057 0.04598931235764924 135
1694438691126 0.046325384126996806 136
1694438691196 0.03666913971568996 137
1694438691263 0.05119394034691953 138
1694438691332 0.054976802262413645 139
1694438691401 0.009464404950653189 140
1694438691471 0.0013986936237977028 141
1694438691539 0.2701611852538215 142
1694438691609 0.013035023639244499 143
1694438691678 0.002718128697164013 144
1694438691748 0.0058553669567133855 145
1694438691817 0.11081915901179144 146
1694438691886 0.0008572836537069781 147
1694438691956 0.05962901233082698 148
1694438692025 0.03398622814327829 149
1694438692094 0.0020285613496176936 150
1694438692162 0.09038436198025064 151
1694438692230 0.12352668350289162 152
1694438692299 0.056010896833246886 153
1694438692369 0.07084103174025165 154
1694438692438 0.28503161481397693 155
1694438692507 0.08210251596031229 156
1694438692576 0.0007318657847769345 157
1694438692645 0.007391674704330916 158
1694438692713 0.0013377774364408902 159
1694438692783 0.3277141636640421 160
1694438692853 0.31684019946117903 161
1694438692920 0.013202363203964226 162
1694438692989 0.011735632667355687 163
1694438693058 0.02936654063604882 164
1694438693129 0.010142039636684733 165
1694438693198 0.04833637637719377 166
1694438693268 0.04104887944074986 167
1694438693342 0.03223270122899855 168
1694438693412 0.6633239548686831 169
1694438693481 0.00043641504549557335 170
1694438693550 0.059544425055426134 171
1694438693619 0.16947869161791687 172
1694438693688 0.01656329096243962 173
1694438693757 0.07482857095668635 174
1694438693826 0.25548521210338826 175
1694438693896 0.006257570634332047 176
1694438693968 0.01664876135390001 177
1694438694037 0.0776280495201981 178
1694438694107 0.15255717512455802 179
1694438694176 0.19975888858017896 180
1694438694245 0.15687026078045976 181
1694438694315 0.02682761995224715 182
1694438694385 0.03214755457412609 183
1694438694453 0.00042067094869308193 184
1694438694522 0.03214861651026027 185
1694438694591 0.07610485664082121 186
1694438694661 0.0011737216087985307 187
1694438694730 0.1822665834840514 188
1694438694799 0.012982551171271233 189
1694438694869 0.006846999684751561 190
1694438694937 1.5239535816278509e-05 191
1694438695006 0.01596451334836607 192
1694438695075 0.6242444173311434 193
1694438695145 0.30780481282191957 194
1694438695213 0.05304891245542184 195
1694438695283 0.024152944933073746 196
1694438695352 0.025665168788573983 197
1694438695420 0.16737424196743564 198
1694438695489 0.11902768142814704 199
1694438695558 0.033135224995573184 200
1694438695628 0.22697996627657083 201
1694438695699 0.0008674651654281085 202
1694438695767 0.11068269689498642 203
1694438695836 0.11051033059881771 204
1694438695906 0.05269198892284327 205
1694438695974 0.1336300496674446 206
1694438696043 0.592137108604496 207
1694438696112 0.0496284827168818 208
1694438696180 0.25199512382469064 209
1694438696249 0.14895706030801115 210
1694438696319 0.2178772208205615 211
1694438696388 0.03537830861648023 212
1694438696457 0.0054935905427090535 213
1694438696525 0.005599768730552845 214
1694438696595 0.34718423996776576 215
1694438696663 0.05315518165116388 216
1694438696732 0.01500217393469226 217
1694438696801 0.0010854147956899168 218
1694438696869 0.02121694654410466 219
1694438696938 0.06660877384297098 220
1694438697007 0.023526545750572614 221
1694438697076 0.03902084190200779 222
1694438697144 0.037136569591905214 223
1694438697214 0.3186081746233545 224
1694438697283 0.07964890938107697 225
1694438697350 0.06477934724084133 226
1694438697419 0.3421561405428819 227
1694438697489 0.0005421272026769819 228
1694438697558 0.005374665812116803 229
1694438697627 0.05653445952495965 230
1694438697697 0.0010452573381526226 231
1694438697767 0.1404940589905824 232
1694438697837 0.003172460012225191 233
1694438697905 0.0016302345297334682 234
1694438697974 0.08396972951815217 235
1694438698044 0.003327760951607067 236
1694438698114 0.004706118295012541 237
1694438698183 0.08534340148577352 238
1694438698255 0.12004275369100004 239
1694438698325 0.02865698024181735 240
1694438698394 0.1773078462518493 241
1694438698463 0.18289549339017253 242
1694438698532 0.5506662154652081 243
1694438698600 0.026859975568158844 244
1694438698669 0.024246253544006342 245
1694438698738 0.016557818980536335 246
1694438698808 0.2270549116350232 247
1694438698876 0.013274023918038606 248
1694438698946 0.004696545389262741 249
1694438699014 0.06915379330191528 250
1694438699082 0.0003680630887868113 251
1694438699153 0.07470371070536534 252
1694438699222 0.04561295379886951 253
1694438699292 0.013083413593610056 254
1694438699360 0.06267890225422743 255
1694438699430 0.06188859577088534 256
1694438699499 0.0325422249699269 257
1694438699567 0.00013287615739396178 258
1694438699638 0.019703805094448457 259
1694438699707 0.0010556339867596046 260
1694438699776 0.015746175571162126 261
1694438699846 0.0012057213361981994 262
1694438699914 0.03968870076522337 263
1694438699985 0.20966164717979463 264
1694438700057 0.014743494750384943 265
1694438700128 0.03292359830304078 266
1694438700197 0.2527972955111297 267
1694438700266 0.02933977697579887 268
1694438700335 0.31597275156840343 269
1694438700403 0.0005207992088871641 270
1694438700472 0.019724387370142555 271
1694438700542 0.008981652990019953 272
1694438700611 0.01731081362808015 273
1694438700680 0.0016248589990193176 274
1694438700749 0.1858208224442299 275
1694438700819 0.041294737258134075 276
1694438700888 0.0004892974906276132 277
1694438700959 0.0002365978483165024 278
1694438701028 0.053540025371187634 279
1694438701097 0.08946322184045036 280
1694438701167 0.028506470215343766 281
1694438701236 0.06879549107731121 282
1694438701307 0.041867823763010126 283
1694438701376 0.09509696697919831 284
1694438701445 0.04157997673002915 285
1694438701514 0.0019921030127034354 286
1694438701583 0.0014612898843160361 287
1694438701654 0.015881983678141743 288
1694438701722 0.08358543459103411 289
1694438701792 0.0004581416485922972 290
1694438701861 0.007721271790256805 291
1694438701932 0.12094217195435106 292
1694438702001 0.020387417330029342 293
1694438702072 0.059237231749962364 294
1694438702141 0.07464177391174255 295
1694438702210 0.543964080723389 296
1694438702279 0.005018631278112143 297
1694438702347 0.0395104946754504 298
1694438702416 0.006410163738599841 299
1694438702485 0.04677088721022115 300
1694438702554 0.11126984562003685 301
1694438702623 0.01729217476256352 302
1694438702694 0.03957695175893217 303
1694438702762 0.06748268355205837 304
1694438702830 0.09637333081119379 305
1694438702900 3.357378407823212e-05 306
1694438702968 0.02632180361681211 307
1694438703040 0.05064067777985496 308
1694438703109 0.0012292299804406068 309
1694438703179 0.00907887076856864 310
1694438703248 7.594864959659453e-05 311
1694438703317 0.7322503937194023 312
1694438703387 0.2512613380511658 313
1694438703457 0.007462978788163354 314
1694438703530 0.007692030647779289 315
1694438703599 0.46738542448883913 316
1694438703669 0.05248034904937811 317
1694438703739 0.022815417498460666 318
1694438703809 0.09262520467234742 319
1694438703879 0.2875194962201572 320
1694438703949 0.004316594495057731 321
1694438704021 0.02639762064829501 322
1694438704091 0.41168097466657944 323
1694438704165 0.06698859904276082 324
1694438704235 0.0013407054613970837 325
1694438704305 0.040787769578010176 326
1694438704373 0.02294009657175852 327
1694438704442 0.10500537586986304 328
1694438704512 0.02041428151153405 329
1694438704583 0.03308193132158709 330
1694438704653 7.733364246599494e-07 331
1694438704733 0.09974620884359263 332
1694438704804 0.049447544379949124 333
1694438704874 0.27277914750946824 334
1694438704944 0.06912599699710997 335
1694438705013 0.05685130122234283 336
1694438705084 0.09311198425310692 337
1694438705154 0.016420106874433685 338
1694438705224 0.34663560144723493 339
1694438705295 0.00044710161794867144 340
1694438705366 0.014788279649632129 341
1694438705436 0.0011097762980462732 342
1694438705505 0.33309428641654604 343
1694438705575 0.13484873489769617 344
1694438705644 0.05832548284538206 345
1694438705714 0.06974756512609766 346
1694438705784 0.02542003434802826 347
1694438705858 0.011038349168609808 348
1694438705929 0.028708132447751895 349
1694438705998 0.10416319030026974 350
1694438706067 0.07080994222843524 351
1694438706137 0.27243808170428285 352
1694438706207 0.06599848497058539 353
1694438706279 0.03767909586815764 354
1694438706351 0.016834725383253347 355
1694438706423 0.08556824180457023 356
1694438706494 0.04565874690192036 357
1694438706565 0.014209724076009896 358
1694438706634 0.023114012487553303 359
1694438706704 0.024460950379649484 360
1694438706776 0.006338641215409162 361
1694438706846 0.0004840053055517154 362
1694438706915 0.009088914643460342 363
1694438706984 0.08482915556471772 364
1694438707054 0.07640738001906713 365
1694438707125 0.02320039118142954 366
1694438707194 0.00026847777798060294 367
1694438707264 0.1237206110868727 368
1694438707333 0.7030595688190673 369
1694438707407 0.004878175604571902 370
1694438707478 0.26064547569063307 371
1694438707548 0.04612823964330724 372
1694438707620 0.022324331027733752 373
1694438707691 0.014732791848302194 374
1694438707761 0.006101745293289836 375
1694438707832 0.012994379179979608 376
1694438707902 0.030794721765544916 377
1694438707973 0.04907709037407344 378
1694438708043 0.06228795852875935 379
1694438708113 5.33526020569711e-07 380
1694438708183 0.022731311461306473 381
1694438708254 0.004612365027764957 382
1694438708325 0.2665656515765067 383
1694438708399 0.0007288313507573107 384
1694438708472 0.07291464026377033 385
1694438708542 0.10013213481068796 386
1694438708611 0.1723283932070533 387
1694438708681 0.08153999046487752 388
1694438708750 0.5630982159066593 389
1694438708823 0.01009176921063724 390
1694438708892 0.08197989348510563 391
1694438708964 0.00014995055542558217 392
1694438709035 0.017004824512680906 393
1694438709104 0.3011450578235233 394
1694438709176 0.12737808074883858 395
1694438709247 0.021408104335606498 396
1694438709319 0.0010426002215361072 397
1694438709389 0.17224466829061802 398
1694438709460 0.047416608739322616 399
1694438709533 0.002837313270994995 400
1694438709604 0.07069115806659594 401
1694438709674 0.02910198107899356 402
1694438709744 0.04863559059130774 403
1694438709822 0.04649213752681257 404
1694438709893 0.008596816455118794 405
1694438709962 0.049640604882692466 406
1694438710032 0.1320598862830802 407
1694438710101 0.09449421799784745 408
1694438710172 0.06212778459820718 409
1694438710242 0.0004986088365269534 410
1694438710311 0.04373330578230252 411
1694438710381 0.39015368073127643 412
1694438710450 3.393004702160483e-05 413
1694438710520 0.051626001369955814 414
1694438710590 0.049722912087697774 415
1694438710659 0.03245633203796228 416
1694438710728 0.051533266740448204 417
1694438710798 0.013202436895468005 418
1694438710867 0.27923398847231895 419
1694438710938 0.005412697440024469 420
1694438711013 0.0017210616856240491 421
1694438711084 0.03603896019783865 422
1694438711154 0.04207158300489234 423
1694438711224 0.027784938149402732 424
1694438711294 0.00044178423406689697 425
1694438711365 0.05392094962889268 426
1694438711435 0.18266117286794217 427
1694438711505 0.1546083082502539 428
1694438711575 0.08540884237008536 429
1694438711648 0.03308559972803848 430
1694438711729 0.006046044986961103 431
1694438711800 0.01720123302877404 432
1694438711870 0.029521567312669278 433
1694438711939 0.03360899134222381 434
1694438712010 0.005086644009305361 435
1694438712079 0.0359938655666958 436
1694438712149 0.011863097837213914 437
1694438712219 0.020149659608219884 438
1694438712288 3.669305638137371e-05 439
1694438712357 0.37818092775000994 440
1694438712427 0.022043166196460882 441
1694438712497 0.008306501545219653 442
1694438712566 0.16815911711842904 443
1694438712635 0.02729596069249984 444
1694438712708 0.003552983183996502 445
1694438712785 0.055903043340698545 446
1694438712854 0.0003115728553863773 447
1694438712923 0.23081857821340218 448
1694438712993 0.10693807671859776 449
1694438713063 0.007663203094873071 450
1694438713132 0.07432633525364153 451
1694438713201 0.0008143980404164454 452
1694438713272 0.20136003728200744 453
1694438713342 0.028007334899011936 454
1694438713410 0.010325908613878476 455
1694438713480 0.15552867436608267 456
1694438713550 1.3928120320692747 457
1694438713621 0.0003923340494201785 458
1694438713693 0.03279078018227042 459
1694438713764 0.005468210347761246 460
1694438713833 0.10530781964526549 461
1694438713905 0.002488140253826813 462
1694438713976 0.10033607269967272 463
1694438714045 0.0895575781431204 464
1694438714115 0.06949716334647758 465
1694438714184 0.020447800427068372 466
1694438714254 0.014461946888065732 467
1694438714324 0.06720970802497725 468
1694438714395 0.13562646051828778 469
1694438714472 0.48712425618201577 470
1694438714543 0.4257284070618816 471
1694438714626 0.0005037449909773422 472
1694438714700 0.23591278577048874 473
1694438714771 0.3798276945120881 474
1694438714842 0.004509910979245758 475
1694438714912 0.07216630790067996 476
1694438714984 0.01779316959854214 477
1694438715054 0.10161135232593788 478
1694438715124 0.006844290354986876 479
1694438715195 0.003513355515413318 480
1694438715266 0.11732696953161605 481
1694438715337 0.5932484877602964 482
1694438715407 0.30814783677242036 483
1694438715479 8.175074706233298e-05 484
1694438715549 0.009714047289031023 485
1694438715620 0.023093006523329504 486
1694438715691 0.06621066845094306 487
1694438715762 0.06922666206768384 488
1694438715836 0.0192089495848438 489
1694438715907 0.0010383668905667282 490
1694438715979 0.0001274102667271087 491
1694438716050 0.0017453250979335819 492
1694438716123 0.06058472567185892 493
1694438716197 0.01837055290004259 494
1694438716269 0.013368437686199787 495
1694438716339 0.020592569321073166 496
1694438716415 0.010763721764482625 497
1694438716486 0.0001451160414407297 498
1694438716560 0.15307913436745496 499
