1694438409315 168.89967544445548 0
1694438409334 168.56115720152764 1
1694438409352 168.22332117293735 2
1694438409370 167.88616596938164 3
1694438409388 167.54969020444943 4
1694438409406 167.21389249461546 5
1694438409424 166.87877145923363 6
1694438409441 166.5443257205311 7
1694438409461 166.21055390360178 8
1694438409478 165.87745463640024 9
1694438409496 165.54502654973552 10
1694438409513 165.21326827726483 11
1694438409531 164.88217845548732 12
1694438409550 164.55175572373815 13
1694438409567 164.2219987241821 14
1694438409583 163.89290610180754 15
1694438409601 163.5644765044202 16
1694438409619 163.23670858263716 17
1694438409639 162.90960098988074 18
1694438409656 162.58315238237236 19
1694438409672 162.2573614191265 20
1694438409690 161.9322267619447 21
1694438409708 161.6077470754093 22
1694438409726 161.2839210268778 23
1694438409744 160.9607472864764 24
1694438409761 160.63822452709434 25
1694438409779 160.31635142437779 26
1694438409796 159.9951266567238 27
1694438409814 159.67454890527452 28
1694438409832 159.35461685391107 29
1694438409851 159.03532918924773 30
1694438409869 158.71668460062605 31
1694438409889 158.39868178010872 32
1694438409906 158.08131942247405 33
1694438409927 157.76459622520971 34
1694438409948 157.4485108885072 35
1694438409968 157.1330621152558 36
1694438409985 156.81824861103672 37
1694438410003 156.50406908411745 38
1694438410021 156.19052224544578 39
1694438410039 155.8776068086442 40
1694438410057 155.5653214900038 41
1694438410074 155.2536650084789 42
1694438410092 154.94263608568093 43
1694438410109 154.63223344587297 44
1694438410127 154.3224558159639 45
1694438410144 154.01330192550273 46
1694438410162 153.70477050667273 47
1694438410180 153.39686029428609 48
1694438410197 153.08957002577782 49
1694438410214 152.7828984412005 50
1694438410231 152.47684428321838 51
1694438410248 152.17140629710178 52
1694438410265 151.86658323072155 53
1694438410282 151.5623738345433 54
1694438410299 151.25877686162212 55
1694438410317 150.95579106759666 56
1694438410334 150.65341521068365 57
1694438410352 150.35164805167253 58
1694438410369 150.05048835391966 59
1694438410386 149.74993488334303 60
1694438410404 149.44998640841644 61
1694438410421 149.1506417001643 62
1694438410439 148.85189953215598 63
1694438410457 148.55375868050027 64
1694438410476 148.25621792384013 65
1694438410493 147.95927604334705 66
1694438410509 147.66293182271565 67
1694438410528 147.36718404815826 68
1694438410546 147.0720315083996 69
1694438410563 146.77747299467123 70
1694438410579 146.48350730070615 71
1694438410597 146.19013322273364 72
1694438410613 145.89734955947355 73
1694438410631 145.60515511213134 74
1694438410648 145.31354868439243 75
1694438410665 145.022529082417 76
1694438410682 144.73209511483464 77
1694438410700 144.44224559273906 78
1694438410717 144.15297932968284 79
1694438410735 143.86429514167207 80
1694438410753 143.5761918471611 81
1694438410771 143.2886682670473 82
1694438410788 143.00172322466594 83
1694438410806 142.71535554578463 84
1694438410823 142.42956405859854 85
1694438410841 142.14434759372472 86
1694438410858 141.85970498419735 87
1694438410875 141.57563506546228 88
1694438410893 141.29213667537186 89
1694438410911 141.00920865417993 90
1694438410929 140.72684984453656 91
1694438410945 140.445059091483 92
1694438410963 140.16383524244642 93
1694438410981 139.88317714723493 94
1694438410997 139.60308365803246 95
1694438411017 139.32355362939353 96
1694438411036 139.0445859182384 97
1694438411055 138.76617938384777 98
1694438411073 138.48833288785795 99
1694438411091 138.21104529425568 100
1694438411108 137.93431546937313 101
1694438411127 137.6581422818828 102
1694438411146 137.38252460279267 103
1694438411163 137.10746130544115 104
1694438411180 136.83295126549197 105
1694438411197 136.55899336092938 106
1694438411215 136.2855864720531 107
1694438411232 136.0127294814734 108
1694438411249 135.74042127410607 109
1694438411266 135.46866073716765 110
1694438411284 135.1974467601704 111
1694438411301 134.92677823491732 112
1694438411319 134.6566540554975 113
1694438411337 134.38707311828105 114
1694438411355 134.11803432191428 115
1694438411372 133.84953656731471 116
1694438411389 133.58157875766648 117
1694438411406 133.31415979841537 118
1694438411423 133.04727859726387 119
1694438411441 132.7809340641665 120
1694438411458 132.51512511132503 121
1694438411475 132.24985065318356 122
1694438411493 131.98510960642375 123
1694438411510 131.72090088996026 124
1694438411526 131.45722342493568 125
1694438411545 131.19407613471597 126
1694438411564 130.93145794488564 127
1694438411582 130.66936778324308 128
1694438411600 130.4078045797958 129
1694438411617 130.14676726675577 130
1694438411635 129.8862547785346 131
1694438411653 129.62626605173904 132
1694438411670 129.3668000251661 133
1694438411689 129.10785563979857 134
1694438411705 128.84943183880023 135
1694438411723 128.59152756751124 136
1694438411742 128.33414177344358 137
1694438411759 128.07727340627633 138
1694438411777 127.82092141785105 139
1694438411793 127.56508476216733 140
1694438411811 127.309762395378 141
1694438411829 127.05495327578465 142
1694438411847 126.80065636383307 143
1694438411864 126.54687062210864 144
1694438411880 126.29359501533183 145
1694438411898 126.04082851035362 146
1694438411915 125.78857007615093 147
1694438411932 125.53681868382226 148
1694438411950 125.28557330658298 149
1694438411967 125.03483291976094 150
1694438411985 124.78459650079203 151
1694438412003 124.53486302921551 152
1694438412020 124.28563148666981 153
1694438412037 124.03690085688783 154
1694438412056 123.78867012569258 155
1694438412073 123.54093828099278 156
1694438412090 123.29370431277846 157
1694438412107 123.04696721311635 158
1694438412125 122.80072597614569 159
1694438412145 122.55497959807371 160
1694438412162 122.30972707717132 161
1694438412179 122.06496741376863 162
1694438412196 121.82069961025064 163
1694438412215 121.57692267105291 164
1694438412233 121.33363560265715 165
1694438412253 121.09083741358691 166
1694438412271 120.84852711440324 167
1694438412289 120.60670371770038 168
1694438412306 120.36536623810149 169
1694438412323 120.1245136922542 170
1694438412341 119.88414509882656 171
1694438412358 119.6442594785025 172
1694438412374 119.40485585397776 173
1694438412392 119.16593324995549 174
1694438412409 118.92749069314209 175
1694438412427 118.68952721224296 176
1694438412444 118.45204183795815 177
1694438412463 118.21503360297832 178
1694438412479 117.97850154198036 179
1694438412497 117.74244469162329 180
1694438412514 117.50686209054405 181
1694438412531 117.27175277935322 182
1694438412549 117.03711580063099 183
1694438412567 116.80295019892287 184
1694438412584 116.56925502073562 185
1694438412601 116.33602931453304 186
1694438412618 116.10327213073182 187
1694438412635 115.87098252169753 188
1694438412653 115.6391595417403 189
1694438412669 115.40780224711091 190
1694438412688 115.17690969599653 191
1694438412705 114.94648094851676 192
1694438412723 114.71651506671942 193
1694438412740 114.48701111457657 194
1694438412758 114.25796815798039 195
1694438412775 114.02938526473913 196
1694438412793 113.80126150457312 197
1694438412813 113.57359594911061 198
1694438412830 113.3463876718839 199
1694438412848 113.1196357483252 200
1694438412866 112.89333925576261 201
1694438412883 112.66749727341617 202
1694438412900 112.44210888239398 203
1694438412917 112.2171731656879 204
1694438412934 111.9926892081699 205
1694438412952 111.76865609658793 206
1694438412970 111.54507291956193 207
1694438412987 111.32193876758002 208
1694438413004 111.09925273299444 209
1694438413021 110.87701391001768 210
1694438413038 110.65522139471848 211
1694438413056 110.43387428501805 212
1694438413073 110.21297168068604 213
1694438413090 109.99251268333668 214
1694438413108 109.77249639642491 215
1694438413125 109.55292192524252 216
1694438413143 109.3337883769142 217
1694438413161 109.11509486039377 218
1694438413178 108.89684048646029 219
1694438413195 108.6790243677141 220
1694438413211 108.46164561857329 221
1694438413228 108.24470335526946 222
1694438413246 108.02819669584429 223
1694438413263 107.81212476014542 224
1694438413280 107.5964866698229 225
1694438413298 107.38128154832518 226
1694438413314 107.16650852089546 227
1694438413331 106.9521667145679 228
1694438413349 106.73825525816376 229
1694438413367 106.52477328228778 230
1694438413386 106.31171991932429 231
1694438413403 106.09909430343356 232
1694438413422 105.886895570548 233
1694438413439 105.67512285836857 234
1694438413457 105.46377530636082 235
1694438413474 105.25285205575135 236
1694438413492 105.04235224952417 237
1694438413510 104.8322750324168 238
1694438413527 104.62261955091675 239
1694438413544 104.41338495325773 240
1694438413563 104.20457038941613 241
1694438413581 103.99617501110718 242
1694438413598 103.78819797178141 243
1694438413615 103.580638426621 244
1694438413633 103.37349553253601 245
1694438413652 103.16676844816104 246
1694438413669 102.96045633385125 247
1694438413686 102.75455835167907 248
1694438413703 102.54907366543033 249
1694438413721 102.34400144060085 250
1694438413738 102.13934084439275 251
1694438413755 101.93509104571092 252
1694438413773 101.73125121515942 253
1694438413791 101.52782052503788 254
1694438413808 101.3247981493381 255
1694438413826 101.12218326374024 256
1694438413843 100.9199750456095 257
1694438413860 100.7181726739925 258
1694438413878 100.51677532961376 259
1694438413896 100.31578219487218 260
1694438413913 100.11519245383751 261
1694438413930 99.91500529224689 262
1694438413947 99.71521989750133 263
1694438413966 99.51583545866224 264
1694438413983 99.31685116644786 265
1694438414002 99.11826621322996 266
1694438414021 98.92007979303021 267
1694438414038 98.72229110151684 268
1694438414056 98.52489933600113 269
1694438414072 98.32790369543389 270
1694438414090 98.13130338040223 271
1694438414108 97.93509759312602 272
1694438414125 97.73928553745434 273
1694438414142 97.54386641886231 274
1694438414160 97.34883944444756 275
1694438414177 97.15420382292682 276
1694438414195 96.95995876463253 277
1694438414213 96.76610348150957 278
1694438414232 96.57263718711172 279
1694438414251 96.3795590965984 280
1694438414269 96.18686842673131 281
1694438414286 95.99456439587098 282
1694438414304 95.80264622397357 283
1694438414320 95.61111313258742 284
1694438414337 95.41996434484979 285
1694438414355 95.22919908548346 286
1694438414373 95.03881658079351 287
1694438414390 94.84881605866394 288
1694438414408 94.65919674855438 289
1694438414425 94.46995788149681 290
1694438414442 94.28109869009229 291
1694438414460 94.09261840850765 292
1694438414477 93.90451627247222 293
1694438414494 93.71679151927461 294
1694438414512 93.52944338775934 295
1694438414528 93.34247111832374 296
1694438414546 93.15587395291466 297
1694438414564 92.96965113502506 298
1694438414583 92.78380190969109 299
1694438414601 92.5983255234886 300
1694438414620 92.41322122453008 301
1694438414636 92.22848826246137 302
1694438414654 92.04412588845851 303
1694438414672 91.86013335522452 304
1694438414689 91.67650991698619 305
1694438414706 91.49325482949097 306
1694438414724 91.31036735000376 307
1694438414740 91.12784673730364 308
1694438414757 90.94569225168095 309
1694438414775 90.76390315493391 310
1694438414792 90.58247871036555 311
1694438414810 90.40141818278065 312
1694438414827 90.22072083848245 313
1694438414845 90.04038594526968 314
1694438414862 89.86041277243338 315
1694438414880 89.68080059075372 316
1694438414898 89.50154867249702 317
1694438414915 89.32265629141259 318
1694438414932 89.14412272272956 319
1694438414949 88.96594724315399 320
1694438414967 88.78812913086561 321
1694438414984 88.61066766551482 322
1694438415002 88.43356212821965 323
1694438415019 88.25681180156265 324
1694438415036 88.08041596958788 325
1694438415053 87.90437391779783 326
1694438415071 87.72868493315042 327
1694438415089 87.55334830405596 328
1694438415107 87.37836332037409 329
1694438415125 87.20372927341079 330
1694438415142 87.02944545591538 331
1694438415160 86.8555111620775 332
1694438415179 86.68192568752414 333
1694438415197 86.50868832931657 334
1694438415215 86.33579838594744 335
1694438415232 86.16325515733777 336
1694438415249 85.99105794483393 337
1694438415267 85.81920605120479 338
1694438415286 85.64769878063866 339
1694438415304 85.47653543874036 340
1694438415321 85.30571533252825 341
1694438415339 85.13523777043143 342
1694438415357 84.96510206228656 343
1694438415375 84.79530751933517 344
1694438415393 84.62585345422062 345
1694438415410 84.45673918098515 346
1694438415427 84.28796401506708 347
1694438415444 84.11952727329783 348
1694438415463 83.95142827389908 349
1694438415480 83.78366633647983 350
1694438415498 83.61624078203349 351
1694438415516 83.44915093293514 352
1694438415532 83.28239611293847 353
1694438415549 83.11597564717312 354
1694438415567 82.94988886214159 355
1694438415585 82.7841350857166 356
1694438415602 82.61871364713816 357
1694438415619 82.4536238770107 358
1694438415636 82.28886510730027 359
1694438415653 82.12443667133165 360
1694438415671 81.96033790378571 361
1694438415689 81.79656814069635 362
1694438415706 81.63312671944787 363
1694438415723 81.47001297877212 364
1694438415740 81.30722625874562 365
1694438415758 81.14476590078691 366
1694438415775 80.9826312476537 367
1694438415795 80.82082164343998 368
1694438415813 80.65933643357347 369
1694438415831 80.49817496481272 370
1694438415848 80.3373365852443 371
1694438415865 80.17682064428016 372
1694438415883 80.01662649265481 373
1694438415901 79.85675348242262 374
1694438415919 79.69720096695502 375
1694438415937 79.53796830093786 376
1694438415953 79.3790548403686 377
1694438415971 79.2204599425536 378
1694438415989 79.06218296610551 379
1694438416007 78.90422327094043 380
1694438416024 78.74658021827527 381
1694438416041 78.58925317062501 382
1694438416058 78.43224149180013 383
1694438416076 78.27554454690375 384
1694438416095 78.11916170232908 385
1694438416112 77.96309232575673 386
1694438416130 77.807335786152 387
1694438416147 77.6518914537622 388
1694438416165 77.49675870011411 389
1694438416183 77.34193689801121 390
1694438416202 77.18742542153112 391
1694438416219 77.03322364602285 392
1694438416236 76.87933094810427 393
1694438416252 76.7257467056595 394
1694438416270 76.57247029783622 395
1694438416288 76.41950110504298 396
1694438416305 76.26683850894683 397
1694438416323 76.11448189247047 398
1694438416340 75.96243063978976 399
1694438416357 75.81068413633119 400
1694438416377 75.65924176876915 401
1694438416396 75.50810292502338 402
1694438416413 75.35726699425656 403
1694438416431 75.20673336687148 404
1694438416447 75.05650143450868 405
1694438416465 74.90657059004377 406
1694438416483 74.75694022758496 407
1694438416501 74.6076097424704 408
1694438416518 74.45857853126577 409
1694438416535 74.30984599176168 410
1694438416553 74.1614115229711 411
1694438416569 74.01327452512682 412
1694438416587 73.86543439967912 413
1694438416605 73.71789054929296 414
1694438416622 73.5706423778457 415
1694438416639 73.42368929042448 416
1694438416656 73.27703069332377 417
1694438416673 73.1306659940428 418
1694438416691 72.98459460128322 419
1694438416709 72.83881592494647 420
1694438416726 72.69332937613135 421
1694438416744 72.54813436713152 422
1694438416760 72.40323031143313 423
1694438416778 72.25861662371226 424
1694438416796 72.11429271983243 425
1694438416814 71.97025801684232 426
1694438416830 71.82651193297312 427
1694438416848 71.68305388763619 428
1694438416865 71.53988330142066 429
1694438416883 71.39699959609091 430
1694438416901 71.25440219458419 431
1694438416918 71.11209052100816 432
1694438416935 70.97006400063859 433
1694438416952 70.82832205991677 434
1694438416969 70.68686412644725 435
1694438416989 70.54568962899542 436
1694438417007 70.40479799748496 437
1694438417024 70.26418866299574 438
1694438417043 70.1238610577611 439
1694438417061 69.98381461516581 440
1694438417077 69.8440487697434 441
1694438417096 69.70456295717388 442
1694438417114 69.56535661428155 443
1694438417131 69.4264291790324 444
1694438417148 69.28778009053183 445
1694438417165 69.14940878902242 446
1694438417183 69.01131471588138 447
1694438417201 68.87349731361844 448
1694438417217 68.73595602587326 449
1694438417234 68.59869029741334 450
1694438417252 68.46169957413154 451
1694438417269 68.32498330304381 452
1694438417286 68.18854093228688 453
1694438417304 68.05237191111593 454
1694438417322 67.91647568990236 455
1694438417339 67.78085172013135 456
1694438417357 67.6454994543997 457
1694438417374 67.51041834641342 458
1694438417392 67.37560785098559 459
1694438417409 67.24106742403399 460
1694438417425 67.10679652257873 461
1694438417442 66.9727946047402 462
1694438417459 66.8390611297366 463
1694438417477 66.70559555788184 464
1694438417495 66.57239735058316 465
1694438417513 66.43946597033892 466
1694438417530 66.30680088073639 467
1694438417547 66.17440154644945 468
1694438417563 66.04226743323639 469
1694438417584 65.91039800793769 470
1694438417603 65.77879273847373 471
1694438417620 65.64745109384262 472
1694438417637 65.516372544118 473
1694438417655 65.38555656044677 474
1694438417672 65.2550026150469 475
1694438417690 65.12471018120523 476
1694438417709 64.99467873327526 477
1694438417726 64.86490774667504 478
1694438417745 64.73539669788484 479
1694438417762 64.60614506444504 480
1694438417779 64.47715232495398 481
1694438417798 64.34841795906567 482
1694438417815 64.2199414474878 483
1694438417832 64.09172227197936 484
1694438417849 63.96375991534867 485
1694438417867 63.83605386145108 486
1694438417888 63.70860359518691 487
1694438417906 63.58140860249924 488
1694438417923 63.4544683703718 489
1694438417941 63.32778238682683 490
1694438417958 63.20135014092295 491
1694438417976 63.07517112275296 492
1694438417994 62.949244823441845 493
1694438418012 62.82357073514452 494
1694438418029 62.698148351043805 495
1694438418047 62.57297716534828 496
1694438418064 62.44805667329015 497
1694438418083 62.32338637112319 498
1694438418100 62.19896575612065 499
