1694429406675 169.19669551054895 0
1694429406693 165.8266289010403 1
1694429406709 163.18954122969745 2
1694429406725 160.59381101070417 3
1694429406742 158.04017119742255 4
1694429406759 155.5279298515307 5
1694429406779 153.0564093631678 6
1694429406798 150.62494327147382 7
1694429406815 148.23287608638174 8
1694429406832 145.87956310723266 9
1694429406850 143.56437024441723 10
1694429406869 141.28667384397798 11
1694429406885 139.04586051512462 12
1694429406904 136.84132696061286 13
1694429406921 134.67247980993932 14
1694429406939 132.53873545530493 15
1694429406957 130.43951989030126 16
1694429406976 128.37426855127373 17
1694429406997 126.34242616131725 18
1694429407015 124.34344657686057 19
1694429407033 122.37679263679551 20
1694429407054 120.44193601410923 21
1694429407072 118.5383570699774 22
1694429407092 116.66554471027739 23
1694429407110 114.82299624448102 24
1694429407127 113.01021724688714 25
1694429407143 111.22672142015522 26
1694429407160 109.47203046110134 27
1694429407176 107.74567392871907 28
1694429407194 106.04718911438802 29
1694429407212 104.37612091423362 30
1694429407230 102.73202170360236 31
1694429407247 101.11445121361716 32
1694429407264 99.52297640977834 33
1694429407280 97.95717137257593 34
1694429407297 96.41661718007994 35
1694429407314 94.90090179247572 36
1694429407331 93.40961993851191 37
1694429407349 91.94237300382912 38
1694429407365 90.49876892113828 39
1694429407382 89.0784220622174 40
1694429407398 87.6809531316971 41
1694429407415 86.30598906260461 42
1694429407431 84.95316291363734 43
1694429407448 83.62211376813691 44
1694429407465 82.3124866347359 45
1694429407481 81.02393234964883 46
1694429407496 79.75610748058054 47
1694429407515 78.5086742322249 48
1694429407532 77.28130035332737 49
1694429407551 76.07365904528557 50
1694429407569 74.885428872262 51
1694429407587 73.71629367278416 52
1694429407603 72.56594247280717 53
1694429407620 71.43406940021441 54
1694429407637 70.32037360073272 55
1694429407655 69.22455915523817 56
1694429407672 68.14633499842978 57
1694429407688 67.08541483884815 58
1694429407705 66.0415170802167 59
1694429407721 65.01436474408362 60
1694429407737 64.00368539374315 61
1694429407754 63.00921105941448 62
1694429407771 62.03067816465777 63
1694429407790 61.067827454006675 64
1694429407807 60.12040392179705 65
1694429407823 59.188156742172154 66
1694429407839 58.27083920024487 67
1694429407855 57.368208624397354 68
1694429407872 56.480026319699924 69
1694429407889 55.6060575024298 70
1694429407905 54.74607123567229 71
1694429407922 53.899840365985796 72
1694429407939 53.06714146111333 73
1694429407956 52.24775474872321 74
1694429407973 51.44146405616165 75
1694429407991 50.64805675120073 76
1694429408008 49.86732368376498 77
1694429408024 49.09905912862067 78
1694429408040 48.34306072901144 79
1694429408056 47.599129441225074 80
1694429408072 46.86706948007552 81
1694429408089 46.146688265285306 82
1694429408105 45.4377963687533 83
1694429408120 44.74020746269323 84
1694429408137 44.0537382686283 85
1694429408152 43.37820850722815 86
1694429408167 42.713440848973725 87
1694429408183 42.05926086563673 88
1694429408199 41.41549698255994 89
1694429408215 40.78198043172522 90
1694429408231 40.158545205596155 91
1694429408246 39.54502801172245 92
1694429408261 38.94126822809357 93
1694429408276 38.34710785922915 94
1694429408292 37.76239149299398 95
1694429408308 37.18696625812555 96
1694429408325 36.62068178246247 97
1694429408340 36.063390151861995 98
1694429408355 35.514945869795405 99
1694429408370 34.97520581760993 100
1694429408387 34.44402921544619 101
1694429408403 33.9212775838004 102
1694429408419 33.40681470572051 103
1694429408435 32.90050658962592 104
1694429408452 32.40222143274047 105
1694429408468 31.91182958512839 106
1694429408484 31.429203514323426 107
1694429408500 30.95421777054125 108
1694429408515 30.486748952465472 109
1694429408532 30.02667567359782 110
1694429408548 29.573878529163142 111
1694429408563 29.128240063560074 112
1694429408579 28.68964473834828 113
1694429408595 28.257978900763487 114
1694429408611 27.833130752751515 115
1694429408628 27.414990320512768 116
1694429408645 27.00344942454869 117
1694429408662 26.598401650201982 118
1694429408680 26.199742318682304 119
1694429408697 25.80736845856951 120
1694429408715 25.421178777786523 121
1694429408732 25.04107363603405 122
1694429408747 24.666955017679527 123
1694429408763 24.29872650509282 124
1694429408779 23.936293252421116 125
1694429408794 23.579561959796163 126
1694429408810 23.22844084796621 127
1694429408828 22.882839633345885 128
1694429408845 22.542669503477217 129
1694429408860 22.207843092894787 130
1694429408876 21.87827445938844 131
1694429408893 21.553879060656936 132
1694429408910 21.234573731346167 133
1694429408927 20.920276660465557 134
1694429408942 20.61090736917627 135
1694429408959 20.30638668894536 136
1694429408976 20.0066367400595 137
1694429408993 19.711580910492557 138
1694429409008 19.421143835121235 139
1694429409027 19.13525137528266 140
1694429409043 18.853830598668846 141
1694429409061 18.576809759551864 142
1694429409077 18.30411827933474 143
1694429409095 18.0356867274224 144
1694429409111 17.77144680240759 145
1694429409128 17.511331313566302 146
1694429409145 17.255274162657983 147
1694429409161 17.00321032602511 148
1694429409176 16.755075836987388 149
1694429409193 16.510807768525698 150
1694429409210 16.270344216251058 151
1694429409226 16.03362428165365 152
1694429409241 15.800588055627674 153
1694429409257 15.571176602267075 154
1694429409273 15.345331942928025 155
1694429409289 15.122997040553496 156
1694429409305 14.904115784255774 157
1694429409321 14.688632974152492 158
1694429409337 14.476494306452265 159
1694429409353 14.267646358785463 160
1694429409369 14.0620365757763 161
1694429409385 13.859613254852318 162
1694429409400 13.660325532287084 163
1694429409416 13.464123369472544 164
1694429409431 13.270957539417 165
1694429409447 13.080779613465227 166
1694429409463 12.89354194823687 167
1694429409479 12.70919767277954 168
1694429409495 12.527700675933232 169
1694429409510 12.349005593902428 170
1694429409526 12.173067798032443 171
1694429409542 11.999843382786809 172
1694429409557 11.829289153922169 173
1694429409573 11.661362616857614 174
1694429409590 11.49602196523514 175
1694429409607 11.333226069668134 176
1694429409622 11.172934466674683 177
1694429409642 11.015107347792872 178
1694429409659 10.859705548874855 179
1694429409674 10.706690539556774 180
1694429409690 10.556024412901902 181
1694429409706 10.407669875213676 182
1694429409723 10.261590236016318 183
1694429409739 10.117749398199845 184
1694429409754 9.97611184832718 185
1694429409770 9.836642647100275 186
1694429409785 9.699307419982945 187
1694429409800 9.564072347977689 188
1694429409817 9.430904158553945 189
1694429409833 9.29977011672541 190
1694429409849 9.170638016273752 191
1694429409865 9.043476171116552 192
1694429409880 8.918253406816888 193
1694429409897 8.7949390522324 194
1694429409913 8.673502931301394 195
1694429409929 8.553915354963832 196
1694429409944 8.43614711321486 197
1694429409960 8.320169467288913 198
1694429409976 8.205954141971977 199
1694429409992 8.093473318040111 200
1694429410009 7.982699624822007 201
1694429410025 7.8736061328836655 202
1694429410041 7.766166346833068 203
1694429410057 7.660354198242922 204
1694429410072 7.55614403868954 205
1694429410088 7.453510632905929 206
1694429410104 7.3524291520472085 207
1694429410120 7.25287516706651 208
1694429410136 7.154824642199496 209
1694429410152 7.058253928555842 210
1694429410167 6.96313975781573 211
1694429410186 6.869459236029796 212
1694429410202 6.777189837520731 213
1694429410221 6.686309398884874 214
1694429410237 6.596796113092181 215
1694429410253 6.5086285236829475 216
1694429410270 6.421785519059653 217
1694429410285 6.33624632687241 218
1694429410301 6.251990508496432 219
1694429410317 6.168997953600058 220
1694429410334 6.087248874801782 221
1694429410350 6.0067238024148875 222
1694429410366 5.927403579278191 223
1694429410382 5.849269355671496 224
1694429410398 5.772302584314416 225
1694429410414 5.696485015447061 226
1694429410430 5.6217986919914145 227
1694429410446 5.548225944791908 228
1694429410461 5.4757493879340355 229
1694429410477 5.4043519141396015 230
1694429410493 5.33401669023743 231
1694429410509 5.264727152708233 232
1694429410525 5.196467003302482 233
1694429410541 5.12922020473 234
1694429410557 5.062970976420174 235
1694429410572 4.997703790351588 236
1694429410589 4.933403366949901 237
1694429410605 4.870054671052944 238
1694429410621 4.807642907941827 239
1694429410638 4.746153519437044 240
1694429410654 4.68557218005844 241
1694429410670 4.625884793248083 242
1694429410686 4.567077487654926 243
1694429410702 4.5091366134802495 244
1694429410718 4.452048738882918 245
1694429410734 4.395800646443509 246
1694429410750 4.340379329686183 247
1694429410769 4.285771989657577 248
1694429410785 4.231966031561548 249
1694429410802 4.178949061449061 250
1694429410818 4.126708882962154 251
1694429410834 4.0752334941311865 252
1694429410851 4.024511084224431 253
1694429410867 3.9745300306492273 254
1694429410883 3.9252788959037477 255
1694429410899 3.8767464245786636 256
1694429410915 3.8289215404077637 257
1694429410930 3.7817933433668545 258
1694429410946 3.7353511068199956 259
1694429410963 3.6895842747124554 260
1694429410979 3.644482458809504 261
1694429410995 3.6000354359803377 262
1694429411010 3.5562331455263507 263
1694429411029 3.513065686553135 264
1694429411045 3.470523315385325 265
1694429411061 3.4285964430237152 266
1694429411077 3.387275632643934 267
1694429411093 3.346551597135938 268
1694429411108 3.306415196683682 269
1694429411124 3.266857436384355 270
1694429411140 3.2278694639064627 271
1694429411156 3.1894425671861173 272
1694429411171 3.1515681721610047 273
1694429411187 3.114237840541278 274
1694429411202 3.0774432676168795 275
1694429411218 3.0411762801006192 276
1694429411234 3.0054288340064543 277
1694429411249 2.970193012562426 278
1694429411266 2.935461024157596 279
1694429411281 2.901225200322522 280
1694429411298 2.8674779937426567 281
1694429411313 2.8342119763041307 282
1694429411330 2.8014198371714816 283
1694429411346 2.7690943808966364 284
1694429411363 2.7372285255587863 285
1694429411380 2.705815300934597 286
1694429411396 2.67484784669821 287
1694429411411 2.6443194106506214 288
1694429411427 2.61422334697791 289
1694429411443 2.5845531145378557 290
1694429411460 2.5553022751744634 291
1694429411475 2.5264644920599855 292
1694429411492 2.4980335280639245 293
1694429411507 2.47000324414861 294
1694429411523 2.4423675977909474 295
1694429411540 2.415120641429832 296
1694429411555 2.388256520938865 297
1694429411571 2.361769474123933 298
1694429411587 2.3356538292452673 299
1694429411603 2.309904003563542 300
1694429411619 2.2845145019096615 301
1694429411635 2.2594799152778147 302
1694429411650 2.234794919441423 303
1694429411667 2.210454273591641 304
1694429411682 2.1864528189979593 305
1694429411698 2.1627854776906656 306
1694429411714 2.1394472511646545 307
1694429411730 2.116433219104413 308
1694429411745 2.093738538129669 309
1694429411761 2.071358440561486 310
1694429411777 2.0492882332083773 311
1694429411792 2.02752329617221 312
1694429411808 2.006059081673468 313
1694429411824 1.9848911128956386 314
1694429411840 1.9640149828483726 315
1694429411855 1.9434263532491212 316
1694429411871 1.9231209534229257 317
1694429411887 1.903094579220118 318
1694429411904 1.8833430919515641 319
1694429411920 1.8638624173412175 320
1694429411937 1.8446485444956962 321
1694429411953 1.8256975248905591 322
1694429411969 1.8070054713730614 323
1694429411985 1.7885685571811099 324
1694429412001 1.7703830149781041 325
1694429412017 1.7524451359034745 326
1694429412033 1.7347512686386237 327
1694429412049 1.717297818488004 328
1694429412065 1.7000812464751118 329
1694429412081 1.6830980684531562 330
1694429412097 1.6663448542301258 331
1694429412114 1.6498182267080646 332
1694429412129 1.6335148610363057 333
1694429412145 1.6174314837783939 334
1694429412161 1.6015648720925644 335
1694429412177 1.585911852925458 336
1694429412192 1.5704693022189398 337
1694429412208 1.5552341441297302 338
1694429412224 1.5402033502617012 339
1694429412240 1.525373938910607 340
1694429412256 1.5107429743210319 341
1694429412272 1.4963075659553804 342
1694429412287 1.4820648677747001 343
1694429412303 1.46801207753114 344
1694429412319 1.4541464360718594 345
1694429412334 1.4404652266542215 346
1694429412351 1.426965774272035 347
1694429412367 1.413645444992714 348
1694429412383 1.400501645305158 349
1694429412399 1.3875318214781678 350
1694429412413 1.3747334589292461 351
1694429412430 1.3621040816035994 352
1694429412447 1.3496412513631666 353
1694429412463 1.3373425673855388 354
1694429412479 1.3252056655725757 355
1694429412494 1.3132282179685955 356
1694429412510 1.3014079321879335 357
1694429412527 1.2897425508517766 358
1694429412543 1.2782298510340637 359
1694429412560 1.2668676437163529 360
1694429412576 1.2556537732514848 361
1694429412591 1.2445861168358827 362
1694429412608 1.2336625839903925 363
1694429412624 1.2228811160494872 364
1694429412639 1.2122396856587019 365
1694429412657 1.2017362962801954 366
1694429412672 1.1913689817062574 367
1694429412688 1.1811358055806855 368
1694429412704 1.1710348609278507 369
1694429412720 1.1610642696893796 370
1694429412736 1.1512221822682676 371
1694429412752 1.1415067770803815 372
1694429412768 1.1319162601131332 373
1694429412784 1.122448864491308 374
1694429412799 1.1131028500498485 375
1694429412816 1.1038765029135293 376
1694429412831 1.0947681350834049 377
1694429412847 1.085776084029891 378
1694429412862 1.0768987122924127 379
1694429412879 1.0681344070854744 380
1694429412895 1.0594815799110753 381
1694429412910 1.0509386661773565 382
1694429412926 1.0425041248233644 383
1694429412942 1.034176437949873 384
1694429412957 1.0259541104561036 385
1694429412973 1.0178356696823037 386
1694429412989 1.0098196650580553 387
1694429413005 1.0019046677562389 388
1694429413021 0.9940892703525429 389
1694429413036 0.9863720864904487 390
1694429413052 0.9787517505515825 391
1694429413069 0.9712269173313582 392
1694429413085 0.9637962617198242 393
1694429413103 0.9564584783876294 394
1694429413118 0.9492122814770262 395
1694429413134 0.9420564042978116 396
1694429413151 0.934989599028168 397
1694429413166 0.9280106364202642 398
1694429413181 0.9211183055106008 399
1694429413196 0.9143114133349771 400
1694429413213 0.9075887846480306 401
1694429413229 0.9009492616472519 402
1694429413244 0.8943917037014424 403
1694429413260 0.8879149870834827 404
1694429413277 0.8815180047074067 405
1694429413293 0.8751996658696534 406
1694429413308 0.8689588959944797 407
1694429413323 0.8627946363834257 408
1694429413339 0.8567058439687841 409
1694429413356 0.8506914910710274 410
1694429413372 0.8447505651600695 411
1694429413387 0.8388820686203877 412
1694429413403 0.8330850185198607 413
1694429413420 0.8273584463823 414
1694429413435 0.8217013979636286 415
1694429413451 0.8161129330316083 416
1694429413467 0.8105921251490867 417
1694429413483 0.8051380614607074 418
1694429413499 0.7997498424830148 419
1694429413514 0.7944265818978947 420
1694429413530 0.7891674063493184 421
1694429413546 0.783971455243315 422
1694429413562 0.7788378805511366 423
1694429413578 0.7737658466155447 424
1694429413595 0.7687545299601811 425
1694429413611 0.7638031191019913 426
1694429413626 0.7589108143666052 427
1694429413642 0.7540768277066483 428
1694429413660 0.7493003825229864 429
1694429413679 0.7445807134887507 430
1694429413696 0.7399170663762027 431
1694429413712 0.7353086978863219 432
1694429413728 0.7307548754811127 433
1694429413744 0.7262548772185723 434
1694429413760 0.7218079915902712 435
1694429413777 0.7174135173615084 436
1694429413792 0.7130707634140104 437
1694429413808 0.7087790485911087 438
1694429413823 0.7045377015453949 439
1694429413840 0.7003460605887563 440
1694429413856 0.6962034735448239 441
1694429413872 0.6921092976037118 442
1694429413888 0.6880628991790992 443
1694429413903 0.6840636537675521 444
1694429413919 0.6801109458100609 445
1694429413936 0.6762041685557895 446
1694429413952 0.6723427239279653 447
1694429413967 0.6685260223918809 448
1694429413983 0.6647534828250021 449
1694429414000 0.6610245323891077 450
1694429414015 0.6573386064044459 451
1694429414031 0.6536951482259046 452
1694429414047 0.6500936091210938 453
1694429414063 0.6465334481503883 454
1694429414078 0.6430141320488304 455
1694429414094 0.6395351351099131 456
1694429414110 0.6360959390711953 457
1694429414126 0.6326960330016993 458
1694429414141 0.6293349131910985 459
1694429414158 0.6260120830406425 460
1694429414174 0.6227270529557928 461
1694429414190 0.6194793402405613 462
1694429414206 0.6162684689934943 463
1694429414223 0.6130939700052912 464
1694429414239 0.6099553806580467 465
1694429414257 0.6068522448260583 466
1694429414273 0.6037841127781948 467
1694429414288 0.6007505410818057 468
1694429414305 0.5977510925081266 469
1694429414321 0.5947853359391695 470
1694429414336 0.5918528462760765 471
1694429414352 0.5889532043488966 472
1694429414368 0.5860859968278055 473
1694429414384 0.5832508161356708 474
1694429414400 0.5804472603620218 475
1694429414416 0.5776749331783534 476
1694429414431 0.5749334437547393 477
1694429414447 0.5722224066777764 478
1694429414465 0.5695414418697812 479
1694429414480 0.5668901745092705 480
1694429414496 0.5642682349526784 481
1694429414512 0.5616752586572759 482
1694429414528 0.5591108861053221 483
1694429414543 0.5565747627293743 484
1694429414558 0.5540665388387762 485
1694429414574 0.5515858695472787 486
1694429414589 0.5491324147017991 487
1694429414605 0.546705838812275 488
1694429414622 0.5443058109826321 489
1694429414638 0.541932004842795 490
1694429414654 0.5395840984817862 491
1694429414671 0.5372617743818303 492
1694429414686 0.5349647193535093 493
1694429414702 0.5326926244719218 494
1694429414717 0.530445185013806 495
1694429414733 0.5282221003956713 496
1694429414748 0.5260230741128631 497
1694429414765 0.5238478136795963 498
1694429414781 0.5216960305698845 499
