1694438388489 169.03908926289097 0
1694438388509 165.67168281796347 1
1694438388526 162.371465785921 2
1694438388543 159.13709510799887 3
1694438388562 155.96725466716813 4
1694438388579 152.86065474386004 5
1694438388596 149.81603148284236 6
1694438388614 146.83214637101233 7
1694438388635 143.90778572587672 8
1694438388658 141.0417601944945 9
1694438388678 138.23290426266215 10
1694438388697 135.4800757741273 11
1694438388718 132.78215545961987 12
1694438388739 130.13804647549617 13
1694438388757 127.54667395179416 14
1694438388774 125.00698454950364 15
1694438388791 122.51794602685945 16
1694438388809 120.07854681446882 17
1694438388826 117.6877955990897 18
1694438388844 115.34472091587931 19
1694438388862 113.04837074893756 20
1694438388880 110.79781213997236 21
1694438388897 108.5921308049189 22
1694438388915 106.43043075834737 23
1694438388932 104.31183394549849 24
1694438388950 102.2354798817881 25
1694438388967 100.20052529962696 26
1694438388985 98.20614380240444 27
1694438389002 96.25152552548793 28
1694438389020 94.33587680409333 29
1694438389037 92.458419847885 30
1694438389056 90.61839242216632 31
1694438389073 88.8150475355254 32
1694438389090 87.04765313380271 33
1694438389107 85.3154918002511 34
1694438389125 83.61786046176047 35
1694438389142 81.95407010102304 36
1694438389160 80.32344547451669 37
1694438389178 78.72532483618772 38
1694438389196 77.15905966671558 39
1694438389213 75.62401440824563 40
1694438389230 74.11956620447765 41
1694438389248 72.64510464600082 42
1694438389265 71.20003152076768 43
1694438389282 69.78376056960197 44
1694438389300 68.39571724663766 45
1694438389317 67.03533848458841 46
1694438389334 65.70207246474894 47
1694438389353 64.39537839163154 48
1694438389370 63.114726272143564 49
1694438389388 61.859596699213256 50
1694438389405 60.629480639773035 51
1694438389422 59.4238792270119 52
1694438389440 58.2423035568099 53
1694438389456 57.084274488269536 54
1694438389474 55.949322448261 55
1694438389491 54.83698723989938 56
1694438389510 53.74681785487423 57
1694438389529 52.67837228955323 58
1694438389548 51.631217364782984 59
1694438389565 50.604928549312525 60
1694438389582 49.599089786765546 61
1694438389600 48.61329332608957 62
1694438389617 47.647139555411705 63
1694438389635 46.700236839231856 64
1694438389660 45.77220135888562 65
1694438389683 44.86265695621107 66
1694438389706 43.971234980354225 67
1694438389723 43.09757413764986 68
1694438389741 42.24132034451536 69
1694438389759 41.40212658329683 70
1694438389777 40.579652761007615 71
1694438389795 39.77356557090095 72
1694438389814 38.98353835681927 73
1694438389832 38.20925098026433 74
1694438389850 37.450389690133065 75
1694438389867 36.706646995065334 76
1694438389885 35.977721538351055 77
1694438389902 35.26331797534477 78
1694438389919 34.56314685333744 79
1694438389936 33.876924493835595 80
1694438389954 33.204372877199475 81
1694438389971 32.545219529592615 82
1694438389987 31.89919741219625 83
1694438390005 31.26604481264296 84
1694438390022 30.64550523862478 85
1694438390040 30.037327313632083 86
1694438390059 29.44126467478032 87
1694438390076 28.857075872682515 88
1694438390093 28.284524273326486 89
1694438390111 27.7233779619163 90
1694438390129 27.173409648638575 91
1694438390146 26.634396576314924 92
1694438390163 26.106120429902454 93
1694438390181 25.588367247805387 94
1694438390199 25.080927334961274 95
1694438390216 24.583595177666062 96
1694438390233 24.09616936010339 97
1694438390252 23.618452482543418 98
1694438390268 23.150251081178062 99
1694438390286 22.691375549559595 100
1694438390304 22.24164006161035 101
1694438390322 21.800862496172194 102
1694438390340 21.368864363064613 103
1694438390360 20.94547073062138 104
1694438390378 20.530510154675905 105
1694438390395 20.123814608966406 106
1694438390412 19.7252194169323 107
1694438390430 19.334563184873865 108
1694438390446 18.951687736447987 109
1694438390465 18.57643804847304 110
1694438390483 18.208662188016827 111
1694438390500 17.84821125074162 112
1694438390517 17.494939300481345 113
1694438390533 17.14870331002606 114
1694438390551 16.809363103089588 115
1694438390569 16.476781297436563 116
1694438390587 16.150823249145777 117
1694438390605 15.831356997986838 118
1694438390622 15.518253213888103 119
1694438390639 15.211385144473832 120
1694438390657 14.910628563649178 121
1694438390675 14.61586172121219 122
1694438390693 14.326965293472005 123
1694438390709 14.043822334853376 124
1694438390726 13.766318230467492 125
1694438390744 13.494340649630015 126
1694438390762 13.227779500307156 127
1694438390780 12.96652688447142 128
1694438390797 12.710477054348646 129
1694438390814 12.45952636953858 130
1694438390832 12.213573254991527 131
1694438390850 11.972518159823919 132
1694438390868 11.73626351695604 133
1694438390885 11.504713703555387 134
1694438390903 11.277775002269683 135
1694438390920 11.055355563233691 136
1694438390937 10.837365366834257 137
1694438390955 10.62371618721862 138
1694438390974 10.414321556530911 139
1694438390994 10.209096729862466 140
1694438391012 10.007958650901568 141
1694438391029 9.810825918268653 142
1694438391047 9.617618752523349 143
1694438391065 9.428258963829803 144
1694438391083 9.242669920267241 145
1694438391100 9.060776516772819 146
1694438391117 8.882505144704126 147
1694438391134 8.707783662008977 148
1694438391152 8.536541363990333 149
1694438391170 8.368708954654496 150
1694438391188 8.204218518630915 151
1694438391206 8.043003493652096 152
1694438391223 7.8849986435826045 153
1694438391240 7.730140031986026 154
1694438391257 7.578364996219199 155
1694438391275 7.429612122043241 156
1694438391292 7.283821218740931 157
1694438391309 7.14093329473045 158
1694438391326 7.0008905336655 159
1694438391343 6.863636271012092 160
1694438391361 6.729114971092522 161
1694438391378 6.597272204587169 162
1694438391396 6.468054626484977 163
1694438391412 6.341409954473679 164
1694438391429 6.217286947760976 165
1694438391446 6.095635386318071 166
1694438391464 5.9764060505371095 167
1694438391481 5.859550701294285 168
1694438391499 5.745022060410506 169
1694438391516 5.632773791501647 170
1694438391533 5.522760481210705 171
1694438391552 5.414937620814129 172
1694438391571 5.309261588194925 173
1694438391589 5.205689630175183 174
1694438391606 5.104179845200874 175
1694438391623 5.004691166371867 176
1694438391640 4.907183344810299 177
1694438391657 4.8116169333605345 178
1694438391675 4.717953270614043 179
1694438391692 4.626154465252863 180
1694438391709 4.536183380705104 181
1694438391726 4.448003620106393 182
1694438391743 4.3615795115611355 183
1694438391761 4.276876093697548 184
1694438391778 4.193859101510709 185
1694438391795 4.1124949524877445 186
1694438391812 4.0327507330096735 187
1694438391829 3.9545941850242667 188
1694438391847 3.877993692984555 189
1694438391864 3.802918271047751 190
1694438391882 3.7293375505292667 191
1694438391899 3.657221767606831 192
1694438391916 3.5865417512697153 193
1694438391933 3.5172689115081184 194
1694438391949 3.449375227737969 195
1694438391968 3.382833237456451 196
1694438391986 3.317616025123613 197
1694438392003 3.253697211265604 198
1694438392020 3.191050941795058 199
1694438392037 3.129651877544359 200
1694438392055 3.0694751840074805 201
1694438392073 3.0104965212862838 202
1694438392091 2.9526920342371774 203
1694438392108 2.89603834281414 204
1694438392125 2.8405125326042175 205
1694438392143 2.786092145551609 206
1694438392161 2.732755170866633 207
1694438392182 2.6804800361158434 208
1694438392200 2.6292455984897205 209
1694438392217 2.579031136244357 210
1694438392233 2.529816340313717 211
1694438392251 2.481581306089006 212
1694438392270 2.434306525361897 213
1694438392288 2.387972878428271 214
1694438392305 2.342561626349313 215
1694438392322 2.298054403366825 216
1694438392339 2.254433209469667 217
1694438392357 2.2116804031083235 218
1694438392375 2.169778694054621 219
1694438392392 2.1287111364037723 220
1694438392411 2.088461121715784 221
1694438392428 2.0490123722935856 222
1694438392445 2.010348934595068 223
1694438392462 1.97245517277638 224
1694438392481 1.93531576236389 225
1694438392499 1.898915684052212 226
1694438392516 1.8632402176258254 227
1694438392533 1.828274936001778 228
1694438392550 1.7940056993911 229
1694438392568 1.7604186495765297 230
1694438392586 1.7275002043042755 231
1694438392603 1.6952370517874626 232
1694438392620 1.663616145319149 233
1694438392637 1.632624697992622 234
1694438392655 1.6022501775269031 235
1694438392673 1.5724803011953457 236
1694438392692 1.5433030308552518 237
1694438392709 1.5147065680765261 238
1694438392728 1.4866793493673716 239
1694438392746 1.4592100414951061 240
1694438392765 1.4322875369001864 241
1694438392783 1.405900949201605 242
1694438392801 1.380039608791816 243
1694438392818 1.354693058519433 244
1694438392835 1.3298510494579117 245
1694438392852 1.3055035367585472 246
1694438392870 1.2816406755860656 247
1694438392888 1.2582528171351974 248
1694438392905 1.2353305047265957 249
1694438392922 1.2128644699805302 250
1694438392939 1.1908456290667946 251
1694438392956 1.1692650790293335 252
1694438392974 1.1481140941840615 253
1694438392992 1.1273841225884693 254
1694438393009 1.1070667825815184 255
1694438393026 1.0871538593924877 256
1694438393044 1.0676373018173584 257
1694438393061 1.0485092189614122 258
1694438393079 1.0297618770467036 259
1694438393097 1.011387696283136 260
1694438393114 0.9933792478018632 261
1694438393131 0.9757292506497602 262
1694438393147 0.9584305688437791 263
1694438393165 0.9414762084839681 264
1694438393183 0.9248593149240026 265
1694438393200 0.9085731699980653 266
1694438393218 0.892611189302971 267
1694438393235 0.8769669195344244 268
1694438393252 0.8616340358763379 269
1694438393270 0.8466063394421377 270
1694438393286 0.8318777547670501 271
1694438393304 0.8174423273503213 272
1694438393321 0.8032942212464065 273
1694438393339 0.7894277167041175 274
1694438393359 0.77583720785281 275
1694438393378 0.7625172004346501 276
1694438393396 0.7494623095820372 277
1694438393413 0.7366672576393168 278
1694438393430 0.7241268720278559 279
1694438393447 0.7118360831536568 280
1694438393465 0.6997899223566267 281
1694438393483 0.6879835199007162 282
1694438393501 0.6764121030040608 283
1694438393518 0.6650709939083745 284
1694438393535 0.6539556079867815 285
1694438393553 0.6430614518893473 286
1694438393570 0.6323841217255249 287
1694438393588 0.6219193012828214 288
1694438393605 0.6116627602809193 289
1694438393622 0.6016103526605867 290
1694438393639 0.5917580149066558 291
1694438393657 0.5821017644044064 292
1694438393674 0.5726376978286726 293
1694438393692 0.5633619895650456 294
1694438393710 0.5542708901625084 295
1694438393727 0.5453607248168909 296
1694438393744 0.536627891884531 297
1694438393761 0.5280688614255228 298
1694438393778 0.5196801737759956 299
1694438393796 0.5114584381488073 300
1694438393813 0.5034003312621241 301
1694438393830 0.4955025959952884 302
1694438393848 0.4877620400714783 303
1694438393865 0.48017553476658686 304
1694438393882 0.4727400136438154 305
1694438393900 0.46545247131347084 306
1694438393918 0.4583099622174569 307
1694438393935 0.45130959943797666 308
1694438393952 0.4444485535299522 309
1694438393971 0.43772405137669895 310
1694438393989 0.43113337506838934 311
1694438394006 0.4246738608028481 312
1694438394024 0.4183428978082367 313
1694438394041 0.41213792728719373 314
1694438394059 0.4060564413820034 315
1694438394077 0.40009598216036113 316
1694438394095 0.39425414062135206 317
1694438394113 0.38852855572120765 318
1694438394131 0.3829169134184734 319
1694438394148 0.3774169457381863 320
1694438394165 0.3720264298546868 321
1694438394184 0.3667431871926999 322
1694438394202 0.36156508254631087 323
1694438394220 0.356490023215488 324
1694438394237 0.351515958159798 325
1694438394253 0.34664087716897124 326
1694438394270 0.34186281004999214 327
1694438394288 0.3371798258303652 328
1694438394307 0.33259003197725373 329
1694438394325 0.32809157363216634 330
1694438394342 0.3236826328608781 331
1694438394359 0.3193614279182956 332
1694438394376 0.31512621252795064 333
1694438394395 0.3109752751758522 334
1694438394413 0.30690693841838723 335
1694438394431 0.30291955820401195 336
1694438394448 0.2990115232084437 337
1694438394465 0.2951812541830963 338
1694438394482 0.29142720331648053 339
1694438394500 0.28774785360833294 340
1694438394518 0.28414171825618983 341
1694438394536 0.28060734005419496 342
1694438394554 0.2771432908038608 343
1694438394573 0.27374817073657437 344
1694438394590 0.2704206079475942 345
1694438394609 0.26715925784132355 346
1694438394626 0.26396280258762095 347
1694438394643 0.26082995058894587 348
1694438394660 0.2577594359581056 349
1694438394678 0.2547500180064077 350
1694438394696 0.2518004807419979 351
1694438394714 0.2489096323781906 352
1694438394730 0.2460763048515869 353
1694438394747 0.24329935334979091 354
1694438394765 0.2405776558485215 355
1694438394781 0.23791011265794948 356
1694438394800 0.23529564597806538 357
1694438394817 0.23273319946289422 358
1694438394834 0.23022173779339394 359
1694438394852 0.22776024625885585 360
1694438394868 0.2253477303466344 361
1694438394885 0.2229832153400548 362
1694438394903 0.22066574592432048 363
1694438394920 0.21839438580026604 364
1694438394937 0.21616821730580324 365
1694438394954 0.21398634104490422 366
1694438394972 0.21184787552397075 367
1694438394989 0.20975195679544154 368
1694438395007 0.20769773810849923 369
1694438395024 0.2056843895667291 370
1694438395041 0.20371109779259203 371
1694438395059 0.20177706559858233 372
1694438395075 0.19988151166493193 373
1694438395093 0.19802367022372483 374
1694438395110 0.1962027907493089 375
1694438395128 0.194418137654869 376
1694438395146 0.19266898999503795 377
1694438395164 0.19095464117443073 378
1694438395181 0.18927439866198403 379
1694438395200 0.1876275837109777 380
1694438395217 0.18601353108463545 381
1694438395234 0.18443158878718444 382
1694438395250 0.1828811178002732 383
1694438395267 0.1813614918246343 384
1694438395285 0.17987209702689036 385
1694438395303 0.17841233179140215 386
1694438395321 0.17698160647705835 387
1694438395337 0.17557934317890328 388
1694438395355 0.17420497549451378 389
1694438395372 0.1728579482950262 390
1694438395389 0.17153771750072283 391
1694438395407 0.17024374986108207 392
1694438395425 0.16897552273921437 393
1694438395443 0.16773252390058355 394
1694438395460 0.16651425130593714 395
1694438395478 0.16532021290835955 396
1694438395495 0.16414992645436435 397
1694438395513 0.16300291928894486 398
1694438395529 0.16187872816451185 399
1694438395547 0.16077689905362838 400
1694438395564 0.1596969869654748 401
1694438395581 0.15863855576596952 402
1694438395598 0.15760117800146997 403
1694438395616 0.15658443472598 404
1694438395633 0.15558791533180277 405
1694438395650 0.15461121738356007 406
1694438395666 0.15365394645552088 407
1694438395684 0.1527157159721626 408
1694438395702 0.1517961470519097 409
1694438395720 0.15089486835398497 410
1694438395736 0.15001151592830508 411
1694438395757 0.14914573306836754 412
1694438395775 0.1482971701670658 413
1694438395793 0.1474654845753734 414
1694438395810 0.14665034046384406 415
1694438395828 0.1458514086868639 416
1694438395846 0.1450683666496135 417
1694438395863 0.14430089817767103 418
1694438395880 0.14354869338921541 419
1694438395897 0.14281144856977343 420
1694438395915 0.1420888660494585 421
1694438395933 0.14138065408265368 422
1694438395950 0.14068652673009097 423
1694438395968 0.14000620374327727 424
1694438395986 0.1393394104512221 425
1694438396004 0.13868587764941775 426
1694438396022 0.13804534149103118 427
1694438396039 0.13741754338026282 428
1694438396057 0.13680222986782742 429
1694438396075 0.1361991525485138 430
1694438396093 0.13560806796078675 431
1694438396112 0.1350287374883857 432
1694438396130 0.13446092726388253 433
1694438396146 0.13390440807415988 434
1694438396164 0.13335895526777028 435
1694438396181 0.13282434866413878 436
1694438396199 0.13230037246457518 437
1694438396217 0.1317868151650568 438
1694438396233 0.13128346947074548 439
1694438396251 0.13079013221220942 440
1694438396268 0.13030660426330984 441
1694438396285 0.1298326904607237 442
1694438396303 0.12936819952506937 443
1694438396321 0.12891294398359987 444
1694438396339 0.12846674009443715 445
1694438396358 0.12802940777231306 446
1694438396374 0.12760077051578936 447
1694438396391 0.12718065533592707 448
1694438396410 0.12676889268637448 449
1694438396428 0.12636531639484627 450
1694438396446 0.12596976359596918 451
1694438396463 0.12558207466546215 452
1694438396480 0.12520209315562728 453
1694438396498 0.12482966573212584 454
1694438396516 0.12446464211201003 455
1694438396532 0.12410687500299232 456
1694438396551 0.12375622004392066 457
1694438396568 0.12341253574643839 458
1694438396584 0.12307568343780845 459
1694438396603 0.12274552720487149 460
1694438396620 0.12242193383912361 461
1694438396637 0.12210477278288437 462
1694438396654 0.12179391607653817 463
1694438396671 0.12148923830682375 464
1694438396689 0.1211906165561553 465
1694438396708 0.12089793035295193 466
1694438396725 0.12061106162295358 467
1694438396743 0.12032989464150957 468
1694438396760 0.12005431598681296 469
1694438396776 0.11978421449406917 470
1694438396794 0.119519481210575 471
1694438396812 0.11926000935169202 472
1694438396829 0.11900569425769737 473
1694438396847 0.11875643335149158 474
1694438396865 0.11851212609714978 475
1694438396881 0.11827267395929693 476
1694438396899 0.1180379803632936 477
1694438396918 0.11780795065620966 478
1694438396936 0.11758249206858182 479
1694438396953 0.1173615136769254 480
1694438396971 0.11714492636699664 481
1694438396988 0.11693264279778462 482
1694438397005 0.11672457736622044 483
1694438397024 0.11652064617258824 484
1694438397042 0.11632076698662513 485
1694438397059 0.11612485921429622 486
1694438397076 0.11593284386523056 487
1694438397094 0.115744643520804 488
1694438397111 0.11556018230286069 489
1694438397128 0.11537938584305323 490
1694438397146 0.11520218125279574 491
1694438397162 0.11502849709381341 492
1694438397180 0.11485826334928073 493
1694438397198 0.11469141139553043 494
1694438397216 0.1145278739743282 495
1694438397233 0.11436758516569903 496
1694438397250 0.11421048036129315 497
1694438397268 0.11405649623828341 498
1694438397285 0.11390557073378196 499
