1694436383477 165.7115285822017 0
1694436383495 162.4175743074999 1
1694436383513 159.83873849534768 2
1694436383531 157.29957896803654 3
1694436383550 154.80079112277718 4
1694436383566 152.34173028973726 5
1694436383582 149.92176471371334 6
1694436383599 147.54027268531937 7
1694436383616 145.19664238634547 8
1694436383637 142.89027173224508 9
1694436383659 140.62056821714495 10
1694436383681 138.38694876132726 11
1694436383702 136.18883956114465 12
1694436383724 134.02567594132867 13
1694436383748 131.89690220965377 14
1694436383772 129.80197151391886 15
1694436383791 127.74034570120939 16
1694436383811 125.71149517940385 17
1694436383827 123.71489878088803 18
1694436383847 121.75004362844267 19
1694436383864 119.81642500326879 20
1694436383882 117.91354621511734 21
1694436383898 116.04091847448885 22
1694436383916 114.19806076687055 23
1694436383932 112.38449972897797 24
1694436383951 110.59976952696923 25
1694436383968 108.84341173660022 26
1694436383984 107.11497522529011 27
1694436384000 105.41401603606612 28
1694436384021 103.74009727335795 29
1694436384041 102.09278899061205 30
1694436384058 100.4716680796968 31
1694436384074 98.87631816206999 32
1694436384092 97.30632948168018 33
1694436384111 95.76129879957489 34
1694436384129 94.24082929018749 35
1694436384148 92.74453043927674 36
1694436384164 91.27201794349212 37
1694436384182 89.82291361153925 38
1694436384198 88.39684526691974 39
1694436384215 86.99344665222034 40
1694436384232 85.61235733492661 41
1694436384251 84.25322261473694 42
1694436384270 82.91569343235277 43
1694436384288 81.59942627972171 44
1694436384304 80.30408311170999 45
1694436384321 79.02933125918179 46
1694436384338 77.77484334346289 47
1694436384356 76.54029719216636 48
1694436384373 75.32537575635895 49
1694436384389 74.12976702904636 50
1694436384406 72.95316396495672 51
1694436384423 71.79526440160117 52
1694436384440 70.6557709815918 53
1694436384457 69.53439107619597 54
1694436384474 68.43083671010834 55
1694436384490 67.34482448742034 56
1694436384506 66.27607551876837 57
1694436384525 65.22431534964196 58
1694436384548 64.18927388983322 59
1694436384565 63.17068534400961 60
1694436384581 62.168288143391734 61
1694436384598 61.181824878519045 62
1694436384614 60.211042233085685 63
1694436384634 59.255690918829714 64
1694436384661 58.31552561145864 65
1694436384687 57.390304887594965 66
1694436384703 56.479791162725526 67
1694436384720 55.583750630138276 68
1694436384737 54.701953200831156 69
1694436384754 53.83417244437746 70
1694436384772 52.98018553073227 71
1694436384790 52.13977317296522 72
1694436384814 51.312719570904605 73
1694436384834 50.49881235567848 74
1694436384855 49.69784253513847 75
1694436384873 48.90960444015187 76
1694436384890 48.13389567174884 77
1694436384906 47.37051704911043 78
1694436384924 46.61927255838448 79
1694436384941 45.87996930231594 80
1694436384958 45.15241745067882 81
1694436384975 44.43643019149686 82
1694436384991 43.73182368304045 83
1694436385008 43.038417006587416 84
1694436385026 42.35603211993543 85
1694436385043 41.684493811654214 86
1694436385062 41.02362965606557 87
1694436385079 40.37326996893986 88
1694436385096 39.73324776389733 89
1694436385112 39.10339870950316 90
1694436385129 38.4835610870452 91
1694436385147 37.87357574898343 92
1694436385165 37.27328607806055 93
1694436385181 36.68253794706306 94
1694436385198 36.10117967922271 95
1694436385213 35.52906200924765 96
1694436385245 34.96603804497393 97
1694436385275 34.41196322962671 98
1694436385305 33.86669530468221 99
1694436385329 33.330094273320256 100
1694436385355 32.802022364458296 101
1694436385381 32.28234399735765 102
1694436385403 31.770925746792784 103
1694436385424 31.267636308774566 104
1694436385452 30.772346466818995 105
1694436385478 30.284929058752343 106
1694436385506 29.805258944044436 107
1694436385528 29.333212971661553 108
1694436385555 28.868669948430714 109
1694436385574 28.41151060790714 110
1694436385593 27.961617579737016 111
1694436385623 27.51887535950754 112
1694436385658 27.083170279076555 113
1694436385686 26.65439047737415 114
1694436385710 26.232425871668664 115
1694436385732 25.817168129289808 116
1694436385756 25.408510639801435 117
1694436385774 25.00634848761703 118
1694436385791 24.610578425050758 119
1694436385808 24.221098845797066 120
1694436385826 23.837809758832165 121
1694436385843 23.46061276273065 122
1694436385861 23.089411020390475 123
1694436385879 22.724109234160117 124
1694436385897 22.36461362136119 125
1694436385915 22.010831890200343 126
1694436385932 21.662673216064437 127
1694436385949 21.32004821819258 128
1694436385966 20.98286893671919 129
1694436385983 20.651048810082287 130
1694436386000 20.324502652790887 131
1694436386021 20.003146633546145 132
1694436386044 19.686898253710407 133
1694436386063 19.375676326118626 134
1694436386085 19.069400954226833 135
1694436386105 18.767993511592138 136
1694436386130 18.471376621679173 137
1694436386151 18.17947413798753 138
1694436386172 17.892211124495397 139
1694436386191 17.609513836414017 140
1694436386210 17.331309701248383 141
1694436386229 17.057527300159 142
1694436386247 16.78809634962008 143
1694436386269 16.52294768336944 144
1694436386296 16.26201323464539 145
1694436386318 16.005226018706157 146
1694436386340 15.752520115627211 147
1694436386363 15.503830653372246 148
1694436386381 15.259093791133264 149
1694436386401 15.018246702935654 150
1694436386419 14.78122756150399 151
1694436386439 14.54797552238431 152
1694436386458 14.318430708318939 153
1694436386477 14.092534193869815 154
1694436386498 13.870227990286162 155
1694436386518 13.651455030613041 156
1694436386544 13.436159155036442 157
1694436386561 13.224285096461571 158
1694436386579 13.01577846632041 159
1694436386597 12.810585740604893 160
1694436386619 12.608654246122315 161
1694436386639 12.409932146969096 162
1694436386657 12.214368431219773 163
1694436386679 12.02191289782762 164
1694436386706 11.832516143733491 165
1694436386732 11.646129551179698 166
1694436386749 11.462705275225607 167
1694436386777 11.2821962314617 168
1694436386794 11.104556083919018 169
1694436386811 10.92973923317081 170
1694436386835 10.757700804623484 171
1694436386864 10.588396636993538 172
1694436386888 10.421783270967852 173
1694436386914 10.257817938044305 174
1694436386933 10.096458549549672 175
1694436386955 9.937663685832282 176
1694436386976 9.781392585626461 177
1694436386996 9.627605135586032 178
1694436387016 9.476261859984294 179
1694436387036 9.327323910577737 180
1694436387057 9.180753056630929 181
1694436387076 9.036511675099941 182
1694436387099 8.89456274097203 183
1694436387119 8.754869817758623 184
1694436387141 8.61739704813976 185
1694436387163 8.48210914475705 186
1694436387186 8.348971381153177 187
1694436387208 8.217949582855297 188
1694436387227 8.089010118600372 189
1694436387243 7.962119891699889 190
1694436387259 7.837246331541931 191
1694436387279 7.7143573852283085 192
1694436387299 7.593421509344693 193
1694436387321 7.474407661861579 194
1694436387338 7.357285294164015 195
1694436387354 7.242024343208041 196
1694436387376 7.128595223801805 197
1694436387397 7.016968821009465 198
1694436387414 6.90711648267581 199
1694436387431 6.799010012069718 200
1694436387448 6.69262166064459 201
1694436387465 6.587924120913912 202
1694436387486 6.484890519439992 203
1694436387505 6.383494409934289 204
1694436387522 6.283709766467306 205
1694436387538 6.185510976786535 206
1694436387557 6.088872835740559 207
1694436387574 5.993770538807784 208
1694436387591 5.900179675727933 209
1694436387609 5.808076224234904 210
1694436387626 5.717436543889179 211
1694436387642 5.62823737000834 212
1694436387660 5.5404558076940225 213
1694436387678 5.45406932595388 214
1694436387694 5.3690557519169655 215
1694436387711 5.285393265141064 216
1694436387728 5.203060392010575 217
1694436387745 5.122036000223397 218
1694436387762 5.042299293365491 219
1694436387781 4.963829805571691 220
1694436387798 4.88660739627137 221
1694436387816 4.810612245017685 222
1694436387833 4.735824846398965 223
1694436387849 4.6622260050310445 224
1694436387866 4.589796830629176 225
1694436387884 4.518518733158289 226
1694436387900 4.448373418060358 227
1694436387917 4.379342881557629 228
1694436387934 4.311409406030517 229
1694436387950 4.2445555554690095 230
1694436387966 4.178764170996294 231
1694436387985 4.1140183664636565 232
1694436388001 4.050301524115332 233
1694436388018 3.9875972903223063 234
1694436388037 3.9258895713838995 235
1694436388055 3.8651625293961387 236
1694436388073 3.8054005781857936 237
1694436388090 3.746588379309029 238
1694436388107 3.6887108381136793 239
1694436388124 3.6317530998641274 240
1694436388140 3.5757005459277678 241
1694436388156 3.52053879002213 242
1694436388174 3.46625367452159 243
1694436388191 3.4128312668228746 244
1694436388208 3.3602578557682774 245
1694436388225 3.3085199481257703 246
1694436388242 3.2576042651250554 247
1694436388258 3.207497739048671 248
1694436388276 3.158187509877321 249
1694436388292 3.1096609219884854 250
1694436388310 3.061905520907561 251
1694436388327 3.01490905011059 252
1694436388344 2.9686594478778727 253
1694436388362 2.9231448441975547 254
1694436388379 2.8783535577184454 255
1694436388397 2.834274092751279 256
1694436388414 2.790895136317661 257
1694436388430 2.748205555245882 258
1694436388447 2.7061943933129364 259
1694436388463 2.6648508684319645 260
1694436388479 2.6241643698843777 261
1694436388499 2.5841244555960143 262
1694436388516 2.544720849456582 263
1694436388533 2.505943438681687 264
1694436388549 2.4677822712168487 265
1694436388568 2.4302275531827395 266
1694436388591 2.3932696463610292 267
1694436388614 2.3568990657202225 268
1694436388631 2.3211064769808076 269
1694436388650 2.285882694219125 270
1694436388666 2.2512186775092995 271
1694436388686 2.217105530602669 272
1694436388702 2.183534498644108 273
1694436388719 2.1504969659246576 274
1694436388736 2.1179844536698273 275
1694436388752 2.085988617863132 276
1694436388770 2.054501247104166 277
1694436388788 2.0235142605007455 278
1694436388806 1.9930197055945507 279
1694436388824 1.9630097563197546 280
1694436388841 1.9334767109940916 281
1694436388857 1.904412990341848 282
1694436388874 1.8758111355482858 283
1694436388893 1.8476638063450186 284
1694436388910 1.8199637791257668 285
1694436388927 1.7927039450921232 286
1694436388944 1.7658773084287365 287
1694436388960 1.7394769845075524 288
1694436388977 1.7134961981205679 289
1694436388996 1.6879282817406718 290
1694436389012 1.6627666738101436 291
1694436389029 1.6380049170563749 292
1694436389046 1.6136366568343194 293
1694436389063 1.589655639495323 294
1694436389079 1.5660557107818731 295
1694436389097 1.5428308142478697 296
1694436389115 1.5199749897039718 297
1694436389132 1.4974823716877184 298
1694436389150 1.4753471879579092 299
1694436389166 1.4535637580129426 300
1694436389182 1.4321264916327143 301
1694436389200 1.411029887443665 302
1694436389221 1.3902685315066574 303
1694436389241 1.3698370959272987 304
1694436389260 1.3497303374883436 305
1694436389276 1.329943096303827 306
1694436389296 1.3104702944946145 307
1694436389313 1.2913069348849986 308
1694436389330 1.2724480997199754 309
1694436389348 1.2538889494029701 310
1694436389365 1.2356247212535787 311
1694436389381 1.217650728285069 312
1694436389399 1.1999623580013365 313
1694436389416 1.1825550712129356 314
1694436389432 1.165424400871979 315
1694436389449 1.1485659509255115 316
1694436389465 1.1319753951871527 317
1694436389482 1.1156484762266372 318
1694436389501 1.0995810042770262 319
1694436389518 1.0837688561592862 320
1694436389534 1.0682079742239512 321
1694436389551 1.0528943653096197 322
1694436389568 1.0378240997179935 323
1694436389584 1.0229933102052275 324
1694436389602 1.0083981909892796 325
1694436389618 0.9940349967730746 326
1694436389635 0.9799000417831683 327
1694436389651 0.9659896988237049 328
1694436389669 0.9523003983453967 329
1694436389685 0.9388286275293263 330
1694436389703 0.9255709293852917 331
1694436389720 0.9125239018644842 332
1694436389737 0.8996841969862701 333
1694436389753 0.8870485199788701 334
1694436389769 0.8746136284336706 335
1694436389787 0.8623763314729892 336
1694436389807 0.8503334889310705 337
1694436389829 0.8384820105480976 338
1694436389846 0.8268188551770039 339
1694436389862 0.8153410300029154 340
1694436389879 0.8040455897749685 341
1694436389897 0.7929296360503696 342
1694436389920 0.78199031645044 343
1694436389948 0.771224823928511 344
1694436389969 0.7606303960494406 345
1694436389990 0.7502043142805792 346
1694436390011 0.73994390329402 347
1694436390034 0.7298465302799196 348
1694436390053 0.7199096042707567 349
1694436390075 0.7101305754763049 350
1694436390097 0.7005069346291999 351
1694436390119 0.691036212340883 352
1694436390136 0.6817159784678116 353
1694436390152 0.6725438414877143 354
1694436390170 0.6635174478857758 355
1694436390186 0.6546344815505769 356
1694436390205 0.6458926631796351 357
1694436390222 0.6372897496943787 358
1694436390239 0.6288235336644477 359
1694436390255 0.6204918427411236 360
1694436390272 0.6122925390997628 361
1694436390289 0.6042235188911069 362
1694436390307 0.5962827117013018 363
1694436390324 0.5884680800205141 364
1694436390342 0.5807776187199619 365
1694436390358 0.5732093545372962 366
1694436390377 0.5657613455701376 367
1694436390392 0.5584316807776653 368
1694436390414 0.5512184794901378 369
1694436390432 0.544119890926196 370
1694436390451 0.5371340937178484 371
1694436390467 0.5302592954430011 372
1694436390484 0.5234937321654209 373
1694436390500 0.5168356679820038 374
1694436390518 0.5102833945772519 375
1694436390535 0.5038352307848117 376
1694436390552 0.49748952215600606 377
1694436390568 0.4912446405351926 378
1694436390586 0.4850989836419065 379
1694436390603 0.4790509746596162 380
1694436390622 0.47309906183102796 381
1694436390638 0.4672417180598273 382
1694436390654 0.4614774405187308 383
1694436390671 0.4558047502637877 384
1694436390687 0.4502221918548073 385
1694436390705 0.4447283329818096 386
1694436390722 0.4393217640974245 387
1694436390739 0.4340010980551192 388
1694436390755 0.42876496975319417 389
1694436390772 0.42361203578442547 390
1694436390789 0.4185409740912729 391
1694436390806 0.41355048362657854 392
1694436390823 0.4086392840196493 393
1694436390840 0.40380611524764987 394
1694436390856 0.39904973731221843 395
1694436390873 0.39436892992121925 396
1694436390889 0.38976249217556225 397
1694436390907 0.38522924226098826 398
1694436390924 0.3807680171447592 399
1694436390942 0.37637767227716595 400
1694436390957 0.37205708129778997 401
1694436390974 0.3678051357464146 402
1694436390990 0.36362074477855044 403
1694436391009 0.35950283488547263 404
1694436391028 0.3554503496187036 405
1694436391047 0.35146224931888737 406
1694436391064 0.34753751084895873 407
1694436391080 0.34367512733156247 408
1694436391097 0.3398741078906459 409
1694436391115 0.33613347739714927 410
1694436391132 0.3324522762187507 411
1694436391148 0.32882955997357893 412
1694436391165 0.32526439928784523 413
1694436391181 0.32175587955732504 414
1694436391196 0.3183031007126304 415
1694436391214 0.3149051769882153 416
1694436391231 0.311561236695052 417
1694436391247 0.3082704219969149 418
1694436391264 0.30503188869022385 419
1694436391280 0.30184480598739444 420
1694436391296 0.2987083563036134 421
1694436391316 0.2956217350470221 422
1694436391333 0.29258415041221725 423
1694436391350 0.2895948231770507 424
1694436391367 0.28665298650264226 425
1694436391384 0.28375788573658406 426
1694436391401 0.28090877821926613 427
1694436391418 0.27810493309327816 428
1694436391435 0.2753456311158486 429
1694436391452 0.2726301644742538 430
1694436391469 0.2699578366041712 431
1694436391486 0.2673279620109158 432
1694436391503 0.2647398660935084 433
1694436391520 0.2621928849715582 434
1694436391538 0.2596863653148823 435
1694436391555 0.2572196641758385 436
1694436391571 0.25479214882432105 437
1694436391588 0.25240319658537946 438
1694436391607 0.25005219467942075 439
1694436391627 0.24773854006494492 440
1694436391643 0.2454616392837891 441
1694436391659 0.24322090830882237 442
1694436391676 0.24101577239406233 443
1694436391692 0.23884566592718262 444
1694436391709 0.23671003228435322 445
1694436391727 0.2346083236873915 446
1694436391745 0.23254000106319084 447
1694436391761 0.23050453390537193 448
1694436391778 0.22850140013813713 449
1694436391795 0.2265300859822945 450
1694436391815 0.22459008582340015 451
1694436391831 0.22268090208200894 452
1694436391850 0.2208020450859724 453
1694436391868 0.2189530329447809 454
1694436391885 0.21713339142589116 455
1694436391900 0.21534265383302872 456
1694436391918 0.21358036088641646 457
1694436391935 0.21184606060491307 458
1694436391951 0.21013930819001975 459
1694436391969 0.20845966591173057 460
1694436391985 0.206806702996206 461
1694436392001 0.2051799955152144 462
1694436392018 0.20357912627735045 463
1694436392036 0.20200368472096542 464
1694436392052 0.20045326680880923 465
1694436392068 0.19892747492434562 466
1694436392085 0.1974259177697085 467
1694436392102 0.19594821026528828 468
1694436392120 0.1944939734509139 469
1694436392136 0.19306283438859384 470
1694436392153 0.1916544260668183 471
1694436392170 0.1902683873063736 472
1694436392187 0.18890436266765223 473
1694436392204 0.1875620023594426 474
1694436392222 0.18624096214916297 475
1694436392239 0.1849409032745212 476
1694436392256 0.18366149235658596 477
1694436392273 0.1824024013142277 478
1694436392290 0.1811633072799324 479
1694436392306 0.17994389251694187 480
1694436392325 0.1787438443377184 481
1694436392342 0.17756285502370325 482
1694436392359 0.17640062174634827 483
1694436392376 0.17525684648940293 484
1694436392393 0.17413123597243993 485
1694436392410 0.17302350157559337 486
1694436392429 0.17193335926549266 487
1694436392446 0.17086052952237454 488
1694436392462 0.16980473726835246 489
1694436392480 0.1687657117968284 490
1694436392496 0.16774318670302235 491
1694436392514 0.1667368998156124 492
1694436392531 0.16574659312945128 493
1694436392548 0.16477201273936382 494
1694436392564 0.1638129087749872 495
1694436392581 0.16286903533664998 496
1694436392598 0.16194015043227306 497
1694436392616 0.16102601591527008 498
1694436392634 0.16012639742343399 499
