1694432652919 158.51278817293147 0
1694432652936 158.481243137344 1
1694432652951 158.45601253436496 2
1694432652968 158.43078583997382 3
1694432652984 158.40556317999668 4
1694432653001 158.38034455378283 5
1694432653017 158.35512996068428 6
1694432653034 158.32991940005311 7
1694432653050 158.30471287124146 8
1694432653067 158.27951037360165 9
1694432653085 158.25431190648612 10
1694432653101 158.22911746924729 11
1694432653119 158.20392706123775 12
1694432653137 158.17874068181032 13
1694432653153 158.15355833031774 14
1694432653168 158.1283800061129 15
1694432653185 158.10320570854887 16
1694432653201 158.07803543697878 17
1694432653218 158.05286919075587 18
1694432653234 158.02770696923344 19
1694432653252 158.00254877176494 20
1694432653268 157.97739459770392 21
1694432653285 157.95224444640408 22
1694432653301 157.92709831721908 23
1694432653318 157.90195620950288 24
1694432653334 157.87681812260936 25
1694432653350 157.8516840558927 26
1694432653368 157.82655400870698 27
1694432653385 157.80142798040643 28
1694432653403 157.7763059703456 29
1694432653424 157.75118797787883 30
1694432653441 157.72607400236078 31
1694432653459 157.70096404314614 32
1694432653477 157.6758580995897 33
1694432653497 157.6507561710464 34
1694432653517 157.62565825687122 35
1694432653532 157.60056435641926 36
1694432653549 157.57547446904576 37
1694432653565 157.55038859410604 38
1694432653581 157.52530673095555 39
1694432653598 157.5002288789498 40
1694432653615 157.4751550374444 41
1694432653630 157.45008520579512 42
1694432653647 157.42501938335784 43
1694432653664 157.39995756948846 44
1694432653679 157.37489976354303 45
1694432653696 157.34984596487774 46
1694432653712 157.32479617284886 47
1694432653728 157.29975038681272 48
1694432653744 157.27470860612578 49
1694432653761 157.2496708301447 50
1694432653777 157.22463705822608 51
1694432653794 157.1996072897267 52
1694432653811 157.17458152400351 53
1694432653827 157.14955976041344 54
1694432653844 157.12454199831362 55
1694432653859 157.09952823706126 56
1694432653875 157.0745184760136 57
1694432653892 157.04951271452813 58
1694432653909 157.0245109519623 59
1694432653925 156.99951318767378 60
1694432653942 156.9745194210202 61
1694432653957 156.9495296513595 62
1694432653973 156.92454387804952 63
1694432653990 156.89956210044832 64
1694432654007 156.87458431791407 65
1694432654022 156.84961052980498 66
1694432654039 156.82464073547936 67
1694432654056 156.79967493429572 68
1694432654073 156.77471312561255 69
1694432654090 156.7497553087886 70
1694432654107 156.7248014831825 71
1694432654124 156.6998516481532 72
1694432654141 156.67490580305963 73
1694432654157 156.64996394726091 74
1694432654173 156.62502608011616 75
1694432654189 156.60009220098465 76
1694432654205 156.57516230922582 77
1694432654220 156.55023640419913 78
1694432654236 156.52531448526415 79
1694432654254 156.50039655178057 80
1694432654270 156.47548260310822 81
1694432654286 156.45057263860699 82
1694432654305 156.42566665763687 83
1694432654329 156.40076465955795 84
1694432654347 156.3758666437305 85
1694432654363 156.35097260951477 86
1694432654380 156.3260825562712 87
1694432654396 156.30119648336031 88
1694432654412 156.27631439014274 89
1694432654428 156.25143627597927 90
1694432654444 156.22656214023058 91
1694432654460 156.20169198225776 92
1694432654476 156.17682580142176 93
1694432654493 156.15196359708375 94
1694432654510 156.12710536860496 95
1694432654527 156.1022511153468 96
1694432654545 156.07740083667065 97
1694432654560 156.05255453193809 98
1694432654576 156.02771220051076 99
1694432654594 156.00287384175044 100
1694432654610 155.97803945501903 101
1694432654627 155.95320903967846 102
1694432654643 155.92838259509082 103
1694432654660 155.9035601206183 104
1694432654675 155.87874161562306 105
1694432654691 155.85392707946764 106
1694432654708 155.82911651151446 107
1694432654723 155.80430991112613 108
1694432654739 155.77950727766526 109
1694432654756 155.75470861049473 110
1694432654772 155.72991390897744 111
1694432654789 155.70512317247636 112
1694432654805 155.6803364003546 113
1694432654821 155.65555359197538 114
1694432654838 155.63077474670197 115
1694432654854 155.60599986389784 116
1694432654870 155.58122894292646 117
1694432654887 155.55646198315145 118
1694432654903 155.53169898393654 119
1694432654920 155.50693994464558 120
1694432654937 155.48218486464253 121
1694432654953 155.45743374329132 122
1694432654969 155.4326865799562 123
1694432654986 155.4079433740013 124
1694432655002 155.383204124791 125
1694432655018 155.35846883168978 126
1694432655036 155.33373749406215 127
1694432655053 155.30901011127273 128
1694432655071 155.28428668268634 129
1694432655086 155.2595672076678 130
1694432655103 155.23485168558207 131
1694432655120 155.21014011579416 132
1694432655138 155.18543249766938 133
1694432655153 155.16072883057282 134
1694432655170 155.13602911386994 135
1694432655186 155.1113333469262 136
1694432655202 155.0866415291072 137
1694432655218 155.06195365977854 138
1694432655235 155.03726973830607 139
1694432655251 155.01258976405566 140
1694432655267 154.98791373639327 141
1694432655282 154.963241654685 142
1694432655298 154.93857351829706 143
1694432655315 154.9139093265957 144
1694432655332 154.88924907894736 145
1694432655347 154.86459277471846 146
1694432655363 154.83994041327568 147
1694432655379 154.8152919939857 148
1694432655398 154.79064751621533 149
1694432655414 154.76600697933145 150
1694432655431 154.7413703827011 151
1694432655446 154.7167377256914 152
1694432655462 154.69210900766953 153
1694432655478 154.66748422800282 154
1694432655495 154.64286338605868 155
1694432655511 154.61824648120464 156
1694432655528 154.59363351280834 157
1694432655544 154.5690244802375 158
1694432655560 154.54441938285993 159
1694432655575 154.5198182200436 160
1694432655593 154.4952209911565 161
1694432655608 154.47062769556678 162
1694432655624 154.4460383326427 163
1694432655641 154.4214529017526 164
1694432655657 154.3968714022649 165
1694432655675 154.3722938335481 166
1694432655692 154.34772019497092 167
1694432655709 154.32315048590212 168
1694432655726 154.29858470571045 169
1694432655742 154.27402285376502 170
1694432655758 154.24946492943474 171
1694432655775 154.22491093208882 172
1694432655791 154.20036086109658 173
1694432655807 154.17581471582733 174
1694432655824 154.1512724956505 175
1694432655840 154.12673419993567 176
1694432655857 154.10219982805253 177
1694432655873 154.07766937937086 178
1694432655890 154.05314285326054 179
1694432655905 154.0286202490915 180
1694432655921 154.00410156623386 181
1694432655938 153.97958680405773 182
1694432655954 153.95507596193346 183
1694432655970 153.93056903923141 184
1694432655988 153.90606603532206 185
1694432656005 153.88156694957604 186
1694432656025 153.85707178136397 187
1694432656043 153.83258053005665 188
1694432656059 153.80809319502498 189
1694432656076 153.78360977563997 190
1694432656094 153.7591302712727 191
1694432656111 153.7346546812944 192
1694432656129 153.7101830050763 193
1694432656146 153.68571524198987 194
1694432656163 153.66125139140655 195
1694432656180 153.63679145269796 196
1694432656196 153.6123354252359 197
1694432656213 153.587883308392 198
1694432656231 153.56343510153835 199
1694432656248 153.53899080404682 200
1694432656264 153.5145504152896 201
1694432656282 153.49011393463888 202
1694432656298 153.46568136146698 203
1694432656315 153.4412526951463 204
1694432656331 153.41682793504935 205
1694432656347 153.3924070805488 206
1694432656363 153.36799013101734 207
1694432656379 153.3435770858278 208
1694432656397 153.3191679443531 209
1694432656413 153.2947627059663 210
1694432656429 153.27036137004043 211
1694432656445 153.2459639359488 212
1694432656461 153.2215704030647 213
1694432656477 153.19718077076163 214
1694432656494 153.17279503841303 215
1694432656509 153.1484132053926 216
1694432656527 153.12403527107404 217
1694432656543 153.09966123483122 218
1694432656559 153.07529109603806 219
1694432656575 153.0509248540686 220
1694432656592 153.026562508297 221
1694432656608 153.00220405809745 222
1694432656625 152.97784950284435 223
1694432656641 152.9534988419121 224
1694432656658 152.92915207467527 225
1694432656674 152.90480920050848 226
1694432656691 152.8804702187866 227
1694432656707 152.8561351288843 228
1694432656723 152.83180393017665 229
1694432656740 152.80747662203862 230
1694432656756 152.78315320384547 231
1694432656772 152.75883367497235 232
1694432656788 152.73451803479466 233
1694432656805 152.7102062826879 234
1694432656822 152.68589841802753 235
1694432656839 152.66159444018928 236
1694432656856 152.63729434854886 237
1694432656872 152.6129981424822 238
1694432656889 152.5887058213652 239
1694432656906 152.56441738457394 240
1694432656922 152.54013283148458 241
1694432656940 152.51585216147342 242
1694432656957 152.4915753739168 243
1694432656972 152.46730246819118 244
1694432656989 152.4430334436731 245
1694432657005 152.4187682997393 246
1694432657021 152.39450703576648 247
1694432657038 152.37024965113153 248
1694432657055 152.34599614521142 249
1694432657071 152.32174651738327 250
1694432657087 152.2975007670242 251
1694432657103 152.27325889351144 252
1694432657120 152.24902089622248 253
1694432657136 152.2247867745347 254
1694432657152 152.20055652782574 255
1694432657169 152.1763301554732 256
1694432657185 152.15210765685487 257
1694432657201 152.12788903134873 258
1694432657217 152.10367427833268 259
1694432657235 152.07946339718478 260
1694432657251 152.0552563872832 261
1694432657267 152.0310532480063 262
1694432657284 152.00685397873238 263
1694432657300 151.98265857883996 264
1694432657316 151.95846704770764 265
1694432657333 151.93427938471405 266
1694432657349 151.910095589238 267
1694432657365 151.8859156606584 268
1694432657381 151.86173959835418 269
1694432657398 151.83756740170443 270
1694432657415 151.8133990700884 271
1694432657433 151.78923460288533 272
1694432657449 151.7650739994746 273
1694432657465 151.74091725923566 274
1694432657482 151.71676438154816 275
1694432657498 151.69261536579177 276
1694432657513 151.66847021134626 277
1694432657530 151.64432891759154 278
1694432657547 151.62019148390758 279
1694432657563 151.5960579096745 280
1694432657580 151.57192819427246 281
1694432657597 151.5478023370817 282
1694432657613 151.52368033748272 283
1694432657629 151.4995621948559 284
1694432657645 151.47544790858194 285
1694432657662 151.45133747804138 286
1694432657678 151.4272309026152 287
1694432657695 151.40312818168408 288
1694432657711 151.37902931462924 289
1694432657727 151.35493430083156 290
1694432657744 151.33084313967237 291
1694432657760 151.3067558305329 292
1694432657775 151.2826723727945 293
1694432657792 151.25859276583876 294
1694432657808 151.23451700904724 295
1694432657824 151.21044510180158 296
1694432657841 151.1863770434836 297
1694432657856 151.16231283347523 298
1694432657872 151.1382524711584 299
1694432657889 151.11419595591522 300
1694432657905 151.09014328712792 301
1694432657921 151.06609446417872 302
1694432657938 151.04204948645008 303
1694432657954 151.01800835332446 304
1694432657970 150.99397106418445 305
1694432657988 150.96993761841276 306
1694432658005 150.94590801539212 307
1694432658022 150.9218822545055 308
1694432658040 150.89786033513582 309
1694432658056 150.87384225666625 310
1694432658072 150.84982801847985 311
1694432658089 150.82581761996008 312
1694432658105 150.8018110604902 313
1694432658122 150.77780833945377 314
1694432658138 150.7538094562343 315
1694432658155 150.72981441021557 316
1694432658171 150.70582320078134 317
1694432658188 150.68183582731547 318
1694432658203 150.65785228920197 319
1694432658219 150.6338725858249 320
1694432658235 150.60989671656844 321
1694432658251 150.58592468081696 322
1694432658267 150.56195647795477 323
1694432658284 150.53799210736636 324
1694432658301 150.51403156843637 325
1694432658317 150.4900748605494 326
1694432658333 150.46612198309032 327
1694432658349 150.44217293544398 328
1694432658365 150.41822771699532 329
1694432658381 150.39428632712946 330
1694432658397 150.37034876523163 331
1694432658413 150.34641503068704 332
1694432658430 150.3224851228811 333
1694432658447 150.29855904119927 334
1694432658463 150.27463678502716 335
1694432658479 150.25071835375044 336
1694432658496 150.2268037467549 337
1694432658511 150.2028929634264 338
1694432658527 150.17898600315092 339
1694432658544 150.15508286531457 340
1694432658561 150.13118354930344 341
1694432658579 150.10728805450393 342
1694432658595 150.0833963803023 343
1694432658610 150.0595085260851 344
1694432658627 150.03562449123888 345
1694432658644 150.01174427515028 346
1694432658661 149.9878678772061 347
1694432658677 149.96399529679326 348
1694432658694 149.94012653329864 349
1694432658711 149.91626158610936 350
1694432658727 149.89240045461258 351
1694432658743 149.8685431381956 352
1694432658759 149.84468963624573 353
1694432658775 149.82083994815045 354
1694432658792 149.79699407329738 355
1694432658807 149.7731520110741 356
1694432658825 149.7493137608684 357
1694432658842 149.7254793220682 358
1694432658858 149.70164869406142 359
1694432658873 149.67782187623612 360
1694432658890 149.65399886798042 361
1694432658906 149.63017966868267 362
1694432658922 149.60636427773113 363
1694432658940 149.58255269451436 364
1694432658955 149.55874491842079 365
1694432658972 149.53494094883922 366
1694432658989 149.51114078515826 367
1694432659005 149.4873444267668 368
1694432659021 149.4635518730539 369
1694432659038 149.43976312340848 370
1694432659055 149.41597817721973 371
1694432659071 149.39219703387693 372
1694432659088 149.36841969276938 373
1694432659105 149.34464615328656 374
1694432659121 149.320876414818 375
1694432659137 149.2971104767533 376
1694432659154 149.27334833848224 377
1694432659170 149.24958999939471 378
1694432659187 149.2258354588806 379
1694432659204 149.20208471632986 380
1694432659219 149.1783377711328 381
1694432659236 149.15459462267953 382
1694432659253 149.1308552703604 383
1694432659268 149.1071197135659 384
1694432659285 149.08338795168652 385
1694432659301 149.0596599841129 386
1694432659318 149.03593581023574 387
1694432659334 149.0122154294459 388
1694432659351 148.9884988411343 389
1694432659367 148.9647860446919 390
1694432659382 148.9410770395099 391
1694432659399 148.9173718249795 392
1694432659415 148.89367040049203 393
1694432659432 148.8699727654389 394
1694432659449 148.84627891921156 395
1694432659465 148.8225888612017 396
1694432659482 148.79890259080105 397
1694432659498 148.77522010740134 398
1694432659514 148.75154141039454 399
1694432659530 148.72786649917262 400
1694432659547 148.7041953731277 401
1694432659564 148.68052803165205 402
1694432659580 148.65686447413788 403
1694432659597 148.6332046999776 404
1694432659612 148.60954870856375 405
1694432659628 148.58589649928894 406
1694432659644 148.5622480715458 407
1694432659661 148.53860342472717 408
1694432659677 148.51496255822593 409
1694432659693 148.4913254714351 410
1694432659709 148.46769216374773 411
1694432659726 148.44406263455699 412
1694432659743 148.42043688325623 413
1694432659762 148.39681490923874 414
1694432659779 148.3731967118981 415
1694432659795 148.3495822906278 416
1694432659810 148.3259716448216 417
1694432659828 148.30236477387322 418
1694432659843 148.27876167717653 419
1694432659861 148.2551623541256 420
1694432659876 148.23156680411435 421
1694432659894 148.20797502653707 422
1694432659910 148.18438702078794 423
1694432659926 148.16080278626134 424
1694432659943 148.1372223223518 425
1694432659959 148.1136456284538 426
1694432659975 148.09007270396205 427
1694432659992 148.06650354827124 428
1694432660007 148.04293816077626 429
1694432660023 148.01937654087212 430
1694432660040 147.99581868795377 431
1694432660057 147.97226460141647 432
1694432660073 147.9487142806553 433
1694432660089 147.92516772506573 434
1694432660105 147.90162493404318 435
1694432660121 147.8780859069832 436
1694432660137 147.85455064328139 437
1694432660154 147.83101914233342 438
1694432660170 147.80749140353527 439
1694432660187 147.78396742628277 440
1694432660203 147.76044720997194 441
1694432660219 147.736930753999 442
1694432660235 147.71341805776007 443
1694432660251 147.68990912065152 444
1694432660268 147.6664039420697 445
1694432660284 147.6429025214113 446
1694432660300 147.6194048580727 447
1694432660317 147.59591095145075 448
1694432660333 147.5724208009422 449
1694432660350 147.54893440594404 450
1694432660366 147.52545176585318 451
1694432660383 147.50197288006675 452
1694432660399 147.478497747982 453
1694432660415 147.45502636899613 454
1694432660432 147.43155874250664 455
1694432660447 147.4080948679109 456
1694432660465 147.38463474460656 457
1694432660481 147.36117837199134 458
1694432660497 147.33772574946298 459
1694432660512 147.31427687641934 460
1694432660529 147.29083175225847 461
1694432660545 147.26739037637833 462
1694432660562 147.2439527481772 463
1694432660578 147.2205188670533 464
1694432660596 147.19708873240506 465
1694432660611 147.17366234363078 466
1694432660628 147.15023970012922 467
1694432660645 147.12682080129895 468
1694432660660 147.10340564653868 469
1694432660677 147.07999423524734 470
1694432660693 147.05658656682385 471
1694432660710 147.0331826406672 472
1694432660726 147.00978245617668 473
1694432660743 146.98638601275138 474
1694432660759 146.9629933097907 475
1694432660776 146.9396043466941 476
1694432660793 146.91621912286107 477
1694432660809 146.89283763769126 478
1694432660824 146.86945989058444 479
1694432660841 146.84608588094034 480
1694432660860 146.82271560815894 481
1694432660876 146.79934907164025 482
1694432660893 146.7759862707844 483
1694432660910 146.75262720499157 484
1694432660927 146.7292718736621 485
1694432660944 146.70592027619642 486
1694432660961 146.68257241199498 487
1694432660978 146.6592282804584 488
1694432660994 146.63588788098738 489
1694432661010 146.61255121298268 490
1694432661027 146.58921827584524 491
1694432661043 146.56588906897605 492
1694432661060 146.54256359177614 493
1694432661076 146.51924184364677 494
1694432661093 146.4959238239892 495
1694432661109 146.47260953220467 496
1694432661126 146.44929896769486 497
1694432661142 146.4259921298612 498
1694432661159 146.40268901810543 499
