1694429487870 47.32899809560161 0
1694429487887 15.483285203397527 1
1694429487902 5.039893431799501 2
1694429487919 1.7965838167884944 3
1694429487935 0.7348412760214621 4
1694429487952 0.45522891472880544 5
1694429487968 0.41448062842848127 6
1694429487985 0.2849527683954655 7
1694429488003 0.2313432174070559 8
1694429488019 0.6825273874080001 9
1694429488035 0.2749052520944983 10
1694429488052 0.6155245253116352 11
1694429488069 0.23543456682577432 12
1694429488086 0.3089602747261953 13
1694429488102 0.21277431087602516 14
1694429488118 0.378725953077833 15
1694429488134 0.2684290390441228 16
1694429488151 0.19665936736795459 17
1694429488167 0.29205055367834704 18
1694429488183 0.3537994064156666 19
1694429488201 0.33599299018158363 20
1694429488217 0.20251216726207463 21
1694429488232 0.3702500283713709 22
1694429488249 0.2972988806923928 23
1694429488266 0.4677699076717982 24
1694429488282 0.3382085162088114 25
1694429488299 0.1986630994352437 26
1694429488317 0.41019461569489607 27
1694429488333 0.24903095909722134 28
1694429488350 0.4152122392153026 29
1694429488367 0.274645961727418 30
1694429488384 0.3046844947486406 31
1694429488399 0.2792381461012631 32
1694429488416 0.2512172227209825 33
1694429488433 0.30625625604539913 34
1694429488450 0.1862458677434227 35
1694429488467 0.22047863092473902 36
1694429488484 0.2641895807087197 37
1694429488503 0.18045015890738628 38
1694429488521 0.3711942462709395 39
1694429488538 0.3166143479366602 40
1694429488558 0.4438018571719926 41
1694429488576 0.2799284074921195 42
1694429488595 0.20634426618078267 43
1694429488613 0.41692958301590005 44
1694429488631 0.18339858146573748 45
1694429488648 0.2247889898221578 46
1694429488667 0.32561866810499884 47
1694429488686 0.20476487379531147 48
1694429488704 0.341705953848862 49
1694429488722 0.4016167708815072 50
1694429488740 0.25386757777237035 51
1694429488757 0.4036081988197396 52
1694429488774 0.25575758752278793 53
1694429488791 0.3474044045330862 54
1694429488807 0.2738001138109362 55
1694429488823 0.35018757513781057 56
1694429488839 0.2811762752458757 57
1694429488856 0.1995402951796536 58
1694429488873 0.3851871405528477 59
1694429488889 0.253415937550626 60
1694429488905 0.39011145585741697 61
1694429488922 0.31650784845314467 62
1694429488938 0.28097018907042753 63
1694429488954 0.23191151669295879 64
1694429488971 0.3044355257263543 65
1694429488987 0.28082998728112735 66
1694429489005 0.44885083449613594 67
1694429489022 0.20364905756474272 68
1694429489037 0.21387791374034545 69
1694429489055 0.1834255664870221 70
1694429489071 0.33498862441034183 71
1694429489087 0.2523461316182704 72
1694429489103 0.29850002662532404 73
1694429489119 0.26810162364916945 74
1694429489135 0.3515757455733524 75
1694429489151 0.31468585572365415 76
1694429489167 0.2641500420479696 77
1694429489185 0.25324919378765365 78
1694429489202 0.24414219252753017 79
1694429489218 0.2752857657093936 80
1694429489235 0.31513146762480015 81
1694429489251 0.2908053008575609 82
1694429489268 0.4812584477132336 83
1694429489284 0.24844293275869586 84
1694429489302 0.24559179331814615 85
1694429489318 0.35223873734061895 86
1694429489334 0.234566692478716 87
1694429489350 0.2520482077116815 88
1694429489365 0.3653961115632395 89
1694429489383 0.4089594056242552 90
1694429489399 0.3590380449312276 91
1694429489416 0.3841338160485871 92
1694429489432 0.3164143352710486 93
1694429489448 0.3453647597934804 94
1694429489464 0.27937341732831333 95
1694429489482 0.315535131510298 96
1694429489499 0.3117094503366086 97
1694429489516 0.2516236929842492 98
1694429489532 0.26853043382446884 99
1694429489547 0.33296775982778865 100
1694429489563 0.30901451866840063 101
1694429489580 0.23805250758028146 102
1694429489597 0.2744641874360945 103
1694429489614 0.24430894806229034 104
1694429489630 0.34660803051053357 105
1694429489646 0.29623571024292517 106
1694429489662 0.29552365828705884 107
1694429489680 0.2540664287783524 108
1694429489697 0.2383438711804656 109
1694429489713 0.21182965813816243 110
1694429489729 0.41227737360648004 111
1694429489745 0.3204644434946122 112
1694429489761 0.3361907369002387 113
1694429489779 0.25840700377476944 114
1694429489796 0.35125768149946984 115
1694429489812 0.3109003078344913 116
1694429489828 0.33488424797450145 117
1694429489844 0.2566505449807646 118
1694429489860 0.2126132876835713 119
1694429489877 0.2339083034141595 120
1694429489894 0.2688823367190008 121
1694429489909 0.34101957202985916 122
1694429489927 0.2837750918912258 123
1694429489942 0.4490951081287598 124
1694429489958 0.24495400580392104 125
1694429489975 0.1546704029361475 126
1694429489992 0.3017852502470651 127
1694429490009 0.3345912086665961 128
1694429490024 0.28148053461679423 129
1694429490040 0.3110169734435839 130
1694429490057 0.2346685124705128 131
1694429490074 0.2637167061717235 132
1694429490090 0.33254839507192896 133
1694429490108 0.2832163972085863 134
1694429490124 0.24289869644296186 135
1694429490141 0.31956590644239846 136
1694429490157 0.29212019822435625 137
1694429490173 0.34408147899138253 138
1694429490190 0.24856206705790468 139
1694429490206 0.2799783829701698 140
1694429490223 0.19869838815571136 141
1694429490238 0.3661219275633008 142
1694429490256 0.44897516021556677 143
1694429490272 0.41763259920105716 144
1694429490290 0.2911113728190397 145
1694429490307 0.2965131181015096 146
1694429490324 0.2508469525806953 147
1694429490341 0.34285735592747574 148
1694429490357 0.294193897686577 149
1694429490373 0.33953758998060773 150
1694429490391 0.27308577493653524 151
1694429490407 0.23297853524253107 152
1694429490423 0.6073419821275498 153
1694429490439 0.2054660458203181 154
1694429490456 0.18481036682094618 155
1694429490471 0.23123849514546707 156
1694429490488 0.41386545289686033 157
1694429490504 0.22728458641154506 158
1694429490521 0.36521054432735883 159
1694429490537 0.18198681261876898 160
1694429490552 0.27751732904644966 161
1694429490569 0.3951683919245719 162
1694429490587 0.30669246620764523 163
1694429490604 0.30204701748077595 164
1694429490621 0.24760061398513256 165
1694429490637 0.18197244574934063 166
1694429490654 0.24885704796101304 167
1694429490669 0.45182498405636 168
1694429490686 0.2171739856224689 169
1694429490703 0.18339385115545753 170
1694429490719 0.17324522383676166 171
1694429490735 0.18128036454145532 172
1694429490751 0.38115037151562764 173
1694429490767 0.47098150875147404 174
1694429490784 0.23552447978390226 175
1694429490801 0.3410314199844136 176
1694429490818 0.36699605249141953 177
1694429490835 0.28317249003703987 178
1694429490851 0.2517569253183231 179
1694429490867 0.30578419277449126 180
1694429490884 0.2652175070644123 181
1694429490900 0.22614701084684533 182
1694429490916 0.32968765931602384 183
1694429490931 0.30802553204775845 184
1694429490948 0.28102764664894975 185
1694429490965 0.3060627047343987 186
1694429490982 0.40395969951641336 187
1694429490999 0.34533181946737557 188
1694429491016 0.35442736348215403 189
1694429491033 0.2235216353763033 190
1694429491050 0.23274020935702322 191
1694429491066 0.36884933500198097 192
1694429491083 0.3439669776430175 193
1694429491100 0.22641861968076382 194
1694429491116 0.11210062293569815 195
1694429491132 0.332280492907498 196
1694429491149 0.2754161989490155 197
1694429491164 0.3031794663871918 198
1694429491181 0.24374845991821498 199
1694429491198 0.3842901107368934 200
1694429491214 0.3569252341832878 201
1694429491230 0.3302362247598755 202
1694429491246 0.3181605442384994 203
1694429491263 0.3418346446649017 204
1694429491279 0.2060869251275387 205
1694429491297 0.3429335939043695 206
1694429491314 0.2973527266128098 207
1694429491330 0.34238638373313696 208
1694429491346 0.3222011462050655 209
1694429491362 0.1590491281616311 210
1694429491378 0.28932721761746644 211
1694429491395 0.1978974585463892 212
1694429491411 0.33741171312977697 213
1694429491428 0.28645664298810003 214
1694429491444 0.7066865413600125 215
1694429491460 0.3034998954999487 216
1694429491477 0.3353524319192182 217
1694429491493 0.3318994367434392 218
1694429491510 0.2085148386419529 219
1694429491526 0.32286996866735196 220
1694429491543 0.27518291916323007 221
1694429491558 0.23839653787347634 222
1694429491575 0.23370299141082457 223
1694429491591 0.17487281527289558 224
1694429491608 0.26474027107160936 225
1694429491624 0.4058361810227475 226
1694429491641 0.31191055064480544 227
1694429491657 0.22894217204804493 228
1694429491673 0.34019425600394204 229
1694429491691 0.27595829284185924 230
1694429491706 0.2160856042742947 231
1694429491723 0.26793210679107643 232
1694429491741 0.2748681286020352 233
1694429491757 0.27859589637459603 234
1694429491773 0.2773200665458954 235
1694429491790 0.4865898189836641 236
1694429491807 0.29347142368215773 237
1694429491823 0.36182507780614753 238
1694429491839 0.287215010160594 239
1694429491856 0.23121687032751384 240
1694429491871 0.35851202576609553 241
1694429491887 0.29228814160973554 242
1694429491904 0.3424844642918998 243
1694429491921 0.308907474191584 244
1694429491937 0.37162603849344317 245
1694429491953 0.30188581888270155 246
1694429491969 0.29851388750512003 247
1694429491985 0.28647153972478395 248
1694429492002 0.2433895607751353 249
1694429492019 0.2928764633245292 250
1694429492035 0.30151676313434084 251
1694429492051 0.38243719028263323 252
1694429492067 0.20884816325832287 253
1694429492084 0.3181590968836479 254
1694429492101 0.22494620291902837 255
1694429492117 0.38537299089421745 256
1694429492133 0.1497163828453806 257
1694429492150 0.2664760786642448 258
1694429492165 0.3966222228582304 259
1694429492181 0.22030339046873917 260
1694429492199 0.39002694072790395 261
1694429492215 0.32235511244692155 262
1694429492230 0.28631187699547833 263
1694429492248 0.3131674039758929 264
1694429492264 0.3568418526676127 265
1694429492281 0.3739097306600478 266
1694429492297 0.32641937616793965 267
1694429492314 0.3860445323037457 268
1694429492330 0.43936579319628954 269
1694429492346 0.18459507447022722 270
1694429492363 0.28672437757175556 271
1694429492379 0.23707535533545762 272
1694429492395 0.2638451330566866 273
1694429492411 0.3761715803227366 274
1694429492427 0.17240213804824714 275
1694429492442 0.3972919378528335 276
1694429492459 0.3475842828912144 277
1694429492475 0.2017069760712263 278
1694429492491 0.34747196712153267 279
1694429492508 0.3164855468003364 280
1694429492524 0.2668778140872168 281
1694429492540 0.4251066681189023 282
1694429492558 0.37194752132958314 283
1694429492574 0.3474870519849705 284
1694429492590 0.2691731921186716 285
1694429492607 0.27561267331425127 286
1694429492623 0.21598397202142908 287
1694429492639 0.4505381425879575 288
1694429492657 0.2594717175438657 289
1694429492674 0.25758925780784797 290
1694429492690 0.20742050731764264 291
1694429492707 0.32038543764284677 292
1694429492723 0.28338023204857526 293
1694429492740 0.2940243754787649 294
1694429492756 0.3097105802779154 295
1694429492773 0.33358536748291556 296
1694429492789 0.2144926457447697 297
1694429492806 0.24865234267623657 298
1694429492822 0.17956246947842883 299
1694429492840 0.12660243824671838 300
1694429492858 0.23042170922947608 301
1694429492875 0.1960926377383256 302
1694429492892 0.2659724262668161 303
1694429492907 0.26297263486628364 304
1694429492923 0.3540374973855931 305
1694429492940 0.18188994067336445 306
1694429492956 0.31476971127373915 307
1694429492972 0.2868800967331788 308
1694429492989 0.40089197793515297 309
1694429493005 0.2914741905910002 310
1694429493022 0.26923391446568706 311
1694429493037 0.5280977196467072 312
1694429493055 0.41420007755347665 313
1694429493070 0.255664402105702 314
1694429493086 0.38789206415484606 315
1694429493103 0.30431022300408817 316
1694429493118 0.4151992761480515 317
1694429493134 0.28948551471465805 318
1694429493150 0.20840328310937753 319
1694429493166 0.43848819860978266 320
1694429493183 0.32359162628532284 321
1694429493200 0.25918810624771715 322
1694429493217 0.28606704306347247 323
1694429493233 0.21662598709156167 324
1694429493248 0.33390098001463625 325
1694429493265 0.39920012674266847 326
1694429493281 0.29210771212123554 327
1694429493298 0.26541389516467356 328
1694429493315 0.22937667904999054 329
1694429493333 0.24333746072171109 330
1694429493348 0.26981386299640325 331
1694429493364 0.3847576841772612 332
1694429493380 0.29719729077792884 333
1694429493396 0.30528141378961104 334
1694429493414 0.2689840502596649 335
1694429493432 0.1466224841139734 336
1694429493448 0.25197274298852307 337
1694429493464 0.22789917686998798 338
1694429493481 0.17455946535281167 339
1694429493498 0.24076916356814035 340
1694429493515 0.3520896563790615 341
1694429493531 0.2086831042282266 342
1694429493546 0.23068987323436865 343
1694429493562 0.22699156540172624 344
1694429493579 0.22942107362500502 345
1694429493595 0.3144461477410383 346
1694429493612 0.34388669616510964 347
1694429493628 0.44290587652927854 348
1694429493645 0.3126345734658866 349
1694429493661 0.26655235515233444 350
1694429493678 0.26544518759211744 351
1694429493695 0.26480610894752526 352
1694429493711 0.4579133926418123 353
1694429493727 0.37152742041233283 354
1694429493744 0.19744366654620604 355
1694429493762 0.2904203287712459 356
1694429493777 0.21755205378246414 357
1694429493794 0.2808200521844116 358
1694429493812 0.3069426651573874 359
1694429493828 0.24352217562992373 360
1694429493844 0.3104345817502492 361
1694429493860 0.318256026256697 362
1694429493877 0.3456960064105074 363
1694429493893 0.3204083209610286 364
1694429493909 0.21001867832967958 365
1694429493926 0.3617387290232782 366
1694429493942 0.25228156897222614 367
1694429493958 0.3387491410150546 368
1694429493974 0.23413603403183206 369
1694429493990 0.25439813426949665 370
1694429494010 0.25696529146467484 371
1694429494026 0.38503863841071106 372
1694429494044 0.23073716731456537 373
1694429494060 0.4357623515904514 374
1694429494077 0.19443393810541393 375
1694429494094 0.2744266174447312 376
1694429494110 0.26877470530714137 377
1694429494126 0.3031435820407759 378
1694429494142 0.2762411666019607 379
1694429494157 0.2386454893882573 380
1694429494173 0.2533289944538811 381
1694429494190 0.27324886363309914 382
1694429494207 0.3097478498022289 383
1694429494223 0.32259928715092157 384
1694429494239 0.46276659069379106 385
1694429494255 0.2335384305954507 386
1694429494271 0.27239011309676747 387
1694429494288 0.2996433795192495 388
1694429494304 0.5125729275085414 389
1694429494321 0.22889018587340162 390
1694429494337 0.3325278888989966 391
1694429494354 0.32449759352404994 392
1694429494370 0.3468204523163535 393
1694429494387 0.1982785497264742 394
1694429494403 0.3110024703384177 395
1694429494421 0.1723782185522831 396
1694429494436 0.1949037880766801 397
1694429494453 0.29037764090424123 398
1694429494468 0.2642760774734866 399
1694429494485 0.23080069840098674 400
1694429494502 0.25557240328038583 401
1694429494519 0.35794640953630036 402
1694429494535 0.14769806074932462 403
1694429494552 0.3211128895241708 404
1694429494568 0.24840682558904786 405
1694429494585 0.36143104625287037 406
1694429494602 0.43855978513929333 407
1694429494619 0.2803521659226574 408
1694429494635 0.26164061499071606 409
1694429494651 0.31572871261520563 410
1694429494667 0.28042511023606237 411
1694429494684 0.31109696012692145 412
1694429494700 0.33803530640368457 413
1694429494716 0.18307816201504096 414
1694429494733 0.2930842009984502 415
1694429494749 0.25539786204377973 416
1694429494767 0.2806005258922172 417
1694429494783 0.33602418127188516 418
1694429494800 0.2607556225931536 419
1694429494816 0.3197957422622611 420
1694429494833 0.3097780265118838 421
1694429494849 0.3050026556730573 422
1694429494865 0.3043052678081413 423
1694429494883 0.2534371695035181 424
1694429494899 0.3670450893141274 425
1694429494915 0.2757505054258127 426
1694429494931 0.2941137426149288 427
1694429494948 0.4130973307396784 428
1694429494964 0.22226488309734133 429
1694429494979 0.20645271035244667 430
1694429494996 0.2023990558368675 431
1694429495014 0.16352752858436848 432
1694429495030 0.21549383696261 433
1694429495046 0.3797920909005441 434
1694429495063 0.18623331269833812 435
1694429495079 0.20884971795256055 436
1694429495095 0.26237261144816715 437
1694429495111 0.30524304740346614 438
1694429495128 0.2377762778260669 439
1694429495144 0.2420131250650914 440
1694429495160 0.44936229028258573 441
1694429495178 0.35079669688514337 442
1694429495195 0.21089595535351285 443
1694429495213 0.37411346238836846 444
1694429495229 0.3866277029582027 445
1694429495245 0.2663648857889116 446
1694429495262 0.2807366178250659 447
1694429495278 0.37259302681029016 448
1694429495295 0.3026839371673713 449
1694429495313 0.26314387676899914 450
1694429495330 0.4413065876635633 451
1694429495346 0.1754965635767575 452
1694429495361 0.20709954193996874 453
1694429495378 0.22363547679191634 454
1694429495395 0.3683682187259746 455
1694429495412 0.23284367553736127 456
1694429495429 0.319514819104343 457
1694429495445 0.35314694609096875 458
1694429495461 0.5379862775273915 459
1694429495477 0.2055329347445725 460
1694429495494 0.3575898355166954 461
1694429495511 0.20117792305515367 462
1694429495527 0.41463174068666764 463
1694429495543 0.42031721813126216 464
1694429495559 0.297188841226469 465
1694429495575 0.37154898619486476 466
1694429495592 0.3282551187465241 467
1694429495609 0.27887727479696484 468
1694429495626 0.31616680497850985 469
1694429495642 0.3581749436219336 470
1694429495659 0.3054127487347452 471
1694429495675 0.3771496832110763 472
1694429495691 0.1704814662893843 473
1694429495708 0.19504732115776044 474
1694429495725 0.2413303803881977 475
1694429495741 0.3355009147601509 476
1694429495759 0.3409081491309392 477
1694429495777 0.209994512164309 478
1694429495795 0.27635259649106075 479
1694429495811 0.42234826557903055 480
1694429495828 0.31716446025360195 481
1694429495844 0.14663822448170324 482
1694429495860 0.31700616064796666 483
1694429495877 0.20928965741049166 484
1694429495892 0.26369586999347916 485
1694429495909 0.2990467784580902 486
1694429495925 0.28654466136666684 487
1694429495942 0.2451066138450819 488
1694429495958 0.2991835504653764 489
1694429495974 0.301040172112872 490
1694429495990 0.26941351427778687 491
1694429496007 0.22014682918071424 492
1694429496023 0.22301216156931095 493
1694429496039 0.4097117928897814 494
1694429496056 0.3859945402708373 495
1694429496072 0.3085693937236325 496
1694429496088 0.22921301079067355 497
1694429496104 0.24807889839706712 498
1694429496121 0.3840619455719677 499
