1694436374549 163.61961299356147 0
1694436374569 160.35941605014358 1
1694436374587 157.80716206525062 2
1694436374604 155.29428281329768 3
1694436374620 152.8214666173408 4
1694436374638 150.38807175998159 5
1694436374661 147.9934694141058 6
1694436374678 145.63704078543034 7
1694436374695 143.31817695752576 8
1694436374713 141.03627873398423 9
1694436374729 138.79075648312232 10
1694436374749 136.581029985168 11
1694436374771 134.40652828189144 12
1694436374792 132.2666895286412 13
1694436374813 130.1609608487465 14
1694436374837 128.0887981902483 15
1694436374859 126.04966618492155 16
1694436374881 124.04303800955203 17
1694436374903 122.06839524943169 18
1694436374925 120.12522776403692 19
1694436374946 118.21303355485489 20
1694436374971 116.33131863532333 21
1694436374996 114.47959690285025 22
1694436375019 112.65739001288001 23
1694436375037 110.86422725497304 24
1694436375054 109.09964543086723 25
1694436375073 107.36318873448867 26
1694436375091 105.65440863388137 27
1694436375110 103.97286375502432 28
1694436375132 102.31811976750646 29
1694436375149 100.68974927202932 30
1694436375169 99.08733168970832 31
1694436375186 97.51045315314366 32
1694436375203 95.95870639923311 33
1694436375227 94.43169066369781 34
1694436375245 92.92901157729465 35
1694436375261 91.45028106368764 36
1694436375279 89.9951172389519 37
1694436375295 88.56314431268419 38
1694436375313 87.15399249069407 39
1694436375331 85.76729787925066 40
1694436375348 84.40270239085996 41
1694436375368 83.05985365154815 42
1694436375385 81.73840490962688 43
1694436375401 80.438014945917 44
1694436375420 79.15834798540693 45
1694436375438 77.8990736103232 46
1694436375456 76.6598666745903 47
1694436375475 75.44040721965759 48
1694436375491 74.24038039167155 49
1694436375509 73.05947635997181 50
1694436375527 71.89739023688955 51
1694436375545 70.75382199882785 52
1694436375563 69.62847640860298 53
1694436375581 68.52106293902698 54
1694436375597 67.43129569771123 55
1694436375614 66.35889335307179 56
1694436375631 65.303579061517 57
1694436375649 64.26508039579862 58
1694436375670 63.243129274508014 59
1694436375688 62.2374618926987 60
1694436375705 61.247818653617486 61
1694436375723 60.273944101526546 62
1694436375740 59.31558685559871 63
1694436375757 58.372499544869 64
1694436375776 57.44443874422556 65
1694436375793 56.531164911423076 66
1694436375810 55.632442325102716 67
1694436375829 54.74803902380216 68
1694436375846 53.87772674594008 69
1694436375863 53.02128087075942 70
1694436375881 52.178480360214145 71
1694436375898 51.34910770178431 72
1694436375916 50.532948852204804 73
1694436375935 49.729793182092884 74
1694436375955 48.93943342146033 75
1694436375975 48.161665606095966 76
1694436375995 47.39628902480472 77
1694436376011 46.6431061674894 78
1694436376030 45.90192267406191 79
1694436376047 45.172547284170335 80
1694436376065 44.454791787729235 81
1694436376082 43.74847097623992 82
1694436376098 43.05340259488836 83
1694436376115 42.36940729540823 84
1694436376132 41.69630858969671 85
1694436376148 41.03393280417122 86
1694436376167 40.38210903485503 87
1694436376184 39.7406691031803 88
1694436376200 39.10944751249701 89
1694436376219 38.48828140527628 90
1694436376236 37.877010520997445 91
1694436376252 37.27547715470735 92
1694436376271 36.68352611624183 93
1694436376288 36.10100469009802 94
1694436376306 35.52776259594776 95
1694436376323 34.9636519497814 96
1694436376339 34.40852722567219 97
1694436376356 33.862245218151166 98
1694436376375 33.324665005182965 99
1694436376395 32.7956479117326 100
1694436376415 32.275057473914295 101
1694436376433 31.762759403712565 102
1694436376449 31.258621554266696 103
1694436376467 30.76251388570952 104
1694436376486 30.274308431551578 105
1694436376503 29.793879265602108 106
1694436376520 29.321102469418115 107
1694436376538 28.855856100273186 108
1694436376554 28.39802015963769 109
1694436376574 27.94747656216222 110
1694436376592 27.504109105156225 111
1694436376608 27.067803438553963 112
1694436376626 26.638447035359835 113
1694436376643 26.215929162565665 114
1694436376660 25.800140852532238 115
1694436376677 25.390974874827638 116
1694436376696 24.988325708515287 117
1694436376713 24.59208951488421 118
1694436376730 24.202164110614817 119
1694436376747 23.818448941372893 120
1694436376764 23.44084505582511 121
1694436376782 23.069255080069425 122
1694436376801 22.703583192473584 123
1694436376819 22.343735098915218 124
1694436376836 21.989618008417285 125
1694436376853 21.641140609172247 126
1694436376870 21.29821304494906 127
1694436376888 20.960746891876724 128
1694436376905 20.628655135598404 129
1694436376923 20.301852148790132 130
1694436376939 19.980253669038408 131
1694436376956 19.663776777070833 132
1694436376975 19.352339875334252 133
1694436376992 19.04586266691464 134
1694436377010 18.7442661347937 135
1694436377027 18.447472521436204 136
1694436377043 18.155405308703354 137
1694436377060 17.867989198086576 138
1694436377079 17.585150091256814 139
1694436377098 17.30681507092425 140
1694436377118 17.03291238200342 141
1694436377135 16.76337141307896 142
1694436377152 16.49812267816709 143
1694436377170 16.2370977987682 144
1694436377188 15.98022948620577 145
1694436377206 15.727451524247112 146
1694436377224 15.478698752001577 147
1694436377240 15.233907047091456 148
1694436377257 14.993013309091573 149
1694436377274 14.755955443233079 150
1694436377292 14.522672344367257 151
1694436377309 14.293103881185242 152
1694436377326 14.067190880689521 153
1694436377343 13.84487511291317 154
1694436377360 13.626099275883 155
1694436377378 13.410806980822478 156
1694436377394 13.198942737590892 157
1694436377412 12.990451940354747 158
1694436377429 12.785280853487793 159
1694436377446 12.583376597696004 160
1694436377462 12.38468713636395 161
1694436377483 12.189161262119002 162
1694436377500 11.996748583609843 163
1694436377518 11.807399512496008 164
1694436377534 11.621065250644909 165
1694436377552 11.437697777533124 166
1694436377570 11.25724983784871 167
1694436377588 11.079674929291286 168
1694436377605 10.904927290566725 169
1694436377624 10.73296188957338 170
1694436377641 10.563734411776746 171
1694436377662 10.397201248769646 172
1694436377681 10.233319487014787 173
1694436377698 10.072046896767029 174
1694436377716 9.913341921172231 175
1694436377734 9.757163665540123 176
1694436377750 9.60347188678816 177
1694436377768 9.452226983053874 178
1694436377785 9.303389983472828 179
1694436377801 9.156922538119696 180
1694436377819 9.012786908109724 181
1694436377836 8.870945955858158 182
1694436377852 8.73136313549493 183
1694436377869 8.594002483432329 184
1694436377887 8.458828609083067 185
1694436377905 8.325806685726407 186
1694436377922 8.194902441519966 187
1694436377938 8.066082150654882 188
1694436377955 7.939312624652008 189
1694436377972 7.814561203797023 190
1694436377990 7.69179574871204 191
1694436378007 7.570984632061673 192
1694436378024 7.452096730391392 193
1694436378041 7.3351014160960375 194
1694436378058 7.219968549516419 195
1694436378076 7.10666847116195 196
1694436378094 6.99517199405734 197
1694436378112 6.88545039621128 198
1694436378129 6.777475413205345 199
1694436378146 6.6712192309009435 200
1694436378163 6.566654478262676 201
1694436378179 6.463754220296097 202
1694436378198 6.362491951098112 203
1694436378216 6.262841587018186 204
1694436378233 6.164777459928598 205
1694436378252 6.068274310602029 206
1694436378272 5.973307282194758 207
1694436378294 5.87985191383373 208
1694436378312 5.787884134305951 209
1694436378330 5.6973802558484525 210
1694436378346 5.60831696803729 211
1694436378363 5.520671331774019 212
1694436378380 5.434420773368019 213
1694436378399 5.349543078713159 214
1694436378416 5.2660163875573955 215
1694436378433 5.183819187863636 216
1694436378450 5.102930310260599 217
1694436378466 5.023328922582092 218
1694436378485 4.944994524493398 219
1694436378504 4.867906942203322 220
1694436378520 4.7920463232605375 221
1694436378538 4.717393131432934 222
1694436378556 4.64392814166854 223
1694436378573 4.571632435136882 224
1694436378593 4.500487394349287 225
1694436378609 4.430474698357077 226
1694436378627 4.361576318026274 227
1694436378643 4.293774511387638 228
1694436378661 4.227051819060853 229
1694436378678 4.161391059751656 230
1694436378697 4.096775325820751 231
1694436378715 4.033187978923336 232
1694436378732 3.9706126457182354 233
1694436378748 3.9090332136453063 234
1694436378765 3.8484338267702674 235
1694436378782 3.788798881695701 236
1694436378801 3.7301130235373035 237
1694436378820 3.672361141964199 238
1694436378842 3.6155283673024305 239
1694436378860 3.5596000667005727 240
1694436378877 3.504561840356408 241
1694436378896 3.450399517803816 242
1694436378913 3.3970991542588194 243
1694436378931 3.344647027023879 244
1694436378948 3.293029631949493 245
1694436378964 3.2422336799522347 246
1694436378981 3.1922460935882495 247
1694436379001 3.1430540036814087 248
1694436379019 3.0946447460051694 249
1694436379036 3.047005858017355 250
1694436379052 3.0001250756469635 251
1694436379070 2.9539903301321995 252
1694436379087 2.9085897449088987 253
1694436379105 2.8639116325485663 254
1694436379123 2.8199444917451775 255
1694436379140 2.7766770043500464 256
1694436379156 2.734098032453939 257
1694436379173 2.6921966155156944 258
1694436379191 2.6509619675365905 259
1694436379210 2.6103834742797742 260
1694436379227 2.57045069053399 261
1694436379245 2.5311533374209336 262
1694436379261 2.4924812997454975 263
1694436379277 2.4544246233882703 264
1694436379296 2.416973512739573 265
1694436379314 2.380118328174393 266
1694436379332 2.3438495835675814 267
1694436379349 2.308157943848619 268
1694436379365 2.2730342225953764 269
1694436379382 2.2384693796661947 270
1694436379400 2.2044545188697557 271
1694436379418 2.1709808856719994 272
1694436379436 2.138039864939677 273
1694436379457 2.10562297871979 274
1694436379476 2.0737218840544664 275
1694436379494 2.042328370830627 276
1694436379512 2.0114343596639355 277
1694436379530 1.9810318998164549 278
1694436379547 1.9511131671475197 279
1694436379564 1.9216704620972003 280
1694436379581 1.8926962077019753 281
1694436379600 1.864182947641962 282
1694436379618 1.8361233443192913 283
1694436379634 1.8085101769671128 284
1694436379652 1.7813363397887243 285
1694436379669 1.7545948401263234 286
1694436379686 1.7282787966589883 287
1694436379705 1.7023814376293493 288
1694436379724 1.6768960990985007 289
1694436379741 1.6518162232287443 290
1694436379759 1.6271353565936968 291
1694436379776 1.6028471485152889 292
1694436379792 1.5789453494273025 293
1694436379811 1.555423809264967 294
1694436379829 1.5322764758802032 295
1694436379845 1.5094973934821416 296
1694436379862 1.4870807011024476 297
1694436379879 1.4650206310851628 298
1694436379896 1.4433115076005467 299
1694436379916 1.4219477451826192 300
1694436379933 1.4009238472900152 301
1694436379951 1.3802344048897568 302
1694436379968 1.359874095063581 303
1694436379985 1.3398376796364957 304
1694436380001 1.320120003827155 305
1694436380019 1.3007159949197804 306
1694436380041 1.2816206609571839 307
1694436380061 1.262829089454655 308
1694436380081 1.2443364461343365 309
1694436380098 1.2261379736797369 310
1694436380116 1.208228990510118 311
1694436380133 1.1906048895743777 312
1694436380151 1.1732611371641664 313
1694436380168 1.15619327174591 314
1694436380185 1.1393969028114395 315
1694436380201 1.1228677097469193 316
1694436380220 1.1066014407198101 317
1694436380238 1.0905939115835588 318
1694436380256 1.0748410047997274 319
1694436380276 1.0593386683773012 320
1694436380296 1.0440829148289084 321
1694436380316 1.0290698201436277 322
1694436380332 1.0142955227762092 323
1694436380348 0.9997562226523516 324
1694436380365 0.9854481801898608 325
1694436380382 0.9713677153353677 326
1694436380397 0.9575112066164221 327
1694436380418 0.9438750902086752 328
1694436380434 0.9304558590179017 329
1694436380450 0.9172500617766843 330
1694436380508 0.904254302155446 331
1694436380525 0.8914652378876616 332
1694436380541 0.8788795799090235 333
1694436380558 0.8664940915102783 334
1694436380574 0.8543055875035851 335
1694436380590 0.8423109334021548 336
1694436380607 0.8305070446129384 337
1694436380626 0.8188908856421814 338
1694436380644 0.8074594693136437 339
1694436380664 0.7962098559992651 340
1694436380681 0.7851391528620707 341
1694436380697 0.77424451311116 342
1694436380716 0.7635231352685394 343
1694436380732 0.7529722624476541 344
1694436380750 0.7425891816433935 345
1694436380767 0.7323712230334101 346
1694436380783 0.7223157592905703 347
1694436380800 0.7124202049063564 348
1694436380818 0.7026820155250416 349
1694436380835 0.6930986872884694 350
1694436380851 0.6836677561912687 351
1694436380868 0.6743867974463409 352
1694436380885 0.6652534248604534 353
1694436380901 0.6562652902197711 354
1694436380920 0.6474200826851856 355
1694436380937 0.6387155281972625 356
1694436380953 0.6301493888906734 357
1694436380970 0.6217194625179537 358
1694436380987 0.6134235818824344 359
1694436381003 0.6052596142802085 360
1694436381022 0.597225460950974 361
1694436381038 0.5893190565376445 362
1694436381056 0.5815383685545471 363
1694436381073 0.5738813968640949 364
1694436381089 0.5663461731617914 365
1694436381105 0.5589307604694473 366
1694436381122 0.5516332526364555 367
1694436381138 0.5444517738490099 368
1694436381155 0.5373844781471514 369
1694436381172 0.530429548949491 370
1694436381189 0.523585198585509 371
1694436381205 0.516849667835302 372
1694436381225 0.5102212254766535 373
1694436381241 0.5036981678393342 374
1694436381263 0.49727881836647153 375
1694436381283 0.4909615271829317 376
1694436381300 0.4847446706705616 377
1694436381320 0.4786266510501959 378
1694436381336 0.4726058959703154 379
1694436381354 0.4666808581022729 380
1694436381370 0.46085001474194776 381
1694436381387 0.4551118674177494 382
1694436381403 0.449464941504862 383
1694436381422 0.4439077858456309 384
1694436381439 0.43843897237600304 385
1694436381455 0.4330570957579033 386
1694436381471 0.42776077301746973 387
1694436381487 0.422548643189052 388
1694436381505 0.4174193669648723 389
1694436381524 0.41237162635027297 390
1694436381541 0.4074041243244464 391
1694436381556 0.40251558450656977 392
1694436381573 0.3977047508272612 393
1694436381589 0.3929703872052536 394
1694436381606 0.3883112772292336 395
1694436381624 0.38372622384473365 396
1694436381640 0.37921404904601497 397
1694436381657 0.3747735935728593 398
1694436381674 0.3704037166121813 399
1694436381690 0.36610329550439036 400
1694436381707 0.3618712254544503 401
1694436381725 0.3577064192475025 402
1694436381741 0.353607806969051 403
1694436381758 0.3495743357295785 404
1694436381775 0.34560496939356994 405
1694436381791 0.34169868831282285 406
1694436381807 0.3378544890640268 407
1694436381827 0.3340713841905158 408
1694436381847 0.33034840194812387 409
1694436381865 0.32668458605509415 410
1694436381882 0.3230789954459702 411
1694436381898 0.319530704029402 412
1694436381915 0.31603880044981075 413
1694436381932 0.312602387852848 414
1694436381949 0.3092205836545841 415
1694436381966 0.30589251931438144 416
1694436381982 0.3026173401113768 417
1694436381999 0.29939420492451796 418
1694436382016 0.2962222860161118 419
1694436382035 0.2931007688188165 420
1694436382051 0.29002885172601667 421
1694436382068 0.2870057458855496 422
1694436382084 0.2840306749967022 423
1694436382101 0.28110287511044313 424
1694436382118 0.27822159443284655 425
1694436382136 0.27538609313162843 426
1694436382151 0.27259564314577284 427
1694436382168 0.26984952799818984 428
1694436382185 0.26714704261134853 429
1694436382201 0.26448749312585257 430
1694436382219 0.2618701967218981 431
1694436382235 0.259294481443582 432
1694436382253 0.25675968602599775 433
1694436382270 0.25426515972508773 434
1694436382287 0.2518102621502072 435
1694436382303 0.2493943630993501 436
1694436382321 0.24701684239699592 437
1694436382339 0.24467708973454586 438
1694436382356 0.24237450451328948 439
1694436382372 0.24010849568988235 440
1694436382387 0.2378784816242672 441
1694436382403 0.2356838899300334 442
1694436382421 0.23352415732715082 443
1694436382439 0.2313987294970435 444
1694436382459 0.2293070609399788 445
1694436382476 0.22724861483471828 446
1694436382493 0.22522286290041757 447
1694436382510 0.22322928526070013 448
1694436382530 0.2212673703099179 449
1694436382547 0.21933661458153308 450
1694436382565 0.21743652261858923 451
1694436382581 0.21556660684625 452
1694436382597 0.21372638744636607 453
1694436382614 0.21191539223403857 454
1694436382633 0.21013315653614528 455
1694436382651 0.208379223071807 456
1694436382667 0.2066531418347445 457
1694436382684 0.2049544699775234 458
1694436382700 0.20328277169762615 459
1694436382717 0.20163761812535053 460
1694436382736 0.20001858721348262 461
1694436382752 0.1984252636287347 462
1694436382769 0.19685723864490345 463
1694436382785 0.19531411003773266 464
1694436382802 0.19379548198144886 465
1694436382819 0.19230096494694335 466
1694436382837 0.19083017560157386 467
1694436382854 0.18938273671056785 468
1694436382872 0.1879582770399824 469
1694436382888 0.18655643126122148 470
1694436382904 0.18517683985706648 471
1694436382921 0.18381914902919805 472
1694436382939 0.18248301060720293 473
1694436382955 0.18116808195901954 474
1694436382972 0.1798740259028043 475
1694436382989 0.17860051062021712 476
1694436383004 0.17734720957106898 477
1694436383024 0.17611380140934144 478
1694436383045 0.1748999699005357 479
1694436383061 0.1737054038403371 480
1694436383077 0.17252979697457885 481
1694436383093 0.171372847920477 482
1694436383110 0.17023426008911674 483
1694436383128 0.16911374160917528 484
1694436383146 0.16801100525185747 485
1694436383162 0.16692576835702827 486
1694436383179 0.16585775276051876 487
1694436383195 0.16480668472258625 488
1694436383211 0.16377229485752184 489
1694436383229 0.16275431806436827 490
1694436383248 0.1617524934587471 491
1694436383268 0.16076656430576658 492
1694436383287 0.15979627795400372 493
1694436383305 0.1588413857705264 494
1694436383321 0.15790164307696133 495
1694436383339 0.15697680908657158 496
1694436383356 0.15606664684234048 497
1694436383372 0.15517092315603329 498
1694436383389 0.15428940854823725 499
