1694432680745 168.89967544445548 0
1694432680762 165.52985848779414 1
1694432680778 162.90973990958636 2
1694432680795 160.32651882889297 3
1694432680811 157.78455165546333 4
1694432680828 155.28316251075213 5
1694432680844 152.82169769844367 6
1694432680860 150.39951421085595 7
1694432680879 148.0159795750248 8
1694432680897 145.67047167410283 9
1694432680915 143.36237857206135 10
1694432680931 141.09109834154972 11
1694432680948 138.85603889485012 12
1694432680964 136.6566178178658 13
1694432680980 134.49226220708255 14
1694432680996 132.36240850944498 15
1694432681013 130.26650236508905 16
1694432681032 128.20399845287628 17
1694432681049 126.17436033867253 18
1694432681065 124.17706032631985 19
1694432681081 122.21157931124723 20
1694432681098 120.27740663666964 21
1694432681114 118.3740399523253 22
1694432681132 116.50098507570138 23
1694432681148 114.65775585570087 24
1694432681164 112.8438740387034 25
1694432681180 111.05886913697375 26
1694432681197 109.30227829937375 27
1694432681212 107.57364618433319 28
1694432681228 105.87252483503674 29
1694432681244 104.19847355678525 30
1694432681261 102.55105879648949 31
1694432681278 100.92985402425712 32
1694432681295 99.33443961703246 33
1694432681313 97.76440274425104 34
1694432681332 96.21933725547106 35
1694432681348 94.69884356994494 36
1694432681367 93.20252856809437 37
1694432681385 91.73000548485389 38
1694432681403 90.28089380484818 39
1694432681424 88.85481915936896 40
1694432681440 87.45141322511849 41
1694432681457 86.0703136246869 42
1694432681472 84.71116382873169 43
1694432681489 83.3736130598278 44
1694432681504 82.05731619795834 45
1694432681520 80.76193368761513 46
1694432681537 79.48713144648048 47
1694432681553 78.23258077566102 48
1694432681569 76.9979582714456 49
1694432681586 75.78294573855942 50
1694432681602 74.58723010488778 51
1694432681619 73.41050333764248 52
1694432681636 72.2524623609452 53
1694432681652 71.11280897480222 54
1694432681668 69.99124977544584 55
1694432681685 68.88749607701742 56
1694432681701 67.80126383456908 57
1694432681718 66.73227356835926 58
1694432681734 65.6802502894204 59
1694432681751 64.64492342637527 60
1694432681766 63.62602675348013 61
1694432681783 62.623298319873115 62
1694432681799 61.63648038000612 63
1694432681815 60.66531932524005 64
1694432681831 59.70956561658211 65
1694432681848 58.7689737185457 66
1694432681864 57.843302034112924 67
1694432681881 56.932312840780405 68
1694432681898 56.0357722276697 69
1694432681919 55.15345003368325 70
1694432681943 54.28511978668818 71
1694432681961 53.4305586437097 72
1694432681977 52.58954733211671 73
1694432681993 51.761870091782235 74
1694432682010 50.94731461820206 75
1694432682026 50.14567200655472 76
1694432682043 49.356736696686795 77
1694432682059 48.580306419007286 78
1694432682075 47.816182141275746 79
1694432682091 47.06416801626851 80
1694432682107 46.32407133030805 81
1694432682123 45.595702452640616 82
1694432682139 44.87887478564767 83
1694432682158 44.17340471587681 84
1694432682174 43.47911156587816 85
1694432682191 42.79581754683253 86
1694432682207 42.1233477119577 87
1694432682222 41.46152991067983 88
1694432682239 40.81019474355683 89
1694432682256 40.16917551794075 90
1694432682272 39.53830820436711 91
1694432682289 38.91743139365826 92
1694432682305 38.30638625472916 93
1694432682321 37.70501649308356 94
1694432682337 37.11316830998871 95
1694432682354 36.53069036231749 96
1694432682370 35.957483651190714 97
1694432682388 35.39329582906731 98
1694432682404 34.83810111716778 99
1694432682419 34.29169113389976 100
1694432682437 33.753874524812076 101
1694432682456 33.22464024737639 102
1694432682472 32.70377618068665 103
1694432682488 32.19115924472737 104
1694432682504 31.686588987012005 105
1694432682520 31.19008358100867 106
1694432682536 30.701425829374926 107
1694432682554 30.220502964850066 108
1694432682570 29.747114474264276 109
1694432682586 29.281305191471443 110
1694432682602 28.82285371314745 111
1694432682619 28.371656855450826 112
1694432682636 27.927514419316548 113
1694432682652 27.490495396355264 114
1694432682669 27.06037497157786 115
1694432682685 26.637058865042754 116
1694432682701 26.22043901830376 117
1694432682717 25.81031542705782 118
1694432682732 25.4067853113524 119
1694432682749 25.0096197928692 120
1694432682766 24.618734954986458 121
1694432682782 24.234031089274314 122
1694432682798 23.855409987892138 123
1694432682815 23.48267221761661 124
1694432682830 23.115945484964254 125
1694432682848 22.754996772468488 126
1694432682865 22.399753494841356 127
1694432682882 22.050125111152553 128
1694432682898 21.70602244782328 129
1694432682914 21.3673577551097 130
1694432682931 21.03404468350832 131
1694432682948 20.70588478714706 132
1694432682965 20.383041396597104 133
1694432682982 20.06527700159562 134
1694432682998 19.752532449239183 135
1694432683015 19.44472811702013 136
1694432683032 19.14178559125425 137
1694432683048 18.843627709194553 138
1694432683065 18.55017853834017 139
1694432683080 18.26136335669126 140
1694432683097 17.977108633321553 141
1694432683112 17.697217939003313 142
1694432683129 17.4218910101884 143
1694432683145 17.150886832615285 144
1694432683162 16.884160580960927 145
1694432683178 16.621644438208047 146
1694432683194 16.36327162461044 147
1694432683210 16.10897642472508 148
1694432683227 15.858694169844275 149
1694432683243 15.612361221226017 150
1694432683261 15.36991495359326 151
1694432683276 15.131293738900387 152
1694432683292 14.89643693036255 153
1694432683309 14.66528484674339 154
1694432683325 14.43777875689714 155
1694432683342 14.213860864560582 156
1694432683359 13.993474293390975 157
1694432683374 13.776563072245727 158
1694432683392 13.563072120700005 159
1694432683408 13.352947234798231 160
1694432683425 13.146135073035587 161
1694432683441 12.94258314256586 162
1694432683458 12.74223978563189 163
1694432683474 12.545054166214811 164
1694432683490 12.350976256898754 165
1694432683507 12.159956825947157 166
1694432683523 11.971947424587551 167
1694432683540 11.78690037450111 168
1694432683557 11.604768755513765 169
1694432683574 11.42550639348563 170
1694432683592 11.2490678483953 171
1694432683607 11.075408402616011 172
1694432683623 10.904484049380494 173
1694432683640 10.736251481431317 174
1694432683658 10.570668079853892 175
1694432683674 10.40769190308897 176
1694432683690 10.247281676121826 177
1694432683706 10.089396779845156 178
1694432683722 9.933997240592975 179
1694432683738 9.781043719842609 180
1694432683756 9.630497504082104 181
1694432683770 9.482320494840378 182
1694432683787 9.33647519887738 183
1694432683803 9.192924718531787 184
1694432683820 9.051632742223585 185
1694432683837 8.912563535109006 186
1694432683853 8.775681929885389 187
1694432683869 8.640953317743604 188
1694432683886 8.508343639465442 189
1694432683903 8.377819376663814 190
1694432683919 8.249347543163339 191
1694432683935 8.12289567651911 192
1694432683949 7.998431829671368 193
1694432683967 7.87592456273378 194
1694432683983 7.755342934913432 195
1694432683999 7.636656496560074 196
1694432684014 7.519835281342764 197
1694432684033 7.404849798551762 198
1694432684049 7.291671025523649 199
1694432684066 7.18027040018766 200
1694432684082 7.070619813731358 201
1694432684099 6.962691603383633 202
1694432684114 6.856458545313123 203
1694432684131 6.751893847640318 204
1694432684148 6.648971143561356 205
1694432684165 6.547664484581785 206
1694432684181 6.4479483338585775 207
1694432684197 6.349797559648499 208
1694432684214 6.253187428861273 209
1694432684229 6.158093600715752 210
1694432684245 6.064492120497455 211
1694432684262 5.972359413415911 212
1694432684279 5.881672278560088 213
1694432684295 5.792407882950374 214
1694432684311 5.704543755685628 215
1694432684327 5.618057782183657 216
1694432684343 5.532928198513661 217
1694432684359 5.4491335858192365 218
1694432684376 5.366652864830359 219
1694432684393 5.28546529046298 220
1694432684409 5.205550446504863 221
1694432684425 5.12688824038619 222
1694432684442 5.049458898033677 223
1694432684457 4.973242958806751 224
1694432684474 4.8982212705145365 225
1694432684490 4.824374984512356 226
1694432684506 4.751685550876441 227
1694432684522 4.680134713655602 228
1694432684538 4.6097045061986615 229
1694432684555 4.540377246556352 230
1694432684572 4.472135532956592 231
1694432684588 4.404962239351877 232
1694432684605 4.338840511037652 233
1694432684621 4.273753760340562 234
1694432684637 4.209685662375428 235
1694432684653 4.14662015086983 236
1694432684670 4.084541414055267 237
1694432684687 4.0234338906237905 238
1694432684702 3.9632822657490587 239
1694432684719 3.904071467170803 240
1694432684735 3.8457866613416796 241
1694432684754 3.7884132496355174 242
1694432684772 3.731936864615936 243
1694432684789 3.676343366364443 244
1694432684805 3.621618838866982 245
1694432684821 3.5677495864580804 246
1694432684838 3.5147221303215685 247
1694432684854 3.4625232050470736 248
1694432684871 3.411139755241295 249
1694432684889 3.3605589321933063 250
1694432684906 3.310768090592888 251
1694432684922 3.261754785301136 252
1694432684939 3.213506768172476 253
1694432684954 3.166011984927266 254
1694432684970 3.1192585720741652 255
1694432684988 3.073234853881521 256
1694432685003 3.0279293393969406 257
1694432685020 2.983330719514253 258
1694432685037 2.9394278640872256 259
1694432685053 2.89620981908916 260
1694432685069 2.8536658038176808 261
1694432685086 2.81178520814403 262
1694432685103 2.770557589806076 263
1694432685119 2.7299726717444557 264
1694432685134 2.690020339481029 265
1694432685151 2.650690638539072 266
1694432685167 2.611973771904509 267
1694432685183 2.573860097527488 268
1694432685200 2.5363401258637492 269
1694432685216 2.499404517455037 270
1694432685232 2.4630440805480456 271
1694432685248 2.4272497687511954 272
1694432685264 2.39201267872868 273
1694432685281 2.357324047931182 274
1694432685298 2.323175252362661 275
1694432685314 2.2895578043826794 276
1694432685331 2.2564633505436227 277
1694432685348 2.223883669462346 278
1694432685364 2.191810669725631 279
1694432685381 2.1602363878289395 280
1694432685398 2.1291529861479552 281
1694432685414 2.098552750942341 282
1694432685431 2.0684280903912353 283
1694432685446 2.0387715326599922 284
1694432685462 2.0095757239976084 285
1694432685478 1.9808334268644159 286
1694432685494 1.9525375180895284 287
1694432685510 1.9246809870575552 288
1694432685527 1.8972569339241385 289
1694432685544 1.870258567859837 290
1694432685560 1.8436792053219389 291
1694432685576 1.8175122683536922 292
1694432685593 1.7917512829105944 293
1694432685609 1.7663898772132487 294
1694432685625 1.7414217801264225 295
1694432685641 1.7168408195637936 296
1694432685657 1.6926409209181232 297
1694432685672 1.6688161055162847 298
1694432685690 1.6453604890988844 299
1694432685706 1.6222682803240265 300
1694432685722 1.5995337792948296 301
1694432685737 1.5771513761103286 302
1694432685754 1.5551155494394069 303
1694432685769 1.5334208651173693 304
1694432685787 1.5120619747648034 305
1694432685804 1.4910336144283853 306
1694432685820 1.4703306032432488 307
1694432685836 1.4499478421166019 308
1694432685852 1.42988031243227 309
1694432685868 1.4101230747757802 310
1694432685885 1.3906712676796993 311
1694432685902 1.3715201063888955 312
1694432685919 1.3526648816454072 313
1694432685935 1.3341009584925934 314
1694432685951 1.3158237750982755 315
1694432685968 1.2978288415965715 316
1694432685985 1.2801117389480963 317
1694432686001 1.2626681178182688 318
1694432686017 1.2454936974734403 319
1694432686033 1.2285842646945027 320
1694432686050 1.21193567270779 321
1694432686067 1.1955438401329068 322
1694432686084 1.1794047499472937 323
1694432686101 1.1635144484672022 324
1694432686117 1.1478690443448547 325
1694432686133 1.1324647075815117 326
1694432686149 1.1172976685562055 327
1694432686165 1.1023642170699064 328
1694432686181 1.0876607014048099 329
1694432686197 1.073053901591614 330
1694432686213 1.0588259915149951 331
1694432686229 1.0447914608446411 332
1694432686245 1.0309728511902665 333
1694432686261 1.017366764649663 334
1694432686277 1.0039698812199467 335
1694432686295 0.99077893327033 336
1694432686311 0.977790704650005 337
1694432686327 0.9650020298739896 338
1694432686343 0.9524097933212572 339
1694432686359 0.9400109284455745 340
1694432686375 0.9278024169988847 341
1694432686392 0.9157812882670018 342
1694432686408 0.9039446183174314 343
1694432686425 0.8922895292591357 344
1694432686441 0.880813188514036 345
1694432686456 0.8695128081000824 346
1694432686474 0.8583856439256808 347
1694432686491 0.8473039401564414 348
1694432686508 0.8365406054782267 349
1694432686525 0.8259175052026705 350
1694432686541 0.8154570942377528 351
1694432686558 0.8051568149522239 352
1694432686573 0.7950141721473024 353
1694432686590 0.7850267099535331 354
1694432686607 0.7751920111419044 355
1694432686623 0.7655076965132809 356
1694432686639 0.7559714242969038 357
1694432686655 0.7465808895583917 358
1694432686670 0.7373338236171657 359
1694432686687 0.7282279934731055 360
1694432686703 0.7192612012423026 361
1694432686720 0.7103097428846029 362
1694432686736 0.7016392510068935 363
1694432686751 0.6930771246960233 364
1694432686767 0.6846456083017599 365
1694432686784 0.676342650411706 366
1694432686800 0.6681662522151891 367
1694432686816 0.6601144463891178 368
1694432686832 0.6521852965295274 369
1694432686849 0.6443768966633772 370
1694432686864 0.636687370767465 371
1694432686880 0.6291148722949526 372
1694432686897 0.6216575837094136 373
1694432686912 0.6143137160262675 374
1694432686929 0.6069629531623845 375
1694432686945 0.5998646905252915 376
1694432686961 0.5928509789663257 377
1694432686977 0.5859438315677301 378
1694432686993 0.5791415761451948 379
1694432687010 0.5724425855096562 380
1694432687026 0.5658452580935146 381
1694432687043 0.5593480174714821 382
1694432687062 0.5529493119639253 383
1694432687078 0.5466476142458147 384
1694432687098 0.5404414209618924 385
1694432687115 0.5342132480440986 386
1694432687131 0.5282170974225956 387
1694432687147 0.5222889370757121 388
1694432687162 0.5164505219558194 389
1694432687178 0.5107004451138032 390
1694432687196 0.5050373389600914 391
1694432687212 0.4994598574329594 392
1694432687227 0.49396667558057783 393
1694432687244 0.48855648922819567 394
1694432687260 0.48322801464992426 395
1694432687276 0.4778662415038359 396
1694432687293 0.4727203649934543 397
1694432687309 0.46762978993634413 398
1694432687325 0.46261601134992875 399
1694432687342 0.45767782644607585 400
1694432687358 0.45281406725743106 401
1694432687374 0.4480235841995542 402
1694432687390 0.44330524569927404 403
1694432687407 0.43865793791091856 404
1694432687423 0.4339688572182234 405
1694432687440 0.429482827614587 406
1694432687455 0.4250423330432199 407
1694432687471 0.42066860660552624 408
1694432687488 0.4163606036367131 409
1694432687503 0.4121173105799241 410
1694432687520 0.4079377298311137 411
1694432687536 0.40382087940248107 412
1694432687552 0.3997657926765615 413
1694432687567 0.3956616441874601 414
1694432687584 0.3917493231643201 415
1694432687602 0.38787407649558386 416
1694432687619 0.3840568966305565 417
1694432687636 0.3802968759981834 418
1694432687654 0.3765931348698278 419
1694432687671 0.37294480736484065 420
1694432687687 0.3693510411442389 421
1694432687704 0.36570284107423917 422
1694432687720 0.362237385506541 423
1694432687737 0.3588024889081566 424
1694432687753 0.3554188957555965 425
1694432687769 0.352085805096245 426
1694432687784 0.3488024410820981 427
1694432687803 0.34556804008156977 428
1694432687820 0.3423818503958875 429
1694432687836 0.3391365342987802 430
1694432687852 0.33606590066033626 431
1694432687868 0.3330200905215633 432
1694432687884 0.3300196205131887 433
1694432687901 0.32706378361497196 434
1694432687918 0.32415189546714285 435
1694432687935 0.3212832824903825 436
1694432687951 0.3184572816221046 437
1694432687966 0.31556805513339126 438
1694432687984 0.3128463544423799 439
1694432688001 0.3101444276384438 440
1694432688017 0.30748258228677267 441
1694432688034 0.3048601941310658 442
1694432688050 0.3022766593919915 443
1694432688066 0.2997313838067763 444
1694432688083 0.2971200024748136 445
1694432688100 0.29467020658039494 446
1694432688117 0.2922363221934888 447
1694432688134 0.28983843060361214 448
1694432688150 0.28747597200888614 449
1694432688165 0.2851484051776488 450
1694432688182 0.2828551974158601 451
1694432688198 0.28049333145640953 452
1694432688216 0.2782876939005119 453
1694432688233 0.27609451293271847 454
1694432688249 0.27393366119548107 455
1694432688265 0.2718046365920832 456
1694432688282 0.26970695386849475 457
1694432688298 0.2676401354328166 458
1694432688315 0.2655023967226928 459
1694432688331 0.2635160549585825 460
1694432688347 0.26153907894855766 461
1694432688363 0.2595911490590026 462
1694432688380 0.2576718148606481 463
1694432688396 0.25578064120081445 464
1694432688413 0.2539171998059581 465
1694432688429 0.2519808332325557 466
1694432688445 0.250191505876954 467
1694432688460 0.2484087787641974 468
1694432688476 0.2466521551978138 469
1694432688493 0.2449212310144486 470
1694432688510 0.24321561590675445 471
1694432688526 0.24143586126732547 472
1694432688542 0.2397993609630167 473
1694432688558 0.2381673908797243 474
1694432688574 0.23655924738834408 475
1694432688590 0.23497456227331712 476
1694432688607 0.23341297984723608 477
1694432688623 0.23187415006304396 478
1694432688639 0.23025954979343163 479
1694432688657 0.22878463974000965 480
1694432688672 0.22731200352831085 481
1694432688689 0.2258607917120177 482
1694432688705 0.22443067375727072 483
1694432688723 0.22302133049359482 484
1694432688739 0.2215352881591555 485
1694432688754 0.22018576930543027 486
1694432688771 0.21883684740024045 487
1694432688786 0.21750749095243202 488
1694432688804 0.21619739873770288 489
1694432688821 0.2149062797664555 490
1694432688839 0.21353763076281992 491
1694432688855 0.21230260282067037 492
1694432688871 0.21106664753180698 493
1694432688887 0.20984856449194594 494
1694432688903 0.20864807914729702 495
1694432688920 0.20746492614083797 496
1694432688938 0.20620349959769263 497
1694432688953 0.2050730337452041 498
1694432688969 0.2039402547828121 499
