1694432633222 176.02808821241456 0
1694432633239 175.67438502524436 1
1694432633255 175.39203306601715 2
1694432633271 175.11012048466776 3
1694432633288 174.82866076370019 4
1694432633304 174.54765317208918 5
1694432633321 174.2670969828397 6
1694432633338 173.9869914701293 7
1694432633353 173.70733590930686 8
1694432633371 173.4281295768908 9
1694432633388 173.14937175056684 10
1694432633404 172.87106170918653 11
1694432633421 172.59319873276496 12
1694432633437 172.3157821024791 13
1694432633453 172.0388111006658 14
1694432633468 171.76228501082014 15
1694432633486 171.48620311759305 16
1694432633502 171.21056470679 17
1694432633521 170.9353690653687 18
1694432633538 170.66061548143745 19
1694432633554 170.38630324425327 20
1694432633574 170.1124316442198 21
1694432633593 169.83899997288577 22
1694432633610 169.5660075229428 23
1694432633628 169.29345358822383 24
1694432633647 169.02133746370112 25
1694432633667 168.74965844548439 26
1694432633685 168.48152655766256 27
1694432633706 168.2132006350078 28
1694432633722 167.9453038790982 29
1694432633738 167.67783547685755 30
1694432633755 167.41079474119306 31
1694432633771 167.1441809860943 32
1694432633787 166.87799352665644 33
1694432633803 166.61223167907835 34
1694432633819 166.3468947606609 35
1694432633836 166.08198208980517 36
1694432633852 165.81749298601056 37
1694432633867 165.55342676987308 38
1694432633884 165.28978276308368 39
1694432633900 165.02656028842614 40
1694432633916 164.76375866977565 41
1694432633932 164.5013772320969 42
1694432633949 164.23941530144225 43
1694432633965 163.97787220495 44
1694432633980 163.71674727084266 45
1694432633997 163.4560398284252 46
1694432634016 163.1957492080832 47
1694432634032 162.9358747412812 48
1694432634050 162.67641576056084 49
1694432634066 162.41737159953925 50
1694432634082 162.15874159290718 51
1694432634098 161.9005250764273 52
1694432634114 161.64272138693244 53
1694432634131 161.38532986232386 54
1694432634147 161.12834984156956 55
1694432634164 160.87178066470253 56
1694432634180 160.61562167281892 57
1694432634195 160.35987220807638 58
1694432634212 160.10453161369253 59
1694432634228 159.84959923394283 60
1694432634245 159.59507441415928 61
1694432634262 159.3409565007283 62
1694432634277 159.0872448410894 63
1694432634294 158.8339387837333 64
1694432634310 158.58103767820006 65
1694432634326 158.32854087507772 66
1694432634344 158.07644772600037 67
1694432634360 157.82475758364637 68
1694432634377 157.57346980173693 69
1694432634397 157.32258373503424 70
1694432634414 157.07209873933974 71
1694432634431 156.82201417149258 72
1694432634448 156.57232938936784 73
1694432634464 156.3230437518748 74
1694432634481 156.07415661895533 75
1694432634497 155.8256673515823 76
1694432634513 155.57757531175778 77
1694432634530 155.3298798625113 78
1694432634546 155.0825803678984 79
1694432634563 154.8356761929988 80
1694432634580 154.58916670391486 81
1694432634596 154.34305126776968 82
1694432634613 154.09732925270578 83
1694432634629 153.8520000278832 84
1694432634646 153.6070629634779 85
1694432634663 153.36251743068019 86
1694432634680 153.11836280169294 87
1694432634698 152.87459844973014 88
1694432634713 152.6312237490151 89
1694432634732 152.38823807477874 90
1694432634749 152.1456408032583 91
1694432634765 151.90343131169521 92
1694432634782 151.66160897833393 93
1694432634799 151.42017318242006 94
1694432634815 151.1791233041987 95
1694432634831 150.93845872491298 96
1694432634848 150.69817882680235 97
1694432634865 150.45828299310097 98
1694432634882 150.2187706080361 99
1694432634897 149.97964105682644 100
1694432634914 149.7408937256807 101
1694432634930 149.50252800179567 102
1694432634947 149.26454327335506 103
1694432634964 149.0269389295274 104
1694432634980 148.78971436046484 105
1694432634997 148.5528689573014 106
1694432635012 148.31640211215134 107
1694432635028 148.0803132181076 108
1694432635046 147.8446016692403 109
1694432635062 147.609266860595 110
1694432635080 147.37430818819124 111
1694432635096 147.1397250490209 112
1694432635111 146.90551684104665 113
1694432635128 146.67168296320042 114
1694432635145 146.4382228153817 115
1694432635162 146.20513579845604 116
1694432635178 145.9724213142535 117
1694432635194 145.74007876556712 118
1694432635210 145.5081075561513 119
1694432635227 145.27650709072014 120
1694432635245 145.04527677494622 121
1694432635261 144.81441601545865 122
1694432635277 144.58392421984163 123
1694432635293 144.35380079663315 124
1694432635310 144.1240451553232 125
1694432635327 143.8946567063521 126
1694432635344 143.66563486110945 127
1694432635360 143.43697903193203 128
1694432635376 143.2086886321026 129
1694432635393 142.98076307584833 130
1694432635408 142.75320177833913 131
1694432635424 142.5260041556863 132
1694432635441 142.29916962494082 133
1694432635458 142.072697604092 134
1694432635474 141.84658751206587 135
1694432635490 141.62083876872356 136
1694432635507 141.39545079486007 137
1694432635523 141.17042301220252 138
1694432635540 140.94575484340862 139
1694432635556 140.7214457120653 140
1694432635574 140.4974950426872 141
1694432635591 140.27390226071506 142
1694432635606 140.0506667925142 143
1694432635623 139.8277880653732 144
1694432635639 139.60526550750228 145
1694432635656 139.38309854803174 146
1694432635672 139.16128661701072 147
1694432635689 138.93982914540533 148
1694432635705 138.7187255650975 149
1694432635720 138.49797530888338 150
1694432635736 138.27757781047177 151
1694432635754 138.0575325044828 152
1694432635770 137.8378388264463 153
1694432635787 137.6184962128005 154
1694432635803 137.39950410089037 155
1694432635819 137.18086192896624 156
1694432635836 136.9625691361824 157
1694432635852 136.7446251625954 158
1694432635870 136.52702944916308 159
1694432635887 136.3097814377424 160
1694432635903 136.0928805710886 161
1694432635919 135.8763262928535 162
1694432635934 135.66011804758395 163
1694432635950 135.4442552807205 164
1694432635967 135.22873743859617 165
1694432635984 135.01356396843445 166
1694432636001 134.79873431834835 167
1694432636017 134.58424793733883 168
1694432636033 134.37010427529322 169
1694432636049 134.15630278298386 170
1694432636065 133.94284291206688 171
1694432636083 133.7297241150804 172
1694432636099 133.5169458454433 173
1694432636115 133.30450755745392 174
1694432636131 133.09240870628832 175
1694432636147 132.88064874799915 176
1694432636163 132.66922713951402 177
1694432636180 132.45814333863422 178
1694432636197 132.24739680403323 179
1694432636213 132.0369869952554 180
1694432636229 131.82691337271444 181
1694432636245 131.61717539769197 182
1694432636261 131.4077725323363 183
1694432636277 131.19870423966086 184
1694432636294 130.9899699835429 185
1694432636309 130.781569228722 186
1694432636326 130.57350144079868 187
1694432636342 130.3657660862332 188
1694432636358 130.1583626323439 189
1694432636375 129.9512905473059 190
1694432636392 129.74454930014983 191
1694432636408 129.53813836076029 192
1694432636427 129.33205719987453 193
1694432636442 129.1263052890811 194
1694432636458 128.92088210081846 195
1694432636475 128.71578710837346 196
1694432636491 128.5110197858803 197
1694432636507 128.30657960831874 198
1694432636523 128.1024660515131 199
1694432636540 127.89867859213061 200
1694432636556 127.69521670768026 201
1694432636573 127.49207987651131 202
1694432636590 127.28926757781196 203
1694432636606 127.08677929160802 204
1694432636621 126.88461449876151 205
1694432636637 126.68277268096931 206
1694432636654 126.48125332076191 207
1694432636671 126.28005590150187 208
1694432636687 126.07917990738265 209
1694432636703 125.87862482342716 210
1694432636719 125.67839013548652 211
1694432636734 125.47847533023857 212
1694432636750 125.27887989518663 213
1694432636767 125.07960331865822 214
1694432636784 124.88064508980355 215
1694432636801 124.6820046985944 216
1694432636817 124.48368163582258 217
1694432636834 124.2856753930988 218
1694432636850 124.08798546285118 219
1694432636866 123.89061133832405 220
1694432636883 123.69355251357652 221
1694432636900 123.49680848348133 222
1694432636917 123.30037874372326 223
1694432636932 123.10426279079813 224
1694432636948 122.90846012201126 225
1694432636964 122.71297023547626 226
1694432636981 122.51779263011368 227
1694432636999 122.32292680564973 228
1694432637016 122.128372262615 229
1694432637032 121.9341285023431 230
1694432637048 121.74019502696935 231
1694432637065 121.54657133942963 232
1694432637082 121.35325694345887 233
1694432637099 121.16025134358995 234
1694432637114 120.96755404515223 235
1694432637130 120.7751645542704 236
1694432637146 120.58308237786324 237
1694432637163 120.39130702364207 238
1694432637180 120.19983800010979 239
1694432637196 120.00867481655935 240
1694432637212 119.81781698307263 241
1694432637228 119.62726401051911 242
1694432637245 119.43701541055454 243
1694432637261 119.2470706956198 244
1694432637278 119.05742937893947 245
1694432637295 118.86809097452071 246
1694432637310 118.6790549971519 247
1694432637327 118.49032096240138 248
1694432637343 118.3018883866163 249
1694432637359 118.11375678692113 250
1694432637376 117.9259256812167 251
1694432637393 117.7383945881787 252
1694432637408 117.55116302725651 253
1694432637424 117.36423051867204 254
1694432637440 117.17759658341832 255
1694432637456 116.99126074325835 256
1694432637472 116.80522252072382 257
1694432637489 116.61948143911395 258
1694432637505 116.4340370224941 259
1694432637521 116.24888879569465 260
1694432637538 116.06403628430974 261
1694432637554 115.87947901469599 262
1694432637571 115.69521651397129 263
1694432637589 115.51124831001363 264
1694432637606 115.32757393145978 265
1694432637622 115.14419290770411 266
1694432637638 114.96110476889733 267
1694432637656 114.77830904594532 268
1694432637672 114.59580527050791 269
1694432637688 114.41359297499756 270
1694432637705 114.23167169257829 271
1694432637720 114.05004095716436 272
1694432637737 113.86870030341906 273
1694432637754 113.6876492667536 274
1694432637770 113.50688738332576 275
1694432637787 113.32641419003878 276
1694432637803 113.14622922454016 277
1694432637820 112.96633202522034 278
1694432637836 112.78672213121166 279
1694432637852 112.60739908238709 280
1694432637869 112.42836241935896 281
1694432637886 112.24961168347787 282
1694432637903 112.07114641683145 283
1694432637918 111.89296616224323 284
1694432637935 111.7150704632713 285
1694432637950 111.53745886420732 286
1694432637967 111.36013091007514 287
1694432637983 111.18308614662979 288
1694432638000 111.0063241203562 289
1694432638016 110.82984437846802 290
1694432638033 110.6536464689065 291
1694432638049 110.47772994033923 292
1694432638065 110.30209434215902 293
1694432638083 110.12673922448276 294
1694432638099 109.95166413815019 295
1694432638114 109.77686863472277 296
1694432638131 109.60235226648246 297
1694432638146 109.42811458643061 298
1694432638164 109.2541551482868 299
1694432638181 109.08047350648764 300
1694432638198 108.90706921618562 301
1694432638214 108.73394183324802 302
1694432638230 108.56109091425563 303
1694432638246 108.38851601650168 304
1694432638262 108.21621669799076 305
1694432638279 108.0441925174375 306
1694432638314 107.87244303426546 307
1694432638352 107.7009678086062 308
1694432638392 107.52976640129782 309
1694432638431 107.35883837388404 310
1694432638468 107.188183288613 311
1694432638508 107.01780070843603 312
1694432638534 106.84769019700671 313
1694432638551 106.67785131867954 314
1694432638568 106.50828363850891 315
1694432638587 106.33898672224795 316
1694432638604 106.16996013634738 317
1694432638620 106.00120344795445 318
1694432638638 105.83271622491174 319
1694432638656 105.66449803575603 320
1694432638671 105.49654844971725 321
1694432638689 105.32886703671734 322
1694432638706 105.16145336736913 323
1694432638722 104.99430701297511 324
1694432638743 104.82742754552652 325
1694432638761 104.66081453770207 326
1694432638779 104.49446756286694 327
1694432638796 104.3283861950716 328
1694432638815 104.16257000905073 329
1694432638831 103.9970185802221 330
1694432638847 103.83173148468552 331
1694432638865 103.66670829922165 332
1694432638881 103.501948601291 333
1694432638899 103.33745196903271 334
1694432638916 103.17321798126362 335
1694432638935 103.00924621747697 336
1694432638952 102.84553625784153 337
1694432638969 102.68208768320035 338
1694432638985 102.51890007506965 339
1694432639003 102.35597301563794 340
1694432639020 102.1933060877647 341
1694432639038 102.03089887497939 342
1694432639054 101.86875096148042 343
1694432639070 101.706861932134 344
1694432639088 101.54523137247308 345
1694432639105 101.38385886869628 346
1694432639121 101.22274400766685 347
1694432639139 101.06188637691146 348
1694432639155 100.9012855646193 349
1694432639171 100.74094115964095 350
1694432639189 100.58085275148728 351
1694432639208 100.42101993032837 352
1694432639223 100.26144228699256 353
1694432639241 100.10211941296521 354
1694432639257 99.94305090038783 355
1694432639274 99.78423634205689 356
1694432639291 99.62567533142274 357
1694432639307 99.46736746258873 358
1694432639324 99.30931233030994 359
1694432639339 99.1515095299923 360
1694432639356 98.99395865769142 361
1694432639372 98.83665931011161 362
1694432639390 98.67961108460486 363
1694432639405 98.52281357916965 364
1694432639422 98.36626639245006 365
1694432639440 98.20996912373468 366
1694432639459 98.05392137295554 367
1694432639476 97.89812274068713 368
1694432639493 97.74257282814524 369
1694432639509 97.58727123718612 370
1694432639526 97.43221757030527 371
1694432639543 97.27741143063648 372
1694432639559 97.12285242195084 373
1694432639575 96.96854014865559 374
1694432639592 96.81447421579327 375
1694432639609 96.66065422904053 376
1694432639627 96.50707979470714 377
1694432639644 96.3537505197351 378
1694432639660 96.20066601169745 379
1694432639676 96.04782587879734 380
1694432639694 95.895229729867 381
1694432639709 95.74287717436667 382
1694432639727 95.59076782238374 383
1694432639744 95.43890128463154 384
1694432639760 95.2872771724485 385
1694432639777 95.13589509779699 386
1694432639795 94.98475467326243 387
1694432639812 94.8338555120523 388
1694432639829 94.68319722799492 389
1694432639846 94.5327794355388 390
1694432639862 94.38260174975136 391
1694432639880 94.23266378631796 392
1694432639898 94.08296516154108 393
1694432639915 93.93350549233915 394
1694432639932 93.78428439624557 395
1694432639949 93.63530149140783 396
1694432639966 93.48655639658645 397
1694432639983 93.33804873115396 398
1694432640002 93.18977811509393 399
1694432640022 93.04174416900005 400
1694432640048 92.89394651407508 401
1694432640074 92.74638477212986 402
1694432640092 92.59905856558234 403
1694432640110 92.45196751745667 404
1694432640128 92.30511125138212 405
1694432640144 92.15848939159214 406
1694432640161 92.01210156292343 407
1694432640176 91.86594739081494 408
1694432640195 91.7200265013068 409
1694432640211 91.57433852103954 410
1694432640228 91.42888307725295 411
1694432640245 91.28365979778529 412
1694432640262 91.13866831107207 413
1694432640278 90.99390824614535 414
1694432640295 90.84937923263261 415
1694432640312 90.70508090075587 416
1694432640328 90.56101288133073 417
1694432640344 90.41717480576528 418
1694432640360 90.2735663060594 419
1694432640376 90.13018701480352 420
1694432640394 89.98703656517793 421
1694432640411 89.84411459095158 422
1694432640428 89.70142072648137 423
1694432640444 89.55895460671103 424
1694432640459 89.4167158671702 425
1694432640475 89.2747041439736 426
1694432640492 89.13291907381988 427
1694432640508 88.99136029399095 428
1694432640523 88.8500274423508 429
1694432640542 88.70892015734462 430
1694432640560 88.568038077998 431
1694432640576 88.42738084391577 432
1694432640595 88.28694809528128 433
1694432640614 88.14673947285532 434
1694432640635 88.00675461797525 435
1694432640651 87.86699317255409 436
1694432640668 87.72745477907954 437
1694432640686 87.58813908061303 438
1694432640704 87.44904572078893 439
1694432640719 87.31017434381351 440
1694432640736 87.17152459446397 441
1694432640753 87.03309611808773 442
1694432640769 86.89488856060123 443
1694432640786 86.7569015684893 444
1694432640804 86.61913478880398 445
1694432640819 86.4815878691638 446
1694432640836 86.34426045775278 447
1694432640852 86.20715220331952 448
1694432640868 86.07026275517633 449
1694432640888 85.93359176319825 450
1694432640905 85.79713887782223 451
1694432640922 85.66090375004617 452
1694432640937 85.52488603142801 453
1694432640953 85.38908537408486 454
1694432640970 85.25350143069207 455
1694432640986 85.11813385448238 456
1694432641004 84.98298229924494 457
1694432641020 84.84804641932448 458
1694432641037 84.71332586962036 459
1694432641054 84.57882030558577 460
1694432641069 84.44452938322675 461
1694432641085 84.31045275910131 462
1694432641102 84.17659009031853 463
1694432641120 84.04294103453775 464
1694432641136 83.90950524996764 465
1694432641152 83.77628239536524 466
1694432641169 83.64327213003521 467
1694432641185 83.5104741138288 468
1694432641202 83.37788800714314 469
1694432641218 83.2455134709202 470
1694432641233 83.113350166646 471
1694432641250 82.98139775634971 472
1694432641266 82.84965590260276 473
1694432641282 82.71812426851805 474
1694432641299 82.58680251774898 475
1694432641317 82.45569031448854 476
1694432641332 82.32478732346858 477
1694432641348 82.19409320995892 478
1694432641365 82.06360763976632 479
1694432641381 81.93333027923383 480
1694432641398 81.80326079523972 481
1694432641415 81.67339885519687 482
1694432641432 81.54374412705164 483
1694432641447 81.41429627928315 484
1694432641463 81.28505498090249 485
1694432641480 81.15601990145167 486
1694432641497 81.02719071100296 487
1694432641513 80.89856708015785 488
1694432641529 80.7701486800464 489
1694432641545 80.64193518232624 490
1694432641561 80.51392625918172 491
1694432641578 80.38612158332317 492
1694432641595 80.25852082798596 493
1694432641612 80.1311236669297 494
1694432641629 80.00392977443731 495
1694432641645 79.87693882531435 496
1694432641661 79.75015049488798 497
1694432641676 79.62356445900629 498
1694432641694 79.4971803940373 499
