1694427606429 174.50368276261128 0
1694427606445 169.2276970498978 1
1694427606461 168.7418488295512 2
1694427606477 167.19123496919468 3
1694427606493 171.54502464221926 4
1694427606509 174.227899822049 5
1694427606525 168.60258576188033 6
1694427606541 167.6602954668112 7
1694427606557 170.54141690540288 8
1694427606574 168.53257756671943 9
1694427606591 172.66350298555207 10
1694427606613 164.53001286094243 11
1694427606630 168.16111735657043 12
1694427606647 169.19014763006857 13
1694427606663 171.637329492776 14
1694427606681 171.6864660359483 15
1694427606701 166.45473692347247 16
1694427606719 173.43933660159442 17
1694427606739 168.92183311783697 18
1694427606757 163.44844734957408 19
1694427606773 169.02480434489442 20
1694427606789 165.82244275017692 21
1694427606805 166.2939632974967 22
1694427606821 170.38300316026638 23
1694427606838 170.33865499093386 24
1694427606853 160.45882637035288 25
1694427606869 158.65786877609477 26
1694427606885 168.36848678470045 27
1694427606901 170.36973843874267 28
1694427606917 165.88465902010716 29
1694427606933 165.0987843742464 30
1694427606951 165.69939892275968 31
1694427606967 171.13276494138793 32
1694427606983 164.14197874814008 33
1694427606998 167.35088573865252 34
1694427607015 164.0173659792647 35
1694427607031 170.11878800096346 36
1694427607046 167.21764902327214 37
1694427607063 171.02683422451608 38
1694427607081 162.1801143720384 39
1694427607099 162.83302367812712 40
1694427607115 168.03474709665872 41
1694427607131 171.5899293344401 42
1694427607147 169.11096824361647 43
1694427607163 168.7003922171673 44
1694427607179 177.58382607161914 45
1694427607196 162.71784517267176 46
1694427607212 170.73714580559445 47
1694427607228 173.92210571305324 48
1694427607244 171.22813144514336 49
1694427607259 168.66015297882 50
1694427607276 167.00455202133688 51
1694427607292 168.589428358531 52
1694427607308 169.1623856365506 53
1694427607324 168.68098838228346 54
1694427607341 171.1129495880336 55
1694427607357 168.27422549377192 56
1694427607373 170.15766425470494 57
1694427607388 168.0543945027039 58
1694427607405 168.0906531590625 59
1694427607421 165.64213716274114 60
1694427607438 169.77616887012067 61
1694427607454 170.5426068832531 62
1694427607470 167.66294910082524 63
1694427607487 164.89578642410106 64
1694427607503 168.1406046194077 65
1694427607521 170.910284979108 66
1694427607537 164.26257578063337 67
1694427607552 168.1601682091813 68
1694427607568 172.22461786603657 69
1694427607585 168.6270840127598 70
1694427607602 164.5974328071982 71
1694427607619 169.58853165903028 72
1694427607636 168.61145952470335 73
1694427607652 166.92876277231161 74
1694427607669 163.9031939802225 75
1694427607684 163.23179307062006 76
1694427607699 159.11695559717904 77
1694427607716 164.1901357539102 78
1694427607732 169.52930593401814 79
1694427607748 172.71030559553327 80
1694427607765 173.40886303686938 81
1694427607781 169.02918404908004 82
1694427607797 170.79204572587727 83
1694427607814 171.39124909990863 84
1694427607830 168.7992512225155 85
1694427607845 170.56531006334376 86
1694427607862 165.20931900105333 87
1694427607878 165.99766404949702 88
1694427607894 157.47463625243375 89
1694427607911 169.23665205436563 90
1694427607927 173.09324660988173 91
1694427607943 171.79494332173365 92
1694427607959 165.68947978794782 93
1694427607974 167.78846310639187 94
1694427607990 162.43655800581647 95
1694427608007 169.64042634357443 96
1694427608023 169.34664421007912 97
1694427608039 170.8187956030308 98
1694427608055 169.96993625901135 99
1694427608070 165.84711836843834 100
1694427608085 167.90938542116086 101
1694427608101 177.96620398594533 102
1694427608117 167.21961518037443 103
1694427608133 172.53027415072893 104
1694427608149 169.48318041216504 105
1694427608165 166.97701470699764 106
1694427608181 171.39933004382303 107
1694427608197 166.49961415968022 108
1694427608213 167.20377393750672 109
1694427608229 161.69004266813982 110
1694427608246 171.19521982076117 111
1694427608263 169.44884628150626 112
1694427608280 168.70129033590774 113
1694427608297 157.48290260412367 114
1694427608313 167.73842616665314 115
1694427608329 162.9552484417448 116
1694427608346 162.83672298440544 117
1694427608361 168.41063014333184 118
1694427608378 171.9217466518189 119
1694427608393 163.58036139723208 120
1694427608410 164.60222765453054 121
1694427608426 167.55177005119006 122
1694427608442 169.11954184525717 123
1694427608458 170.1372830912498 124
1694427608474 159.19640851592436 125
1694427608490 168.81372572253187 126
1694427608507 164.5623140357986 127
1694427608523 165.3871719407752 128
1694427608539 164.44028995173082 129
1694427608556 176.15183358442442 130
1694427608571 168.7420392484782 131
1694427608588 169.980025937211 132
1694427608604 169.56002881691802 133
1694427608620 171.62547175357665 134
1694427608636 162.95196488805962 135
1694427608653 170.20883702301057 136
1694427608669 170.71971558706522 137
1694427608685 168.01790708950338 138
1694427608702 166.31342750658308 139
1694427608718 167.33993303187543 140
1694427608734 170.5800468967125 141
1694427608750 171.44520660195175 142
1694427608766 167.830455312796 143
1694427608781 164.18010817075293 144
1694427608797 170.96555102863857 145
1694427608814 164.26606159042998 146
1694427608830 168.90274890406934 147
1694427608846 167.04012443757998 148
1694427608862 171.4110095039295 149
1694427608878 167.22269501192622 150
1694427608895 167.47254168892005 151
1694427608914 171.07264002671218 152
1694427608931 164.1031620927266 153
1694427608947 175.26520183547547 154
1694427608963 162.8107782971736 155
1694427608980 166.29972965383018 156
1694427608996 160.02674201003998 157
1694427609012 169.84221005470695 158
1694427609028 166.20950268781505 159
1694427609044 167.01060430544294 160
1694427609060 162.38743062243796 161
1694427609076 171.52775375578972 162
1694427609093 172.46326834214227 163
1694427609109 170.29881764288896 164
1694427609126 165.7485334251988 165
1694427609142 168.63336600472726 166
1694427609158 172.72329140358104 167
1694427609174 169.52689869359875 168
1694427609190 162.50537356006728 169
1694427609206 170.71017155556507 170
1694427609222 164.09825953769794 171
1694427609239 169.24727598360883 172
1694427609254 168.62612664485275 173
1694427609271 170.07731481803995 174
1694427609287 168.07333455073902 175
1694427609303 158.88671920714702 176
1694427609319 168.0306762881807 177
1694427609335 174.08903790675026 178
1694427609351 162.8396085716535 179
1694427609367 171.86961324161857 180
1694427609383 161.3995564671093 181
1694427609399 170.74436400796284 182
1694427609415 165.31048619547184 183
1694427609432 168.88316397587602 184
1694427609450 159.1993098454622 185
1694427609466 168.3411913584137 186
1694427609482 165.9105269493729 187
1694427609497 165.22632307825066 188
1694427609514 168.23523536470444 189
1694427609531 172.59457833432455 190
1694427609546 169.01912011951543 191
1694427609563 170.48413183632442 192
1694427609579 165.6789511766879 193
1694427609595 159.03157522511566 194
1694427609611 172.35629221728163 195
1694427609627 167.8281769206341 196
1694427609644 165.47122366573123 197
1694427609660 169.95941908445522 198
1694427609676 167.96660684097466 199
1694427609692 165.90812173127918 200
1694427609708 169.04728858235597 201
1694427609724 168.10635893498326 202
1694427609740 167.51044950234677 203
1694427609756 166.15723018473128 204
1694427609772 174.66335894600903 205
1694427609788 166.17549904018603 206
1694427609805 169.16650089356816 207
1694427609821 166.720503556853 208
1694427609838 168.41329085846203 209
1694427609854 171.58429196103504 210
1694427609871 164.24710345727993 211
1694427609886 177.94821006765636 212
1694427609902 170.85575579611347 213
1694427609918 170.24472896311002 214
1694427609934 174.90589447574942 215
1694427609951 163.34500425033863 216
1694427609967 170.4909722972654 217
1694427609983 164.963849979264 218
1694427610000 166.4456058394744 219
1694427610017 172.45889130295942 220
1694427610034 170.39271407396245 221
1694427610050 163.6028909056778 222
1694427610066 168.90944615967314 223
1694427610081 166.01788727319368 224
1694427610098 165.60253313744047 225
1694427610114 168.86805204493982 226
1694427610129 162.9366875709074 227
1694427610146 177.14063877653754 228
1694427610163 166.28193016460403 229
1694427610179 166.26755237699163 230
1694427610195 171.5527024067055 231
1694427610211 164.192011163467 232
1694427610227 160.63482520171445 233
1694427610243 174.03619425943972 234
1694427610259 166.6319009329743 235
1694427610274 164.6769124123177 236
1694427610290 172.6168713204535 237
1694427610307 166.27184475625376 238
1694427610323 172.14939328455927 239
1694427610339 163.5631592039298 240
1694427610355 163.85108999100518 241
1694427610371 174.6572492151262 242
1694427610387 168.96331775987397 243
1694427610404 163.209169305632 244
1694427610420 163.91415959649493 245
1694427610436 167.1565164947899 246
1694427610452 159.52333484828364 247
1694427610468 168.29507963442302 248
1694427610484 174.570042979898 249
1694427610500 164.79957067903078 250
1694427610516 170.58828161025522 251
1694427610531 165.8130106368385 252
1694427610548 170.4246341401622 253
1694427610564 174.1620095680555 254
1694427610580 167.37444465145433 255
1694427610599 169.8052613004082 256
1694427610615 168.41980658649786 257
1694427610632 172.65303554934775 258
1694427610649 173.39253885045642 259
1694427610664 167.7455540942163 260
1694427610681 168.1990294590627 261
1694427610696 165.0382945640333 262
1694427610712 165.72871412407594 263
1694427610729 164.8964984642075 264
1694427610746 171.41335828309693 265
1694427610761 169.71745062416326 266
1694427610777 172.08843867945438 267
1694427610794 159.2972018165731 268
1694427610810 167.89207245556068 269
1694427610825 165.2911235014695 270
1694427610841 171.49151422784456 271
1694427610857 169.92759952146267 272
1694427610872 171.61106247340885 273
1694427610888 173.30139990398646 274
1694427610905 171.54185802094236 275
1694427610921 167.5780528123494 276
1694427610938 166.47151843775305 277
1694427610954 173.05968842017657 278
1694427610969 168.3579068534412 279
1694427610985 170.32714167114705 280
1694427611002 164.91269737607254 281
1694427611017 166.0953138191008 282
1694427611034 169.47318070276907 283
1694427611050 164.64730925093173 284
1694427611066 163.46680637928554 285
1694427611082 162.2148611833697 286
1694427611098 169.47884712683796 287
1694427611115 169.13670149279173 288
1694427611132 163.63958878831025 289
1694427611149 164.63490167609393 290
1694427611165 163.19918000600927 291
1694427611181 167.88178738720947 292
1694427611197 164.11919563136377 293
1694427611213 172.6109711006487 294
1694427611229 169.8251656505025 295
1694427611245 167.69292269566307 296
1694427611261 167.2838766975161 297
1694427611277 164.56741180089995 298
1694427611294 167.41406310212753 299
1694427611310 172.29696336446972 300
1694427611326 172.93957276161515 301
1694427611342 167.93161066524672 302
1694427611359 165.22356053632208 303
1694427611374 167.75567960822286 304
1694427611390 162.66303159661874 305
1694427611406 164.45364645164545 306
1694427611422 168.61803611178067 307
1694427611438 164.70565734302718 308
1694427611455 169.57443427749473 309
1694427611470 169.75226162414205 310
1694427611487 171.33565006749294 311
1694427611503 173.5689444890106 312
1694427611519 174.20913310597908 313
1694427611535 176.55098164490417 314
1694427611552 172.87073695237785 315
1694427611568 172.488057017895 316
1694427611585 168.2877424161633 317
1694427611600 167.63351371535637 318
1694427611616 172.20788858832967 319
1694427611632 167.8550613893626 320
1694427611648 162.61457217649425 321
1694427611664 170.30195636740706 322
1694427611680 165.09235750172357 323
1694427611697 169.3184036473594 324
1694427611712 166.51651141574388 325
1694427611729 170.02455544378108 326
1694427611746 171.46369317334316 327
1694427611763 164.79642085930755 328
1694427611779 165.09227234956555 329
1694427611795 170.49382340123552 330
1694427611810 168.4949416481229 331
1694427611826 167.15963426612478 332
1694427611842 168.5365648236032 333
1694427611858 169.78314653857169 334
1694427611874 163.8375287011968 335
1694427611890 165.52419802213157 336
1694427611906 165.73398758635116 337
1694427611922 171.43126976376462 338
1694427611939 168.16888555004857 339
1694427611955 171.54562417579402 340
1694427611971 164.71099700131398 341
1694427611988 177.29629082183246 342
1694427612004 163.49044312468965 343
1694427612020 170.3389058021689 344
1694427612037 167.34702309758785 345
1694427612052 165.3989098035476 346
1694427612069 164.87084452678803 347
1694427612085 168.16986703672836 348
1694427612101 165.01869209168132 349
1694427612117 171.68247909044976 350
1694427612132 168.03702066949876 351
1694427612149 166.15338384212532 352
1694427612165 169.41051358618338 353
1694427612181 162.54125498687995 354
1694427612198 172.51180546110476 355
1694427612214 159.6418485902203 356
1694427612230 167.63287858071658 357
1694427612246 170.26639438581202 358
1694427612261 162.3633637585656 359
1694427612280 171.88993816208944 360
1694427612296 165.4294953511199 361
1694427612314 167.70877461752693 362
1694427612330 175.2002669876742 363
1694427612346 178.19239478924843 364
1694427612363 165.80708520921468 365
1694427612379 169.29462564212858 366
1694427612394 168.14799716977532 367
1694427612412 165.43741046842925 368
1694427612427 166.17018963390214 369
1694427612443 169.7429011585291 370
1694427612459 171.8807584773904 371
1694427612475 166.68457480987692 372
1694427612491 166.0219714296956 373
1694427612506 167.3654519318756 374
1694427612523 164.18405742874634 375
1694427612538 166.72933884524494 376
1694427612555 166.01106338170567 377
1694427612572 170.137292184999 378
1694427612588 165.44251233828135 379
1694427612604 163.44202062088382 380
1694427612620 170.51096580745997 381
1694427612636 170.70502011367165 382
1694427612653 164.88318160566956 383
1694427612669 171.2642654758897 384
1694427612685 170.62130929942867 385
1694427612701 170.6989197409427 386
1694427612717 171.7863596786965 387
1694427612732 174.73123291479132 388
1694427612748 163.7060826247848 389
1694427612765 169.52078334875404 390
1694427612781 170.71268307376835 391
1694427612797 169.50660320512995 392
1694427612814 164.12580075905436 393
1694427612829 166.78123360166754 394
1694427612845 171.7569691538055 395
1694427612861 163.6164747936926 396
1694427612877 163.21750813936586 397
1694427612894 164.43830113400898 398
1694427612912 174.09214742205424 399
1694427612928 173.75872609258826 400
1694427612944 166.00772571424864 401
1694427612962 164.02581848571108 402
1694427612979 173.88330529332146 403
1694427612995 169.1595034963766 404
1694427613011 170.28821340481363 405
1694427613028 164.38479244285296 406
1694427613044 168.6203508630367 407
1694427613060 167.48425379437003 408
1694427613076 163.79896194215775 409
1694427613092 171.24613195906812 410
1694427613108 162.75598596315578 411
1694427613123 167.2834193986891 412
1694427613140 170.81714644323569 413
1694427613156 171.86594197418913 414
1694427613173 170.00814974433897 415
1694427613189 171.242122770957 416
1694427613205 162.87281045659353 417
1694427613221 167.62703684490862 418
1694427613237 170.07090317005932 419
1694427613253 168.5938878391367 420
1694427613269 166.87316826255113 421
1694427613285 167.8889615186097 422
1694427613301 171.54585100293224 423
1694427613317 170.67340185306566 424
1694427613334 172.95245252018927 425
1694427613349 176.0089753215781 426
1694427613365 164.27498668518442 427
1694427613382 170.08754269308582 428
1694427613398 169.65561684424807 429
1694427613414 160.34054426806367 430
1694427613432 165.87567491897798 431
1694427613448 164.85512637101576 432
1694427613464 172.86046147947152 433
1694427613481 173.37598991298685 434
1694427613497 172.68681450981936 435
1694427613513 165.54727098106477 436
1694427613529 168.23963345428936 437
1694427613544 165.59720471775907 438
1694427613560 168.77548039554134 439
1694427613576 170.40191165214586 440
1694427613592 167.3339435474987 441
1694427613609 167.51764487967276 442
1694427613625 171.31421773125444 443
1694427613641 161.20671397794396 444
1694427613659 176.46264802869635 445
1694427613675 171.13242169859816 446
1694427613690 165.51351320016076 447
1694427613707 170.1916050436719 448
1694427613723 169.9615456547883 449
1694427613739 169.07237410467386 450
1694427613755 171.85118766604677 451
1694427613772 174.40994328498147 452
1694427613788 172.51452400268263 453
1694427613804 170.9120503522717 454
1694427613820 161.07828470474004 455
1694427613836 172.85664220311654 456
1694427613852 169.07555336778725 457
1694427613869 167.8644209962656 458
1694427613885 162.4214130488547 459
1694427613901 165.0780415580977 460
1694427613917 164.52759607338172 461
1694427613933 170.55116690784345 462
1694427613948 166.76222935506937 463
1694427613965 170.67925053899847 464
1694427613981 172.06995646970628 465
1694427613998 165.34336599495506 466
1694427614014 157.89035989368378 467
1694427614029 163.5727883792836 468
1694427614045 165.24353200129258 469
1694427614062 166.87981966410777 470
1694427614079 171.66665084224465 471
1694427614095 162.78932457106626 472
1694427614111 169.41733100012678 473
1694427614127 164.85684951483745 474
1694427614143 167.33618131318514 475
1694427614159 172.9143861200182 476
1694427614176 172.75622557822004 477
1694427614192 162.63460749773682 478
1694427614208 172.9096888526399 479
1694427614225 174.9727113122448 480
1694427614240 165.89988326474878 481
1694427614257 173.32093709552188 482
1694427614273 167.19773955613883 483
1694427614289 168.53722397508025 484
1694427614305 176.81877427792966 485
1694427614321 168.29124337758088 486
1694427614338 161.73577573772545 487
1694427614354 168.36550191943965 488
1694427614370 177.5747433570138 489
1694427614386 171.24301432999056 490
1694427614403 170.34735736837098 491
1694427614419 157.84107182120394 492
1694427614435 165.27691334187756 493
1694427614450 163.64484511251666 494
1694427614466 171.2342670770086 495
1694427614482 170.9129346733641 496
1694427614498 169.98803224468838 497
1694427614514 173.10662294558065 498
1694427614530 167.69930551670762 499
