1694427598195 169.94787767359028 0
1694427598215 166.75410399275844 1
1694427598232 170.18219096194645 2
1694427598248 166.85879762053725 3
1694427598264 166.21920870360435 4
1694427598280 170.26930879359202 5
1694427598295 168.95063725060206 6
1694427598311 167.15038575384963 7
1694427598329 168.25315230259812 8
1694427598346 167.57466246208742 9
1694427598363 173.30750849179535 10
1694427598379 166.96923007658674 11
1694427598395 166.30487296556308 12
1694427598411 172.01609844453355 13
1694427598427 174.87299462607842 14
1694427598444 164.8929453073902 15
1694427598460 168.05254493508411 16
1694427598478 164.0704929425087 17
1694427598494 164.7354830915461 18
1694427598510 172.03221921005454 19
1694427598527 172.10979781116697 20
1694427598544 174.22612792252076 21
1694427598560 168.5279002541081 22
1694427598575 168.98824112369851 23
1694427598591 164.31982460937272 24
1694427598607 168.24996476665427 25
1694427598625 170.08650398252323 26
1694427598642 168.46041508679838 27
1694427598658 160.4416666301829 28
1694427598674 174.68338895598458 29
1694427598690 161.31088441131607 30
1694427598706 163.1530222622227 31
1694427598722 174.8796395373361 32
1694427598738 167.0811373891896 33
1694427598757 171.15292947765707 34
1694427598774 189.2043873360588 35
1694427598791 173.83743981755268 36
1694427598808 169.96842448435999 37
1694427598824 170.79560019003557 38
1694427598844 163.70788456377946 39
1694427598860 166.44122051257222 40
1694427598878 178.6129647209737 41
1694427598896 164.7358160213809 42
1694427598917 166.74799237120882 43
1694427598935 167.71783934977424 44
1694427598953 172.08441312731762 45
1694427598972 165.9195921924809 46
1694427598994 170.21729447013044 47
1694427599013 170.9094965009378 48
1694427599031 171.888699957616 49
1694427599049 168.09106069331963 50
1694427599067 167.98666278957376 51
1694427599084 164.3691297209469 52
1694427599099 166.20893417262778 53
1694427599115 169.95809319283688 54
1694427599132 164.36043076777864 55
1694427599148 163.36203713035633 56
1694427599164 165.76354690252086 57
1694427599179 166.8110968712621 58
1694427599196 166.2953218847439 59
1694427599215 167.12590926504117 60
1694427599232 175.49141691444999 61
1694427599248 163.45932540895052 62
1694427599264 165.2205016886291 63
1694427599280 171.02739938997428 64
1694427599295 172.63877833947976 65
1694427599311 171.21129240098057 66
1694427599329 170.11350501473638 67
1694427599346 164.02790859028093 68
1694427599369 166.24817496445888 69
1694427599388 166.53580343015776 70
1694427599404 172.77991231106643 71
1694427599420 168.8543267725817 72
1694427599435 172.89426916312644 73
1694427599452 164.1388796758127 74
1694427599468 166.13287211865944 75
1694427599484 162.3842753864156 76
1694427599499 165.2328330754787 77
1694427599515 169.8966766164144 78
1694427599532 178.34276202701514 79
1694427599549 167.81452267205398 80
1694427599564 165.03944184444444 81
1694427599580 170.40184436969227 82
1694427599597 171.66032765922824 83
1694427599613 170.1882093460963 84
1694427599629 166.58882718515136 85
1694427599646 166.86522668906863 86
1694427599662 165.04137066970912 87
1694427599678 166.8024640320891 88
1694427599694 181.93121016685896 89
1694427599710 158.23822715795106 90
1694427599726 168.39319702176974 91
1694427599743 169.59788450997664 92
1694427599759 166.85933059996833 93
1694427599777 162.92650634953642 94
1694427599794 168.95412571977394 95
1694427599810 164.3185171228532 96
1694427599827 172.7893781104382 97
1694427599843 165.63087925357166 98
1694427599859 165.72634328595964 99
1694427599875 171.56116950677955 100
1694427599890 166.28598315661358 101
1694427599906 165.88429717470217 102
1694427599923 163.81892520727598 103
1694427599939 169.88761457951264 104
1694427599955 171.20069413048265 105
1694427599971 164.6125166364746 106
1694427599987 177.52577996360316 107
1694427600006 170.99653107067255 108
1694427600025 163.73448240759765 109
1694427600041 171.70399885785332 110
1694427600058 165.33945053580268 111
1694427600076 171.45715587886048 112
1694427600092 164.98914421189238 113
1694427600108 169.03163217682126 114
1694427600124 165.89974462968894 115
1694427600140 169.78165177569159 116
1694427600157 168.85637113843086 117
1694427600173 179.66008646455978 118
1694427600189 161.620733541848 119
1694427600205 171.57199744663777 120
1694427600220 162.29766618089178 121
1694427600236 164.59423827322962 122
1694427600253 163.8938882484049 123
1694427600269 167.55423992342963 124
1694427600285 175.34123255172497 125
1694427600301 170.71851752983116 126
1694427600316 163.70628430031522 127
1694427600333 163.88498923021822 128
1694427600350 163.0110111700614 129
1694427600366 165.236271687733 130
1694427600383 169.65241363429664 131
1694427600399 170.8203604672824 132
1694427600415 160.62984688503724 133
1694427600431 171.5067326845499 134
1694427600447 164.69605029434248 135
1694427600463 165.49477138362187 136
1694427600479 161.83653248633865 137
1694427600496 174.91030023097912 138
1694427600512 165.64234225745363 139
1694427600531 163.0570515625895 140
1694427600547 165.22818365291204 141
1694427600565 179.26637414352902 142
1694427600581 174.48800794313115 143
1694427600596 166.530872850217 144
1694427600613 167.3145670951205 145
1694427600629 163.12957300611671 146
1694427600646 168.40809279020772 147
1694427600662 178.0673519080214 148
1694427600678 172.72568530791682 149
1694427600694 166.5097203797113 150
1694427600709 168.80852350010832 151
1694427600725 180.52980588839787 152
1694427600741 168.16301279852692 153
1694427600758 168.07887661335536 154
1694427600774 171.56356221492183 155
1694427600790 164.16812788170026 156
1694427600806 171.07088030883185 157
1694427600822 169.2141133889679 158
1694427600837 171.9069475653303 159
1694427600854 167.33304536787395 160
1694427600871 172.8116500526305 161
1694427600889 170.58479895284447 162
1694427600905 170.117601686898 163
1694427600925 165.8063768441425 164
1694427600940 164.55463640588556 165
1694427600957 173.9074552122833 166
1694427600973 168.1020809999878 167
1694427600989 169.861980928237 168
1694427601004 176.15449924999658 169
1694427601021 165.64346170973064 170
1694427601037 168.7595675130304 171
1694427601053 164.02066666607203 172
1694427601070 165.20419713231922 173
1694427601085 164.77772908990792 174
1694427601101 172.9546995987965 175
1694427601117 168.11983878739892 176
1694427601134 162.79017370981268 177
1694427601149 168.2342215119573 178
1694427601166 169.04491631225338 179
1694427601182 170.2133438021587 180
1694427601197 168.52240358382466 181
1694427601215 168.31964392214027 182
1694427601230 172.4423351449578 183
1694427601246 171.78464193522922 184
1694427601262 163.90012326733859 185
1694427601278 168.80092601788505 186
1694427601294 164.85206220291974 187
1694427601310 171.53724096291293 188
1694427601327 167.73868894836443 189
1694427601343 170.58145940608208 190
1694427601360 168.56764653366886 191
1694427601376 176.70609515464776 192
1694427601392 164.94947414296922 193
1694427601408 164.762485918102 194
1694427601424 165.18071162618722 195
1694427601440 165.506887370323 196
1694427601456 164.46354589678006 197
1694427601473 158.99343073685733 198
1694427601487 167.8852534009415 199
1694427601504 171.33880205829215 200
1694427601520 170.8119189530199 201
1694427601536 164.74894271281073 202
1694427601551 171.20467067841201 203
1694427601568 163.3313256257836 204
1694427601584 166.19649482599735 205
1694427601600 170.00097563418313 206
1694427601616 169.65705352963482 207
1694427601633 172.27680825725182 208
1694427601649 162.5476830817946 209
1694427601664 170.19525677894498 210
1694427601683 168.14047798363717 211
1694427601699 167.48308181742763 212
1694427601715 173.3138854103952 213
1694427601731 171.23618845972774 214
1694427601747 169.45406508126595 215
1694427601763 168.3102679946437 216
1694427601780 169.35812267978892 217
1694427601796 174.88419839901982 218
1694427601812 174.83059156880634 219
1694427601828 170.80604554575433 220
1694427601844 163.2043148561157 221
1694427601861 165.1862902983633 222
1694427601877 172.432694122171 223
1694427601893 169.02824306320463 224
1694427601909 168.68918302096216 225
1694427601926 164.99686787057186 226
1694427601941 174.38477071314693 227
1694427601957 165.07571488669765 228
1694427601974 168.34811487872466 229
1694427601989 170.92829672422866 230
1694427602007 170.39667223396032 231
1694427602023 168.4388992911566 232
1694427602039 173.21759247256844 233
1694427602056 171.0742600020845 234
1694427602072 163.3131398276157 235
1694427602088 169.1917746181086 236
1694427602104 160.25504525939635 237
1694427602120 169.71547115224797 238
1694427602136 166.10141024240355 239
1694427602152 169.23378225298353 240
1694427602168 168.69096851913642 241
1694427602185 178.116315212891 242
1694427602201 175.67839156443884 243
1694427602217 189.8066592707 244
1694427602233 168.6243719260294 245
1694427602249 162.15271485500105 246
1694427602265 160.3880728251025 247
1694427602281 165.9676342561204 248
1694427602297 171.9847408279599 249
1694427602313 168.27504587410158 250
1694427602329 164.55687393424617 251
1694427602345 171.69212364328547 252
1694427602361 170.7321493068399 253
1694427602377 162.189367043142 254
1694427602393 168.077839610117 255
1694427602409 164.63292642051493 256
1694427602425 171.32246671507892 257
1694427602441 164.72305463498077 258
1694427602457 166.3906748443338 259
1694427602474 161.72541834101892 260
1694427602489 164.92468501155003 261
1694427602507 170.29698294105066 262
1694427602523 165.4410902165734 263
1694427602538 165.9331665306153 264
1694427602555 168.63698760528717 265
1694427602571 176.589700783526 266
1694427602587 163.73408028360208 267
1694427602604 170.4712121651258 268
1694427602620 162.63729242596588 269
1694427602636 169.46607070100058 270
1694427602651 165.41183087512644 271
1694427602668 165.57709295107392 272
1694427602684 173.32297084810833 273
1694427602700 190.08081568107414 274
1694427602717 169.40036642948743 275
1694427602733 171.44477284575717 276
1694427602749 169.16910014277727 277
1694427602765 162.92394056221016 278
1694427602782 167.49752315306455 279
1694427602797 165.5212560435644 280
1694427602813 170.7339407506516 281
1694427602829 164.80070835979308 282
1694427602846 178.6194758636331 283
1694427602862 165.2762109176968 284
1694427602878 162.69383936154878 285
1694427602894 171.54759361409523 286
1694427602911 163.76551283095642 287
1694427602927 167.60063017271634 288
1694427602944 166.35096855313 289
1694427602961 171.78946561181377 290
1694427602977 171.15880856351274 291
1694427602993 168.2457181050785 292
1694427603009 171.0662179194606 293
1694427603026 175.5174072554053 294
1694427603042 160.10625596201518 295
1694427603058 186.2632129835179 296
1694427603074 171.8636202065545 297
1694427603090 161.79913648426495 298
1694427603106 164.03809647139403 299
1694427603122 162.23919519117914 300
1694427603138 158.41031212690817 301
1694427603155 179.74132666055172 302
1694427603171 169.98461157080592 303
1694427603187 173.85848088589793 304
1694427603203 161.7744916659003 305
1694427603219 172.6275808466638 306
1694427603236 169.7708958946933 307
1694427603252 172.14679707092515 308
1694427603268 179.53187414403172 309
1694427603285 165.85725172760252 310
1694427603301 171.46913547780588 311
1694427603316 170.77812561879134 312
1694427603332 172.54161445903557 313
1694427603349 161.36106318757484 314
1694427603364 160.8533852380658 315
1694427603380 164.27277631467635 316
1694427603396 174.2170526114817 317
1694427603412 165.8936956637218 318
1694427603428 171.43612267319796 319
1694427603445 170.02814524824433 320
1694427603461 168.2544794345907 321
1694427603477 163.31379254491256 322
1694427603493 183.99260762848098 323
1694427603509 168.49009550842837 324
1694427603524 167.98863353234879 325
1694427603540 165.75337101324013 326
1694427603557 164.91761354102482 327
1694427603572 162.1024910777028 328
1694427603588 170.94471131354786 329
1694427603605 163.54058573171295 330
1694427603621 161.75020794239472 331
1694427603637 166.39188277928037 332
1694427603654 172.72732002992848 333
1694427603670 167.45370313463812 334
1694427603688 169.42765255875074 335
1694427603705 168.22199670806253 336
1694427603720 173.75442147146347 337
1694427603736 184.0470524155981 338
1694427603753 169.4045162484479 339
1694427603769 162.30074253545837 340
1694427603786 167.56189398837688 341
1694427603801 177.36587755242712 342
1694427603817 172.4642319485279 343
1694427603833 179.35710850860906 344
1694427603849 170.75379369585514 345
1694427603865 178.2004441845842 346
1694427603881 170.62439108508434 347
1694427603898 178.22857244229394 348
1694427603915 172.11518354350937 349
1694427603931 197.91856672807623 350
1694427603947 162.70224022053694 351
1694427603963 173.55278453495006 352
1694427603979 165.2506287693174 353
1694427603995 174.98656755050678 354
1694427604011 161.4738422634368 355
1694427604027 171.18227177443262 356
1694427604043 181.946262005323 357
1694427604059 163.84953258634894 358
1694427604076 165.47968223881168 359
1694427604092 171.14422873594964 360
1694427604108 165.43246939294667 361
1694427604124 173.61592250884638 362
1694427604140 172.39447712148402 363
1694427604156 164.51189435776993 364
1694427604171 168.95875213587536 365
1694427604188 168.56482905724005 366
1694427604203 164.66446932786525 367
1694427604220 175.96689283207652 368
1694427604236 170.26360911062716 369
1694427604252 168.240894682753 370
1694427604268 172.61488641077418 371
1694427604284 164.6581319075229 372
1694427604300 161.89107069771998 373
1694427604317 164.0525143154527 374
1694427604333 171.0748725761412 375
1694427604349 169.5274935814923 376
1694427604366 169.47446706385364 377
1694427604382 171.57558747395836 378
1694427604399 171.67853427653304 379
1694427604415 169.3463502810362 380
1694427604431 170.2110294086144 381
1694427604447 162.46417754244257 382
1694427604463 164.64811586589957 383
1694427604478 163.54610613529363 384
1694427604494 167.36008707724187 385
1694427604510 177.38198779289243 386
1694427604526 172.34501319600903 387
1694427604542 165.1992299867918 388
1694427604558 173.39137854963505 389
1694427604574 164.06215413581464 390
1694427604591 163.77930460874708 391
1694427604607 174.14233485507162 392
1694427604623 162.82279271579435 393
1694427604638 171.45008720395532 394
1694427604654 169.1759170650915 395
1694427604671 171.46969578776398 396
1694427604688 172.73022006555271 397
1694427604704 166.7524879079922 398
1694427604720 171.10470120925015 399
1694427604735 170.6820465960472 400
1694427604751 167.69159378341138 401
1694427604767 166.92071472351174 402
1694427604783 170.23799145606304 403
1694427604799 168.62725907425641 404
1694427604815 169.59069707645213 405
1694427604831 165.49714173009946 406
1694427604847 163.06547806238817 407
1694427604864 166.24589718675628 408
1694427604880 171.60134584535118 409
1694427604896 179.07113267181845 410
1694427604914 167.65390646081013 411
1694427604933 168.61444050729435 412
1694427604951 166.9938427256371 413
1694427604970 158.28532923466284 414
1694427604989 162.6022300483039 415
1694427605007 169.213913762995 416
1694427605024 168.80918183314026 417
1694427605042 167.2894051350664 418
1694427605061 156.5174844217328 419
1694427605079 161.87054300956683 420
1694427605098 170.03914795000009 421
1694427605118 168.8074879548317 422
1694427605134 178.72218065685806 423
1694427605150 161.82104095357724 424
1694427605165 168.28508201902463 425
1694427605181 169.11650369833427 426
1694427605197 172.27808087561817 427
1694427605213 163.4399719388859 428
1694427605229 177.99173296274563 429
1694427605246 169.53949901260893 430
1694427605261 172.84631374492398 431
1694427605277 170.84364310121413 432
1694427605293 171.0493859733668 433
1694427605309 169.95530877325265 434
1694427605325 165.41766271330434 435
1694427605340 161.3812883621345 436
1694427605357 172.34255022140675 437
1694427605373 174.18164245165585 438
1694427605389 164.38570885295195 439
1694427605405 166.4136825194332 440
1694427605421 186.26763144342956 441
1694427605437 168.67847311737395 442
1694427605455 161.2645260021885 443
1694427605472 177.89705831624482 444
1694427605488 162.10096140506093 445
1694427605504 172.91913151980626 446
1694427605519 167.62469934507664 447
1694427605535 164.8417846329508 448
1694427605551 164.21286043199765 449
1694427605566 176.60519313381533 450
1694427605582 171.92364015868517 451
1694427605598 168.15171476701445 452
1694427605614 167.51831966526152 453
1694427605630 160.0113065234102 454
1694427605646 170.44031718781017 455
1694427605662 166.61285763674005 456
1694427605679 172.2212724613003 457
1694427605695 170.44160593430965 458
1694427605711 171.18790055120465 459
1694427605726 174.7996467416739 460
1694427605742 164.95090805292338 461
1694427605757 162.24494688757605 462
1694427605773 163.38215096414964 463
1694427605789 169.61707545950156 464
1694427605806 171.87292011178332 465
1694427605822 170.9936839712669 466
1694427605838 175.75263597901716 467
1694427605854 167.95348575005457 468
1694427605870 180.3818223132355 469
1694427605887 179.6181362343327 470
1694427605903 168.01714675927818 471
1694427605919 179.12790973224764 472
1694427605935 169.09274120682906 473
1694427605950 174.95556399578987 474
1694427605966 170.1985205713293 475
1694427605983 171.34233724894713 476
1694427605999 167.10602927080808 477
1694427606015 160.19726884908815 478
1694427606034 159.37893160596795 479
1694427606051 171.52567463801824 480
1694427606067 170.10823979260675 481
1694427606083 180.4874315095144 482
1694427606099 165.52449499238477 483
1694427606114 168.24449911063115 484
1694427606131 171.6437153187421 485
1694427606146 164.49163348531894 486
1694427606162 164.78556656971068 487
1694427606179 168.63951313805552 488
1694427606195 169.6778820848579 489
1694427606211 176.32895430271242 490
1694427606226 159.31345509358582 491
1694427606242 158.20901684886562 492
1694427606259 169.89393043666755 493
1694427606275 163.19141652317555 494
1694427606291 170.12643850292397 495
1694427606307 165.75046139730904 496
1694427606323 175.6415868743401 497
1694427606338 175.69591113994392 498
1694427606355 169.34547647645067 499
