1694432999892 0.003391202793401906 0
1694432999962 0.4296801862098879 1
1694433000038 0.14199155250091733 2
1694433000108 0.0030088486173259193 3
1694433000178 1.0933859467860194 4
1694433000250 0.1413849216876587 5
1694433000319 0.013271446313090421 6
1694433000386 0.08011668047470505 7
1694433000454 0.06980052504640188 8
1694433000521 0.09163232636074754 9
1694433000590 0.08193193507262318 10
1694433000661 0.11854622041790458 11
1694433000729 0.060427067272304597 12
1694433000797 0.019303639010517428 13
1694433000866 0.00025871040713285786 14
1694433000934 0.1503153614016969 15
1694433001003 0.027771163552985388 16
1694433001071 0.024511064028988196 17
1694433001139 0.027533823233332023 18
1694433001207 0.015742627467529476 19
1694433001277 0.08190808628383105 20
1694433001345 0.004429891588687124 21
1694433001413 8.413731711050669e-05 22
1694433001481 0.0251970781215874 23
1694433001549 0.036211954656588045 24
1694433001618 0.03774818959202979 25
1694433001686 0.0385694969508454 26
1694433001754 0.006413660209064219 27
1694433001821 0.0014557505455100503 28
1694433001890 0.5019538357266262 29
1694433001957 0.09922866768705992 30
1694433002026 0.3502621064555015 31
1694433002093 0.03426607307309665 32
1694433002162 0.000542584049483257 33
1694433002229 0.007973647303965005 34
1694433002297 0.6990376305500958 35
1694433002364 0.0045275638841146245 36
1694433002433 0.07559713710603226 37
1694433002500 0.18079428857501717 38
1694433002569 0.08362944824056716 39
1694433002638 0.02541663714885756 40
1694433002705 0.09856707725348805 41
1694433002774 0.06448776396786304 42
1694433002843 0.03188860480298554 43
1694433002911 0.4685714937033544 44
1694433002979 0.04170090149721856 45
1694433003047 0.0556347073992477 46
1694433003115 0.11211646424143025 47
1694433003182 0.029359852209172616 48
1694433003250 0.019930757788539838 49
1694433003318 0.06090286667779444 50
1694433003386 0.238699592092018 51
1694433003454 0.0012651160199930313 52
1694433003522 0.04801655321278651 53
1694433003591 0.1275435576714348 54
1694433003660 0.2928041256731095 55
1694433003728 0.002104775365219081 56
1694433003796 0.000671702875041986 57
1694433003864 0.10523947076124086 58
1694433003931 0.03438201434879108 59
1694433004000 0.00600502875730731 60
1694433004067 0.9858004429768047 61
1694433004136 0.06217111154681052 62
1694433004203 0.004985475880434012 63
1694433004271 0.13724208844815675 64
1694433004340 0.09992114521622424 65
1694433004409 0.046736925859946446 66
1694433004476 0.0016405919896743718 67
1694433004545 0.056095095019104015 68
1694433004613 0.0047208585522940175 69
1694433004681 0.13263044313742922 70
1694433004750 0.012699110225717576 71
1694433004818 0.1638484569050585 72
1694433004886 0.24306597233349475 73
1694433004954 0.2617857285229535 74
1694433005023 0.010630173493043142 75
1694433005090 0.03068979698984159 76
1694433005159 0.024682404395010203 77
1694433005227 0.14073156270404222 78
1694433005296 0.0007447027459369426 79
1694433005364 0.00691706186462135 80
1694433005432 0.04500707420274214 81
1694433005499 0.06273037265410895 82
1694433005567 0.026521639571305974 83
1694433005636 0.0005912732626694575 84
1694433005703 0.05543661247460852 85
1694433005772 0.07630754510033554 86
1694433005841 0.15241509044633525 87
1694433005909 0.0014285877936769248 88
1694433005976 0.037589312682768716 89
1694433006046 0.05931793117494248 90
1694433006114 0.0756846847513129 91
1694433006183 3.3984942353572344e-05 92
1694433006250 0.17319157476743016 93
1694433006318 0.08153300737792316 94
1694433006385 0.00045572131389345596 95
1694433006454 0.030176600992638507 96
1694433006522 0.2525215239611185 97
1694433006590 0.0025585593997808223 98
1694433006657 1.3841777194275395 99
1694433006725 0.17929909972122132 100
1694433006793 0.001951848625531477 101
1694433006860 0.003239859854323885 102
1694433006929 0.0020996937689674467 103
1694433006997 0.011379381375384702 104
1694433007065 0.4130960617654991 105
1694433007134 0.13128019133943977 106
1694433007201 0.00023463012811588023 107
1694433007269 0.08427725842419377 108
1694433007336 0.0007487339211211558 109
1694433007405 0.3115832633808672 110
1694433007473 0.03951030133068158 111
1694433007541 0.17582806486554817 112
1694433007609 0.1435432342785115 113
1694433007677 0.23361335693000412 114
1694433007747 0.05352789042820911 115
1694433007815 0.005423015925261949 116
1694433007883 0.013968981127169931 117
1694433007952 0.05244878271955605 118
1694433008019 0.36419254886028213 119
1694433008087 0.4953452913316547 120
1694433008156 0.006886304805363481 121
1694433008222 0.04070609979739001 122
1694433008291 0.15408717314030945 123
1694433008359 0.013449377679681756 124
1694433008427 0.17938491233578177 125
1694433008494 0.08274301075206361 126
1694433008561 0.24222192217676072 127
1694433008629 0.10833250688868812 128
1694433008697 0.02593980131807687 129
1694433008767 0.0901824856115407 130
1694433008836 0.02362112523590599 131
1694433008904 0.3571050242794386 132
1694433008971 0.08538451433400994 133
1694433009040 0.4166312450381949 134
1694433009108 0.10057971509140322 135
1694433009177 0.02926564419195072 136
1694433009245 0.04305173862196803 137
1694433009313 0.7294958948175956 138
1694433009381 0.3695849239737109 139
1694433009450 0.14855592786717442 140
1694433009517 0.005716250550950285 141
1694433009586 0.5553016067024671 142
1694433009654 0.024298385340388452 143
1694433009722 0.00042115388113107523 144
1694433009789 0.07092216715012424 145
1694433009858 0.007240405170615588 146
1694433009927 0.15720314333588672 147
1694433009996 0.5991286981546875 148
1694433010065 0.02389570376447914 149
1694433010133 0.00015018745514659105 150
1694433010200 0.006322828763726317 151
1694433010269 0.0941195604435863 152
1694433010338 0.07297186509582494 153
1694433010405 0.021831180968572582 154
1694433010473 0.07307082590092956 155
1694433010542 0.21993304414447779 156
1694433010611 0.014583454916250608 157
1694433010679 0.020000242070413482 158
1694433010747 0.12301171710404123 159
1694433010815 0.005588433877848043 160
1694433010884 0.01601642022225255 161
1694433010951 1.0547312905814143 162
1694433011021 0.36169867352536755 163
1694433011089 0.22889392401471995 164
1694433011158 0.014979906548990039 165
1694433011227 0.0031430690009408703 166
1694433011294 0.12363035131866823 167
1694433011363 0.0014306654869642626 168
1694433011431 0.007044595991470704 169
1694433011498 0.020364255166123224 170
1694433011565 0.6290541600634155 171
1694433011633 0.10286226663210556 172
1694433011701 0.0009889948038324875 173
1694433011770 0.3925652496222969 174
1694433011837 0.02991890959366864 175
1694433011906 0.24909097601199276 176
1694433011974 0.01149590161627358 177
1694433012042 0.05563722433741452 178
1694433012110 0.042790869134023635 179
1694433012179 0.08509623823823072 180
1694433012247 0.06407335958462816 181
1694433012315 0.003635520322768094 182
1694433012383 0.008986132093889609 183
1694433012450 0.11445820659001472 184
1694433012518 0.021373286903707586 185
1694433012586 0.02429551541669711 186
1694433012654 0.008042083878447352 187
1694433012722 0.0021433056057675688 188
1694433012790 0.4368059246028961 189
1694433012859 0.06797184006212101 190
1694433012927 0.26474518529254065 191
1694433012995 0.2190305951431751 192
1694433013061 0.16267875728786726 193
1694433013130 0.0006758587998921391 194
1694433013197 0.22275888333327196 195
1694433013267 0.001667618507148536 196
1694433013334 0.0002258911798246092 197
1694433013402 0.013975334138579333 198
1694433013470 0.008632884047102453 199
1694433013538 0.916090588052019 200
1694433013606 0.05352770252654057 201
1694433013673 0.0017468242760198852 202
1694433013742 0.12605848942497497 203
1694433013811 0.04004970492445317 204
1694433013878 1.2418190814524246 205
1694433013946 0.2596880097655158 206
1694433014015 0.4397648832976694 207
1694433014083 0.0454643901218654 208
1694433014151 0.002948735323027021 209
1694433014218 0.007117841576667643 210
1694433014285 0.06576583399407324 211
1694433014354 0.0024160333188353177 212
1694433014422 0.0510908998554544 213
1694433014489 0.21208609771057046 214
1694433014558 0.04820900271814086 215
1694433014626 0.003575617054155118 216
1694433014694 0.06959025097651432 217
1694433014762 6.422880723351493e-08 218
1694433014830 0.1703049670449495 219
1694433014898 0.10212853373744063 220
1694433014966 0.8461451501669152 221
1694433015034 0.03366615498127975 222
1694433015102 0.00457092368074881 223
1694433015170 0.004706625481685763 224
1694433015238 1.0635387613405795e-05 225
1694433015306 0.23392232795693635 226
1694433015376 0.09718826528458778 227
1694433015444 0.01929221711573172 228
1694433015512 0.4708882795338137 229
1694433015581 0.9297901797019203 230
1694433015648 0.14208976543961688 231
1694433015716 0.22918463307876757 232
1694433015783 0.04835667873137852 233
1694433015852 0.040514314192130245 234
1694433015919 0.24022525477812032 235
1694433015987 0.0033332531673775077 236
1694433016056 0.3968339949662374 237
1694433016123 0.03808696697746899 238
1694433016192 0.08961237429793834 239
1694433016259 0.019978634529181687 240
1694433016328 0.17948036272490717 241
1694433016396 0.03403850620384184 242
1694433016464 0.006099296447357793 243
1694433016532 0.0482070588427766 244
1694433016600 0.0331263888057465 245
1694433016668 0.10805541643855204 246
1694433016736 9.015684047969074e-05 247
1694433016804 0.015638459243168104 248
1694433016872 0.003529600561911699 249
1694433016940 1.314478145269526 250
1694433017007 0.13783120675080382 251
1694433017075 0.03580901039200569 252
1694433017143 0.05335845329591759 253
1694433017213 0.3265495062044882 254
1694433017283 0.08458264303473353 255
1694433017353 0.07738278175675983 256
1694433017422 0.02106866170490858 257
1694433017489 0.0418315618151818 258
1694433017558 0.003319105201022923 259
1694433017627 0.04264793491919335 260
1694433017695 0.08954952607623531 261
1694433017764 0.005752975759345919 262
1694433017832 0.14837534497760987 263
1694433017900 0.03946813583755309 264
1694433017968 0.0542248549852644 265
1694433018037 0.10013885801431084 266
1694433018104 0.0006348917236646436 267
1694433018173 0.0004440372950182085 268
1694433018242 0.049573693033180204 269
1694433018310 0.11419658934541381 270
1694433018378 0.0013485492449928423 271
1694433018446 0.004024918821854234 272
1694433018513 0.019092357910289823 273
1694433018581 1.7192774734699636 274
1694433018650 0.6242968234466285 275
1694433018718 0.10715837552711378 276
1694433018787 0.005781966905778648 277
1694433018855 0.0007328997216693805 278
1694433018923 0.07925014971396707 279
1694433018991 0.0860997168333142 280
1694433019059 0.2623862949975578 281
1694433019127 0.008222262498255889 282
1694433019195 0.004054751413074735 283
1694433019263 0.009916611344492895 284
1694433019332 0.10458979699251614 285
1694433019398 0.04525954716734878 286
1694433019466 0.03458076683323226 287
1694433019535 0.1476305149027402 288
1694433019604 0.0025376840941405375 289
1694433019675 0.8079916257121114 290
1694433019744 0.02727822409513038 291
1694433019812 0.3588105172024549 292
1694433019880 0.06476188542451378 293
1694433019949 0.061682626163215556 294
1694433020016 0.042621136766898986 295
1694433020084 0.019821850281693594 296
1694433020152 6.383843794840076e-05 297
1694433020219 0.013803300472277479 298
1694433020288 0.014375854871880157 299
1694433020356 0.006704687429871014 300
1694433020423 0.007113145377319663 301
1694433020492 0.12316310079801417 302
1694433020560 0.0129135251803256 303
1694433020629 0.25090843075475017 304
1694433020696 0.002605556857305637 305
1694433020766 0.000346417330749227 306
1694433020834 0.1052952588657666 307
1694433020902 0.3175090598840327 308
1694433020970 0.07682193719599692 309
1694433021039 0.052440039815399075 310
1694433021107 0.0890445191546586 311
1694433021176 0.05430315267741433 312
1694433021243 0.002325044402110199 313
1694433021312 0.053455472628181684 314
1694433021380 0.024892031360548246 315
1694433021449 0.0018414158228463157 316
1694433021516 0.24562740819769263 317
1694433021585 0.032401215428478604 318
1694433021652 0.1497936720623087 319
1694433021720 0.0037745083420329746 320
1694433021787 0.11090372798089249 321
1694433021855 0.004604798292071269 322
1694433021923 0.0011420075738663815 323
1694433021992 0.10215651323930194 324
1694433022060 0.01424640798590235 325
1694433022127 3.225029322027301e-05 326
1694433022195 0.057444062146621115 327
1694433022264 0.03777036170683709 328
1694433022333 0.06259934628032207 329
1694433022401 0.01598793309423159 330
1694433022469 0.043768667038530364 331
1694433022536 0.033440101250529534 332
1694433022604 0.18763511007470798 333
1694433022672 0.1517639696374528 334
1694433022739 0.1816044534571864 335
1694433022809 0.02336172195126252 336
1694433022876 0.019063226714865298 337
1694433022944 0.37600796873873926 338
1694433023011 0.000608643928761421 339
1694433023080 0.02019994366137068 340
1694433023148 0.005999793140107268 341
1694433023216 0.0004734664288797524 342
1694433023284 0.10457811230300988 343
1694433023352 0.11593394337157946 344
1694433023420 0.013492432899890508 345
1694433023488 0.2837039854108932 346
1694433023563 0.3811152683687129 347
1694433023631 0.03919713647950833 348
1694433023699 0.06731234437412638 349
1694433023767 0.006168264366780611 350
1694433023834 0.060249380949134415 351
1694433023902 0.08875816239269353 352
1694433023971 0.11062501589456268 353
1694433024040 0.0068070220239277186 354
1694433024107 0.0010927840577157901 355
1694433024177 0.05714881976462425 356
1694433024244 0.46940643749626604 357
1694433024312 0.2848465946112389 358
1694433024381 0.0002890922090761884 359
1694433024449 0.15962026001686233 360
1694433024516 0.0358056373635773 361
1694433024584 0.00716851838309484 362
1694433024652 0.17565708937064659 363
1694433024720 0.010499665547558051 364
1694433024789 0.0025098427957457037 365
1694433024857 0.003580219510513434 366
1694433024926 0.03539399287205507 367
1694433024994 0.04078422714349443 368
1694433025061 0.038519605456125004 369
1694433025129 0.19137646934643862 370
1694433025197 0.014770654952232502 371
1694433025264 0.005782554590362975 372
1694433025331 0.09743880517083786 373
1694433025398 0.01873134639421565 374
1694433025466 0.13860438661981703 375
1694433025534 0.002122773252034846 376
1694433025601 0.02879471122837333 377
1694433025668 0.06643051160000657 378
1694433025737 0.0007335154956332528 379
1694433025804 0.39811583916139687 380
1694433025872 0.14997562539343381 381
1694433025940 0.04629575103439987 382
1694433026007 0.0002992169698829113 383
1694433026076 0.00677632543951112 384
1694433026145 0.07004580587937002 385
1694433026212 0.003435055153228811 386
1694433026280 0.08815465502673162 387
1694433026347 9.733285082125967e-05 388
1694433026414 0.002349862754318981 389
1694433026485 0.0004055475068447402 390
1694433026553 0.016681238909839635 391
1694433026620 0.0014044635174480962 392
1694433026690 0.08870423005789774 393
1694433026757 0.028624065327790535 394
1694433026824 0.08838608745711189 395
1694433026893 0.0662939897405429 396
1694433026960 0.08676915665389132 397
1694433027027 0.22082868941693337 398
1694433027096 0.013295485571280595 399
1694433027163 0.18753220058374348 400
1694433027231 0.015762220058320696 401
1694433027300 0.0351024024379131 402
1694433027367 0.019691522924927946 403
1694433027436 1.4708889872222168e-05 404
1694433027505 0.010635765022685388 405
1694433027572 0.10592223829309709 406
1694433027640 0.21914197189755347 407
1694433027709 4.5684645020829586e-05 408
1694433027778 1.0855965371638132 409
1694433027847 0.2636902371205858 410
1694433027914 0.10559241778331939 411
1694433027982 0.007442209360159893 412
1694433028050 0.06436703391539053 413
1694433028116 0.00791920418143895 414
1694433028185 0.04273326874954769 415
1694433028253 0.02737104212609506 416
1694433028320 0.0924475190361049 417
1694433028388 9.297367842205353e-05 418
1694433028456 0.013480361797027211 419
1694433028523 0.001742470224758079 420
1694433028591 0.04075293595855296 421
1694433028658 0.002620526862725496 422
1694433028726 0.013788578808700084 423
1694433028795 0.047387207145392914 424
1694433028862 0.10332362700035494 425
1694433028930 0.004657028829544834 426
1694433028998 0.3426340493304113 427
1694433029067 0.059560247124936815 428
1694433029135 0.14248975611687714 429
1694433029204 0.013129395440417876 430
1694433029272 0.008323167030197474 431
1694433029340 0.049106199822631744 432
1694433029409 0.0019922965631456275 433
1694433029477 0.27160575532450093 434
1694433029544 0.174185872663814 435
1694433029613 0.03198136218888965 436
1694433029681 0.25033622075835754 437
1694433029748 0.6547741526957084 438
1694433029817 0.06328390428579755 439
1694433029885 0.00114233545809897 440
1694433029952 0.09314781727443235 441
1694433030020 0.13728686663459916 442
1694433030090 0.01077055971475764 443
1694433030156 0.29954215718791743 444
1694433030225 0.18148951502892632 445
1694433030292 0.07723022024852069 446
1694433030361 0.35085517179029585 447
1694433030430 0.016769701688935833 448
1694433030498 0.018133427817270623 449
1694433030566 0.021934213720138998 450
1694433030634 0.7171111342041654 451
1694433030701 0.41299411473561964 452
1694433030769 0.023513729482412496 453
1694433030838 0.06566983921020335 454
1694433030906 0.015059314422551201 455
1694433030974 0.075701505067357 456
1694433031042 0.06916564856469828 457
1694433031110 0.44806625980625464 458
1694433031178 0.08958473381403563 459
1694433031246 1.3198922380473788 460
1694433031313 0.02471738750264737 461
1694433031381 0.0041629912149756705 462
1694433031449 0.0008457221075357145 463
1694433031516 0.020837788135129463 464
1694433031586 0.07843923587641044 465
1694433031654 0.720940689018946 466
1694433031722 0.05785662620456221 467
1694433031790 0.012434243054116592 468
1694433031858 0.054591177626501244 469
1694433031926 0.008519740505568826 470
1694433031993 0.01636886918657173 471
1694433032062 0.03816093352497426 472
1694433032130 0.4176349291549516 473
1694433032197 0.001317739689365751 474
1694433032265 0.07845641841720244 475
1694433032333 0.012284792402133168 476
1694433032401 0.2893491390005174 477
1694433032470 0.0022298729906160913 478
1694433032538 0.005383785714182405 479
1694433032607 0.060010981401653035 480
1694433032674 0.00026569347557022063 481
1694433032742 0.05724255347250435 482
1694433032810 0.0028228474845354143 483
1694433032878 0.03145799086682174 484
1694433032945 0.5262081730782959 485
1694433033013 0.10396420252561361 486
1694433033080 0.07942250642523324 487
1694433033148 0.036257585954541136 488
1694433033216 0.032247004926168076 489
1694433033285 0.11352130370071177 490
1694433033353 0.009620112620678056 491
1694433033420 0.0021481581047915217 492
1694433033489 0.0019535067175142544 493
1694433033558 0.00014618364383291665 494
1694433033626 0.008604128207427874 495
1694433033693 0.2024031723154441 496
1694433033762 0.22919316719586488 497
1694433033830 0.21964526405856424 498
1694433033898 0.08401764625662067 499
