1694438379584 168.89967544445548 0
1694438379602 165.52985848779414 1
1694438379619 162.22763859422085 2
1694438379637 158.9916459069862 3
1694438379654 155.82053892642153 4
1694438379671 152.71300389752753 5
1694438379688 149.66775421184695 6
1694438379707 146.68352982324546 7
1694438379724 143.7590966772374 8
1694438379744 140.89324615350284 9
1694438379762 138.084794521254 10
1694438379780 135.33258240711885 11
1694438379797 132.63547427522 12
1694438379814 129.9923579191359 13
1694438379831 127.40214396544182 14
1694438379850 124.86376538853538 15
1694438379871 122.37617703646174 16
1694438379890 119.93835516746051 17
1694438379911 117.54929699696545 18
1694438379930 115.20802025479516 19
1694438379950 112.91356275228104 20
1694438379973 110.66498195908557 21
1694438379994 108.46135458947145 22
1694438380012 106.30177619778853 23
1694438380030 104.18536078295236 24
1694438380048 102.11124040169447 25
1694438380067 100.07856479037055 26
1694438380085 98.08650099511858 27
1694438380103 96.13423301016525 28
1694438380120 94.22096142408374 29
1694438380137 92.3459030738122 30
1694438380155 90.50829070624673 31
1694438380173 88.7073726472285 32
1694438380191 86.9424124777487 33
1694438380208 85.21268871720049 34
1694438380225 83.51749451351135 35
1694438380243 81.85613733999378 36
1694438380260 80.22793869875649 37
1694438380278 78.63223383052281 38
1694438380295 77.06837143070622 39
1694438380312 75.53571337159826 40
1694438380331 74.03363443052636 41
1694438380348 72.56152202384376 42
1694438380366 71.11877594661716 43
1694438380384 69.7048081178809 44
1694438380403 68.3190423313302 45
1694438380420 66.96091401132891 46
1694438380437 65.62986997411078 47
1694438380454 64.32536819405613 48
1694438380472 63.0468775749286 49
1694438380489 61.793877725960066 50
1694438380506 60.56585874267409 51
1694438380524 59.36232099234146 52
1694438380541 58.18277490396367 53
1694438380558 57.02674076268306 54
1694438380576 55.89374850852058 55
1694438380593 54.783337539345005 56
1694438380611 53.695056517979026 57
1694438380628 52.628463183351016 58
1694438380645 51.58312416560242 59
1694438380662 50.55861480506376 60
1694438380680 49.55451897501383 61
1694438380697 48.57042890813873 62
1694438380714 47.60594502661004 63
1694438380733 46.66067577570225 64
1694438380758 45.73423746087259 65
1694438380782 44.826254088227515 66
1694438380800 43.936357208301956 67
1694438380817 43.064185763079905 68
1694438380835 42.20938593618533 69
1694438380853 41.37161100617534 70
1694438380871 40.55052120286833 71
1694438380888 39.74578356664163 72
1694438380906 38.957071810634744 73
1694438380923 38.184066185795906 74
1694438380941 37.426453348710545 75
1694438380958 36.68392623215249 76
1694438380977 35.956183918299274 77
1694438380994 35.24293151455509 78
1694438381012 34.54388003192526 79
1694438381030 33.85874626588845 80
1694438381048 33.18725267971309 81
1694438381069 32.529127290166386 82
1694438381088 31.884103555565034 83
1694438381105 31.251920266118272 84
1694438381123 30.632321436514555 85
1694438381140 30.025056200704693 86
1694438381157 29.429878708835115 87
1694438381176 28.846548026285873 88
1694438381193 28.27482803476929 89
1694438381210 27.71448733544585 90
1694438381227 27.16529915401506 91
1694438381245 26.627041247739946 92
1694438381262 26.09949581436467 93
1694438381279 25.582449402885658 94
1694438381297 25.07569282613767 95
1694438381314 24.579021075156827 96
1694438381331 24.09223323528362 97
1694438381349 23.615132403969763 98
1694438381366 23.147525610253307 99
1694438381384 22.68922373586749 100
1694438381401 22.24004143794946 101
1694438381418 21.799797073315485 102
1694438381435 21.368312624270548 103
1694438381452 20.945413625920207 104
1694438381469 20.53092909495399 105
1694438381486 20.124691459869744 106
1694438381505 19.72653649260926 107
1694438381522 19.336303241575987 108
1694438381539 18.95383396600664 109
1694438381556 18.57897407166842 110
1694438381574 18.21157204785491 111
1694438381592 17.85147940565387 112
1694438381611 17.498550617460698 113
1694438381629 17.152643057712137 114
1694438381646 16.813616944815152 115
1694438381664 16.48133528424647 116
1694438381681 16.155663812798764 117
1694438381700 15.83647094395022 118
1694438381717 15.52362771433422 119
1694438381734 15.217007731286907 120
1694438381751 14.91648712145045 121
1694438381769 14.6219444804106 122
1694438381787 14.333260823347295 123
1694438381804 14.05031953667776 124
1694438381821 13.773006330671922 125
1694438381839 13.501209193020141 126
1694438381856 13.234818343334105 127
1694438381873 12.973726188561786 128
1694438381891 12.717827279297873 129
1694438381908 12.467018266971571 130
1694438381927 12.221197861893765 131
1694438381944 11.980266792146384 132
1694438381961 11.744127763296582 133
1694438381977 11.51268541891925 134
1694438381995 11.285846301911246 135
1694438382013 11.063518816581597 136
1694438382031 10.845613191501588 137
1694438382049 10.63204144309971 138
1694438382067 10.422717339986157 139
1694438382085 10.217556367992207 140
1694438382103 10.01647569591003 141
1694438382120 9.819394141918751 142
1694438382137 9.626232140682932 143
1694438382155 9.436911711109788 144
1694438382174 9.25135642475206 145
1694438382192 9.06949137484326 146
1694438382210 8.891243145952656 147
1694438382228 8.716539784247567 148
1694438382248 8.545310768350562 149
1694438382265 8.377486980779716 150
1694438382282 8.213000679960066 151
1694438382300 8.051785472794858 152
1694438382317 7.893776287785248 153
1694438382335 7.7389093486874465 154
1694438382354 7.58712214869647 155
1694438382370 7.438353425145944 156
1694438382388 7.292543134713532 157
1694438382406 7.149632429121858 158
1694438382424 7.009563631324923 159
1694438382441 6.872280212170348 160
1694438382458 6.737726767527754 161
1694438382474 6.605848995874022 162
1694438382492 6.476593676326226 163
1694438382509 6.349908647113211 164
1694438382528 6.225742784477088 165
1694438382546 6.104045981995937 166
1694438382562 5.984769130319361 167
1694438382579 5.867864097308484 168
1694438382598 5.75328370857244 169
1694438382615 5.6409817283932195 170
1694438382632 5.5309128410313 171
1694438382651 5.423032632404197 172
1694438382668 5.317297572130672 173
1694438382686 5.2136649959331525 174
1694438382704 5.112093088391183 175
1694438382722 5.012540866038963 176
1694438382739 4.914968160799981 177
1694438382756 4.819335603752095 178
1694438382774 4.725604609216331 179
1694438382792 4.63373735916304 180
1694438382811 4.543696787928968 181
1694438382832 4.4554465672390755 182
1694438382849 4.368951091526974 183
1694438382866 4.284175463548042 184
1694438382884 4.201085480279312 185
1694438382902 4.119647619100485 186
1694438382920 4.039829024250337 187
1694438382937 3.9615974935531 188
1694438382953 3.884921465409408 189
1694438382970 3.8097700060464565 190
1694438382988 3.7361127970222974 191
1694438383007 3.6639201229790976 192
1694438383024 3.5931628596404397 193
1694438383042 3.5238124620477773 194
1694438383060 3.4558409530312697 195
1694438383076 3.389220911910313 196
1694438383095 3.3239254634191564 197
1694438383113 3.259928266853178 198
1694438383129 3.1972035054313284 199
1694438383148 3.1357258758704796 200
1694438383165 3.075470578167445 201
1694438383181 3.016413305584514 202
1694438383200 2.9585302348344293 203
1694438383217 2.901798016460851 204
1694438383234 2.846193765410399 205
1694438383251 2.7916950517924395 206
1694438383269 2.738279891822875 207
1694438383286 2.6859267389482833 208
1694438383305 2.634614475146775 209
1694438383322 2.5843224024020808 210
1694438383339 2.535030234347389 211
1694438383357 2.4867180880755635 212
1694438383374 2.439366476112387 213
1694438383391 2.392956298549651 214
1694438383409 2.347468835334825 215
1694438383426 2.3028857387142505 216
1694438383445 2.2591890258267413 217
1694438383462 2.2163610714446302 218
1694438383479 2.174384600859315 219
1694438383497 2.1332426829084232 220
1694438383516 2.0929187231417496 221
1694438383532 2.053396457123242 222
1694438383550 2.0146599438662935 223
1694438383568 1.976693559399696 224
1694438383586 1.9394819904616527 225
1694438383605 1.903010228319275 226
1694438383621 1.867263562711115 227
1694438383638 1.8322275759102178 228
1694438383656 1.7978881369053499 229
1694438383674 1.764231395698005 230
1694438383692 1.7312437777129102 231
1694438383709 1.6989119783197586 232
1694438383727 1.6672229574639623 233
1694438383744 1.6361639344042294 234
1694438383762 1.6057223825548754 235
1694438383779 1.5758860244307513 236
1694438383796 1.5466428266927512 237
1694438383814 1.5179809952919252 238
1694438383832 1.4898889707101755 239
1694438383849 1.4623554232956815 240
1694438383867 1.4353692486911107 241
1694438383884 1.4089195633527896 242
1694438383901 1.3829957001590394 243
1694438383919 1.3575872041058767 244
1694438383936 1.3326838280883435 245
1694438383954 1.3082755287657772 246
1694438383971 1.284352462509334 247
1694438383989 1.2609049814301305 248
1694438384007 1.2379236294864107 249
1694438384025 1.215399138668145 250
1694438384043 1.1933224252575398 251
1694438384061 1.171684586163928 252
1694438384078 1.1504768953315792 253
1694438384096 1.1296908002189614 254
1694438384113 1.1093179183480477 255
1694438384130 1.0893500339222526 256
1694438384148 1.069779094511652 257
1694438384165 1.0505972078041441 258
1694438384183 1.0317966384212214 259
1694438384201 1.013369804797095 260
1694438384219 0.9953092761198944 261
1694438384235 0.9776077693336993 262
1694438384252 0.9602581462002208 263
1694438384269 0.943253410418908 264
1694438384287 0.9265867048043546 265
1694438384305 0.9102513085198356 266
1694438384322 0.8942406343658749 267
1694438384340 0.8785482261227391 268
1694438384357 0.8631677559457978 269
1694438384373 0.8480930218126723 270
1694438384391 0.8333179450211718 271
1694438384409 0.8188365677369981 272
1694438384426 0.8046430505902025 273
1694438384443 0.7907316703194702 274
1694438384461 0.7770968174632468 275
1694438384477 0.7637329940967845 276
1694438384495 0.7506348116141968 277
1694438384513 0.7377969885546211 278
1694438384529 0.7252143484716267 279
1694438384547 0.7128818178449774 280
1694438384564 0.7007944240339425 281
1694438384581 0.6889472932712983 282
1694438384600 0.6773356486972415 283
1694438384619 0.6659548084323823 284
1694438384637 0.6548001836890786 285
1694438384654 0.6438672769203163 286
1694438384670 0.6331516800054199 287
1694438384688 0.6226490724718281 288
1694438384706 0.6123552197522414 289
1694438384723 0.6022659714764339 290
1694438384740 0.5923772597970203 291
1694438384759 0.5826850977485365 292
1694438384780 0.5731855776391394 293
1694438384797 0.5638748694742984 294
1694438384814 0.5547492194118255 295
1694438384831 0.5458049482476414 296
1694438384850 0.537038449931642 297
1694438384867 0.5284461901130864 298
1694438384884 0.520024704714908 299
1694438384902 0.5117705985363817 300
1694438384919 0.5036805438835689 301
1694438384938 0.4957512792270087 302
1694438384955 0.4879796078860948 303
1694438384973 0.48036239673961617 304
1694438384990 0.4728965749619416 305
1694438385008 0.4655791327843351 306
1694438385025 0.4584071202808993 307
1694438385043 0.45137764617866605 308
1694438385061 0.4444878766913493 309
1694438385078 0.43773503437628364 310
1694438385096 0.4311163970140988 311
1694438385112 0.4246292965106719 312
1694438385130 0.41827111782090576 313
1694438385147 0.41203929789392174 314
1694438385164 0.40593132463921566 315
1694438385180 0.3999447359133814 316
1694438385198 0.3940771185269768 317
1694438385216 0.38832610727113726 318
1694438385233 0.38268938396355145 319
1694438385250 0.3771646765134015 320
1694438385268 0.3717497580049018 321
1694438385285 0.3664424457990542 322
1694438385303 0.3612406006532751 323
1694438385320 0.35614212585851934 324
1694438385338 0.3511449663935604 325
1694438385355 0.3462471080961006 326
1694438385372 0.34144657685035 327
1694438385390 0.3367414377907647 328
1694438385408 0.3321297945216197 329
1694438385426 0.32760978835209736 330
1694438385442 0.3231795975465871 331
1694438385459 0.3188374365898943 332
1694438385476 0.31458155546705757 333
1694438385495 0.3104102389574835 334
1694438385513 0.3063218059431239 335
1694438385530 0.3023146087304035 336
1694438385547 0.29838703238563646 337
1694438385564 0.2945374940836464 338
1694438385581 0.29076444246935473 339
1694438385599 0.28706635703204897 340
1694438385617 0.28344174749209905 341
1694438385634 0.27988915319986946 342
1694438385650 0.2764071425465814 343
1694438385667 0.2729943123868871 344
1694438385685 0.2696492874729315 345
1694438385704 0.2663707198996606 346
1694438385723 0.26315728856116494 347
1694438385741 0.2600076986178283 348
1694438385759 0.2569206809740731 349
1694438385775 0.2538949917664935 350
1694438385792 0.25092941186215917 351
1694438385811 0.24802274636690244 352
1694438385828 0.24517382414337846 353
1694438385846 0.24238149733870715 354
1694438385864 0.23964464092151028 355
1694438385881 0.2369621522281513 356
1694438385899 0.2343329505180004 357
1694438385917 0.23175597653753874 358
1694438385935 0.22923019209313555 359
1694438385953 0.2267545796323108 360
1694438385969 0.22432814183333538 361
1694438385987 0.2219499012029816 362
1694438386004 0.21961889968227832 363
1694438386022 0.21733419826009903 364
1694438386040 0.21509487659444101 365
1694438386057 0.21290003264122795 366
1694438386075 0.21074878229049476 367
1694438386092 0.20864025900980995 368
1694438386110 0.2065736134947808 369
1694438386128 0.20454801332651856 370
1694438386145 0.20256264263590137 371
1694438386162 0.20061670177452304 372
1694438386180 0.19870940699217945 373
1694438386198 0.1968399901207702 374
1694438386216 0.1950076982644833 375
1694438386233 0.19321179349613915 376
1694438386251 0.1914515525595762 377
1694438386268 0.18972626657794947 378
1694438386285 0.18803524076783368 379
1694438386302 0.186377794159007 380
1694438386320 0.18475325931980877 381
1694438386338 0.18316098208795686 382
1694438386355 0.18160032130671633 383
1694438386372 0.18007064856631885 384
1694438386390 0.17857134795051435 385
1694438386407 0.17710181578817194 386
1694438386426 0.17566146040981365 387
1694438386443 0.17424970190899158 388
1694438386460 0.17286597190840736 389
1694438386476 0.1715097133306849 390
1694438386494 0.1701803801736983 391
1694438386512 0.16887743729036733 392
1694438386529 0.16760036017283347 393
1694438386547 0.1663486347409247 394
1694438386564 0.16512175713482682 395
1694438386581 0.16391923351187956 396
1694438386599 0.16274057984740742 397
1694438386616 0.16158532173951606 398
1694438386633 0.1604529942177682 399
1694438386650 0.15934314155566315 400
1694438386668 0.1582553170868434 401
1694438386684 0.15718908302496082 402
1694438386703 0.1561440102871159 403
1694438386720 0.15511967832081613 404
1694438386737 0.1541156749343705 405
1694438386754 0.15313159613065674 406
1694438386772 0.15216704594419359 407
1694438386788 0.15122163628145363 408
1694438386806 0.15029498676435216 409
1694438386824 0.14938672457684204 410
1694438386842 0.14849648431456747 411
1694438386861 0.14762390783750118 412
1694438386880 0.14676864412551238 413
1694438386898 0.14593034913680733 414
1694438386915 0.14510868566918453 415
1694438386933 0.1443033232240494 416
1694438386950 0.14351393787312994 417
1694438386967 0.14274021212784535 418
1694438386985 0.14198183481127083 419
1694438387002 0.14123850093264811 420
1694438387020 0.14050991156439027 421
1694438387038 0.13979577372153348 422
1694438387056 0.13909580024358562 423
1694438387072 0.1384097096787221 424
1694438387091 0.13773722617028689 425
1694438387108 0.1370780793455475 426
1694438387125 0.13643200420666404 427
1694438387143 0.1357987410238252 428
1694438387160 0.1351780352305088 429
1694438387177 0.1345696373208252 430
1694438387194 0.13397330274890215 431
1694438387212 0.13338879183026886 432
1694438387229 0.13281586964520217 433
1694438387246 0.13225430594399373 434
1694438387264 0.13170387505410153 435
1694438387282 0.13116435578914687 436
1694438387298 0.13063553135971995 437
1694438387315 0.13011718928596003 438
1694438387333 0.12960912131187396 439
1694438387351 0.1291111233213581 440
1694438387368 0.1286229952558891 441
1694438387386 0.12814454103385006 442
1694438387404 0.12767556847146622 443
1694438387422 0.12721588920530516 444
1694438387442 0.1267653186163237 445
1694438387459 0.12632367575542197 446
1694438387476 0.125890783270479 447
1694438387494 0.12546646733483707 448
1694438387512 0.12505055757721245 449
1694438387530 0.1246428870129929 450
1694438387547 0.12424329197690852 451
1694438387565 0.1238516120570358 452
1694438387583 0.12346769003011557 453
1694438387601 0.12309137179815782 454
1694438387618 0.12272250632630723 455
1694438387636 0.1223609455819415 456
1694438387655 0.12200654447498276 457
1694438387672 0.12165916079939673 458
1694438387689 0.1213186551758513 459
1694438387708 0.12098489099551957 460
1694438387726 0.12065773436499627 461
1694438387744 0.12033705405231249 462
1694438387760 0.12002272143402265 463
1694438387778 0.11971461044334265 464
1694438387795 0.11941259751931985 465
1694438387812 0.11911656155701479 466
1694438387831 0.11882638385867136 467
1694438387848 0.11854194808585873 468
1694438387866 0.11826314021256654 469
1694438387884 0.11798984847922876 470
1694438387903 0.11772196334766588 471
1694438387920 0.11745937745691983 472
1694438387938 0.11720198557996904 473
1694438387957 0.11694968458130323 474
1694438387973 0.11670237337534133 475
1694438387991 0.11645995288567684 476
1694438388008 0.11622232600513337 477
1694438388026 0.11598939755661478 478
1694438388046 0.11576107425473145 479
1694438388066 0.11553726466819358 480
1694438388084 0.11531787918294889 481
1694438388102 0.11510282996605331 482
1694438388119 0.11489203093026272 483
1694438388138 0.11468539769932559 484
1694438388155 0.11448284757396704 485
1694438388172 0.11428429949855065 486
1694438388189 0.11408967402839924 487
1694438388207 0.11389889329777038 488
1694438388224 0.11371188098846367 489
1694438388242 0.11352856229905663 490
1694438388259 0.11334886391474841 491
1694438388276 0.11317271397780586 492
1694438388294 0.11300004205859614 493
1694438388311 0.11283077912719512 494
1694438388329 0.11266485752555994 495
1694438388346 0.11250221094025634 496
1694438388364 0.11234277437572662 497
1694438388381 0.11218648412808967 498
1694438388399 0.11203327775946209 499
