1694436539931 169.03908926289097 0
1694436539952 169.0052472214726 1
1694436539969 168.97817942449973 2
1694436539986 168.9511158340169 3
1694436540004 168.92405658508957 4
1694436540027 168.89700167701744 5
1694436540047 168.8699511091027 6
1694436540067 168.8429048806478 7
1694436540091 168.81586299095542 8
1694436540108 168.7888254393282 9
1694436540125 168.76179222506886 10
1694436540143 168.73476334748037 11
1694436540162 168.70773880586572 12
1694436540179 168.68071859952803 13
1694436540196 168.65370272777056 14
1694436540213 168.6266911898967 15
1694436540231 168.59968398520985 16
1694436540249 168.57268111301363 17
1694436540268 168.5456825726117 18
1694436540284 168.5186883633079 19
1694436540307 168.4916984844061 20
1694436540328 168.46471293521037 21
1694436540351 168.43773171502485 22
1694436540369 168.41075482315375 23
1694436540389 168.3837822589015 24
1694436540412 168.3568140215725 25
1694436540433 168.3298501104714 26
1694436540456 168.3028905249028 27
1694436540477 168.27593526417172 28
1694436540501 168.24898432758283 29
1694436540519 168.22203771444137 30
1694436540535 168.1950954240524 31
1694436540557 168.16815745572117 32
1694436540573 168.1412238087531 33
1694436540590 168.11429448245363 34
1694436540607 168.0873694761284 35
1694436540624 168.06044878908307 36
1694436540641 168.03353242062354 37
1694436540659 168.00662037005569 38
1694436540675 167.97971263668555 39
1694436540692 167.95280921981927 40
1694436540709 167.9259101187632 41
1694436540726 167.89901533282364 42
1694436540742 167.87212486130713 43
1694436540760 167.84523870352027 44
1694436540777 167.81835685876973 45
1694436540795 167.79147932636238 46
1694436540812 167.76460610560517 47
1694436540829 167.73773719580515 48
1694436540846 167.71087259626944 49
1694436540868 167.68401230630536 50
1694436540885 167.65715632522028 51
1694436540903 167.6303046523217 52
1694436540919 167.60345728691726 53
1694436540936 167.57661422831464 54
1694436540954 167.5497754758217 55
1694436540971 167.52294102874637 56
1694436540987 167.49611088639674 57
1694436541004 167.4692850480809 58
1694436541021 167.4424635131072 59
1694436541037 167.41564628078405 60
1694436541056 167.3888333504199 61
1694436541073 167.36202472132342 62
1694436541098 167.33522039280328 63
1694436541116 167.3084203641683 64
1694436541133 167.28162463472756 65
1694436541150 167.25483320378999 66
1694436541167 167.22804607066482 67
1694436541184 167.2012632346613 68
1694436541201 167.1744846950889 69
1694436541217 167.147710451257 70
1694436541235 167.12094050247535 71
1694436541251 167.09417484805363 72
1694436541271 167.06741348730162 73
1694436541287 167.04065641952934 74
1694436541304 167.0139036440469 75
1694436541321 166.98715516016435 76
1694436541339 166.96041096719208 77
1694436541358 166.93367106444043 78
1694436541375 166.90693545121994 79
1694436541391 166.88020412684125 80
1694436541408 166.853477090615 81
1694436541425 166.8267543418521 82
1694436541441 166.80003587986354 83
1694436541459 166.7733217039603 84
1694436541476 166.74661181345363 85
1694436541492 166.7199062076548 86
1694436541509 166.69320488587513 87
1694436541529 166.6665078474262 88
1694436541551 166.63981509161968 89
1694436541573 166.61312661776722 90
1694436541591 166.58644242518065 91
1694436541607 166.55976251317196 92
1694436541624 166.53308688105326 93
1694436541641 166.50641552813664 94
1694436541658 166.47974845373443 95
1694436541676 166.45308565715902 96
1694436541692 166.42642713772292 97
1694436541709 166.39977289473876 98
1694436541726 166.3731229275192 99
1694436541742 166.34647723537722 100
1694436541762 166.31983581762566 101
1694436541778 166.2931986735776 102
1694436541794 166.2665658025462 103
1694436541811 166.2399372038448 104
1694436541828 166.21331287678674 105
1694436541846 166.18669282068558 106
1694436541864 166.16007703485485 107
1694436541882 166.13346551860835 108
1694436541898 166.1068582712599 109
1694436541915 166.08025529212347 110
1694436541932 166.05365658051304 111
1694436541949 166.02706213574288 112
1694436541969 166.00047195712722 113
1694436541985 165.97388604398043 114
1694436542002 165.94730439561704 115
1694436542018 165.92072701135166 116
1694436542035 165.894153890499 117
1694436542052 165.8675850323739 118
1694436542073 165.8410204362913 119
1694436542091 165.81446010156628 120
1694436542109 165.78790402751397 121
1694436542125 165.76135221344964 122
1694436542142 165.73480465868872 123
1694436542159 165.70826136254664 124
1694436542177 165.68172232433903 125
1694436542193 165.6551875433817 126
1694436542210 165.6286570189903 127
1694436542227 165.6021307504809 128
1694436542244 165.57560873716952 129
1694436542262 165.54909097837228 130
1694436542279 165.52257747340553 131
1694436542296 165.49606822158555 132
1694436542313 165.46956322222883 133
1694436542330 165.44306247465204 134
1694436542347 165.4165659781719 135
1694436542366 165.39007373210515 136
1694436542383 165.36358573576874 137
1694436542400 165.3371019884798 138
1694436542416 165.31062248955533 139
1694436542434 165.28414723831267 140
1694436542450 165.2576762340692 141
1694436542467 165.23120947614242 142
1694436542485 165.20474696384983 143
1694436542501 165.1782886965092 144
1694436542518 165.15183467343837 145
1694436542534 165.12538489395516 146
1694436542551 165.09893935737767 147
1694436542570 165.07249806302406 148
1694436542586 165.04606101021247 149
1694436542603 165.01962819826142 150
1694436542620 164.99319962648926 151
1694436542637 164.96677529421459 152
1694436542655 164.94035520075613 153
1694436542673 164.91393934543265 154
1694436542690 164.88752772756305 155
1694436542711 164.86112034646644 156
1694436542731 164.83471720146184 157
1694436542749 164.80831829186852 158
1694436542769 164.7819236170059 159
1694436542786 164.75553317619332 160
1694436542803 164.7291469687504 161
1694436542820 164.70276499399685 162
1694436542837 164.67638725125244 163
1694436542854 164.65001373983702 164
1694436542872 164.62364445907073 165
1694436542890 164.59727940827352 166
1694436542906 164.57091858676569 167
1694436542923 164.5445619938676 168
1694436542940 164.51820962889963 169
1694436542957 164.49186149118245 170
1694436542975 164.4655175800366 171
1694436542992 164.43917789478292 172
1694436543009 164.4128424347423 173
1694436543026 164.38651119923566 174
1694436543042 164.36018418758417 175
1694436543059 164.3338613991091 176
1694436543079 164.30754283313163 177
1694436543096 164.2812284889733 178
1694436543113 164.2549183659556 179
1694436543129 164.22861246340022 180
1694436543147 164.20231078062884 181
1694436543164 164.17601331696343 182
1694436543183 164.14972007172594 183
1694436543200 164.12343104423837 184
1694436543217 164.09714623382305 185
1694436543233 164.07086563980218 186
1694436543251 164.04458926149823 187
1694436543271 164.0183170982337 188
1694436543295 163.99204914933125 189
1694436543313 163.96578541411364 190
1694436543331 163.93952589190363 191
1694436543348 163.91327058202427 192
1694436543364 163.88701948379864 193
1694436543383 163.86077259654988 194
1694436543399 163.8345299196013 195
1694436543416 163.80829145227625 196
1694436543433 163.78205719389828 197
1694436543450 163.75582714379104 198
1694436543467 163.72960130127817 199
1694436543485 163.70337966568354 200
1694436543502 163.6771622363311 201
1694436543519 163.65094901254497 202
1694436543535 163.62473999364917 203
1694436543552 163.5985351789681 204
1694436543569 163.5723345678261 205
1694436543589 163.5461381595476 206
1694436543605 163.5199459534573 207
1694436543622 163.49375794887982 208
1694436543638 163.46757414514002 209
1694436543657 163.4413945415628 210
1694436543674 163.41521913747323 211
1694436543691 163.38904793219643 212
1694436543708 163.36288092505762 213
1694436543726 163.3367181153822 214
1694436543742 163.31055950249566 215
1694436543760 163.28440508572353 216
1694436543779 163.25825486439152 217
1694436543797 163.2321088378254 218
1694436543813 163.20596700535106 219
1694436543831 163.1798293662946 220
1694436543847 163.15369591998208 221
1694436543863 163.12756666573972 222
1694436543884 163.1014416028939 223
1694436543903 163.075320730771 224
1694436543922 163.04920404869762 225
1694436543939 163.02309155600042 226
1694436543956 162.9969832520062 227
1694436543972 162.97087913604182 228
1694436543989 162.94477920743424 229
1694436544006 162.91868346551058 230
1694436544023 162.89259190959805 231
1694436544040 162.86650453902396 232
1694436544057 162.8404213531158 233
1694436544073 162.814342351201 234
1694436544092 162.78826753260722 235
1694436544109 162.76219689666226 236
1694436544126 162.73613044269393 237
1694436544142 162.71006817003024 238
1694436544159 162.68401007799923 239
1694436544175 162.6579561659291 240
1694436544195 162.63190643314812 241
1694436544215 162.6058608789847 242
1694436544232 162.5798195027674 243
1694436544248 162.55378230382476 244
1694436544265 162.52774928148557 245
1694436544283 162.50172043507854 246
1694436544300 162.47569576393278 247
1694436544317 162.4496752673772 248
1694436544334 162.42365894474105 249
1694436544352 162.39764679535355 250
1694436544368 162.37163881854408 251
1694436544385 162.34563501364212 252
1694436544403 162.31963537997726 253
1694436544421 162.29363991687924 254
1694436544437 162.2676486236778 255
1694436544453 162.24166149970287 256
1694436544474 162.21567854428451 257
1694436544492 162.1896997567528 258
1694436544512 162.16372513643802 259
1694436544529 162.1377546826705 260
1694436544546 162.1117883947807 261
1694436544562 162.08582627209913 262
1694436544579 162.05986831395657 263
1694436544596 162.03391451968372 264
1694436544613 162.00796488861147 265
1694436544631 161.9820194200708 266
1694436544648 161.95607811339286 267
1694436544665 161.93014096790887 268
1694436544682 161.90420798295006 269
1694436544699 161.87827915784797 270
1694436544717 161.85235449193402 271
1694436544733 161.8264339845399 272
1694436544749 161.8005176349974 273
1694436544766 161.77460544263835 274
1694436544783 161.7486974067947 275
1694436544801 161.72279352679848 276
1694436544819 161.69689380198193 277
1694436544836 161.67099823167737 278
1694436544853 161.64510681521708 279
1694436544870 161.61921955193367 280
1694436544888 161.5933364411597 281
1694436544908 161.56745748222792 282
1694436544926 161.5415826744711 283
1694436544943 161.51571201722223 284
1694436544960 161.48984550981433 285
1694436544977 161.46398315158055 286
1694436544994 161.43812494185414 287
1694436545013 161.41227087996845 288
1694436545031 161.38642096525697 289
1694436545048 161.3605751970533 290
1694436545064 161.33473357469109 291
1694436545087 161.30889609750415 292
1694436545108 161.28306276482635 293
1694436545125 161.25723357599173 294
1694436545142 161.23140853033442 295
1694436545159 161.20558762718863 296
1694436545176 161.17977086588868 297
1694436545192 161.153958245769 298
1694436545211 161.1281497661641 299
1694436545229 161.10234542640873 300
1694436545245 161.07654522583758 301
1694436545262 161.05074916378555 302
1694436545279 161.02495723958756 303
1694436545295 160.99916945257874 304
1694436545313 160.9733858020943 305
1694436545330 160.94760628746948 306
1694436545347 160.92183090803968 307
1694436545365 160.89605966314048 308
1694436545381 160.87029255210743 309
1694436545398 160.84452957427627 310
1694436545416 160.81877072898286 311
1694436545432 160.79301601556307 312
1694436545450 160.76726543335306 313
1694436545469 160.74151898168884 314
1694436545485 160.71577665990682 315
1694436545503 160.69003846734324 316
1694436545520 160.66430440333463 317
1694436545536 160.63857446721758 318
1694436545553 160.61284865832877 319
1694436545570 160.58712697600498 320
1694436545586 160.5614094195831 321
1694436545605 160.53569598840016 322
1694436545622 160.5099866817933 323
1694436545639 160.48428149909967 324
1694436545656 160.45858043965666 325
1694436545677 160.43288350280173 326
1694436545695 160.40719068787234 327
1694436545714 160.38150199420622 328
1694436545730 160.3558174211411 329
1694436545748 160.33013696801478 330
1694436545764 160.3044606341653 331
1694436545781 160.27878841893073 332
1694436545798 160.25312032164925 333
1694436545816 160.22745634165912 334
1694436545832 160.2017964782988 335
1694436545849 160.17614073090672 336
1694436545867 160.15048909882154 337
1694436545884 160.12484158138196 338
1694436545903 160.0991981779268 339
1694436545921 160.07355888779497 340
1694436545937 160.04792371032556 341
1694436545954 160.0222926448577 342
1694436545970 159.99666569073062 343
1694436545987 159.97104284728363 344
1694436546004 159.94542411385632 345
1694436546023 159.91980948978812 346
1694436546039 159.89419897441883 347
1694436546055 159.86859256708811 348
1694436546072 159.84299026713592 349
1694436546089 159.8173920739023 350
1694436546107 159.79179798672726 351
1694436546124 159.76620800495107 352
1694436546142 159.74062212791395 353
1694436546159 159.71504035495647 354
1694436546175 159.68946268541904 355
1694436546191 159.66388911864235 356
1694436546207 159.63831965396713 357
1694436546226 159.6127542907342 358
1694436546242 159.58719302828453 359
1694436546262 159.5616358659592 360
1694436546282 159.53608280309933 361
1694436546299 159.51053383904622 362
1694436546319 159.48498897314124 363
1694436546335 159.45944820472587 364
1694436546353 159.43391153314172 365
1694436546370 159.4083789577305 366
1694436546386 159.38285047783395 367
1694436546403 159.35732609279404 368
1694436546422 159.33180580195275 369
1694436546439 159.30628960465216 370
1694436546456 159.28077750023456 371
1694436546472 159.2552694880423 372
1694436546488 159.22976556741781 373
1694436546505 159.20426573770354 374
1694436546523 159.17876999824225 375
1694436546539 159.15327834837666 376
1694436546556 159.12779078744964 377
1694436546572 159.1023073148041 378
1694436546589 159.07682792978324 379
1694436546606 159.05135263173008 380
1694436546625 159.02588141998805 381
1694436546642 159.00041429390046 382
1694436546659 158.97495125281083 383
1694436546676 158.94949229606274 384
1694436546693 158.92403742299996 385
1694436546709 158.89858663296627 386
1694436546726 158.87313992530557 387
1694436546742 158.8476972993619 388
1694436546760 158.82225875447944 389
1694436546777 158.79682429000235 390
1694436546794 158.771393905275 391
1694436546810 158.74596759964192 392
1694436546829 158.72054537244756 393
1694436546847 158.6951272230366 394
1694436546869 158.66971315075386 395
1694436546890 158.64430315494417 396
1694436546906 158.61889723495253 397
1694436546926 158.59349539012402 398
1694436546943 158.56809761980384 399
1694436546960 158.5427039233372 400
1694436546976 158.51731430006964 401
1694436546993 158.49192874934656 402
1694436547009 158.46654727051364 403
1694436547029 158.44116986291652 404
1694436547046 158.4157965259011 405
1694436547063 158.39042725881325 406
1694436547079 158.36506206099907 407
1694436547096 158.33970093180463 408
1694436547113 158.3143438705762 409
1694436547132 158.28899087666014 410
1694436547149 158.2636419494029 411
1694436547165 158.23829708815106 412
1694436547182 158.21295629225128 413
1694436547198 158.18761956105024 414
1694436547215 158.16228689389496 415
1694436547233 158.13695829013233 416
1694436547250 158.1116337491095 417
1694436547267 158.08631327017358 418
1694436547283 158.06099685267196 419
1694436547300 158.03568449595195 420
1694436547316 158.01037619936113 421
1694436547335 157.98507196224713 422
1694436547351 157.95977178395756 423
1694436547369 157.9344756638404 424
1694436547386 157.9091836012434 425
1694436547402 157.88389559551473 426
1694436547419 157.8586116460025 427
1694436547440 157.83333175205493 428
1694436547462 157.80805591302035 429
1694436547481 157.78278412824727 430
1694436547498 157.7575163970842 431
1694436547515 157.73225271887986 432
1694436547533 157.70699309298297 433
1694436547550 157.6817375187424 434
1694436547566 157.6564859955072 435
1694436547582 157.6312385226264 436
1694436547599 157.6059950994492 437
1694436547617 157.58075572532485 438
1694436547634 157.55552039960284 439
1694436547650 157.53028912163262 440
1694436547668 157.50506189076373 441
1694436547686 157.47983870634604 442
1694436547701 157.45461956772925 443
1694436547718 157.42940447426338 444
1694436547737 157.40419342529836 445
1694436547754 157.37898642018433 446
1694436547773 157.35378345827158 447
1694436547789 157.32858453891043 448
1694436547806 157.30338966145132 449
1694436547824 157.27819882524489 450
1694436547841 157.25301202964167 451
1694436547858 157.22782927399243 452
1694436547876 157.20265055764813 453
1694436547893 157.17747587995967 454
1694436547910 157.15230524027814 455
1694436547928 157.12713863795474 456
1694436547947 157.10197607234073 457
1694436547964 157.07681754278752 458
1694436547980 157.0516630486466 459
1694436547997 157.02651258926954 460
1694436548014 157.0013661640081 461
1694436548031 156.976223772214 462
1694436548051 156.95108541323927 463
1694436548072 156.92595108643582 464
1694436548090 156.90082079115584 465
1694436548106 156.87569452675152 466
1694436548124 156.85057229257518 467
1694436548142 156.82545408797927 468
1694436548159 156.80033991231636 469
1694436548176 156.77522976493904 470
1694436548192 156.7501236452001 471
1694436548209 156.72502155245238 472
1694436548228 156.69992348604882 473
1694436548246 156.67482944534248 474
1694436548264 156.64973942968655 475
1694436548279 156.62465343843428 476
1694436548296 156.59957147093908 477
1694436548314 156.57449352655436 478
1694436548331 156.54941960463378 479
1694436548348 156.52434970453095 480
1694436548366 156.4992838255997 481
1694436548382 156.47422196719393 482
1694436548399 156.44916412866758 483
1694436548415 156.42411030937484 484
1694436548433 156.3990605086699 485
1694436548451 156.37401472590705 486
1694436548468 156.34897296044068 487
1694436548485 156.3239352116253 488
1694436548502 156.29890147881562 489
1694436548519 156.27387176136628 490
1694436548536 156.24884605863218 491
1694436548554 156.2238243699682 492
1694436548571 156.19880669472943 493
1694436548587 156.17379303227094 494
1694436548604 156.14878338194802 495
1694436548624 156.12377774311605 496
1694436548646 156.09877611513045 497
1694436548666 156.07377849734678 498
1694436548682 156.04878488912072 499
