1694433668372 0.22944313852797488 0
1694433668442 0.5992383179733145 1
1694433668512 0.12940835093300787 2
1694433668579 0.002440243989042562 3
1694433668647 0.6705167673838911 4
1694433668713 0.030467898797724498 5
1694433668782 0.16403266830639493 6
1694433668851 0.5640765884247443 7
1694433668920 0.007260750758747557 8
1694433669004 0.026393508322620017 9
1694433669073 0.034036504519559606 10
1694433669141 0.04152958815914833 11
1694433669209 0.06448536631678313 12
1694433669277 0.3277239663411808 13
1694433669345 0.024742650318941933 14
1694433669413 0.2812234096944055 15
1694433669481 0.0007206980448370373 16
1694433669552 0.30004257313679034 17
1694433669619 0.15603959352883756 18
1694433669687 0.36277514552745255 19
1694433669757 0.6001694519890873 20
1694433669824 0.0029236117903766144 21
1694433669892 0.022811567412088816 22
1694433669960 0.0001530989525593387 23
1694433670028 0.003651000089455085 24
1694433670095 0.02100756106583217 25
1694433670162 0.6019245647274022 26
1694433670229 0.03806005900598199 27
1694433670297 0.09935749357088822 28
1694433670365 0.15248626354134479 29
1694433670432 0.011160156200044097 30
1694433670500 0.07197011864906816 31
1694433670568 0.001263774909747436 32
1694433670635 0.0331947013717485 33
1694433670702 0.017397242083286173 34
1694433670768 0.0050309528345996585 35
1694433670837 0.09309025149295108 36
1694433670903 0.023092472166023056 37
1694433670971 0.005197748515910484 38
1694433671040 0.052743434927092374 39
1694433671108 0.04336037020401447 40
1694433671175 0.3502962280523686 41
1694433671242 0.35021827711187903 42
1694433671311 0.008844130420089287 43
1694433671377 0.03665581582231582 44
1694433671445 0.15840073577576733 45
1694433671514 0.0173156767037291 46
1694433671582 0.07527253828797179 47
1694433671648 0.21229236616769562 48
1694433671717 0.2688340682739838 49
1694433671785 0.009400696781246278 50
1694433671854 0.005385325317986623 51
1694433671922 0.522873333845942 52
1694433671990 0.2587226351764091 53
1694433672058 0.04958365544311287 54
1694433672125 0.019848283081652374 55
1694433672192 0.049970298512686626 56
1694433672261 0.09007095740394047 57
1694433672326 0.09654471548728971 58
1694433672394 0.054460978867815396 59
1694433672462 0.2729839814886499 60
1694433672529 0.007863209136301067 61
1694433672598 6.675914433004077e-05 62
1694433672666 0.03835106214411062 63
1694433672734 0.09119504874192823 64
1694433672802 0.0007096807710076537 65
1694433672870 0.037971765614316914 66
1694433672937 1.3172619264623961 67
1694433673006 0.1140288936773172 68
1694433673073 4.734336549631494e-09 69
1694433673140 0.04898108823553091 70
1694433673208 0.0003916852589962319 71
1694433673277 0.0838288113429215 72
1694433673344 0.017244495097317358 73
1694433673412 0.27301520935969953 74
1694433673480 0.027788919266533894 75
1694433673550 0.05880483107581421 76
1694433673618 0.16371287626700398 77
1694433673686 0.0004325929633843148 78
1694433673753 0.02792765202848803 79
1694433673823 7.904953916940482e-05 80
1694433673892 0.07257025372530208 81
1694433673961 0.13351287494967728 82
1694433674031 0.0033183780031851282 83
1694433674099 0.4684780410112443 84
1694433674167 0.041565434483848876 85
1694433674236 0.6988866123991878 86
1694433674304 0.0898666980894482 87
1694433674374 0.1391667649640465 88
1694433674441 0.08732488420929917 89
1694433674509 0.0017477207533798194 90
1694433674577 0.000557465796951115 91
1694433674646 0.1276323745089027 92
1694433674712 0.4870513940086367 93
1694433674780 0.35006430036870934 94
1694433674849 0.008496513692812459 95
1694433674916 0.003782257550302052 96
1694433674984 0.1808266788834039 97
1694433675052 0.04720943188165621 98
1694433675121 0.0026671579011777937 99
1694433675190 0.4563710569832979 100
1694433675259 0.005259087288760407 101
1694433675326 2.406460368902335e-06 102
1694433675394 0.12631423566240105 103
1694433675462 0.2861946009645339 104
1694433675528 0.0447707654370075 105
1694433675596 0.005702270867255082 106
1694433675663 0.05337709054440166 107
1694433675732 0.29929329775651087 108
1694433675800 0.04133466535623209 109
1694433675868 0.07512360018346309 110
1694433675935 0.014438703095847737 111
1694433676004 0.010651855342493539 112
1694433676071 0.36874971194769607 113
1694433676139 0.027129409774605494 114
1694433676208 0.034181232077604415 115
1694433676278 0.0012646767453752658 116
1694433676344 0.1279480641611117 117
1694433676413 0.7064270822926974 118
1694433676480 0.04608842389764583 119
1694433676547 0.046035832831642205 120
1694433676616 0.06268400394838379 121
1694433676683 0.5528250667747897 122
1694433676751 0.0003254029242558088 123
1694433676819 0.09750705638547284 124
1694433676887 0.07611706693933884 125
1694433676955 0.04593053234744929 126
1694433677024 0.40202128102270607 127
1694433677092 0.2994637375412591 128
1694433677161 0.0324374044489781 129
1694433677229 0.12932128188439343 130
1694433677297 3.0218518229181862e-05 131
1694433677365 0.15337147381092034 132
1694433677433 0.011046760179826786 133
1694433677501 0.021048252658003433 134
1694433677569 0.033094255760372705 135
1694433677637 0.10502008608079699 136
1694433677706 0.18277844341081584 137
1694433677774 0.0037931424758711626 138
1694433677842 0.030423011194797414 139
1694433677910 0.15598330061751084 140
1694433677978 0.005139985259634313 141
1694433678045 0.00975558725009055 142
1694433678114 0.025643133621097502 143
1694433678183 0.2991752396010362 144
1694433678249 0.08169419273188006 145
1694433678318 0.12977408857579112 146
1694433678386 0.6752696086905997 147
1694433678453 0.0609095848810422 148
1694433678521 0.01835316428261031 149
1694433678589 0.19102439436875412 150
1694433678658 0.032817263718122824 151
1694433678724 0.09371712765066845 152
1694433678793 0.012320799237274043 153
1694433678862 0.138528496669773 154
1694433678929 0.05306048038363711 155
1694433678995 0.004789532699971199 156
1694433679064 0.17536157026749774 157
1694433679131 0.03856762399124378 158
1694433679199 0.23799277368244898 159
1694433679267 0.017799588964255656 160
1694433679334 0.0040331997220004 161
1694433679402 0.05290326338525444 162
1694433679469 0.05130019830535219 163
1694433679537 0.4252731882232653 164
1694433679606 0.05454243547008333 165
1694433679673 0.0006523265496312089 166
1694433679742 0.017956510635622452 167
1694433679809 0.020979252530193265 168
1694433679878 0.225921502935217 169
1694433679946 0.005536860339758224 170
1694433680014 0.06327723716556155 171
1694433680082 0.2069277411969119 172
1694433680149 0.0012736952573925025 173
1694433680216 0.06359052021619663 174
1694433680284 0.0005806552008081027 175
1694433680353 0.1526661397636051 176
1694433680421 0.01377681020846786 177
1694433680490 0.00032977613505886947 178
1694433680558 0.203521931362581 179
1694433680626 0.42279243522221155 180
1694433680696 8.421588389151767e-06 181
1694433680763 0.09735144525678936 182
1694433680831 0.10581441847057242 183
1694433680900 0.21852183492772265 184
1694433680968 0.07385992816637593 185
1694433681036 0.00038592852989139596 186
1694433681106 0.08575695343351145 187
1694433681174 0.0001946672866159433 188
1694433681243 0.35568894736913403 189
1694433681312 0.051917712037873084 190
1694433681381 0.00034857428035332225 191
1694433681449 0.37675338013248055 192
1694433681518 0.0014881034785418472 193
1694433681585 0.4592275496340554 194
1694433681654 0.33623986422707486 195
1694433681722 0.025457160088532462 196
1694433681790 0.05229056913162235 197
1694433681858 0.006636957858119204 198
1694433681926 0.029910922488533553 199
1694433681995 0.011248373870616824 200
1694433682064 0.03233444067606321 201
1694433682132 0.841513452004293 202
1694433682200 0.008854359981231017 203
1694433682268 0.020248027308472652 204
1694433682335 0.12591363252660978 205
1694433682404 0.020039069360422417 206
1694433682471 0.019351132231626572 207
1694433682541 0.0808392107299608 208
1694433682610 0.00325740049911342 209
1694433682678 0.14351475698084 210
1694433682746 0.06328327761010909 211
1694433682814 0.00014858863390978982 212
1694433682883 0.32397614206514946 213
1694433682950 0.11295829652343674 214
1694433683020 0.15396232787259445 215
1694433683087 0.00514584618341398 216
1694433683155 0.00035723254501627156 217
1694433683223 6.094313536278618e-05 218
1694433683291 0.07698705848803601 219
1694433683359 0.12311529372416635 220
1694433683428 0.006514929919875508 221
1694433683496 0.3171588028724484 222
1694433683564 0.14541288769902166 223
1694433683632 0.04490719699843134 224
1694433683701 0.12702955779135855 225
1694433683767 0.02538656289423876 226
1694433683836 0.3209804904198199 227
1694433683904 0.0018671387295105207 228
1694433683972 0.0017552878393347605 229
1694433684041 0.01729754861791681 230
1694433684108 0.6919545751785939 231
1694433684177 0.0003816164858734766 232
1694433684245 0.017911321211857588 233
1694433684313 0.049653556950097974 234
1694433684381 0.08338624746405983 235
1694433684449 0.3476261062751175 236
1694433684517 0.018897477557476627 237
1694433684585 0.06473889455870681 238
1694433684653 0.8128471293951568 239
1694433684720 0.002084131281045007 240
1694433684787 0.08620909061462544 241
1694433684855 0.0827753589480647 242
1694433684923 0.3661641396179629 243
1694433684991 0.017237071726764537 244
1694433685059 0.0019784440908976585 245
1694433685130 0.08806385395602694 246
1694433685198 0.0927674013887132 247
1694433685265 0.08253450137518334 248
1694433685334 0.028121574150692635 249
1694433685400 0.006887536397387939 250
1694433685467 0.7223370532946443 251
1694433685536 0.009248530640963764 252
1694433685605 0.5491827884372156 253
1694433685672 0.002148646548976394 254
1694433685741 2.716709883891893e-05 255
1694433685807 0.20726759156266833 256
1694433685875 0.00027523714840395233 257
1694433685943 0.02634366336523742 258
1694433686012 0.010762150607379933 259
1694433686080 0.09969324699549365 260
1694433686148 0.02080900360518127 261
1694433686216 0.09522958600967435 262
1694433686284 0.07632732058363433 263
1694433686352 0.01911188371966131 264
1694433686419 0.37342784427453307 265
1694433686487 0.00046862003896025543 266
1694433686555 0.0880065438163731 267
1694433686623 0.4274010240987031 268
1694433686691 0.3713702933530034 269
1694433686758 0.07230972727436716 270
1694433686826 0.006890269546549564 271
1694433686895 0.03359927084542358 272
1694433686963 0.0394583961776686 273
1694433687031 0.004715800410673216 274
1694433687099 0.0016795509630717278 275
1694433687168 0.0712011733269227 276
1694433687236 0.004669046210502464 277
1694433687305 7.303853275563098e-05 278
1694433687373 0.18545603921963233 279
1694433687439 0.01417581564405163 280
1694433687508 0.02966143990008541 281
1694433687576 0.00956862897306048 282
1694433687644 0.4314670372840905 283
1694433687713 0.03031420979825073 284
1694433687781 0.11537293363790066 285
1694433687849 0.06191639255009891 286
1694433687917 0.03162624905163639 287
1694433687986 0.001027034380821281 288
1694433688053 0.06953660021176629 289
1694433688121 0.003288871693315934 290
1694433688188 0.23112921379822415 291
1694433688256 0.22334385418032238 292
1694433688323 0.17161704398664365 293
1694433688390 0.03135448562387089 294
1694433688458 0.006334259346273411 295
1694433688526 0.015981239556631763 296
1694433688593 0.03918103274993594 297
1694433688661 0.38958743689655856 298
1694433688730 0.002265254491672293 299
1694433688798 0.07825670166293697 300
1694433688865 0.12335015799290475 301
1694433688934 0.1580435454554143 302
1694433689002 0.14537556046647457 303
1694433689071 0.16887691213732142 304
1694433689139 0.112059134902709 305
1694433689207 0.03135499958177296 306
1694433689276 0.046695699319635804 307
1694433689344 0.004650968642103338 308
1694433689412 0.002723862910200953 309
1694433689480 0.08137541911350767 310
1694433689548 0.014499855035979479 311
1694433689616 0.05261959897698561 312
1694433689684 0.006340096685203734 313
1694433689752 2.1589520856392013e-05 314
1694433689820 0.00016178755900597526 315
1694433689887 0.006662574342344028 316
1694433689954 0.008994345700337868 317
1694433690024 0.0037816779118577375 318
1694433690090 0.15755996857684695 319
1694433690158 0.07041378860269044 320
1694433690226 0.009300079128168375 321
1694433690294 0.4772005632840796 322
1694433690362 0.7004954001836514 323
1694433690429 0.05520368547017358 324
1694433690497 0.06583336384969282 325
1694433690565 0.12393761193806371 326
1694433690632 0.006091938571986918 327
1694433690701 0.0034419204474111275 328
1694433690768 0.027387048579493155 329
1694433690836 0.05626529396771579 330
1694433690903 0.059074492812329286 331
1694433690971 0.09566693951629843 332
1694433691040 0.4575170977789604 333
1694433691108 0.40953706436076215 334
1694433691177 0.08622863588708751 335
1694433691244 0.11344385504732157 336
1694433691313 0.09829242527077764 337
1694433691382 0.006182041225651145 338
1694433691450 0.005577259029954167 339
1694433691518 0.001471498206706225 340
1694433691586 0.042974394832376285 341
1694433691654 0.06963046883404031 342
1694433691721 0.00944603098597221 343
1694433691790 0.07137829405607544 344
1694433691858 0.018483530251339784 345
1694433691927 0.07604955701207941 346
1694433691994 0.06393815752057665 347
1694433692064 0.07649953752829412 348
1694433692131 0.0004444645080948994 349
1694433692200 0.0030605026591714263 350
1694433692268 0.13845731934436165 351
1694433692335 0.045074045714536784 352
1694433692403 0.003449305169642187 353
1694433692470 0.046085452400061344 354
1694433692538 0.0860329780036184 355
1694433692606 0.033676198464135054 356
1694433692673 0.15867086558345903 357
1694433692741 0.0016258334740966367 358
1694433692810 0.037027859640429 359
1694433692878 0.1916065433352045 360
1694433692946 0.07117100983892889 361
1694433693014 1.0311049527400193 362
1694433693081 0.39905158230500787 363
1694433693148 0.08529876131881023 364
1694433693216 0.06308629046896479 365
1694433693283 0.0009417703857299187 366
1694433693351 0.07569370214789489 367
1694433693419 0.08874472103256123 368
1694433693486 0.011260998772443853 369
1694433693554 0.0532343109272583 370
1694433693623 0.3204771410791809 371
1694433693691 0.37004542572641536 372
1694433693759 0.24736065258519283 373
1694433693827 0.13391065792222112 374
1694433693894 0.0075065343897541045 375
1694433693962 0.0030527027911184477 376
1694433694030 0.04175087786851121 377
1694433694097 0.012742227087630535 378
1694433694166 0.040488592221213204 379
1694433694236 0.041765480226080794 380
1694433694304 0.06396601143728836 381
1694433694372 1.6936832406673336e-05 382
1694433694441 0.20282165719281955 383
1694433694511 0.010545243594319235 384
1694433694579 0.059842851111859295 385
1694433694647 0.2859472525129412 386
1694433694715 0.01718865711798942 387
1694433694784 0.030754284972209573 388
1694433694850 0.004058074599413255 389
1694433694918 0.0008943760309569146 390
1694433694986 0.0012587882458599937 391
1694433695054 0.02004364937944337 392
1694433695123 0.03623484656703048 393
1694433695199 0.14467173277006365 394
1694433695267 0.15441077449107682 395
1694433695335 0.017681662110015553 396
1694433695403 0.004772005231988478 397
1694433695472 0.005492552681967893 398
1694433695540 0.03118930174960641 399
1694433695609 0.06591354087857612 400
1694433695676 0.2281394403492406 401
1694433695745 0.1167289847196108 402
1694433695812 0.022338151371169606 403
1694433695880 0.023042100476138028 404
1694433695947 0.06747991136580635 405
1694433696015 0.0005900634410515331 406
1694433696083 0.07612038701137923 407
1694433696149 0.03750681194973883 408
1694433696217 0.06563201503122625 409
1694433696287 0.46952823348693873 410
1694433696354 0.10220294619547933 411
1694433696422 0.0017950427873615594 412
1694433696490 8.766915824342024e-05 413
1694433696558 0.02359426309484805 414
1694433696626 0.11300783877151872 415
1694433696694 0.06628550143914613 416
1694433696763 0.0014870190978638466 417
1694433696832 0.3563875561924334 418
1694433696899 0.009999172703283023 419
1694433696966 5.693094524864567e-05 420
1694433697043 3.37068154147353e-05 421
1694433697113 0.041938058058044465 422
1694433697181 0.0020720678199720897 423
1694433697248 0.01655285493164014 424
1694433697318 0.19424446655656083 425
1694433697386 0.0040151735498939614 426
1694433697453 0.00030667954648523404 427
1694433697521 0.021294573675100452 428
1694433697589 1.334967966706363 429
1694433697658 0.33713254597103876 430
1694433697726 0.04199469382922064 431
1694433697793 0.005800866414542276 432
1694433697861 0.03892996739083403 433
1694433697929 0.03657908087151409 434
1694433697996 0.020676510538408813 435
1694433698064 0.15755185302016395 436
1694433698132 0.07565374096856374 437
1694433698199 0.3481157018980176 438
1694433698267 0.013383681398690717 439
1694433698334 0.014141229303921109 440
1694433698402 0.009666381375184165 441
1694433698470 0.002212137978538244 442
1694433698537 0.12282970577778607 443
1694433698605 0.0001128088487831399 444
1694433698671 0.17004117929194087 445
1694433698744 0.16375810147577657 446
1694433698812 0.08063979176897218 447
1694433698880 1.3813068283555581e-05 448
1694433698948 0.06975502565376433 449
1694433699017 0.009175926926026205 450
1694433699084 0.5086478752072428 451
1694433699153 0.19805723187736754 452
1694433699219 0.011150094328888683 453
1694433699288 0.011376371128856375 454
1694433699357 0.1793841548620447 455
1694433699423 0.01903096489029853 456
1694433699491 0.07056149153162593 457
1694433699560 0.02932379805997568 458
1694433699628 0.05698091931129991 459
1694433699696 0.08270944332711047 460
1694433699763 0.00025192495042645287 461
1694433699830 0.22366575154937385 462
1694433699898 0.17354678213374308 463
1694433699966 0.004866923217773062 464
1694433700033 0.2889010523382079 465
1694433700102 0.031033988365672893 466
1694433700171 0.002424271527781238 467
1694433700240 0.3041629260104219 468
1694433700308 0.01685455570370858 469
1694433700376 0.001986944920710583 470
1694433700444 0.007725325376490657 471
1694433700513 0.015285882042566559 472
1694433700581 0.023471511226487326 473
1694433700649 0.028125103364065554 474
1694433700717 0.0009521563152047565 475
1694433700785 0.031185472688477635 476
1694433700853 0.004973487713192413 477
1694433700920 0.1606982547432324 478
1694433700988 0.06629468372116745 479
1694433701057 0.12957107355185982 480
1694433701126 0.012234547505820996 481
1694433701193 0.16307443706319147 482
1694433701262 0.08494973146999829 483
1694433701330 0.03328704073091633 484
1694433701398 0.04923530066079963 485
1694433701466 0.1675878366016997 486
1694433701533 0.015103883925208153 487
1694433701602 0.23639331979745168 488
1694433701671 0.05537013329717715 489
1694433701738 0.008035050263259154 490
1694433701806 0.12703339981485084 491
1694433701873 0.07509875013460517 492
1694433701942 0.11538617094275729 493
1694433702010 0.0009154254826737396 494
1694433702079 0.00016570369966898812 495
1694433702149 0.0016466305251290883 496
1694433702218 0.6972639210739895 497
1694433702286 0.22206821829496184 498
1694433702355 0.06640607645602785 499
