1694436392725 160.42615679717244 0
1694436392743 157.23173431273688 1
1694436392759 154.7309935399673 2
1694436392778 152.26884591078942 3
1694436392798 149.84596469042953 4
1694436392819 147.4617194156533 5
1694436392841 145.11549235974192 6
1694436392864 142.80667571970014 7
1694436392887 140.5346714602925 8
1694436392909 138.29889115538649 9
1694436392931 136.09875583193903 10
1694436392951 133.93369581656899 11
1694436392968 131.80315058467238 12
1694436392985 129.70656861203517 13
1694436393002 127.64340722890161 14
1694436393019 125.61313247645539 15
1694436393038 123.61521896567203 16
1694436393055 121.64914973850249 17
1694436393073 119.71441613134736 18
1694436393089 117.8105176407829 19
1694436393106 115.9369617915001 20
1694436393128 114.0932640064192 21
1694436393152 112.27894747894275 22
1694436393168 110.49354304731013 23
1694436393185 108.73658907101846 24
1694436393202 107.0076313092746 25
1694436393218 105.30622280144347 26
1694436393238 103.63192374945899 27
1694436393254 101.98430140216477 28
1694436393272 100.36292994155119 29
1694436393290 98.76739037085733 30
1694436393307 97.19727040450623 31
1694436393323 95.65216435984198 32
1694436393342 94.1316730506393 33
1694436393357 92.63540368235459 34
1694436393377 91.16296974909012 35
1694436393394 89.71399093224183 36
1694436393411 88.28809300080306 37
1694436393428 86.88490771329596 38
1694436393446 85.50407272130366 39
1694436393461 84.14523147457601 40
1694436393478 82.80803312768288 41
1694436393495 81.49213244818903 42
1694436393511 80.19718972632505 43
1694436393529 78.92287068612954 44
1694436393545 77.66884639803773 45
1694436393562 76.43479319289291 46
1694436393579 75.22039257735634 47
1694436393595 74.02533115069295 48
1694436393612 72.8493005229096 49
1694436393631 71.69199723422345 50
1694436393648 70.55312267583861 51
1694436393665 69.432383012009 52
1694436393684 68.32948910336643 53
1694436393707 67.24415643149258 54
1694436393725 66.17610502471469 55
1694436393742 65.1250593851043 56
1694436393759 64.0907484166596 57
1694436393776 63.072905354651276 58
1694436393794 62.071267696113196 59
1694436393811 61.08557713145859 60
1694436393829 60.11557947720351 61
1694436393846 59.161024609779005 62
1694436393862 58.22166640041436 63
1694436393882 57.297262651073574 64
1694436393905 56.387575031427744 65
1694436393923 55.49236901684656 66
1694436393941 54.61141382739175 67
1694436393957 53.74448236779638 68
1694436393975 52.891351168413756 69
1694436393995 52.0518003271197 70
1694436394017 51.225613452153105 71
1694436394037 50.41257760587885 72
1694436394054 49.61248324945836 73
1694436394071 48.8251241884128 74
1694436394087 48.050297519064145 75
1694436394104 47.28780357584003 76
1694436394121 46.53744587942808 77
1694436394139 45.799031085765975 78
1694436394155 45.072368935853326 79
1694436394172 44.357272206372265 80
1694436394189 43.653556661103465 81
1694436394206 42.9610410031243 82
1694436394222 42.27954682777694 83
1694436394241 41.60889857639333 84
1694436394257 40.948923490765 85
1694436394274 40.299451568345496 86
1694436394290 39.660315518173505 87
1694436394306 39.03135071750489 88
1694436394323 38.412395169142265 89
1694436394342 37.80328945945057 90
1694436394359 37.20387671704754 91
1694436394376 36.61400257215829 92
1694436394393 36.03351511662298 93
1694436394409 35.46226486454701 94
1694436394426 34.90010471358344 95
1694436394446 34.346889906837305 96
1694436394462 33.802477995381665 97
1694436394478 33.26672880137553 98
1694436394495 32.73950438177394 99
1694436394517 32.22066899262059 100
1694436394537 31.710089053913418 101
1694436394555 31.20763311503413 102
1694436394571 30.713171820732363 103
1694436394587 30.226577877655465 104
1694436394604 29.747726021415236 105
1694436394621 29.2764929841828 106
1694436394639 28.812757462803138 107
1694436394656 28.35640008742081 108
1694436394674 27.90730339060874 109
1694436394690 27.465351776991717 110
1694436394707 27.030431493356904 111
1694436394724 26.602430599243206 112
1694436394741 26.181238938001936 113
1694436394757 25.766748108321167 114
1694436394773 25.358851436206187 115
1694436394791 24.957443947408787 116
1694436394807 24.562422340298156 117
1694436394825 24.173684959166124 118
1694436394841 23.79113176795994 119
1694436394859 23.414664324435545 120
1694436394877 23.044185754724644 121
1694436394895 22.67960072830886 122
1694436394913 22.320815433394532 123
1694436394930 21.967737552681353 124
1694436394949 21.620276239519153 125
1694436394965 21.278342094445815 126
1694436394982 20.941847142100787 127
1694436394999 20.610704808507837 128
1694436395020 20.284829898721245 129
1694436395038 19.964138574829413 130
1694436395056 19.64854833431049 131
1694436395072 19.3379779887339 132
1694436395090 19.032347642802566 133
1694436395107 18.731578673730187 134
1694436395124 18.435593710948236 135
1694436395142 18.144316616137388 136
1694436395161 17.8576724635781 137
1694436395180 17.57558752081531 138
1694436395198 17.297989229632158 139
1694436395215 17.024806187327687 140
1694436395233 16.755968128293873 141
1694436395254 16.491405905886968 142
1694436395270 16.2310514745884 143
1694436395286 15.97483787245088 144
1694436395304 15.722699203824737 145
1694436395320 15.474570622360368 146
1694436395338 15.230388314282049 147
1694436395357 14.990089481929017 148
1694436395374 14.75361232755934 149
1694436395391 14.520896037412431 150
1694436395407 14.291880766026205 151
1694436395424 14.066507620804465 152
1694436395441 13.844718646830865 153
1694436395458 13.626456811925264 154
1694436395475 13.41166599193867 155
1694436395491 13.200290956282913 156
1694436395508 12.992277353691382 157
1694436395526 12.787571698206985 158
1694436395544 12.586121355393848 159
1694436395564 12.38787452876896 160
1694436395583 12.19278024645051 161
1694436395601 12.000788348019196 162
1694436395619 11.811849471589246 163
1694436395637 11.625915041085781 164
1694436395655 11.442937253725141 165
1694436395677 11.262869067695005 166
1694436395696 11.085664190031022 167
1694436395719 10.911277064686988 168
1694436395739 10.739662860795175 169
1694436395758 10.570777461114098 170
1694436395776 10.40457745066045 171
1694436395793 10.241020105522457 172
1694436395810 10.080063381851623 173
1694436395827 9.92166590503006 174
1694436395844 9.765786959010612 175
1694436395864 9.612386475826968 176
1694436395881 9.461425025271119 177
1694436395897 9.312863804735358 178
1694436395914 9.166664629216303 179
1694436395931 9.022789921478347 180
1694436395948 8.881202702373963 181
1694436395966 8.741866581318243 182
1694436395983 8.604745746915459 183
1694436395999 8.469804957734969 184
1694436396015 8.337009533234292 185
1694436396032 8.206325344826745 186
1694436396049 8.077718807091616 187
1694436396068 7.951156869124409 188
1694436396084 7.8266070060249575 189
1694436396100 7.7040372105212676 190
1694436396117 7.583415984726842 191
1694436396135 7.464712332029402 192
1694436396153 7.3478957491089085 193
1694436396171 7.232936218082755 194
1694436396187 7.1198041987762455 195
1694436396204 7.008470621116184 196
1694436396221 6.898906877645682 197
1694436396238 6.791084816158335 198
1694436396255 6.6849767324497 199
1694436396272 6.580555363184334 200
1694436396288 6.477793878876491 201
1694436396306 6.3766658769826625 202
1694436396324 6.277145375104171 203
1694436396344 6.179206804298128 204
1694436396364 6.0828250024949195 205
1694436396380 5.987975208020581 206
1694436396398 5.894633053222419 207
1694436396415 5.8027745581961625 208
1694436396432 5.71237612461303 209
1694436396448 5.623414529645221 210
1694436396466 5.5358669199880985 211
1694436396482 5.449710805977649 212
1694436396499 5.364924055801679 213
1694436396516 5.2814848898031554 214
1694436396532 5.199371874874374 215
1694436396548 5.118563918940363 216
1694436396565 5.0390402655302236 217
1694436396581 4.960780488434899 218
1694436396598 4.883764486450044 219
1694436396615 4.807972478202662 220
1694436396631 4.733384997060098 221
1694436396648 4.659982886120179 222
1694436396666 4.58774729328109 223
1694436396683 4.516659666389808 224
1694436396700 4.446701748467801 225
1694436396717 4.377855573012759 226
1694436396734 4.310103459375163 227
1694436396750 4.243428008208483 228
1694436396769 4.177812096991813 229
1694436396785 4.113238875623853 230
1694436396803 4.049691762087021 231
1694436396822 3.9871544381806383 232
1694436396842 3.925610845322039 233
1694436396865 3.865045180414582 234
1694436396890 3.805441891781412 235
1694436396914 3.7467856751640243 236
1694436396937 3.6890614697845026 237
1694436396959 3.6322544544704947 238
1694436396981 3.576350043841864 239
1694436397001 3.521333884558072 240
1694436397022 3.4671918516253126 241
1694436397044 3.4139100447624693 242
1694436397066 3.3614747848248903 243
1694436397089 3.3098726102851486 244
1694436397112 3.2590902737697927 245
1694436397134 3.2091147386512846 246
1694436397155 3.159933175694149 247
1694436397173 3.1115329597545727 248
1694436397189 3.0639016665325265 249
1694436397206 3.0170270693755583 250
1694436397223 2.9708971361335506 251
1694436397240 2.9255000260634922 252
1694436397256 2.880824086783538 253
1694436397275 2.8368578512755773 254
1694436397292 2.7935900349355203 255
1694436397308 2.7510095326705044 256
1694436397325 2.7091054160423833 257
1694436397342 2.667866930456616 258
1694436397359 2.6272834923959545 259
1694436397377 2.587344686698147 260
1694436397392 2.5480402638769886 261
1694436397411 2.5093601374860186 262
1694436397428 2.4712943815241695 263
1694436397446 2.433833227882724 264
1694436397463 2.3969670638329177 265
1694436397481 2.360686429553528 266
1694436397497 2.3249820156978047 267
1694436397515 2.2898446609991585 268
1694436397537 2.2552653499149495 269
1694436397557 2.2212352103077624 270
1694436397576 2.1877455111636195 271
1694436397592 2.15478766034649 272
1694436397609 2.122353202388552 273
1694436397626 2.090433816315624 274
1694436397643 2.05902131350722 275
1694436397662 2.028107635590642 276
1694436397680 1.9976848523686055 277
1694436397696 1.9677451597798579 278
1694436397713 1.9382808778922294 279
1694436397730 1.9092844489276681 280
1694436397747 1.8807484353186594 281
1694436397762 1.852665517795617 282
1694436397782 1.8250284935047063 283
1694436397798 1.797830274155601 284
1694436397816 1.771063884198765 285
1694436397834 1.7447224590316874 286
1694436397850 1.7187992432337131 287
1694436397867 1.6932875888289434 288
1694436397885 1.668180953576778 289
1694436397902 1.6434728992896779 290
1694436397919 1.6191570901776993 291
1694436397937 1.5952272912193586 292
1694436397953 1.5716773665584418 293
1694436397969 1.5485012779263172 294
1694436397988 1.5256930830893574 295
1694436398005 1.503246934321079 296
1694436398022 1.481157076898578 297
1694436398038 1.4594178476229185 298
1694436398055 1.4380236733630372 299
1694436398073 1.4169690696228434 300
1694436398089 1.3962486391311217 301
1694436398106 1.3758570704538617 302
1694436398123 1.3557891366286599 303
1694436398140 1.3360396938209047 304
1694436398160 1.3166036800012766 305
1694436398182 1.2974761136443498 306
1694436398200 1.2786520924478608 307
1694436398217 1.2601267920723995 308
1694436398234 1.2418954649011207 309
1694436398250 1.223953438819203 310
1694436398267 1.2062961160127323 311
1694436398285 1.1889189717867106 312
1694436398302 1.1718175534018471 313
1694436398318 1.1549874789298735 314
1694436398335 1.1384244361270799 315
1694436398352 1.1221241813257568 316
1694436398369 1.1060825383433048 317
1694436398387 1.0902953974086647 318
1694436398404 1.0747587141058808 319
1694436398421 1.0594685083344118 320
1694436398437 1.0444208632860505 321
1694436398454 1.029611924438062 322
1694436398470 1.0150378985623953 323
1694436398490 1.0006950527506187 324
1694436398507 0.9865797134543962 325
1694436398523 0.9726882655412291 326
1694436398540 0.9590171513652038 327
1694436398556 0.9455628698525467 328
1694436398576 0.9323219756017086 329
1694436398593 0.91929107799779 330
1694436398609 0.906466840341037 331
1694436398627 0.8938459789892297 332
1694436398644 0.8814252625136744 333
1694436398662 0.8692015108686694 334
1694436398680 0.8571715945741618 335
1694436398696 0.8453324339113973 336
1694436398714 0.8336809981314085 337
1694436398733 0.8222143046760478 338
1694436398754 0.8109294184114509 339
1694436398772 0.7998234508736769 340
1694436398789 0.7888935595263671 341
1694436398806 0.7781369470301847 342
1694436398823 0.7675508605239161 343
1694436398840 0.7571325909169828 344
1694436398856 0.7468794721932225 345
1694436398873 0.7367888807257368 346
1694436398890 0.726858234602647 347
1694436398907 0.7170849929635824 348
1694436398924 0.7074666553467143 349
1694436398941 0.6980007610461773 350
1694436398958 0.6886848884797323 351
1694436398977 0.6795166545664616 352
1694436398996 0.6704937141143926 353
1694436399013 0.6616137592178447 354
1694436399030 0.652874518664372 355
1694436399046 0.644273757351146 356
1694436399063 0.6358092757106086 357
1694436399080 0.6274789091452763 358
1694436399098 0.6192805274715343 359
1694436399115 0.6112120343722673 360
1694436399132 0.6032713668582182 361
1694436399149 0.5954564947378989 362
1694436399166 0.5877654200959467 363
1694436399184 0.5801961767797685 364
1694436399200 0.5727468298943617 365
1694436399217 0.5654154753051663 366
1694436399233 0.5582002391488222 367
1694436399250 0.5510992773517266 368
1694436399267 0.5441107751562303 369
1694436399283 0.5372329466543816 370
1694436399300 0.5304640343290848 371
1694436399317 0.5238023086025652 372
1694436399335 0.5172460673920075 373
1694436399353 0.5107936356722723 374
1694436399374 0.5044433650455562 375
1694436399393 0.4981936333179106 376
1694436399410 0.4920428440824988 377
1694436399428 0.48598942630946645 378
1694436399445 0.4800318339423546 379
1694436399460 0.4741685455009201 380
1694436399477 0.4683980636902805 381
1694436399495 0.46271891501628265 382
1694436399513 0.4571296494069746 383
1694436399531 0.4516288398401088 384
1694436399550 0.4462150819765708 385
1694436399567 0.44088699379964097 386
1694436399584 0.43564321525998895 387
1694436399603 0.4304824079263191 388
1694436399620 0.42540325464157225 389
1694436399637 0.42040445918459846 390
1694436399653 0.4154847459372051 391
1694436399669 0.41064285955651264 392
1694436399687 0.40587756465251257 393
1694436399704 0.4011876454707603 394
1694436399720 0.3965719055801121 395
1694436399738 0.39202916756543077 396
1694436399754 0.3875582727251782 397
1694436399770 0.3831580807738208 398
1694436399789 0.37882746954896884 399
1694436399806 0.3745653347231687 400
1694436399823 0.3703705895202867 401
1694436399840 0.3662421644364047 402
1694436399856 0.3621790069651451 403
1694436399874 0.35818008132737716 404
1694436399891 0.3542443682052199 405
1694436399908 0.3503708644802667 406
1694436399927 0.3465585829759892 407
1694436399948 0.34280655220422723 408
1694436399965 0.33911381611571434 409
1694436399983 0.33547943385457496 410
1694436400000 0.3319024795167192 411
1694436400018 0.32838204191208803 412
1694436400034 0.32491722433068 413
1694436400051 0.321507144312293 414
1694436400067 0.31815093341993367 415
1694436400085 0.31484773701683444 416
1694436400104 0.31159671404700573 417
1694436400120 0.30839703681929126 418
1694436400138 0.3052478907948544 419
1694436400153 0.30214847437803466 420
1694436400170 0.2990979987105531 421
1694436400188 0.29609568746896325 422
1694436400205 0.2931407766653485 423
1694436400222 0.29023251445117443 424
1694436400239 0.28737016092426504 425
1694436400255 0.28455298793885375 426
1694436400272 0.2817802789186469 427
1694436400289 0.2790513286728674 428
1694436400308 0.2763654432152247 429
1694436400326 0.2737219395857592 430
1694436400342 0.2711201456755216 431
1694436400359 0.26855940005404444 432
1694436400375 0.2660390517995557 433
1694436400392 0.26355846033188945 434
1694436400408 0.2611169952480618 435
1694436400426 0.25871403616045374 436
1694436400444 0.2563489725375727 437
1694436400460 0.2540212035473456 438
1694436400477 0.25173013790290555 439
1694436400495 0.24947519371082533 440
1694436400513 0.24725579832177652 441
1694436400530 0.24507138818355187 442
1694436400553 0.24292140869643103 443
1694436400573 0.2408053140708459 444
1694436400590 0.23872256718731358 445
1694436400609 0.2366726394585865 446
1694436400626 0.23465501069400574 447
1694436400643 0.23266916896600798 448
1694436400659 0.23071461047875422 449
1694436400676 0.22879083943884862 450
1694436400693 0.22689736792811582 451
1694436400711 0.22503371577839615 452
1694436400728 0.2231994104483411 453
1694436400745 0.22139398690215645 454
1694436400761 0.2196169874902877 455
1694436400778 0.21786796183198567 456
1694436400794 0.21614646669976048 457
1694436400811 0.21445206590565644 458
1694436400828 0.21278433018934306 459
1694436400846 0.21114283710798445 460
1694436400863 0.20952717092785808 461
1694436400879 0.20793692251770537 462
1694436400895 0.2063716892437662 463
1694436400914 0.20483107486649202 464
1694436400932 0.20331468943889716 465
1694436400948 0.20182214920653002 466
1694436400965 0.20035307650903186 467
1694436400982 0.19890709968326026 468
1694436400999 0.19748385296796092 469
1694436401018 0.1960829764099444 470
1694436401034 0.19470411577176477 471
1694436401051 0.1933469224408607 472
1694436401067 0.1920110533401407 473
1694436401084 0.1906961708399974 474
1694436401103 0.18940194267171137 475
1694436401125 0.18812804184224202 476
1694436401145 0.18687414655036505 477
1694436401165 0.18563994010414794 478
1694436401182 0.18442511083973703 479
1694436401200 0.18322935204143836 480
1694436401217 0.18205236186306292 481
1694436401234 0.1808938432505307 482
1694436401251 0.17975350386569963 483
1694436401267 0.1786310560114077 484
1694436401285 0.1775262165577104 485
1694436401301 0.1764387068692853 486
1694436401318 0.17536825273399403 487
1694436401335 0.1743145842925824 488
1694436401352 0.1732774359694915 489
1694436401368 0.17225654640477955 490
1694436401385 0.17125165838711873 491
1694436401402 0.17026251878785584 492
1694436401420 0.16928887849612856 493
1694436401437 0.16833049235500977 494
1694436401454 0.16738711909866652 495
1694436401470 0.1664585212905171 496
1694436401486 0.16554446526237926 497
1694436401502 0.1646447210545748 498
1694436401521 0.16375906235699406 499
