1694436025682 0.0004005334262420478 0
1694436025758 0.0118648220332291 1
1694436025851 0.17267810912619466 2
1694436025928 0.10235561880223663 3
1694436026000 0.057831206509591136 4
1694436026078 0.033295255897962714 5
1694436026152 0.015391605077870987 6
1694436026226 0.0016840390798350008 7
1694436026322 0.0030903968139036125 8
1694436026421 4.341657924288524e-05 9
1694436026522 0.063498358286344 10
1694436026596 0.018985395290658836 11
1694436026670 0.4000364968644625 12
1694436026747 0.2357663228916099 13
1694436026844 0.45329245498415155 14
1694436026918 0.0019559090222217384 15
1694436026993 0.5671772865636476 16
1694436027071 4.465464587297227e-06 17
1694436027149 0.12038983837664614 18
1694436027220 0.2592308098173423 19
1694436027296 0.15152479613284198 20
1694436027371 0.10824866197583081 21
1694436027445 0.0721058755194382 22
1694436027518 0.012533978899588608 23
1694436027590 0.07488917576764179 24
1694436027667 0.05323286613275061 25
1694436027744 0.0042086534043708325 26
1694436027818 0.0016419739006306967 27
1694436027892 0.0005202626521030689 28
1694436027965 0.0019019445494388983 29
1694436028038 0.05969569839476389 30
1694436028110 0.09816395481765251 31
1694436028183 0.016391088818361696 32
1694436028258 0.05557217456656235 33
1694436028332 0.00284634543348092 34
1694436028403 0.23247906125251472 35
1694436028485 0.019215481670658507 36
1694436028559 0.04119507806137442 37
1694436028640 0.00019000194567712236 38
1694436028720 0.04727240497383766 39
1694436028835 0.06825391521794844 40
1694436028907 0.12905004046604662 41
1694436028983 0.00015372343113894906 42
1694436029056 0.0009272534057970765 43
1694436029128 0.4533109432194911 44
1694436029203 0.01090057367081052 45
1694436029278 0.16067455510089937 46
1694436029358 0.4395879567008939 47
1694436029429 0.02062196179761123 48
1694436029503 0.0011808240066984183 49
1694436029576 0.04465313281686105 50
1694436029649 0.009365223995190266 51
1694436029722 0.01136948425862878 52
1694436029795 0.010140140131716678 53
1694436029869 9.899243542042474e-06 54
1694436029949 0.0004488421333408839 55
1694436030024 0.038585024219201076 56
1694436030098 0.07886404144806494 57
1694436030172 0.009545144853613408 58
1694436030253 0.006872240517377316 59
1694436030326 0.11579264280173636 60
1694436030400 0.21500920777045604 61
1694436030475 0.01830167990288928 62
1694436030546 0.05538853020689425 63
1694436030620 0.6743578765204985 64
1694436030694 0.05574870549259573 65
1694436030773 0.00026766526717442705 66
1694436030845 0.06916602485240143 67
1694436030919 0.0004817535643681436 68
1694436030992 0.17864376799665355 69
1694436031067 0.013229735183713683 70
1694436031140 0.0003584879890302764 71
1694436031216 0.0011592376976493441 72
1694436031288 0.08492128249754272 73
1694436031362 0.3393592839485716 74
1694436031436 0.4527491827003596 75
1694436031510 0.130842372223445 76
1694436031585 0.003696644865071494 77
1694436031665 0.007207530331954293 78
1694436031738 0.06647680898461684 79
1694436031812 0.2719661348840019 80
1694436031885 0.580396201231807 81
1694436031963 0.08234150962840905 82
1694436032038 0.05119110538943921 83
1694436032113 0.03459546964982823 84
1694436032186 0.19838402376907374 85
1694436032257 0.000529574653068924 86
1694436032331 0.14421494730730117 87
1694436032405 0.26208680748886315 88
1694436032481 1.005518870204136 89
1694436032553 0.2100178203556427 90
1694436032632 0.059047623851816756 91
1694436032707 0.007294953288619645 92
1694436032782 0.013029620125903607 93
1694436032855 0.04334380112915049 94
1694436032932 0.03574560564250471 95
1694436033005 0.013147817157213472 96
1694436033078 0.19021678708170658 97
1694436033150 0.14011268528437093 98
1694436033225 0.02931810419566274 99
1694436033301 0.4571235930714541 100
1694436033372 0.013018614425711374 101
1694436033445 0.008922765883685927 102
1694436033521 0.02201370500744998 103
1694436033598 0.004121492457232186 104
1694436033677 0.13657614713046787 105
1694436033754 0.041492970657784047 106
1694436033829 0.015721825463362708 107
1694436033905 0.028170151237818398 108
1694436033980 0.03575576945158239 109
1694436034055 0.014621740591472117 110
1694436034130 0.028279537113095485 111
1694436034205 0.0867445096710886 112
1694436034279 0.15092502784769815 113
1694436034352 0.0037792570836468566 114
1694436034428 0.071902246966367 115
1694436034504 0.013612295692690287 116
1694436034578 0.11905258210778279 117
1694436034652 0.02207708369287951 118
1694436034728 0.009301442981607675 119
1694436034804 0.002936436879886927 120
1694436034938 0.0343210082886648 121
1694436035075 0.09374970287400435 122
1694436035149 0.019905462134138536 123
1694436035229 0.0034521412429127647 124
1694436035328 1.7899667684041498e-05 125
1694436035423 0.015709104836584734 126
1694436035510 0.014305511442713434 127
1694436035647 0.0005410751433141304 128
1694436035785 0.007414478813180169 129
1694436035864 0.007004522585369479 130
1694436035952 0.016142009550038923 131
1694436036026 0.22242988547637063 132
1694436036102 0.009509951986414078 133
1694436036236 0.05528722658357416 134
1694436036313 0.046719055283956624 135
1694436036446 0.08181783999874673 136
1694436036584 0.037300430702222755 137
1694436036665 0.23718524998513366 138
1694436036756 0.0615019690370625 139
1694436036832 0.004253439931676038 140
1694436036915 0.0003287151422906732 141
1694436036998 0.07794820764176325 142
1694436037076 0.07525708575061614 143
1694436037212 0.24300474765084432 144
1694436037349 0.006617375884550723 145
1694436037432 0.18216122903361542 146
1694436037565 0.0024765978444882897 147
1694436037701 0.02102035590994408 148
1694436037837 0.45640656894859777 149
1694436037919 0.10522687073523447 150
1694436037996 0.00020189973845333867 151
1694436038072 0.015033738175309577 152
1694436038148 0.028780798143497748 153
1694436038221 0.00953328805016647 154
1694436038294 0.006880906113987539 155
1694436038370 0.12337178427174704 156
1694436038446 0.03269387058157668 157
1694436038517 0.0015097609177979446 158
1694436038593 0.00030011607074512846 159
1694436038669 0.17443613342730807 160
1694436038746 0.006549915938603707 161
1694436038818 0.0878077377255895 162
1694436038892 0.008254689014646693 163
1694436038988 0.012492765639007253 164
1694436039062 0.10509710200393797 165
1694436039135 2.9499883391122853e-05 166
1694436039209 0.0436354586460213 167
1694436039284 0.3162404741361059 168
1694436039358 0.18623828818245855 169
1694436039430 0.02607891336066443 170
1694436039504 0.0006201243022736767 171
1694436039594 0.4562015922112481 172
1694436039668 0.09031763367635298 173
1694436039744 0.07700038100877282 174
1694436039820 0.0056587375407661 175
1694436039902 0.23826252941922788 176
1694436039978 0.0010930305610204855 177
1694436040053 0.10625954837547613 178
1694436040127 0.00028144051063678745 179
1694436040199 0.29728822283422474 180
1694436040275 0.08948416802582916 181
1694436040350 0.0012228194841485153 182
1694436040423 0.14674262934193438 183
1694436040497 0.012696154741358129 184
1694436040572 0.004705494666463798 185
1694436040645 0.14383689586145013 186
1694436040722 0.07570888162877487 187
1694436040798 0.014860245835061594 188
1694436040871 0.03428213724473508 189
1694436040944 0.035325721538891894 190
1694436041018 0.07083455088445473 191
1694436041095 0.06897485470318934 192
1694436041168 0.06082962717289903 193
1694436041240 0.062386978015128824 194
1694436041314 0.0009513436008407393 195
1694436041395 0.0020692376130277044 196
1694436041467 0.020944145871306916 197
1694436041548 0.31756667903509667 198
1694436041622 0.06639986396210411 199
1694436041696 0.004310467764188065 200
1694436041772 0.0005817448837832329 201
1694436041845 0.011851312357771756 202
1694436041921 0.0031253353088980477 203
1694436041999 0.5521689242473232 204
1694436042074 0.06598409020472881 205
1694436042147 0.04566113105300917 206
1694436042219 0.19605072133339183 207
1694436042293 0.0251296572647542 208
1694436042368 0.04042971098425397 209
1694436042441 0.07747018354761483 210
1694436042515 2.6983054423475304e-05 211
1694436042590 0.03185689055359514 212
1694436042664 0.746020544216129 213
1694436042735 0.27380750997487435 214
1694436042810 0.0009280786749614546 215
1694436042883 0.018220656436117314 216
1694436042955 0.5298833029727738 217
1694436043031 0.053959064787904513 218
1694436043106 0.2231961255538013 219
1694436043181 0.007765717338454529 220
1694436043255 0.057940465218917575 221
1694436043329 0.0018324202831287062 222
1694436043404 0.001011872061172169 223
1694436043479 0.2049246459558141 224
1694436043551 0.005865619623509011 225
1694436043624 0.11732783670915269 226
1694436043699 0.024912290758763316 227
1694436043773 0.20153132649549366 228
1694436043848 0.0018824424929459274 229
1694436043922 0.06749793274028258 230
1694436043997 0.08315498282406247 231
1694436044071 0.057750122941033225 232
1694436044148 0.1509963767242653 233
1694436044223 0.6135953704105175 234
1694436044297 0.028391910933376816 235
1694436044370 0.007470738284400039 236
1694436044442 0.011968125546974457 237
1694436044516 0.0747561417605314 238
1694436044591 0.012008974391070532 239
1694436044664 0.415140041240624 240
1694436044739 0.08939722912158234 241
1694436044811 0.0024371724358616467 242
1694436044887 0.011494492815341742 243
1694436044960 0.01807117605373 244
1694436045040 0.005531090816377236 245
1694436045113 0.28213182504376355 246
1694436045187 0.031086926538341577 247
1694436045261 0.2979203611024024 248
1694436045334 0.10050070806938594 249
1694436045408 0.037621773771225296 250
1694436045482 0.12601738329092416 251
1694436045556 0.06526627225858922 252
1694436045631 0.5998446889948882 253
1694436045706 0.15674073347385736 254
1694436045780 0.10430354652124436 255
1694436045856 0.035435017246927526 256
1694436045929 0.05021048920336833 257
1694436046007 0.10644233003297486 258
1694436046081 0.03545075201822036 259
1694436046158 0.12653404270905566 260
1694436046233 0.16824604621589578 261
1694436046307 0.12216400000517919 262
1694436046380 0.3425875320883877 263
1694436046454 0.011492287513775705 264
1694436046529 0.0067812830058212314 265
1694436046603 0.010600231795962556 266
1694436046676 0.002403202609565531 267
1694436046754 0.06355760845182566 268
1694436046826 0.07687776089165799 269
1694436046900 0.3325609336785716 270
1694436046974 0.03675997483569709 271
1694436047050 0.0015502566390448401 272
1694436047125 0.03416270551287933 273
1694436047197 0.8968440558767259 274
1694436047271 0.005684249666887152 275
1694436047346 0.16085279939259772 276
1694436047420 0.00134915685285492 277
1694436047493 0.027919238936827722 278
1694436047567 0.1946927766262058 279
1694436047643 0.19542116514877014 280
1694436047720 0.005807759286921854 281
1694436047792 0.2469599308091502 282
1694436047864 0.08040190898147623 283
1694436047937 0.02031103328969351 284
1694436048012 0.00030611812452876005 285
1694436048084 0.03015193298238393 286
1694436048159 0.0013730793638104108 287
1694436048232 0.34124668871454167 288
1694436048304 0.36397314198738095 289
1694436048377 0.38723075077429814 290
1694436048456 0.09856009358057397 291
1694436048530 0.021322819158961878 292
1694436048602 0.000525031302079711 293
1694436048677 0.01068727453225845 294
1694436048748 0.07204623262537496 295
1694436048824 0.00013828474251777488 296
1694436048895 0.0007502895231347759 297
1694436048969 0.18032939516103694 298
1694436049044 0.01847874988999719 299
1694436049118 0.14628223662452655 300
1694436049189 0.0045407140539271 301
1694436049265 0.003896459231095867 302
1694436049341 0.043717028352499736 303
1694436049412 0.0614337783998397 304
1694436049487 0.07764714107358123 305
1694436049560 0.11673721404469385 306
1694436049634 0.2434925743221349 307
1694436049706 0.058861150970074584 308
1694436049780 0.16754072244732124 309
1694436049855 0.0014241295466093224 310
1694436049931 0.004770594943512352 311
1694436050010 0.0023592679083597433 312
1694436050081 0.9703765299819621 313
1694436050158 0.08490859027520681 314
1694436050233 2.3407408468879314e-05 315
1694436050306 0.1704875237252485 316
1694436050382 0.14695170696197643 317
1694436050456 0.03323552818624255 318
1694436050528 0.009888488364799122 319
1694436050602 0.000981800412217172 320
1694436050674 0.14400439934941694 321
1694436050749 0.04205543527844255 322
1694436050821 0.012240935853358713 323
1694436050897 0.016830768214378233 324
1694436050972 0.04350569764448914 325
1694436051057 0.00464415908007555 326
1694436051129 0.006329881296013407 327
1694436051204 0.0042309968433646575 328
1694436051280 0.2675423509692739 329
1694436051355 0.0008684422751630353 330
1694436051427 0.02363223035729495 331
1694436051502 0.13141409144781047 332
1694436051576 0.04913241866575928 333
1694436051650 0.005811184046436993 334
1694436051723 0.9391565498432809 335
1694436051797 0.3813250990593919 336
1694436051871 0.1459962352128153 337
1694436051947 0.20415108977263857 338
1694436052019 1.1201908415615955 339
1694436052093 0.0007172229520935038 340
1694436052179 0.22768858378693418 341
1694436052255 0.2389035752935257 342
1694436052327 0.02969040569978555 343
1694436052401 0.017556844809376818 344
1694436052477 3.270856081778825e-05 345
1694436052552 0.0005004775887786291 346
1694436052625 0.012891741400448995 347
1694436052700 0.01813182632397085 348
1694436052773 1.5596263352280464 349
1694436052846 0.001324706075459491 350
1694436052921 0.13516419307395722 351
1694436052995 0.025286171488382154 352
1694436053069 0.39251764246531096 353
1694436053142 0.46577293420019694 354
1694436053216 0.00906482760670429 355
1694436053293 0.09535890577644573 356
1694436053366 0.09770692927589322 357
1694436053439 0.044584378142699034 358
1694436053511 0.027118696635402603 359
1694436053585 0.0861359195865212 360
1694436053663 0.343988237194554 361
1694436053735 0.009168611661030586 362
1694436053808 0.0001229967717524997 363
1694436053882 0.00905581010709451 364
1694436053955 0.1523786139937799 365
1694436054033 0.00014427280698499419 366
1694436054107 0.02569686791826931 367
1694436054183 0.01485756376845992 368
1694436054254 0.017874289819815058 369
1694436054328 0.05569442389388059 370
1694436054403 0.005869023849301493 371
1694436054484 0.17122474645751043 372
1694436054558 0.0011529355233495424 373
1694436054630 0.7405644314207027 374
1694436054706 0.013529557017408867 375
1694436054781 0.05160944734500081 376
1694436054853 0.4134136809409666 377
1694436054927 0.022369408776287826 378
1694436055002 0.05880933062033883 379
1694436055079 0.03351946947194022 380
1694436055152 0.09440748836615241 381
1694436055226 0.08983805849510193 382
1694436055300 0.0006630851146388717 383
1694436055380 0.002619570212281157 384
1694436055452 0.013168809777426824 385
1694436055527 0.04916808300982557 386
1694436055602 1.1930355870151124 387
1694436055676 0.05179486649217428 388
1694436055750 0.008453028905046272 389
1694436055825 0.17870973938679482 390
1694436055896 0.057516405369293366 391
1694436055969 0.013138883038972836 392
1694436056042 0.008428915452318475 393
1694436056116 1.2263287939524847 394
1694436056197 0.07934517430574416 395
1694436056270 0.16760400467881412 396
1694436056343 0.022180413925511688 397
1694436056414 0.020979360912082978 398
1694436056486 0.0012226167411978147 399
1694436056559 0.025424411467054722 400
1694436056632 0.1396388419039382 401
1694436056707 0.08924711671166341 402
1694436056780 0.264580424239018 403
1694436056854 0.004006200071309053 404
1694436056928 0.40264431608935236 405
1694436057005 0.07262136080452189 406
1694436057079 0.004940165860351543 407
1694436057154 0.07263948955738816 408
1694436057227 0.27504807861140446 409
1694436057300 0.018848055278203133 410
1694436057372 0.0008631523689607282 411
1694436057447 0.06093365130940236 412
1694436057520 0.0803650534911722 413
1694436057594 0.16674351436687132 414
1694436057666 0.030127296777288926 415
1694436057740 0.0035482136859685807 416
1694436057814 0.006930262775321701 417
1694436057890 0.06887836989822851 418
1694436057966 0.00596747428045528 419
1694436058046 0.00725714089107551 420
1694436058120 2.505312706215177e-08 421
1694436058191 0.017849229358368305 422
1694436058265 0.07684482277198766 423
1694436058338 0.04517616447384825 424
1694436058412 0.18407104073017191 425
1694436058484 0.02152767129421592 426
1694436058559 0.018205435134669684 427
1694436058634 0.00013441576957057928 428
1694436058711 0.018627930268679076 429
1694436058787 0.3691860663695762 430
1694436058859 0.000988724329229698 431
1694436058934 0.04708880281873808 432
1694436059009 0.0034405569005642143 433
1694436059082 0.432597287042908 434
1694436059156 0.005499386558526662 435
1694436059229 0.5564719792405147 436
1694436059303 0.0012971496774467637 437
1694436059385 0.011321040520783894 438
1694436059458 0.14806460016605788 439
1694436059533 0.1268151133503825 440
1694436059607 0.027808416695214 441
1694436059682 0.8624248202754898 442
1694436059755 3.790619893285675e-05 443
1694436059830 0.06748049653585067 444
1694436059904 0.025507238476562253 445
1694436059977 0.26233274901365755 446
1694436060059 0.01623275680245802 447
1694436060137 0.00035858351677785694 448
1694436060211 0.03931513952816023 449
1694436060285 0.30370386867994636 450
1694436060357 0.00034724307922488626 451
1694436060432 0.08750561348719813 452
1694436060510 0.6749674810220766 453
1694436060583 0.04176273886198299 454
1694436060656 0.014983407818709445 455
1694436060732 0.15258110243203998 456
1694436060805 0.07913867192238629 457
1694436060880 0.04200706547639402 458
1694436060955 0.11016792529748927 459
1694436061030 0.09686967474949856 460
1694436061102 0.16181900531977383 461
1694436061176 0.0937502501311092 462
1694436061251 0.0053309081278652545 463
1694436061338 0.20272467454047188 464
1694436061412 8.831431278659335e-05 465
1694436061485 0.07791339299081049 466
1694436061557 0.010737370296533369 467
1694436061631 0.01574732454946281 468
1694436061703 0.013220009410990727 469
1694436061776 0.05572691717092549 470
1694436061848 0.02510391426973669 471
1694436061927 0.04478651484648303 472
1694436061999 0.004913167940394394 473
1694436062074 0.04387486074742683 474
1694436062149 0.30522300405483754 475
1694436062230 0.00045451386761787753 476
1694436062304 0.035908823231766585 477
1694436062378 0.37271117343427274 478
1694436062453 0.01874988495737289 479
1694436062525 0.5763969132072382 480
1694436062598 0.009923714074451032 481
1694436062674 0.04696891323674545 482
1694436062748 0.017426979738102567 483
1694436062821 0.02506339437078982 484
1694436062895 0.023870584222990234 485
1694436062970 0.33571604070487343 486
1694436063045 0.001771134646868816 487
1694436063121 0.07835789124128989 488
1694436063194 0.05664177183475968 489
1694436063268 0.05919924458973134 490
1694436063344 0.05386079168543057 491
1694436063415 0.976124053999452 492
1694436063490 0.8627897243510244 493
1694436063567 0.11395400017541304 494
1694436063642 0.05047621628843996 495
1694436063715 0.0158599085950922 496
1694436063789 0.0003713871582243835 497
1694436063864 0.024834457377555602 498
1694436063942 0.0803542015690953 499
