1694430099498 0.2994102384760358 0
1694430099564 0.33200243883444525 1
1694430099631 0.3378704425607066 2
1694430099700 0.031229266508451727 3
1694430099766 0.000281033857544765 4
1694430099832 0.5306315461099842 5
1694430099900 0.29925202867765466 6
1694430099968 0.18397809831844728 7
1694430100035 0.5691601001423557 8
1694430100100 0.3995482313142435 9
1694430100167 0.01364058330460199 10
1694430100232 0.17223407996332057 11
1694430100300 0.008367759711482242 12
1694430100367 0.05748855652392437 13
1694430100431 0.30323878689619377 14
1694430100498 0.45489933724515796 15
1694430100566 0.0841014214853987 16
1694430100635 0.20513685325814376 17
1694430100710 0.13351338951175482 18
1694430100775 0.28424191821762745 19
1694430100843 0.3248469507631548 20
1694430100908 0.27595755061253097 21
1694430100974 0.20957617379601962 22
1694430101040 0.6886587694519855 23
1694430101107 0.2281610895076553 24
1694430101174 0.5860251089700605 25
1694430101240 0.09752474716490576 26
1694430101306 0.29767864633584235 27
1694430101372 0.23865698434010982 28
1694430101441 0.41681483683680237 29
1694430101507 0.01577331431384917 30
1694430101573 0.024030841752767602 31
1694430101640 0.3521823294968102 32
1694430101707 0.022845747471440418 33
1694430101773 0.8664755604483836 34
1694430101839 0.35457147257929594 35
1694430101904 0.6418944922403153 36
1694430101972 1.355883452822273 37
1694430102038 0.3600027244483425 38
1694430102104 0.10731677982174717 39
1694430102169 0.0860576446615083 40
1694430102236 0.1684795271034413 41
1694430102301 0.2002149530093256 42
1694430102368 0.48080697679631795 43
1694430102435 0.5940202291659401 44
1694430102500 0.5350772292565146 45
1694430102566 0.007333910753482659 46
1694430102634 0.048844880873716315 47
1694430102700 0.18984776872249334 48
1694430102766 0.3550872423471678 49
1694430102833 0.010076237989029294 50
1694430102899 0.45457048683868 51
1694430102964 0.3738546594323814 52
1694430103031 0.5161132738641981 53
1694430103099 0.5049444337416845 54
1694430103165 0.1253451510413451 55
1694430103232 0.695118861186317 56
1694430103298 0.004619687947302145 57
1694430103364 0.23910520966554097 58
1694430103430 0.09377261758442376 59
1694430103496 0.13149476582066832 60
1694430103562 0.33371583983652336 61
1694430103629 0.27794650630733353 62
1694430103695 0.4476355926021375 63
1694430103762 0.06799616987149266 64
1694430103829 0.6133733332506998 65
1694430103895 0.37018996274774346 66
1694430103962 0.31562460926287567 67
1694430104028 0.5124515236903584 68
1694430104095 0.4165374935145971 69
1694430104160 0.04215466825794097 70
1694430104226 0.2000255479783607 71
1694430104292 0.17010275544859618 72
1694430104359 0.10291969219437519 73
1694430104424 0.7025995106211324 74
1694430104490 0.4736730466451948 75
1694430104557 0.2104439878637026 76
1694430104623 0.08154430069070442 77
1694430104689 0.47567053398240805 78
1694430104756 0.5058295181025939 79
1694430104823 1.390791835327613 80
1694430104887 0.32266844857558674 81
1694430104954 0.07426192312204873 82
1694430105021 0.26754896792858346 83
1694430105086 0.16710553898675065 84
1694430105154 0.01610073381944483 85
1694430105219 0.12178449187186909 86
1694430105285 0.13358010346235358 87
1694430105350 0.013953144006072938 88
1694430105416 2.129837167597589 89
1694430105483 0.23889732258723909 90
1694430105550 0.523134472503277 91
1694430105616 0.25046758314835416 92
1694430105682 0.13572719779401626 93
1694430105749 0.4953083726240384 94
1694430105814 0.5555617049186249 95
1694430105881 0.10089650865089 96
1694430105947 0.4283995344804674 97
1694430106013 0.2613411049345757 98
1694430106079 0.044104366394845 99
1694430106147 0.20390208190288248 100
1694430106212 0.6504102112679127 101
1694430106278 0.39788400701781557 102
1694430106344 0.09028156964091293 103
1694430106409 0.22981695596637375 104
1694430106476 0.4246390660935447 105
1694430106541 0.5287002335603359 106
1694430106607 0.017227740725798503 107
1694430106673 0.04151954003140606 108
1694430106740 0.03140168711142672 109
1694430106805 0.378272454230599 110
1694430106871 0.2557108800306948 111
1694430106937 0.4155880573350124 112
1694430107003 0.05838989746747581 113
1694430107070 0.8445552265656128 114
1694430107136 0.15429795994354004 115
1694430107203 0.43657367612746856 116
1694430107275 0.2565457864244537 117
1694430107343 2.832907668310962 118
1694430107408 0.46079331825194303 119
1694430107474 0.02280500389846386 120
1694430107540 0.3304066846300133 121
1694430107606 0.6787816513873617 122
1694430107673 0.9877408367897865 123
1694430107740 0.21016575795685385 124
1694430107806 0.09031999152180466 125
1694430107873 0.0025482149088298283 126
1694430107938 1.669543908554641 127
1694430108004 0.08257511011854875 128
1694430108071 0.010173198212518005 129
1694430108138 0.04213547781131441 130
1694430108204 0.22957910425982422 131
1694430108271 0.2912628395198166 132
1694430108336 0.1274330824743485 133
1694430108403 0.01248252175515119 134
1694430108468 0.024786472289681817 135
1694430108534 0.2700460506066453 136
1694430108601 0.0020678505860422538 137
1694430108668 0.2671772999842835 138
1694430108733 0.5903360233662219 139
1694430108799 0.10355146011800002 140
1694430108865 0.12964074697798764 141
1694430108932 0.2908525443395111 142
1694430108999 0.24459584581593957 143
1694430109065 0.5859417302701093 144
1694430109133 0.1790668986012115 145
1694430109198 0.15687896750350777 146
1694430109265 0.11536767092765364 147
1694430109330 0.2602603984380523 148
1694430109397 0.27745758392056735 149
1694430109463 0.10598064058546514 150
1694430109528 0.05071570570733492 151
1694430109594 0.9970195378254155 152
1694430109660 0.3100318178876971 153
1694430109726 0.13365621427363739 154
1694430109796 0.12270688348160066 155
1694430109867 0.8404615950123056 156
1694430109933 0.09793973380611197 157
1694430109999 0.2504478482661511 158
1694430110065 0.11910339718722145 159
1694430110132 0.011796072969647124 160
1694430110199 0.23318091949213254 161
1694430110264 0.09382356463070503 162
1694430110330 0.16026108378921375 163
1694430110397 0.15539365771220492 164
1694430110462 0.49545800798689243 165
1694430110528 0.10038979234435894 166
1694430110594 0.45917899719092514 167
1694430110670 0.2516094715096052 168
1694430110738 0.8064259956120803 169
1694430110804 0.34960166720835395 170
1694430110869 0.27779594927541207 171
1694430110936 0.10558613614530357 172
1694430111003 0.46864454761079366 173
1694430111069 0.5981052104481938 174
1694430111134 0.3618194682600295 175
1694430111201 0.18605844037002514 176
1694430111268 0.33296911960793785 177
1694430111333 0.09082818795611626 178
1694430111399 0.3741146687262067 179
1694430111465 0.023251788941203944 180
1694430111531 0.028319937263324654 181
1694430111597 0.2948106974664746 182
1694430111665 0.9039474261971501 183
1694430111730 0.06393505901056122 184
1694430111797 0.6380813564781943 185
1694430111862 0.6042833298963808 186
1694430111929 0.20313084733611722 187
1694430111994 0.5017098368419873 188
1694430112060 0.3737688463268068 189
1694430112126 0.1886517221003303 190
1694430112193 0.3598916130201294 191
1694430112259 0.049985946623096994 192
1694430112325 0.3401943724867596 193
1694430112391 0.6799676186779162 194
1694430112456 0.0003413178805278948 195
1694430112523 1.0013805606376185 196
1694430112588 0.19143141403845368 197
1694430112656 0.0043701949554616065 198
1694430112722 0.40908634353734996 199
1694430112788 0.1952792280718775 200
1694430112853 0.5640004251247621 201
1694430112920 0.41915330309378074 202
1694430112988 0.49113564134090354 203
1694430113053 0.610280618725336 204
1694430113120 0.33428078267389294 205
1694430113186 0.017267710871125167 206
1694430113254 0.12174664262834017 207
1694430113320 0.5574092608407353 208
1694430113387 0.604545852585327 209
1694430113455 0.31879911086242 210
1694430113522 0.0904648195614632 211
1694430113589 0.10015900921141271 212
1694430113656 1.991478407055982 213
1694430113722 0.2051301601948732 214
1694430113789 0.41817049764223824 215
1694430113855 0.28087754636669837 216
1694430113920 0.16018692277662203 217
1694430113988 0.20547992141646138 218
1694430114054 0.2800662018288819 219
1694430114120 0.004329949870057949 220
1694430114187 0.29457066642715407 221
1694430114252 0.11515495032373944 222
1694430114319 1.933639654222906 223
1694430114385 0.13898707038478483 224
1694430114452 0.05346089083996207 225
1694430114517 0.1702440911262092 226
1694430114584 0.08507541732375205 227
1694430114649 0.39006560298968534 228
1694430114715 0.4703150072380364 229
1694430114781 0.7498910733410894 230
1694430114847 1.0498550324198088 231
1694430114913 0.12273282099787299 232
1694430114980 0.5658527969044905 233
1694430115045 0.39874777090257013 234
1694430115112 0.0808970213308698 235
1694430115178 0.16742092185768911 236
1694430115243 0.17180533478703325 237
1694430115310 0.31111168911350395 238
1694430115375 0.06145849035262869 239
1694430115441 1.1306053007897423 240
1694430115507 0.5708404598089539 241
1694430115571 0.7893352448278066 242
1694430115639 0.12014010159720025 243
1694430115704 0.5469893831537488 244
1694430115772 0.39520823280239853 245
1694430115839 0.3190869271715466 246
1694430115905 0.44937003524612085 247
1694430115970 0.8518904874288438 248
1694430116037 0.15895788972186142 249
1694430116104 0.015231455930344907 250
1694430116172 0.07963475788203836 251
1694430116238 0.12329861956195427 252
1694430116305 0.3230118416222073 253
1694430116370 0.14950162743102893 254
1694430116436 0.6640780167265775 255
1694430116502 0.3748355018343172 256
1694430116568 0.08806237445874486 257
1694430116636 0.2618345021985598 258
1694430116703 0.04862692760311942 259
1694430116769 0.1670262845731878 260
1694430116835 0.35972328300803913 261
1694430116901 0.07988748991525706 262
1694430116965 0.42846459080488586 263
1694430117032 0.007687653378295131 264
1694430117098 0.2978824515958525 265
1694430117164 0.5030681356524657 266
1694430117231 0.09424848660561869 267
1694430117296 0.3696352595678804 268
1694430117363 0.11274044620677297 269
1694430117431 0.22384179692723258 270
1694430117498 0.060582931465411674 271
1694430117565 0.3488119478065482 272
1694430117633 0.2661539694048612 273
1694430117700 0.2086071583978149 274
1694430117766 0.12758181117141518 275
1694430117833 0.6576820274564763 276
1694430117900 0.580984969526222 277
1694430117966 0.06378258511257931 278
1694430118032 0.012735492221081678 279
1694430118098 0.4343598497828839 280
1694430118165 0.01106885819084806 281
1694430118231 0.1422427508208951 282
1694430118297 0.4730361945470603 283
1694430118364 0.02217584470597054 284
1694430118431 0.012265603525442882 285
1694430118496 0.33657781758870847 286
1694430118562 0.1370340703463413 287
1694430118628 0.0717366395973231 288
1694430118694 0.02234737119405067 289
1694430118762 0.06605432789413566 290
1694430118828 0.49907405269811783 291
1694430118894 0.4324851910150547 292
1694430118960 0.06990033434891249 293
1694430119026 0.05096804490133765 294
1694430119092 0.1977126336467827 295
1694430119158 0.0003703369201225909 296
1694430119224 0.052584520179738865 297
1694430119291 0.5027064736939183 298
1694430119357 0.5155124226593759 299
1694430119423 0.014164323137404672 300
1694430119489 0.38712665194527957 301
1694430119555 0.015163229863372518 302
1694430119620 0.782042290868975 303
1694430119687 0.8421340937850578 304
1694430119753 0.48991116747141283 305
1694430119818 0.4689055460815478 306
1694430119885 0.009542378934882812 307
1694430119950 0.33992159290937657 308
1694430120016 0.34761046934358286 309
1694430120083 0.3738703029959465 310
1694430120149 0.043870305512357204 311
1694430120215 0.29237002036948084 312
1694430120282 0.15447847337389384 313
1694430120348 0.2646597026311217 314
1694430120414 0.3768769557510429 315
1694430120480 0.013139456823132221 316
1694430120547 0.10797291495568437 317
1694430120613 0.29441217691634713 318
1694430120679 0.1648676371691586 319
1694430120744 0.6591221451732429 320
1694430120811 0.008134142308041764 321
1694430120880 0.25692444418089755 322
1694430120947 0.13533092499272037 323
1694430121013 0.6616629311205603 324
1694430121080 0.3302134762620085 325
1694430121146 0.14701680572728976 326
1694430121212 0.2890809315207788 327
1694430121278 0.17243500786620972 328
1694430121345 0.08672613089615874 329
1694430121411 0.2868460532636151 330
1694430121478 0.2844002418512233 331
1694430121544 0.3064272970803588 332
1694430121610 0.4369115587903316 333
1694430121676 0.18728060326745627 334
1694430121745 0.5422088724114433 335
1694430121812 1.747518597848166 336
1694430121878 0.1377602428242389 337
1694430121945 0.34849087751228147 338
1694430122010 0.3612883322819372 339
1694430122076 0.21797853343720486 340
1694430122142 0.6588892285101478 341
1694430122208 0.007544349567510476 342
1694430122274 0.04619832127169362 343
1694430122339 0.4791536088844899 344
1694430122406 0.35504624054022177 345
1694430122472 0.07491753517843755 346
1694430122537 0.0028664721906031822 347
1694430122605 0.5711853191779764 348
1694430122670 0.35605965425609937 349
1694430122737 0.36934300621591165 350
1694430122802 0.20664024686936713 351
1694430122868 0.16822733509535917 352
1694430122933 0.27545789325373826 353
1694430123001 0.05935366303461544 354
1694430123067 0.08671972870284318 355
1694430123134 0.16734894156286437 356
1694430123200 0.3666824972452377 357
1694430123266 0.03203330994228085 358
1694430123331 1.023639703648273 359
1694430123398 0.04120705815268657 360
1694430123464 0.07992985008821737 361
1694430123531 0.4201280073087712 362
1694430123597 0.25623385542698746 363
1694430123663 0.3085325686859588 364
1694430123729 1.6805880791909398 365
1694430123796 0.37480272212200233 366
1694430123862 0.13100278222157788 367
1694430123929 0.3411612196245539 368
1694430123994 0.5782485929972214 369
1694430124060 0.19751701600227523 370
1694430124124 0.4845974428353044 371
1694430124191 0.3326082088022538 372
1694430124259 0.2354203876370882 373
1694430124326 0.1894167767836064 374
1694430124393 0.0018460829207298667 375
1694430124459 0.3831879089518255 376
1694430124524 0.36394721510100725 377
1694430124591 0.6936834398179094 378
1694430124656 0.2026821399774232 379
1694430124723 0.2443653604865326 380
1694430124789 0.17160015583629595 381
1694430124856 0.12363737245695318 382
1694430124921 0.3440361321720086 383
1694430124987 0.12767576529436414 384
1694430125053 0.4040605029816443 385
1694430125122 0.0017155499400219772 386
1694430125188 0.2927054953495554 387
1694430125255 0.06976417823322112 388
1694430125321 1.4233261487479294 389
1694430125388 0.0007313057542161052 390
1694430125453 0.017021875514971002 391
1694430125519 0.16427852908380702 392
1694430125586 0.045890464093761685 393
1694430125653 0.05443659511742485 394
1694430125719 0.25320535388622073 395
1694430125785 0.4279240006110164 396
1694430125851 0.43335335326787217 397
1694430125917 0.08101396757676209 398
1694430125985 0.6197925121729926 399
1694430126051 0.0007786406902082494 400
1694430126117 0.932919882496887 401
1694430126184 0.03201629709700785 402
1694430126249 0.5039159403588475 403
1694430126315 0.15146874275508654 404
1694430126381 1.616729912796719 405
1694430126447 0.04361131820184223 406
1694430126512 0.5050798674345031 407
1694430126578 0.33720763350630784 408
1694430126644 0.2845323892954441 409
1694430126708 0.3536223499150148 410
1694430126774 0.015541981408352197 411
1694430126840 1.5713935493725804 412
1694430126906 0.47472823222634125 413
1694430126973 0.33286316737022764 414
1694430127039 0.13061350708229896 415
1694430127105 0.254878526776205 416
1694430127170 0.33460716540405605 417
1694430127236 0.00036272552390085254 418
1694430127302 0.40852704289093317 419
1694430127368 0.01060135731888098 420
1694430127434 0.3439316375110131 421
1694430127501 0.32618061139709903 422
1694430127566 0.4385850241358939 423
1694430127632 0.11486207495746395 424
1694430127699 0.02218633283568485 425
1694430127767 0.32318245430394527 426
1694430127832 0.3541185987835476 427
1694430127898 0.5502490005059232 428
1694430127964 2.1978161929714488e-06 429
1694430128029 0.2607833593918072 430
1694430128095 0.6420933346889565 431
1694430128161 0.2606379164094653 432
1694430128229 0.006180494108873049 433
1694430128296 0.30011674130910443 434
1694430128361 0.04625925591264687 435
1694430128427 0.24798095173603493 436
1694430128493 0.09732047786231945 437
1694430128559 0.44887892257036527 438
1694430128626 0.582840277733784 439
1694430128691 0.9326874366361542 440
1694430128757 0.2215532511080766 441
1694430128823 0.020409334261771883 442
1694430128889 0.1373295758407538 443
1694430128955 0.18937333007648238 444
1694430129021 0.33346954534078554 445
1694430129087 0.43175154150002626 446
1694430129154 0.3443850843972021 447
1694430129228 0.00015421363759282047 448
1694430129293 0.040097238912640346 449
1694430129362 3.923872843331255e-05 450
1694430129428 0.1291610068735407 451
1694430129538 0.032017622979128094 452
1694430129604 0.4317840961156749 453
1694430129670 0.33109124370997783 454
1694430129736 0.14343193457962058 455
1694430129803 0.00029108042772418017 456
1694430129869 1.3336529362557796 457
1694430129935 0.4378761112044036 458
1694430130001 0.14956444544988806 459
1694430130066 0.15676537693282738 460
1694430130133 0.02680983776844848 461
1694430130199 0.6258707312908598 462
1694430130265 0.08545679019338828 463
1694430130331 2.200379234118949 464
1694430130397 0.4251979404146273 465
1694430130464 0.5697449530572426 466
1694430130529 0.26564091163436837 467
1694430130595 0.16786873256034934 468
1694430130662 0.13681827795768886 469
1694430130728 0.007086800892269911 470
1694430130793 0.28883783270624236 471
1694430130858 0.16414651032513547 472
1694430130924 0.5719478811784611 473
1694430130989 0.11370455242150794 474
1694430131055 0.48982083050079195 475
1694430131122 0.009581694577774894 476
1694430131189 0.17625996462099114 477
1694430131255 0.2339164334858618 478
1694430131321 0.10384677294121843 479
1694430131387 0.2522017709757492 480
1694430131453 0.09120456705589662 481
1694430131519 0.34691780676764133 482
1694430131584 0.06880198338623363 483
1694430131650 0.3688527636054498 484
1694430131720 0.15359080037969822 485
1694430131786 0.20105030426681245 486
1694430131852 0.3906267520985858 487
1694430131919 0.0011785941175198149 488
1694430131986 0.23310390620153812 489
1694430132052 0.28895383891868065 490
1694430132119 0.2519115873717879 491
1694430132184 0.16354484984735349 492
1694430132251 0.362025561011805 493
1694430132318 0.060483539505018925 494
1694430132383 0.4726277790822038 495
1694430132449 0.10196245341487352 496
1694430132514 0.0036536221968068504 497
1694430132581 0.8477907977770404 498
1694430132646 0.08154239743158258 499
