1694436723931 154.69991812155595 0
1694436723950 162.48189642133255 1
1694436723970 155.6650177428607 2
1694436723987 157.2537306819079 3
1694436724005 160.2010160758644 4
1694436724022 153.63898316637483 5
1694436724041 158.13232465480561 6
1694436724060 151.42382385839386 7
1694436724081 149.69312377665287 8
1694436724098 148.00536295623394 9
1694436724118 158.5981221460835 10
1694436724139 145.18844231092405 11
1694436724157 140.49505268628437 12
1694436724174 139.59309701916487 13
1694436724191 139.24704887920208 14
1694436724208 132.62059059559445 15
1694436724236 131.02588214506557 16
1694436724260 137.6510918012602 17
1694436724283 136.87535218044388 18
1694436724305 127.92375675441535 19
1694436724330 119.54564081267426 20
1694436724355 129.00861790079713 21
1694436724381 123.01739844775724 22
1694436724404 130.45920151300962 23
1694436724423 119.78781488527468 24
1694436724443 114.54914339423378 25
1694436724461 117.92391015458962 26
1694436724481 115.56779591094107 27
1694436724501 113.39728990301803 28
1694436724520 116.4013087288577 29
1694436724541 120.48246332056503 30
1694436724558 113.28536319098147 31
1694436724575 108.25605003867634 32
1694436724592 105.54994552501293 33
1694436724610 110.27067294268659 34
1694436724628 102.81318735854849 35
1694436724648 106.32814315369205 36
1694436724665 103.15566092915212 37
1694436724684 97.97913610971248 38
1694436724702 100.17107230869682 39
1694436724720 98.21220149873841 40
1694436724740 94.9616461785444 41
1694436724757 94.46942129954849 42
1694436724774 92.11267957916489 43
1694436724792 92.73924348368449 44
1694436724810 94.71183114169153 45
1694436724828 90.93876502516808 46
1694436724847 89.2258796404752 47
1694436724866 90.26730974624067 48
1694436724887 86.94696882457758 49
1694436724904 88.16922087300266 50
1694436724923 83.44676028783893 51
1694436724942 83.73236066966179 52
1694436724960 84.13110321682919 53
1694436724978 81.07840271513066 54
1694436724997 79.8717275520256 55
1694436725017 74.48110135727383 56
1694436725038 83.52119679814082 57
1694436725060 76.13386798109457 58
1694436725085 81.79400725399294 59
1694436725107 73.74290177626834 60
1694436725125 71.06618976943362 61
1694436725145 75.90039092849563 62
1694436725163 73.40533339557211 63
1694436725180 70.49831117065055 64
1694436725198 75.46362527168624 65
1694436725215 67.6881464464455 66
1694436725234 67.57643986910355 67
1694436725252 67.68574000953622 68
1694436725270 66.45288603113474 69
1694436725287 67.71656169360872 70
1694436725305 66.04675425029053 71
1694436725324 68.0541541262236 72
1694436725343 63.517190840170215 73
1694436725360 64.67081753733721 74
1694436725378 65.70067268894958 75
1694436725395 62.987451198188374 76
1694436725418 62.01364278442153 77
1694436725440 60.36307084920133 78
1694436725460 57.00589702568815 79
1694436725479 60.49147551958037 80
1694436725497 56.021968255514494 81
1694436725514 58.163984996911495 82
1694436725533 54.918046002123056 83
1694436725551 56.94494772842676 84
1694436725569 54.57177367840196 85
1694436725586 53.475472977209336 86
1694436725604 51.95219305465561 87
1694436725621 52.674912517102314 88
1694436725640 52.74706392296166 89
1694436725660 51.99630298142325 90
1694436725677 54.98601123081444 91
1694436725694 49.231901550760355 92
1694436725713 49.23545166380803 93
1694436725731 50.003483774519225 94
1694436725751 48.20400535365331 95
1694436725768 49.723376939087565 96
1694436725786 46.99331530794399 97
1694436725803 43.30355522004457 98
1694436725821 45.48229126624039 99
1694436725839 46.36647032647606 100
1694436725857 42.769371502080496 101
1694436725874 42.18444014685648 102
1694436725892 41.8486477982915 103
1694436725911 39.74111134409831 104
1694436725935 43.060101450537545 105
1694436725958 41.98293278249196 106
1694436725975 41.16283658959005 107
1694436725992 41.81149793189202 108
1694436726010 39.38302477409415 109
1694436726028 39.219978802183654 110
1694436726047 39.88931116041441 111
1694436726067 36.47870525161115 112
1694436726084 37.70744764883143 113
1694436726102 35.92315835966237 114
1694436726120 37.64152813696431 115
1694436726137 34.50346238891034 116
1694436726158 35.509634159028586 117
1694436726175 36.4634930767039 118
1694436726193 33.675035268992566 119
1694436726210 35.65595155954398 120
1694436726228 32.11789007953374 121
1694436726246 34.73017596814115 122
1694436726264 34.62894777660064 123
1694436726281 32.25485595277698 124
1694436726298 33.45506870231605 125
1694436726315 33.341320913742585 126
1694436726332 29.249347229472416 127
1694436726351 30.30243355361858 128
1694436726370 31.203786278526913 129
1694436726387 29.738213753347225 130
1694436726404 29.306536603646872 131
1694436726426 28.215578084974563 132
1694436726445 29.337059454891005 133
1694436726464 27.920532170477625 134
1694436726482 29.290245884925884 135
1694436726499 25.69559358478752 136
1694436726518 27.345921813693995 137
1694436726536 26.657569023824546 138
1694436726556 27.9605787654066 139
1694436726574 27.65513331999669 140
1694436726593 25.706466488573 141
1694436726614 26.841986252059257 142
1694436726634 25.639471585933762 143
1694436726654 26.23388193139512 144
1694436726672 24.002106079324783 145
1694436726690 23.94265716875214 146
1694436726708 24.14508059231319 147
1694436726726 23.9622383833234 148
1694436726745 22.34552351046229 149
1694436726764 21.670084672315618 150
1694436726782 21.52373190588586 151
1694436726799 22.894697388660628 152
1694436726817 21.51794285967851 153
1694436726834 23.377638350139215 154
1694436726853 22.568250183189303 155
1694436726872 22.39011064203336 156
1694436726889 21.106980462173706 157
1694436726907 19.921623053337335 158
1694436726924 22.451685072559673 159
1694436726941 19.671765509849088 160
1694436726959 20.89573777803358 161
1694436726978 19.116952411615618 162
1694436726995 20.200353271105765 163
1694436727013 18.800927517901822 164
1694436727030 19.08613424112385 165
1694436727049 19.288370289767546 166
1694436727068 18.220076266292224 167
1694436727086 18.72895733719007 168
1694436727103 17.375282283223687 169
1694436727121 19.465089370146245 170
1694436727139 16.36743208564908 171
1694436727159 17.304664468744967 172
1694436727181 16.793381279333804 173
1694436727207 17.750920962369907 174
1694436727225 15.626693139949655 175
1694436727242 16.502258761902095 176
1694436727263 16.745306521483254 177
1694436727280 14.573483893838347 178
1694436727298 15.54066295021614 179
1694436727316 15.909351099559185 180
1694436727333 15.741615846189243 181
1694436727350 14.880165953692105 182
1694436727369 16.437110115319705 183
1694436727386 14.838927831103012 184
1694436727403 14.402273913700276 185
1694436727421 14.627735804475043 186
1694436727439 14.447825133198771 187
1694436727459 14.26208912642751 188
1694436727477 15.054736096444575 189
1694436727494 14.834200052679284 190
1694436727512 12.916501212967876 191
1694436727530 13.166132826375518 192
1694436727548 13.212015707178443 193
1694436727566 12.499309281013874 194
1694436727584 13.506335321624933 195
1694436727602 13.611603782957257 196
1694436727619 12.633239488055304 197
1694436727637 12.452805979940322 198
1694436727656 12.763673903485168 199
1694436727676 12.100029021703596 200
1694436727694 11.358634447949845 201
1694436727712 11.202749411277853 202
1694436727729 10.745301129509313 203
1694436727746 10.440743030294302 204
1694436727766 11.809139528964199 205
1694436727785 10.295127802705219 206
1694436727803 10.825197705194777 207
1694436727825 11.158818623535149 208
1694436727846 10.387388014589458 209
1694436727865 10.396119786764716 210
1694436727883 10.49351032602466 211
1694436727900 10.149113684123746 212
1694436727917 9.034503164481638 213
1694436727935 10.319520772572451 214
1694436727953 9.144201781382113 215
1694436727975 10.997223602141972 216
1694436727993 9.841837728786961 217
1694436728010 9.89232027165547 218
1694436728029 8.93655470610211 219
1694436728046 8.947032864663845 220
1694436728066 9.131031501627934 221
1694436728085 9.450453825726154 222
1694436728102 9.714841094169856 223
1694436728120 9.9244309388148 224
1694436728137 8.14430512922726 225
1694436728155 8.421148687669609 226
1694436728176 8.619903122651454 227
1694436728194 8.4738323823957 228
1694436728211 7.78462686675662 229
1694436728230 8.443463233978596 230
1694436728248 8.753827794279626 231
1694436728267 7.884300209108038 232
1694436728285 7.65623269532083 233
1694436728304 8.314353617121792 234
1694436728321 7.933891597649686 235
1694436728338 7.762270871671183 236
1694436728354 7.216504704308952 237
1694436728373 7.450644729844352 238
1694436728392 7.755485591165637 239
1694436728412 6.674137116228672 240
1694436728434 7.631212483586123 241
1694436728454 7.520735841673721 242
1694436728473 7.4408186872433815 243
1694436728491 7.3566266342349325 244
1694436728508 6.6097495461239175 245
1694436728526 7.422561878150121 246
1694436728546 6.679538824552722 247
1694436728563 6.89307990596214 248
1694436728582 6.166178501865183 249
1694436728600 6.494822330302904 250
1694436728618 5.842866217133582 251
1694436728635 6.274604941644226 252
1694436728655 6.311139426746301 253
1694436728672 6.577513655593182 254
1694436728691 5.773432252093114 255
1694436728708 6.23083015799202 256
1694436728728 5.807807885825251 257
1694436728747 6.041136514619837 258
1694436728766 5.677743406264146 259
1694436728785 5.112569603712814 260
1694436728803 6.132593147767084 261
1694436728821 5.929815429670589 262
1694436728838 5.312313045344546 263
1694436728855 5.454568515412663 264
1694436728875 5.5092911294778215 265
1694436728894 5.014613110911066 266
1694436728910 5.248665687567128 267
1694436728928 4.63355871544577 268
1694436728946 5.787631233873882 269
1694436728963 5.306850136978595 270
1694436728984 5.039859342507805 271
1694436729003 4.703594351345328 272
1694436729026 4.491193374979973 273
1694436729048 4.932488248842721 274
1694436729071 4.394526207659922 275
1694436729091 4.186262773897744 276
1694436729108 4.4457063810313295 277
1694436729126 6.036589769186006 278
1694436729143 4.189136729790326 279
1694436729161 3.869358617956579 280
1694436729179 4.379762423649376 281
1694436729198 5.0621883581133025 282
1694436729216 3.737868111810369 283
1694436729233 4.576561087297547 284
1694436729251 4.045648368442395 285
1694436729269 3.761108707751305 286
1694436729287 4.172676313750491 287
1694436729305 3.6173044632418057 288
1694436729322 3.9019878753301027 289
1694436729340 3.514349566148431 290
1694436729357 3.8968749558284963 291
1694436729375 3.715592820701052 292
1694436729393 3.622045919557753 293
1694436729410 3.85008521779706 294
1694436729428 3.151089995486017 295
1694436729446 3.2937112704708276 296
1694436729464 3.3487157080786654 297
1694436729484 3.0748698979295987 298
1694436729505 3.4381040228041857 299
1694436729532 3.6041744454719375 300
1694436729554 3.1622204817467976 301
1694436729572 3.8420590638776173 302
1694436729592 3.450472346938973 303
1694436729609 3.388610775261562 304
1694436729632 2.7412998224962344 305
1694436729653 2.9012249802353467 306
1694436729671 2.9266672925735877 307
1694436729690 3.325244320511065 308
1694436729708 2.941534300511228 309
1694436729726 3.1546887869909552 310
1694436729743 2.926896260177819 311
1694436729761 2.5602592899278434 312
1694436729778 2.8569638759258495 313
1694436729800 2.5289751645790255 314
1694436729825 2.956847696414166 315
1694436729846 2.8565217613437044 316
1694436729870 2.3897013247837537 317
1694436729893 2.2634719634600486 318
1694436729918 2.807498168419464 319
1694436729941 2.3793337316240586 320
1694436729962 2.688689060674599 321
1694436729980 2.928812072722962 322
1694436730000 1.9775869871345093 323
1694436730018 3.743412264675837 324
1694436730036 2.411343449067225 325
1694436730054 2.334744631485914 326
1694436730072 2.15765505712262 327
1694436730091 2.0369218058147878 328
1694436730109 2.222236368559295 329
1694436730126 2.5430655198462317 330
1694436730143 1.9962515924440385 331
1694436730161 2.3924295662804673 332
1694436730179 2.126735703838033 333
1694436730199 2.2574788393647625 334
1694436730216 1.7279793623038544 335
1694436730233 2.3117201370482263 336
1694436730254 2.5943258948336365 337
1694436730275 2.399866073184282 338
1694436730295 1.93116175352963 339
1694436730314 1.9669168943490842 340
1694436730331 1.1955096249184927 341
1694436730349 2.0041262514321256 342
1694436730366 1.8315919432398715 343
1694436730383 1.8710122516588998 344
1694436730403 1.884312602324556 345
1694436730421 1.858961059876075 346
1694436730439 1.8469068633128403 347
1694436730456 1.9116676584853936 348
1694436730474 1.753243313959842 349
1694436730494 1.9275945449435328 350
1694436730512 1.9518002689108722 351
1694436730530 1.6259047439966305 352
1694436730548 1.6021706940811205 353
1694436730566 2.266597143932939 354
1694436730583 1.669533138145413 355
1694436730602 1.3944756002450756 356
1694436730621 1.7395768239362375 357
1694436730643 1.286346183275563 358
1694436730662 1.6917527317873706 359
1694436730679 1.3739547328208022 360
1694436730699 1.5519202787659143 361
1694436730717 1.9859489468044937 362
1694436730735 1.318520706719244 363
1694436730753 1.232106336022739 364
1694436730771 1.4139055959034825 365
1694436730789 1.3795574037829792 366
1694436730808 1.3904332150996654 367
1694436730826 1.6214746867370933 368
1694436730843 1.3991886314851543 369
1694436730861 1.609308162138105 370
1694436730879 1.2810561913799905 371
1694436730897 1.2559456540490395 372
1694436730916 1.3720988453650695 373
1694436730933 1.2382456341365682 374
1694436730951 1.3884549006827502 375
1694436730969 1.4933771523276675 376
1694436730986 1.013899680575379 377
1694436731005 1.0158261896405623 378
1694436731023 1.2442890522785617 379
1694436731040 1.1830578145655741 380
1694436731058 0.9158525290234821 381
1694436731076 1.0978446913816609 382
1694436731095 0.9794014334931037 383
1694436731114 1.2439841983177498 384
1694436731132 1.5467649636123737 385
1694436731150 1.0539348783969757 386
1694436731167 1.3540059137301852 387
1694436731184 0.9466431385991927 388
1694436731202 1.0568772947951595 389
1694436731221 1.0160034183591695 390
1694436731239 0.7991090296483556 391
1694436731256 1.1436973740141592 392
1694436731274 0.9852693013931749 393
1694436731293 0.8920031473411674 394
1694436731312 1.2516349567288263 395
1694436731330 0.90410219460324 396
1694436731347 0.9265271705134144 397
1694436731364 1.071623923185524 398
1694436731384 1.0590452948037419 399
1694436731406 1.413696876769228 400
1694436731428 0.9439765323972862 401
1694436731445 0.715189622126554 402
1694436731463 0.9393054710180204 403
1694436731479 0.9547006977001794 404
1694436731497 0.6491168245683794 405
1694436731516 1.1986828396589437 406
1694436731534 1.03178725541777 407
1694436731552 0.9388026903021467 408
1694436731570 0.9247462652395617 409
1694436731587 0.6585859721062365 410
1694436731607 0.940538937620666 411
1694436731625 0.8672855802231246 412
1694436731642 0.7327451686619516 413
1694436731659 0.672591364873267 414
1694436731677 0.9134937818217715 415
1694436731694 0.835680733392933 416
1694436731714 0.9312153506412234 417
1694436731732 1.0476670828097834 418
1694436731750 0.5985467144677027 419
1694436731767 0.8819097029906284 420
1694436731786 0.8359821165210677 421
1694436731804 0.7662514296055214 422
1694436731823 0.9900452980324365 423
1694436731840 0.7188680240731363 424
1694436731858 0.5552534720265537 425
1694436731875 0.6121064732502572 426
1694436731894 0.5603472118782218 427
1694436731916 0.6684126773790082 428
1694436731934 0.7068243765712225 429
1694436731951 0.617665544418521 430
1694436731970 0.5546233769606196 431
1694436731987 0.5864576778641533 432
1694436732005 0.6294714380375405 433
1694436732024 0.8316348256617705 434
1694436732040 0.8414980480319407 435
1694436732058 0.6848070900098987 436
1694436732077 0.4231206281025947 437
1694436732094 0.7548350246063418 438
1694436732114 0.6819710797833313 439
1694436732132 0.6623596867797547 440
1694436732150 0.581223315721863 441
1694436732167 0.6083105403723267 442
1694436732184 0.3970868587652122 443
1694436732202 0.6499750725371021 444
1694436732223 0.7135136258398145 445
1694436732240 0.5188974241154161 446
1694436732257 0.4409582841908984 447
1694436732275 0.5250904847120962 448
1694436732293 0.6044012754097838 449
1694436732312 0.8045441138981543 450
1694436732330 0.4835266924221213 451
1694436732347 0.48913053173553583 452
1694436732365 0.6460328481590041 453
1694436732383 0.4141355101433287 454
1694436732400 0.6254731342661444 455
1694436732420 0.47401357110666037 456
1694436732437 0.6683979033492563 457
1694436732455 0.4980766278552796 458
1694436732473 0.4701515864337937 459
1694436732490 0.44675478608275443 460
1694436732508 0.4067051083781172 461
1694436732527 0.43886717859415947 462
1694436732545 0.625808407183774 463
1694436732567 0.610552125934406 464
1694436732586 0.4536511543145813 465
1694436732603 0.5398792936729221 466
1694436732622 0.4558711334003816 467
1694436732639 0.6948159736924254 468
1694436732657 0.48906459086498666 469
1694436732676 0.28625053316502586 470
1694436732693 0.2880904327218144 471
1694436732711 0.6084733548356999 472
1694436732730 0.5501113004028665 473
1694436732746 0.31913084830685784 474
1694436732764 0.48700937276369555 475
1694436732781 0.5140654111642677 476
1694436732799 0.35722221703708484 477
1694436732818 0.48733842828270907 478
1694436732835 0.5584585167680544 479
1694436732853 0.3371423305120741 480
1694436732870 0.3275496356102828 481
1694436732887 0.501996669480565 482
1694436732905 0.40831464656154953 483
1694436732923 0.5210559714947698 484
1694436732941 0.3592314799375109 485
1694436732959 0.5339958661481031 486
1694436732976 0.3647011506345098 487
1694436732994 0.4588101845413097 488
1694436733012 0.3047105550601406 489
1694436733031 0.35475735528604474 490
1694436733049 0.4340690667497392 491
1694436733066 0.24108651223746666 492
1694436733084 0.31131195681722795 493
1694436733102 0.49499618473725576 494
1694436733122 0.23715212211875242 495
1694436733141 0.18987372306296244 496
1694436733160 0.2343872407437679 497
1694436733181 0.3235576005347825 498
1694436733198 0.351177311572525 499
