1694435910197 69.72831334843414 0
1694435910284 27.259459049986596 1
1694435910373 15.454012120068967 2
1694435910473 4.009318746339245 3
1694435910551 3.643950292823169 4
1694435910627 1.4114681785659648 5
1694435910704 1.5497291897312728 6
1694435910780 0.695724000425762 7
1694435910853 0.00671757906767523 8
1694435910928 0.31373979012675945 9
1694435911009 0.004962625923600969 10
1694435911082 0.03752848613207109 11
1694435911155 0.002702276774712508 12
1694435911231 2.303608512953045 13
1694435911308 0.004579963287156207 14
1694435911383 0.045646058634241635 15
1694435911455 0.01183745790512936 16
1694435911529 0.0034138799432568757 17
1694435911602 0.11836363293498611 18
1694435911681 0.011540975762182467 19
1694435911755 0.4977189673993265 20
1694435911829 0.033127923794232385 21
1694435911904 0.0018325053404556761 22
1694435911976 0.0033529757858308216 23
1694435912051 0.07746723489695494 24
1694435912125 0.20150249371518286 25
1694435912200 0.015588784503335415 26
1694435912273 0.008449613108791767 27
1694435912347 0.021267966492228507 28
1694435912423 0.11586605713125528 29
1694435912501 0.04164835896121665 30
1694435912573 0.05249178420609067 31
1694435912649 0.027983201217237144 32
1694435912724 0.00711729958875161 33
1694435912799 0.039607582767759476 34
1694435912872 0.22151952698789731 35
1694435912946 0.02479356259864985 36
1694435913022 0.6030521012437926 37
1694435913094 0.0004936602967977439 38
1694435913169 0.014796081929701086 39
1694435913243 0.1860395544691362 40
1694435913319 0.04696671504704674 41
1694435913396 0.04949487218194836 42
1694435913469 0.02392894414486543 43
1694435913546 0.015623494055146542 44
1694435913621 0.1379784931060367 45
1694435913716 0.00023226582958430807 46
1694435913789 0.5596179270142889 47
1694435913861 0.10576537972261418 48
1694435913937 0.1540511531867669 49
1694435914012 0.01765037205148748 50
1694435914084 0.009726718011802136 51
1694435914156 0.38958371642311646 52
1694435914233 0.0008917891165038045 53
1694435914308 0.0030109076254526902 54
1694435914382 0.02892939352960824 55
1694435914456 0.03949307966589294 56
1694435914529 0.027415188924946196 57
1694435914601 0.03364187975463344 58
1694435914681 0.3896647490041579 59
1694435914754 0.1398780934311923 60
1694435914829 0.15416692380975905 61
1694435914915 0.06379533412237418 62
1694435914989 0.010482058023475491 63
1694435915074 0.015675725836445924 64
1694435915149 0.39589455062258716 65
1694435915225 0.0530746612052277 66
1694435915297 0.002262154103995464 67
1694435915373 0.002374279339246427 68
1694435915446 0.04749816119712387 69
1694435915519 0.19351040584956092 70
1694435915592 0.012400283209393003 71
1694435915666 0.24806761228444785 72
1694435915741 0.00077382743616315 73
1694435915813 0.04663251955908281 74
1694435915889 0.003611587365975415 75
1694435915969 0.611030392560371 76
1694435916042 0.06970868987562276 77
1694435916117 0.005964413122050296 78
1694435916191 0.0009163336946498285 79
1694435916265 0.04391026230750813 80
1694435916340 0.08148712221858331 81
1694435916413 0.002955499988026922 82
1694435916486 0.1426834172328642 83
1694435916561 0.16087003130174313 84
1694435916634 0.1778941431772406 85
1694435916708 0.11547181606286802 86
1694435916786 0.06303586964820379 87
1694435916862 0.16231932791814835 88
1694435916937 0.11573709130325929 89
1694435917010 0.4531320668962668 90
1694435917085 0.00012711828058027474 91
1694435917159 0.44151906657234413 92
1694435917234 0.05269776089008472 93
1694435917305 0.05377831550383653 94
1694435917382 0.1782366818475721 95
1694435917460 0.03677555998894306 96
1694435917532 0.0020246417008148473 97
1694435917606 0.22107645174482618 98
1694435917682 0.012017744067090483 99
1694435917755 0.03213755023928807 100
1694435917828 0.002233705703223165 101
1694435917900 0.0016930336638877647 102
1694435917974 0.0024912936597452293 103
1694435918049 8.296821353341286e-05 104
1694435918122 0.04136136868821217 105
1694435918197 5.803973830155502e-05 106
1694435918272 0.0022636461662650874 107
1694435918346 0.11022025198858605 108
1694435918420 0.053277218137929815 109
1694435918498 0.015981847439124924 110
1694435918575 0.022336441173392403 111
1694435918651 0.029361321949992063 112
1694435918723 0.1678993890966843 113
1694435918798 0.00019150224245044202 114
1694435918873 0.011081297463055625 115
1694435918947 0.02583667793931182 116
1694435919023 0.16974207230714497 117
1694435919097 0.03497129304029933 118
1694435919171 0.002172984067595421 119
1694435919244 0.10451770680883225 120
1694435919319 0.053326216194937666 121
1694435919402 0.0001672810782826919 122
1694435919477 0.004322578986281918 123
1694435919550 0.13745337622262563 124
1694435919625 0.21765110447143632 125
1694435919699 0.00018944564469921694 126
1694435919773 0.009944842233996365 127
1694435919845 0.12838689260512662 128
1694435919920 0.09523121597189182 129
1694435919994 0.18114003924750435 130
1694435920067 0.16166784986158797 131
1694435920140 0.024783708811154076 132
1694435920214 0.011871614370240119 133
1694435920293 0.006119695955148143 134
1694435920366 0.07126528733067515 135
1694435920439 0.01826815343205543 136
1694435920514 0.04845057340191084 137
1694435920589 0.01669653083475498 138
1694435920666 0.00289079103822321 139
1694435920739 0.2399432948306777 140
1694435920812 0.19105869341689052 141
1694435920888 0.05127159367317699 142
1694435920961 0.4094695843780376 143
1694435921034 0.23346054815828982 144
1694435921111 0.006757522560101019 145
1694435921184 0.28746888887215183 146
1694435921256 1.8198144203528441 147
1694435921332 0.23911662313334442 148
1694435921412 0.13992985739219405 149
1694435921487 0.028449776640567703 150
1694435921560 0.08607621609141619 151
1694435921633 0.23402162169093824 152
1694435921707 0.034829177326776116 153
1694435921782 0.07380795054796971 154
1694435921855 0.005560517265991543 155
1694435921930 0.010107950583635804 156
1694435922007 0.012184121774878258 157
1694435922080 0.08403151075603164 158
1694435922154 0.015041325625614351 159
1694435922228 0.1829209840487851 160
1694435922301 0.03246243464821882 161
1694435922375 0.040717714714264636 162
1694435922450 0.310391036412783 163
1694435922522 0.03135534869199547 164
1694435922597 0.04211320539126066 165
1694435922671 0.007160252195241742 166
1694435922743 0.0011428971385110665 167
1694435922817 0.17922231579814046 168
1694435922890 0.0017243932787310168 169
1694435922970 0.717289233689893 170
1694435923043 0.05541952700652158 171
1694435923116 0.03139150353732695 172
1694435923189 1.8268818883640041 173
1694435923264 0.026070132635683897 174
1694435923341 0.24161632300750316 175
1694435923415 0.0001335560889399895 176
1694435923487 0.15578565780850365 177
1694435923563 0.009982079825426956 178
1694435923637 0.09810468062591138 179
1694435923713 0.0033336279404098013 180
1694435923785 0.6823794230140754 181
1694435923857 0.038972716728661476 182
1694435923934 0.008564094022829287 183
1694435924009 0.16776784008608386 184
1694435924081 0.15706129029685098 185
1694435924156 0.026050589441000697 186
1694435924231 0.0564264945517461 187
1694435924305 0.36955794927791685 188
1694435924378 0.0003674545701292741 189
1694435924452 0.005545174407350149 190
1694435924527 0.029831723355925235 191
1694435924603 0.01244585698442033 192
1694435924676 0.09913798810666043 193
1694435924753 0.07366709057971485 194
1694435924828 0.19641994275379587 195
1694435924900 0.061696673985315253 196
1694435924975 0.12103062612814554 197
1694435925047 0.35266004287048314 198
1694435925122 0.016507900277590085 199
1694435925194 0.020807406471518464 200
1694435925268 0.0032512705954352125 201
1694435925344 0.04267857296245589 202
1694435925422 0.4543167696356038 203
1694435925495 0.0014456494314338422 204
1694435925570 0.26283795327807885 205
1694435925644 0.7205536301329284 206
1694435925718 0.004941547948133814 207
1694435925791 0.10368184924798221 208
1694435925866 0.17135482540458974 209
1694435925941 0.008970392106324415 210
1694435926016 0.0014593559480460402 211
1694435926089 0.21483139790756786 212
1694435926162 0.01640082161379748 213
1694435926236 0.15711908121208606 214
1694435926318 0.06582335687361103 215
1694435926391 0.03328897939121552 216
1694435926467 0.11060922548197313 217
1694435926539 0.15166443775770214 218
1694435926611 0.10046518346314387 219
1694435926686 0.008587397658943133 220
1694435926758 0.0025182148127219895 221
1694435926834 0.23147459092881464 222
1694435926908 0.00019417238145248011 223
1694435926982 0.027760875015661133 224
1694435927056 0.04421482925946322 225
1694435927132 0.06247319590202568 226
1694435927204 0.025222459162186153 227
1694435927279 0.06939899945597419 228
1694435927353 0.0344050588341173 229
1694435927427 0.024278434704659464 230
1694435927499 0.04513693274525019 231
1694435927574 0.09951761842287478 232
1694435927649 0.0004901241384272851 233
1694435927721 0.03134356890240621 234
1694435927795 0.5450788347812983 235
1694435927878 8.704165515743149e-05 236
1694435927953 0.05582406982948477 237
1694435928028 0.11488996126838934 238
1694435928103 0.01497687828545279 239
1694435928177 0.050710975888108904 240
1694435928251 0.013874339600684965 241
1694435928325 0.18134147993322802 242
1694435928399 0.15066807210652985 243
1694435928474 0.1530944400907166 244
1694435928549 0.2576035840447926 245
1694435928621 0.1060022840068545 246
1694435928694 0.07225434740813962 247
1694435928767 0.6464738897254133 248
1694435928842 0.05360557229996731 249
1694435928916 0.0006611226209273324 250
1694435928992 0.0009309481385142253 251
1694435929065 0.05706074890480659 252
1694435929137 0.04714547817389759 253
1694435929211 0.05768939742919702 254
1694435929284 0.015722199442451616 255
1694435929359 0.0011728285913396818 256
1694435929431 0.054540214997662664 257
1694435929506 0.7197820276130084 258
1694435929585 0.22048151561880625 259
1694435929660 0.9508003335942701 260
1694435929733 0.044318079479826154 261
1694435929807 0.06630052004943958 262
1694435929883 0.4232634523387069 263
1694435929957 0.13075816151015776 264
1694435930030 0.016773437926571686 265
1694435930103 0.014781418555933349 266
1694435930177 0.22763351731921122 267
1694435930255 0.0009138735323582468 268
1694435930328 0.022243733624895515 269
1694435930400 0.008702649977584206 270
1694435930476 0.051630766430587394 271
1694435930549 0.20395581664572915 272
1694435930623 0.007022713988801897 273
1694435930697 0.009435934092298995 274
1694435930773 0.02021286341450273 275
1694435930845 1.0947139384452179e-05 276
1694435930918 0.0044731294230817625 277
1694435930992 0.03254142689500506 278
1694435931065 0.050719382658509095 279
1694435931138 0.01670709498948937 280
1694435931210 0.022409223906834475 281
1694435931286 0.12679147367380872 282
1694435931362 5.8478870848124525e-06 283
1694435931447 0.0017237006786425411 284
1694435931521 0.032072019227207864 285
1694435931595 0.004624308503734864 286
1694435931670 0.037195188999070775 287
1694435931743 0.714621307803336 288
1694435931816 0.4587201968508947 289
1694435931891 0.005588210190108922 290
1694435931963 0.05308956712849915 291
1694435932038 0.2239924394591432 292
1694435932112 0.03741466932929562 293
1694435932185 0.14446108992468762 294
1694435932256 0.0013188720402049674 295
1694435932332 0.018920139308805872 296
1694435932406 0.002725389410379715 297
1694435932479 0.049305670259810704 298
1694435932551 0.001244287101194125 299
1694435932625 0.048636975610394456 300
1694435932700 0.008372585456576386 301
1694435932775 0.23372072614034473 302
1694435932846 0.03267481193174272 303
1694435932923 0.0005945975062770995 304
1694435932996 0.034947125087378454 305
1694435933069 0.024600360364811138 306
1694435933143 0.0022891673314052456 307
1694435933221 0.000328693574902407 308
1694435933293 0.00135083974021843 309
1694435933367 0.025843286409636027 310
1694435933442 0.24005679801875043 311
1694435933517 0.12469772706306292 312
1694435933590 8.039141973156111e-05 313
1694435933664 0.0008781262990299967 314
1694435933736 0.07289131931183267 315
1694435933812 0.18328657414601546 316
1694435933884 0.2528880499541659 317
1694435933957 0.8897714480021652 318
1694435934036 0.024482989059667684 319
1694435934108 0.31704453483353884 320
1694435934182 0.008814606935192435 321
1694435934256 0.010701297033033299 322
1694435934336 0.17956047091631208 323
1694435934411 0.7538379239633621 324
1694435934485 0.11532006589478142 325
1694435934559 0.1809188674802367 326
1694435934633 0.22392520957286974 327
1694435934707 0.2622151274397464 328
1694435934780 0.016555707228280637 329
1694435934856 0.23482291398544525 330
1694435934937 0.002377787464809191 331
1694435935012 0.031357388941023405 332
1694435935085 0.03290713752185556 333
1694435935160 0.101476719497529 334
1694435935233 0.17341727487854036 335
1694435935309 0.020412970488833834 336
1694435935383 0.1200214415109041 337
1694435935456 0.030151269932034576 338
1694435935531 0.00010313676969656835 339
1694435935606 0.14287502306251312 340
1694435935680 0.011110682282082777 341
1694435935753 0.0010968246931306774 342
1694435935829 0.2241136165554552 343
1694435935905 0.0033420408982020033 344
1694435935978 0.003872267917540011 345
1694435936053 0.0172606801023058 346
1694435936126 0.01667430151844838 347
1694435936199 0.008196229501293364 348
1694435936272 0.1711143485866272 349
1694435936347 0.2239256129111509 350
1694435936422 0.7140694953514825 351
1694435936497 0.1525978917191655 352
1694435936571 0.0014074329650449065 353
1694435936646 0.002433232714434877 354
1694435936722 0.07334343329448424 355
1694435936795 0.04871824486208149 356
1694435936869 0.0014925391734093207 357
1694435936942 0.8288370189121111 358
1694435937016 0.6908024130638483 359
1694435937088 0.0022669499628054255 360
1694435937163 0.162509824468844 361
1694435937238 0.03890529563933832 362
1694435937310 0.02641947426402691 363
1694435937385 0.07462107421899762 364
1694435937460 0.01830957770122181 365
1694435937534 0.017282683033881873 366
1694435937608 0.004794762324606635 367
1694435937683 0.0017599876731434756 368
1694435937762 0.24778559147853663 369
1694435937835 0.023593254473699594 370
1694435937912 0.006232273040909583 371
1694435937986 0.004183357438325107 372
1694435938058 0.0068989923446105255 373
1694435938133 0.299712576249255 374
1694435938206 0.004836088666177958 375
1694435938280 2.448191518442457 376
1694435938352 0.6456035558385577 377
1694435938432 0.0005023836340622097 378
1694435938505 0.10513619513398978 379
1694435938581 0.21599308043794369 380
1694435938655 0.00020622418036646636 381
1694435938728 0.09489781863476861 382
1694435938802 0.0486154403902051 383
1694435938874 0.09876305558906359 384
1694435938949 0.030096304203713845 385
1694435939022 0.42734098033453594 386
1694435939101 0.18646868030280098 387
1694435939175 0.010267215679149415 388
1694435939254 0.4555756888947261 389
1694435939327 0.008874215341512597 390
1694435939401 0.012079537014738559 391
1694435939476 0.0010806455297383863 392
1694435939551 0.25840579655304496 393
1694435939624 0.003228428216172143 394
1694435939699 0.0022603739890399497 395
1694435939774 0.0886813983209685 396
1694435939847 0.0722246384645819 397
1694435939921 0.03722544841036892 398
1694435939993 0.617555188565988 399
1694435940089 0.003887833029985855 400
1694435940166 0.06753738595515053 401
1694435940239 0.0653834699235259 402
1694435940314 0.015517315883923447 403
1694435940386 0.07461946232173115 404
1694435940462 0.05662618470404956 405
1694435940535 0.08968505135624406 406
1694435940610 0.0707394450484511 407
1694435940685 0.05338294984664705 408
1694435940759 0.03187989278288487 409
1694435940831 0.016416498594426395 410
1694435940906 0.01561589327379216 411
1694435940982 0.024072499867956343 412
1694435941055 0.1806798213742951 413
1694435941128 0.00035274895745319605 414
1694435941203 0.20206058117422152 415
1694435941284 0.16718339671166518 416
1694435941381 0.0027423201917483255 417
1694435941469 0.20553920919461321 418
1694435941571 0.005463841060694762 419
1694435941655 0.003295855086354119 420
1694435941728 0.03377099124014731 421
1694435941805 0.052069884589606964 422
1694435941886 0.1545698689028969 423
1694435941959 0.24374542566220492 424
1694435942031 0.02437845054911372 425
1694435942106 0.06525953010270583 426
1694435942178 0.2816585737248893 427
1694435942251 0.00018723814953315148 428
1694435942325 0.0027727031966138255 429
1694435942401 0.07773696609614512 430
1694435942475 0.10601413926780737 431
1694435942547 0.02098965988179527 432
1694435942621 0.12921899891228472 433
1694435942700 0.15400672408099586 434
1694435942775 0.04296706470489751 435
1694435942848 0.27123813628125765 436
1694435942923 0.006812764318404063 437
1694435942999 0.0021771501744771923 438
1694435943072 0.12900102852410295 439
1694435943146 0.057780080087444036 440
1694435943218 0.26932775709203266 441
1694435943294 0.3402400363180107 442
1694435943367 0.07188308988737675 443
1694435943442 0.374829268461942 444
1694435943519 0.018546566202966595 445
1694435943597 0.034282065413347315 446
1694435943671 0.0005532830578998928 447
1694435943745 0.0833732038065843 448
1694435943819 0.11148137892699368 449
1694435943892 0.46140878305299826 450
1694435943965 0.05287461477259634 451
1694435944038 0.11839094198814591 452
1694435944111 0.011865639029743979 453
1694435944187 0.014896266407845561 454
1694435944259 0.00324712347472722 455
1694435944332 0.12535668074049255 456
1694435944409 0.01872535451869519 457
1694435944484 0.08947876017334484 458
1694435944557 0.01898473113180345 459
1694435944632 0.010836304444686796 460
1694435944707 0.5489515523230868 461
1694435944780 0.15196548237320354 462
1694435944855 0.007897908099199559 463
1694435944929 0.027882869575459792 464
1694435945004 0.23433317964754805 465
1694435945077 0.15603006503638225 466
1694435945151 0.7191583517977861 467
1694435945226 0.16682916363447653 468
1694435945302 0.08189619368597105 469
1694435945374 0.024504341521461755 470
1694435945448 0.2671770499747482 471
1694435945524 0.13628491983674645 472
1694435945598 0.010588534622607762 473
1694435945671 5.802134101462715e-05 474
1694435945744 0.06462878941174216 475
1694435945819 0.05194862539669525 476
1694435945895 0.00019837348416925043 477
1694435945969 0.0057817556941475706 478
1694435946044 0.012271174020292762 479
1694435946120 0.1368357128230639 480
1694435946197 0.2409952082943207 481
1694435946271 0.05404911474789925 482
1694435946346 0.0016968983749578136 483
1694435946420 0.08031225372036009 484
1694435946492 0.017186902276529362 485
1694435946568 0.04922184137663355 486
1694435946642 0.004677369726920285 487
1694435946713 0.16800345585752688 488
1694435946785 0.07052166432081756 489
1694435946861 0.04222462575238876 490
1694435946936 0.5267296786067239 491
1694435947011 0.36987902484152185 492
1694435947084 0.04935059380269324 493
1694435947160 0.2336220068494336 494
1694435947236 0.23665225966093828 495
1694435947311 0.0022911420891117973 496
1694435947384 0.11838877517191879 497
1694435947457 0.153303544537538 498
1694435947533 0.003213914400370221 499
