1694429461019 169.19669551054898 0
1694429461037 169.1628268345297 1
1694429461053 169.1357378529335 2
1694429461068 169.10865315175124 3
1694429461084 169.08157287092436 4
1694429461099 169.0544970097216 5
1694429461115 169.02742556741472 6
1694429461132 169.00035854327578 7
1694429461148 168.97329593657682 8
1694429461164 168.94623774659004 9
1694429461179 168.91918397258772 10
1694429461196 168.89213461384233 11
1694429461211 168.86508966962646 12
1694429461227 168.83804913921273 13
1694429461242 168.81101302187398 14
1694429461258 168.78398131688306 15
1694429461273 168.75695402351312 16
1694429461289 168.72993114103724 17
1694429461307 168.70291266872871 18
1694429461323 168.6758986058609 19
1694429461340 168.64888895170745 20
1694429461358 168.6218837055419 21
1694429461376 168.59488286663805 22
1694429461393 168.56788643426978 23
1694429461411 168.54089440771102 24
1694429461427 168.51390678623605 25
1694429461445 168.48692356911894 26
1694429461463 168.4599447556342 27
1694429461480 168.43297034505622 28
1694429461496 168.40600033665962 29
1694429461512 168.37903472971914 30
1694429461527 168.35207352350963 31
1694429461546 168.32511671730603 32
1694429461563 168.29816431038347 33
1694429461581 168.27121630201708 34
1694429461598 168.24427269148225 35
1694429461618 168.21733347805443 36
1694429461635 168.19039866100914 37
1694429461653 168.16346823962212 38
1694429461673 168.13654221316912 39
1694429461691 168.10962058092608 40
1694429461710 168.08270334216908 41
1694429461729 168.0557904961742 42
1694429461748 168.02888204221782 43
1694429461767 168.00197797957634 44
1694429461790 167.9750783075262 45
1694429461811 167.9481830253441 46
1694429461833 167.92129213230683 47
1694429461855 167.89440562769127 48
1694429461873 167.86752351077433 49
1694429461891 167.84064578083328 50
1694429461907 167.81377243714525 51
1694429461924 167.78690347898765 52
1694429461941 167.76003890563794 53
1694429461959 167.73317871637377 54
1694429461976 167.70632291047278 55
1694429461993 167.6794714872129 56
1694429462011 167.6526244458721 57
1694429462027 167.62578178572838 58
1694429462044 167.59894350605995 59
1694429462061 167.5721096061452 60
1694429462080 167.5452800852625 61
1694429462096 167.51845494269048 62
1694429462113 167.49163417770774 63
1694429462130 167.46481778959316 64
1694429462149 167.4380057776256 65
1694429462168 167.41119814108413 66
1694429462185 167.38439487924788 67
1694429462202 167.35759599139615 68
1694429462219 167.33080147680835 69
1694429462234 167.30401133476394 70
1694429462252 167.27722556454265 71
1694429462269 167.25044416542408 72
1694429462285 167.22366713668825 73
1694429462302 167.1968944776151 74
1694429462317 167.17012618748475 75
1694429462334 167.1433622655774 76
1694429462351 167.11660271117344 77
1694429462369 167.08984752355337 78
1694429462386 167.06309670199772 79
1694429462403 167.0363502457872 80
1694429462419 167.00960815420265 81
1694429462436 166.98287042652498 82
1694429462453 166.95613706203537 83
1694429462470 166.9294080600149 84
1694429462487 166.90268341974493 85
1694429462503 166.87596314050685 86
1694429462518 166.84924722158223 87
1694429462535 166.82253566225268 88
1694429462552 166.79582846180003 89
1694429462569 166.76912561950618 90
1694429462587 166.7424271346531 91
1694429462603 166.715733006523 92
1694429462620 166.68904323439807 93
1694429462636 166.66235781756075 94
1694429462655 166.63567675529347 95
1694429462673 166.6090000468789 96
1694429462693 166.5823276915997 97
1694429462710 166.55565968873879 98
1694429462725 166.5289960375791 99
1694429462741 166.5023367374038 100
1694429462757 166.47568178749594 101
1694429462773 166.449031187139 102
1694429462790 166.42238493561635 103
1694429462806 166.39574303221156 104
1694429462822 166.36910547620832 105
1694429462836 166.3424722668904 106
1694429462853 166.3158434035418 107
1694429462870 166.28921888544647 108
1694429462886 166.26259871188861 109
1694429462900 166.2359828821525 110
1694429462916 166.20937139552254 111
1694429462931 166.1827642512832 112
1694429462947 166.15616144871913 113
1694429462963 166.12956298711515 114
1694429462980 166.10296886575597 115
1694429462996 166.07637908392678 116
1694429463012 166.04979364091253 117
1694429463029 166.02321253599848 118
1694429463044 165.99663576847 119
1694429463060 165.9700633376125 120
1694429463076 165.94349524271163 121
1694429463092 165.91693148305308 122
1694429463107 165.8903720579226 123
1694429463123 165.86381696660615 124
1694429463138 165.83726620838982 125
1694429463154 165.81071978255972 126
1694429463170 165.78417768840222 127
1694429463185 165.75763992520368 128
1694429463201 165.73110649225058 129
1694429463216 165.70457738882965 130
1694429463232 165.6780526142276 131
1694429463247 165.6515321677313 132
1694429463263 165.62501604862777 133
1694429463279 165.59850425620414 134
1694429463295 165.57199678974766 135
1694429463311 165.5454936485456 136
1694429463326 165.51899483188552 137
1694429463340 165.49250033905494 138
1694429463356 165.46601016934162 139
1694429463373 165.4395243220334 140
1694429463390 165.41304279641813 141
1694429463405 165.38656559178395 142
1694429463419 165.360092707419 143
1694429463435 165.33362414261157 144
1694429463451 165.30715989665015 145
1694429463467 165.2806999688232 146
1694429463484 165.2542443584194 147
1694429463499 165.22779306472748 148
1694429463515 165.20134608703637 149
1694429463530 165.17490342463503 150
1694429463546 165.14846507681264 151
1694429463561 165.12203104285837 152
1694429463576 165.09560132206164 153
1694429463593 165.0691759137119 154
1694429463610 165.04275481709874 155
1694429463625 165.01633803151188 156
1694429463642 164.9899255562411 157
1694429463659 164.9635173905764 158
1694429463676 164.93711353380786 159
1694429463691 164.91071398522558 160
1694429463707 164.88431874411995 161
1694429463722 164.85792780978136 162
1694429463738 164.83154118150028 163
1694429463753 164.80515885856744 164
1694429463769 164.77878084027355 165
1694429463785 164.75240712590954 166
1694429463802 164.72603771476642 167
1694429463817 164.69967260613527 168
1694429463833 164.67331179930733 169
1694429463848 164.64695529357397 170
1694429463863 164.6206030882267 171
1694429463880 164.59425518255705 172
1694429463895 164.56791157585675 173
1694429463909 164.54157226741765 174
1694429463925 164.51523725653166 175
1694429463941 164.48890654249087 176
1694429463956 164.46258012458742 177
1694429463972 164.43625800211365 178
1694429463989 164.40994017436194 179
1694429464005 164.3836266406248 180
1694429464021 164.35731740019492 181
1694429464036 164.3310124523651 182
1694429464052 164.30471179642808 183
1694429464067 164.278415431677 184
1694429464083 164.2521233574049 185
1694429464099 164.22583557290508 186
1694429464114 164.19955207747077 187
1694429464130 164.17327287039558 188
1694429464146 164.146997950973 189
1694429464161 164.1207273184967 190
1694429464177 164.09446097226063 191
1694429464193 164.06819891155857 192
1694429464208 164.0419411356847 193
1694429464224 164.01568764393312 194
1694429464240 163.98943843559812 195
1694429464257 163.96319350997413 196
1694429464272 163.93695286635565 197
1694429464288 163.9107165040373 198
1694429464304 163.88448442231388 199
1694429464319 163.8582566204802 200
1694429464335 163.8320330978313 201
1694429464351 163.80581385366227 202
1694429464365 163.77959888726832 203
1694429464382 163.75338819794476 204
1694429464398 163.7271817849871 205
1694429464413 163.70097964769084 206
1694429464427 163.67478178535174 207
1694429464444 163.64858819726558 208
1694429464459 163.62239888272828 209
1694429464475 163.59621384103585 210
1694429464491 163.5700330714845 211
1694429464508 163.54385657337042 212
1694429464522 163.51768434599003 213
1694429464538 163.49151638863992 214
1694429464554 163.46535270061656 215
1694429464569 163.4391932812168 216
1694429464585 163.41303812973746 217
1694429464600 163.38688724547552 218
1694429464615 163.360740627728 219
1694429464630 163.3345982757922 220
1694429464646 163.30846018896534 221
1694429464662 163.28232636654494 222
1694429464678 163.25619680782853 223
1694429464693 163.23007151211377 224
1694429464710 163.20395047869846 225
1694429464725 163.17783370688045 226
1694429464741 163.1517211959578 227
1694429464756 163.12561294522865 228
1694429464772 163.0995089539912 229
1694429464788 163.0734092215439 230
1694429464803 163.04731374718517 231
1694429464818 163.0212225302136 232
1694429464834 162.99513556992792 233
1694429464850 162.96905286562702 234
1694429464865 162.9429744166097 235
1694429464881 162.9169002221752 236
1694429464897 162.8908302816226 237
1694429464911 162.8647645942512 238
1694429464926 162.83870315936042 239
1694429464942 162.81264597624983 240
1694429464956 162.78659304421905 241
1694429464972 162.76054436256777 242
1694429464988 162.73449993059594 243
1694429465005 162.70845974760348 244
1694429465020 162.68242381289065 245
1694429465036 162.65639212575752 246
1694429465051 162.63036468550447 247
1694429465067 162.604341491432 248
1694429465082 162.57832254284065 249
1694429465098 162.5523078390311 250
1694429465114 162.52629737930417 251
1694429465129 162.50029116296074 252
1694429465145 162.47428918930189 253
1694429465160 162.44829145762878 254
1694429465176 162.4222979672426 255
1694429465192 162.39630871744484 256
1694429465209 162.3703237075369 257
1694429465223 162.34434293682045 258
1694429465239 162.31836640459724 259
1694429465254 162.29239411016903 260
1694429465270 162.26642605283783 261
1694429465286 162.24046223190575 262
1694429465303 162.21450264667493 263
1694429465318 162.1885472964477 264
1694429465334 162.1625961805265 265
1694429465350 162.1366492982138 266
1694429465365 162.1107066488123 267
1694429465380 162.08476823162482 268
1694429465396 162.0588340459542 269
1694429465411 162.0329040911034 270
1694429465425 162.0069783663756 271
1694429465441 161.98105687107397 272
1694429465457 161.95513960450194 273
1694429465472 161.92922656596292 274
1694429465488 161.90331775476045 275
1694429465504 161.8774131701983 276
1694429465520 161.85151281158022 277
1694429465535 161.82561667821017 278
1694429465551 161.79972476939218 279
1694429465566 161.7738370844304 280
1694429465583 161.74795362262913 281
1694429465599 161.7220743832927 282
1694429465614 161.69619936572565 283
1694429465628 161.67032856923257 284
1694429465644 161.6444619931182 285
1694429465659 161.6185996366874 286
1694429465675 161.59274149924514 287
1694429465691 161.56688758009645 288
1694429465707 161.54103787854658 289
1694429465722 161.51519239390078 290
1694429465737 161.4893511254645 291
1694429465753 161.4635140725433 292
1694429465769 161.43768123444278 293
1694429465787 161.4118526104687 294
1694429465803 161.38602819992704 295
1694429465819 161.36020800212367 296
1694429465835 161.33439201636483 297
1694429465850 161.3085802419566 298
1694429465865 161.28277267820545 299
1694429465881 161.2569693244178 300
1694429465897 161.23117017990018 301
1694429465914 161.20537524395934 302
1694429465929 161.179584515902 303
1694429465943 161.15379799503515 304
1694429465959 161.12801568066578 305
1694429465975 161.10223757210107 306
1694429465991 161.07646366864824 307
1694429466007 161.05069396961468 308
1694429466022 161.0249284743079 309
1694429466037 160.99916718203548 310
1694429466054 160.97341009210515 311
1694429466069 160.94765720382475 312
1694429466085 160.9219085165022 313
1694429466101 160.8961640294456 314
1694429466117 160.8704237419631 315
1694429466132 160.84468765336302 316
1694429466148 160.81895576295375 317
1694429466163 160.7932280700438 318
1694429466179 160.7675045739418 319
1694429466195 160.7417852739566 320
1694429466211 160.71607016939694 321
1694429466226 160.69035925957184 322
1694429466241 160.6646525437904 323
1694429466257 160.63895002136184 324
1694429466272 160.61325169159545 325
1694429466289 160.5875575538007 326
1694429466309 160.56186760728713 327
1694429466324 160.53618185136438 328
1694429466340 160.51050028534232 329
1694429466356 160.48482290853073 330
1694429466372 160.4591497202397 331
1694429466388 160.43348071977937 332
1694429466403 160.40781590645986 333
1694429466418 160.38215527959164 334
1694429466434 160.35649883848512 335
1694429466449 160.3308465824509 336
1694429466464 160.30519851079967 337
1694429466480 160.2795546228422 338
1694429466495 160.2539149178895 339
1694429466511 160.22827939525254 340
1694429466526 160.2026480542425 341
1694429466544 160.17702089417068 342
1694429466559 160.15139791434837 343
1694429466575 160.12577911408712 344
1694429466591 160.1001644926985 345
1694429466606 160.0745540494943 346
1694429466622 160.0489477837863 347
1694429466637 160.02334569488647 348
1694429466653 159.99774778210687 349
1694429466669 159.97215404475966 350
1694429466685 159.94656448215719 351
1694429466700 159.9209790936118 352
1694429466716 159.89539787843606 353
1694429466731 159.86982083594256 354
1694429466748 159.84424796544405 355
1694429466763 159.81867926625344 356
1694429466779 159.79311473768368 357
1694429466795 159.76755437904782 358
1694429466811 159.7419981896591 359
1694429466825 159.71644616883086 360
1694429466840 159.69089831587647 361
1694429466856 159.66535463010956 362
1694429466871 159.6398151108437 363
1694429466887 159.61427975739267 364
1694429466903 159.58874856907045 365
1694429466918 159.5632215451909 366
1694429466933 159.53769868506822 367
1694429466949 159.51217998801664 368
1694429466965 159.48666545335047 369
1694429466981 159.4611550803842 370
1694429466998 159.4356488684323 371
1694429467014 159.41014681680957 372
1694429467029 159.38464892483074 373
1694429467044 159.35915519181074 374
1694429467059 159.33366561706455 375
1694429467075 159.30818019990735 376
1694429467091 159.28269893965438 377
1694429467107 159.257221835621 378
1694429467122 159.23174888712268 379
1694429467137 159.206280093475 380
1694429467153 159.1808154539937 381
1694429467168 159.15535496799453 382
1694429467183 159.12989863479342 383
1694429467200 159.1044464537065 384
1694429467216 159.07899842404984 385
1694429467231 159.05355454513975 386
1694429467246 159.0281148162926 387
1694429467261 159.00267923682486 388
1694429467277 158.97724780605316 389
1694429467292 158.95182052329423 390
1694429467309 158.92639738786488 391
1694429467325 158.90097839908208 392
1694429467341 158.8755635562629 393
1694429467356 158.8501528587245 394
1694429467371 158.82474630578415 395
1694429467387 158.7993438967593 396
1694429467403 158.77394563096735 397
1694429467419 158.74855150772603 398
1694429467434 158.72316152635307 399
1694429467448 158.69777568616627 400
1694429467463 158.67239398648366 401
1694429467479 158.6470164266233 402
1694429467496 158.62164300590334 403
1694429467512 158.5962737236421 404
1694429467527 158.570908579158 405
1694429467542 158.54554757176962 406
1694429467557 158.52019070079552 407
1694429467573 158.49483796555455 408
1694429467589 158.46948936536546 409
1694429467605 158.44414489954733 410
1694429467620 158.41880456741922 411
1694429467637 158.39346836830035 412
1694429467654 158.36813630150996 413
1694429467669 158.3428083663676 414
1694429467685 158.3174845621928 415
1694429467701 158.29216488830508 416
1694429467717 158.2668493440244 417
1694429467732 158.2415379286705 418
1694429467748 158.21623064156344 419
1694429467764 158.19092748202334 420
1694429467780 158.16562844937036 421
1694429467796 158.14033354292494 422
1694429467812 158.11504276200742 423
1694429467827 158.0897561059384 424
1694429467842 158.06447357403854 425
1694429467857 158.0391951656286 426
1694429467873 158.01392088002956 427
1694429467889 157.98865071656238 428
1694429467906 157.9633846745482 429
1694429467921 157.9381227533082 430
1694429467936 157.91286495216374 431
1694429467953 157.8876112704363 432
1694429467968 157.86236170744752 433
1694429467983 157.83711626251895 434
1694429467999 157.81187493497248 435
1694429468015 157.78663772412995 436
1694429468030 157.76140462931343 437
1694429468045 157.7361756498451 438
1694429468060 157.7109507850471 439
1694429468077 157.68573003424183 440
1694429468094 157.66051339675175 441
1694429468110 157.6353008718995 442
1694429468126 157.6100924590077 443
1694429468141 157.58488815739918 444
1694429468157 157.55968796639687 445
1694429468172 157.5344918853238 446
1694429468187 157.50929991350316 447
1694429468204 157.48411205025806 448
1694429468220 157.45892829491203 449
1694429468234 157.43374864678842 450
1694429468251 157.4085731052109 451
1694429468266 157.38340166950314 452
1694429468281 157.35823433898904 453
1694429468297 157.33307111299237 454
1694429468313 157.30791199083728 455
1694429468328 157.28275697184793 456
1694429468344 157.2576060553485 457
1694429468359 157.23245924066345 458
1694429468375 157.20731652711723 459
1694429468390 157.1821779140344 460
1694429468406 157.15704340073975 461
1694429468421 157.13191298655806 462
1694429468437 157.10678667081427 463
1694429468452 157.08166445283345 464
1694429468467 157.05654633194067 465
1694429468483 157.03143230746124 466
1694429468498 157.00632237872065 467
1694429468514 156.98121654504428 468
1694429468529 156.95611480575772 469
1694429468545 156.93101716018677 470
1694429468561 156.9059236076572 471
1694429468576 156.88083414749497 472
1694429468591 156.85574877902616 473
1694429468608 156.83066750157684 474
1694429468623 156.8055903144734 475
1694429468638 156.78051721704213 476
1694429468656 156.7554482086096 477
1694429468672 156.7303832885024 478
1694429468687 156.70532245604724 479
1694429468703 156.68026571057098 480
1694429468720 156.65521305140047 481
1694429468735 156.63016447786288 482
1694429468750 156.60511998928536 483
1694429468766 156.58007958499513 484
1694429468782 156.55504326431964 485
1694429468797 156.53001102658632 486
1694429468813 156.50498287112285 487
1694429468828 156.47995879725693 488
1694429468843 156.45493880431638 489
1694429468860 156.4299228916292 490
1694429468877 156.40491105852342 491
1694429468891 156.3799033043272 492
1694429468907 156.3548996283688 493
1694429468923 156.32990002997667 494
1694429468938 156.30490450847927 495
1694429468953 156.27991306320519 496
1694429468970 156.25492569348322 497
1694429468987 156.22994239864212 498
1694429469002 156.20496317801093 499
