1694428834062 169.5323464545854 0
1694428834133 169.38541542391866 1
1694428834205 181.3221144256421 2
1694428834275 167.822662172148 3
1694428834348 107.66099870089587 4
1694428834418 143.52327152840908 5
1694428834496 221.64790530251256 6
1694428834567 117.21561470611577 7
1694428834635 161.75616130095938 8
1694428834704 158.8914962648045 9
1694428834773 179.96338998751733 10
1694428834840 124.3366678576909 11
1694428834908 174.09674968704496 12
1694428834976 182.753144778733 13
1694428835044 194.48858345853455 14
1694428835112 143.84342244317315 15
1694428835186 189.76581939350862 16
1694428835262 117.00551322358024 17
1694428835334 144.00397461647313 18
1694428835404 155.71260949193385 19
1694428835472 140.5657960267236 20
1694428835541 189.5677743295241 21
1694428835608 168.25174433241597 22
1694428835677 164.17356427197197 23
1694428835745 156.49296467261382 24
1694428835814 185.17430765656607 25
1694428835882 164.00833939693743 26
1694428835953 138.6189137526541 27
1694428836020 146.00067102979935 28
1694428836089 153.645248818991 29
1694428836156 159.38851862023586 30
1694428836225 168.24221452994854 31
1694428836294 169.2303364190157 32
1694428836362 174.03448197619383 33
1694428836430 127.57272795722022 34
1694428836499 177.3818305988953 35
1694428836568 201.93005984142798 36
1694428836635 103.8051053938028 37
1694428836704 198.26922982371718 38
1694428836775 157.07220635037896 39
1694428836844 100.1959096762861 40
1694428836917 207.8136577694606 41
1694428836984 187.59855422168474 42
1694428837052 120.54572367431354 43
1694428837120 211.0844085280179 44
1694428837188 170.8915993713616 45
1694428837255 164.86514223008024 46
1694428837323 193.47938005236065 47
1694428837390 147.6690234796089 48
1694428837459 185.43532506537503 49
1694428837528 179.31239928686867 50
1694428837596 147.77847341258533 51
1694428837663 166.5425545901446 52
1694428837732 261.0041768197059 53
1694428837800 164.66862641069847 54
1694428837869 182.27099193132128 55
1694428837937 178.32519243012143 56
1694428838004 69.2117659521838 57
1694428838073 167.5056488566785 58
1694428838141 169.4675839792006 59
1694428838210 199.86114829135948 60
1694428838277 151.27074006301393 61
1694428838345 157.64664537135712 62
1694428838414 153.6144919898505 63
1694428838482 153.89122732045735 64
1694428838550 151.29296757712928 65
1694428838618 230.52120054048507 66
1694428838686 166.8025432261827 67
1694428838755 310.65133627991133 68
1694428838823 180.97771245967766 69
1694428838890 192.28305413169176 70
1694428838959 154.78577418110132 71
1694428839026 178.8313720186151 72
1694428839094 143.32802028803866 73
1694428839162 189.65555162825316 74
1694428839230 182.7587733811935 75
1694428839298 236.75312820636444 76
1694428839366 172.9878820238959 77
1694428839438 191.74501970259146 78
1694428839505 120.71203800350604 79
1694428839574 188.58598146059376 80
1694428839643 161.5609125388454 81
1694428839711 193.68312813612314 82
1694428839779 134.6057806086426 83
1694428839846 180.53013587405783 84
1694428839914 189.40984113304953 85
1694428839983 193.10062538439107 86
1694428840051 147.72634751844848 87
1694428840118 181.25519151929427 88
1694428840186 169.86322853302354 89
1694428840253 126.10651668994882 90
1694428840322 146.8899254734111 91
1694428840390 153.72816820050414 92
1694428840457 192.80101111424386 93
1694428840527 170.50542599579705 94
1694428840594 164.53939172696565 95
1694428840662 158.16166478779735 96
1694428840730 167.25773443283543 97
1694428840798 199.63044936392393 98
1694428840866 226.2896348583179 99
1694428840933 122.76871587913361 100
1694428841001 174.51343803387033 101
1694428841068 202.64513629410058 102
1694428841135 185.55751255515278 103
1694428841205 151.02196240752568 104
1694428841274 215.02800316739345 105
1694428841342 207.91682940750522 106
1694428841408 165.11182133093098 107
1694428841477 137.29499876944666 108
1694428841545 156.69932876509233 109
1694428841613 169.42098169536786 110
1694428841681 168.78764749312313 111
1694428841749 177.3722424420415 112
1694428841816 154.41416110020793 113
1694428841884 149.22093369507584 114
1694428841953 189.73951805302113 115
1694428842020 176.24843150047775 116
1694428842088 156.97214673780158 117
1694428842157 196.32198057709243 118
1694428842225 184.00121926216838 119
1694428842293 146.84233375980776 120
1694428842362 157.9729202432309 121
1694428842428 151.02887017969647 122
1694428842497 193.31229512058107 123
1694428842566 164.1362987477523 124
1694428842634 220.04664202068966 125
1694428842702 156.81105000094084 126
1694428842770 245.91237647960475 127
1694428842838 199.66228532116506 128
1694428842905 176.57878491388445 129
1694428842973 188.81149353874136 130
1694428843041 179.3758157317619 131
1694428843109 181.16922473588593 132
1694428843177 191.06531387328775 133
1694428843246 144.86191355094252 134
1694428843314 187.54013659115716 135
1694428843382 174.0510361029773 136
1694428843449 181.57424934504022 137
1694428843518 154.29568114106323 138
1694428843586 210.07064434026415 139
1694428843659 170.96310064724346 140
1694428843727 62.42451755842735 141
1694428843795 167.61080171081926 142
1694428843862 140.09040411523634 143
1694428843931 239.46629360812142 144
1694428843997 173.39100460949265 145
1694428844066 161.66082102546525 146
1694428844134 189.08315516812397 147
1694428844201 143.18644718923622 148
1694428844269 179.30722097481225 149
1694428844337 142.24914143606534 150
1694428844406 140.3427073731396 151
1694428844474 172.62039380321303 152
1694428844541 193.3679134337963 153
1694428844609 184.3694346155963 154
1694428844677 222.84287609537932 155
1694428844745 162.88637500865335 156
1694428844814 191.50900292922404 157
1694428844884 198.27600354657793 158
1694428844953 168.49815543040128 159
1694428845021 179.2704684189891 160
1694428845088 198.62306524224357 161
1694428845158 150.33499701741124 162
1694428845226 167.2295129428941 163
1694428845294 150.30939837568357 164
1694428845362 99.60834440074021 165
1694428845430 200.92442999591228 166
1694428845498 189.16686784259488 167
1694428845565 167.6913098671874 168
1694428845634 158.30843056739656 169
1694428845701 177.54559451242528 170
1694428845769 171.53698380981456 171
1694428845837 162.13403058999887 172
1694428845906 157.54610034568904 173
1694428845973 139.8069004852647 174
1694428846042 237.16500799590844 175
1694428846112 153.305660285373 176
1694428846180 157.0013094566321 177
1694428846248 164.16859738396963 178
1694428846316 164.91903147387802 179
1694428846385 162.31050635235584 180
1694428846453 183.4528770230804 181
1694428846522 169.59594627319657 182
1694428846590 110.21123483372695 183
1694428846657 157.4379409162379 184
1694428846726 129.73897417409987 185
1694428846795 246.2584888784563 186
1694428846863 171.07327922716811 187
1694428846931 183.83889985586882 188
1694428847000 179.3875441553892 189
1694428847068 150.68309674878537 190
1694428847136 189.91086580073318 191
1694428847203 161.5583078563564 192
1694428847273 169.08512803714893 193
1694428847342 187.64471614212528 194
1694428847409 194.8920018794288 195
1694428847478 179.34254270570491 196
1694428847545 141.40985349302704 197
1694428847614 166.43327192387844 198
1694428847683 127.9278643740148 199
1694428847750 111.4986938505812 200
1694428847819 171.40986757603815 201
1694428847888 176.1975514840675 202
1694428847955 133.9215476669138 203
1694428848022 152.0072444128846 204
1694428848090 154.20029158394948 205
1694428848157 142.67469548794202 206
1694428848225 165.21473060297916 207
1694428848291 176.16795305663626 208
1694428848359 180.79665312127173 209
1694428848427 200.4245486445311 210
1694428848495 199.76787216669243 211
1694428848564 58.9741686807155 212
1694428848632 171.23736785043863 213
1694428848701 183.51846309893833 214
1694428848769 167.793767054137 215
1694428848836 183.59998494308374 216
1694428848903 156.8093542523335 217
1694428848970 144.59603913166927 218
1694428849039 166.01489971527337 219
1694428849108 148.85390024829255 220
1694428849175 169.64387973225232 221
1694428849242 166.94731745543703 222
1694428849310 141.8389486338497 223
1694428849379 120.80502171499138 224
1694428849447 99.75216608764838 225
1694428849515 157.40152931025204 226
1694428849583 172.61606601103523 227
1694428849651 137.42148792092368 228
1694428849718 161.09247070052044 229
1694428849785 179.0386020209953 230
1694428849853 225.61147741706358 231
1694428849920 158.54269471952645 232
1694428849987 15.391368799154996 233
1694428850053 186.61692199879568 234
1694428850120 127.02501596604533 235
1694428850189 185.32264289547933 236
1694428850257 182.60593282952848 237
1694428850327 158.1225210532567 238
1694428850394 194.19595381656245 239
1694428850463 137.54384091947762 240
1694428850532 173.33309416349883 241
1694428850601 172.78444050616505 242
1694428850668 186.21847927667307 243
1694428850737 135.13636206621544 244
1694428850803 301.45912918182694 245
1694428850871 150.9854994292236 246
1694428850940 191.1940925728922 247
1694428851007 135.77017289525983 248
1694428851075 147.62388246720133 249
1694428851142 205.9496366969537 250
1694428851210 112.39627431788297 251
1694428851277 162.35717288186763 252
1694428851345 166.35249097925222 253
1694428851413 159.27548917447612 254
1694428851481 214.71705976524834 255
1694428851549 155.18402531029372 256
1694428851616 209.32037980663708 257
1694428851684 185.76646921695192 258
1694428851754 168.86034281542229 259
1694428851822 162.31655670925994 260
1694428851891 173.3271521718241 261
1694428851962 140.45096108478486 262
1694428852035 147.27277196842982 263
1694428852105 163.16856550301156 264
1694428852174 204.04798015126315 265
1694428852245 172.0610076728471 266
1694428852312 234.90686172963987 267
1694428852381 135.4368319829797 268
1694428852450 188.0522148174428 269
1694428852518 188.31321459209062 270
1694428852587 168.28608931270935 271
1694428852656 159.24352067903664 272
1694428852727 159.13873031046958 273
1694428852795 169.6092566821424 274
1694428852863 191.88716562628838 275
1694428852931 182.44130500201575 276
1694428853002 177.55991740592987 277
1694428853073 141.5561556929969 278
1694428853142 103.37500724495492 279
1694428853211 135.48718308617842 280
1694428853278 121.88886937370854 281
1694428853347 175.6090361969473 282
1694428853414 182.31724018989615 283
1694428853482 183.2687986678988 284
1694428853551 180.80634867522306 285
1694428853618 206.41636965914648 286
1694428853685 180.38902624642347 287
1694428853753 161.92337042180998 288
1694428853821 197.9685985541305 289
1694428853888 157.56537412798272 290
1694428853956 149.41269679011393 291
1694428854025 173.34226233943198 292
1694428854093 165.3454147863058 293
1694428854161 181.3103941345771 294
1694428854228 135.27595347051465 295
1694428854297 160.3273835493832 296
1694428854365 171.23957316609093 297
1694428854433 164.87656947605637 298
1694428854501 177.72705022575659 299
1694428854571 167.87203811324497 300
1694428854639 177.34136434284176 301
1694428854709 184.6647722263892 302
1694428854777 171.86407485932983 303
1694428854846 103.4083336732433 304
1694428854913 145.428842732235 305
1694428854981 70.73150977047175 306
1694428855049 185.83514949106328 307
1694428855117 213.37715723065728 308
1694428855184 153.21876547375925 309
1694428855254 196.5388754572991 310
1694428855322 169.59854936477575 311
1694428855389 178.04451873866245 312
1694428855457 164.21347882209136 313
1694428855526 181.33626009111651 314
1694428855595 153.61128735839338 315
1694428855663 134.24510983353778 316
1694428855731 139.19363577789295 317
1694428855800 167.55157690035986 318
1694428855868 148.89278113728807 319
1694428855936 163.20876620691095 320
1694428856003 187.27687764323645 321
1694428856072 188.8319061302585 322
1694428856140 108.40317633963302 323
1694428856208 188.65288163106817 324
1694428856276 169.02283029374104 325
1694428856344 190.18420581393792 326
1694428856411 106.56001888264811 327
1694428856479 174.49552997413505 328
1694428856548 121.72156288167814 329
1694428856614 108.54744031470265 330
1694428856683 153.2075100281609 331
1694428856751 193.71303956762748 332
1694428856822 158.91673863535806 333
1694428856894 134.13903835380134 334
1694428856962 195.81585932294905 335
1694428857031 137.78880523602618 336
1694428857100 183.24344528033112 337
1694428857167 148.18028877592195 338
1694428857236 164.00462741362233 339
1694428857304 163.14984998540442 340
1694428857371 162.35318961400824 341
1694428857439 151.12648016433542 342
1694428857509 200.11233794637266 343
1694428857577 151.80573176676498 344
1694428857645 187.66654679162625 345
1694428857713 173.10374164667064 346
1694428857781 199.31514990274133 347
1694428857850 175.71713601893737 348
1694428857917 157.3542056099952 349
1694428857986 177.57796108492516 350
1694428858055 158.5651365114153 351
1694428858122 167.2492190266803 352
1694428858191 157.39379178679312 353
1694428858260 211.88874901419624 354
1694428858328 160.5245118902508 355
1694428858396 148.50443052790604 356
1694428858464 142.46334688643398 357
1694428858532 171.02994647321117 358
1694428858601 177.37950554868385 359
1694428858669 163.60743292669537 360
1694428858738 203.66063023525155 361
1694428858807 170.3865908774463 362
1694428858875 177.5631233537557 363
1694428858943 185.6530490532223 364
1694428859011 149.61735783938227 365
1694428859079 157.12726714508102 366
1694428859148 151.5648604265961 367
1694428859216 148.31626381024148 368
1694428859283 160.72615247683433 369
1694428859352 142.43046171538134 370
1694428859420 153.82980424353144 371
1694428859487 165.7608879373679 372
1694428859555 171.55098201320223 373
1694428859623 178.36699562158083 374
1694428859693 227.66051922832796 375
1694428859762 210.53432868293282 376
1694428859829 174.91021284819834 377
1694428859897 184.60444973601784 378
1694428859965 140.65871917805416 379
1694428860032 174.8182535278141 380
1694428860101 156.7039568804334 381
1694428860170 148.08173438289248 382
1694428860237 87.96995646203217 383
1694428860307 145.01615073514625 384
1694428860374 122.60790849161783 385
1694428860442 162.7182611806318 386
1694428860511 135.43159864620975 387
1694428860579 163.3681822981306 388
1694428860646 82.08543792289919 389
1694428860714 159.3215380147975 390
1694428860782 176.72218777656477 391
1694428860850 156.61984718365207 392
1694428860918 181.83203235602264 393
1694428860986 152.64263111139707 394
1694428861054 168.68113509231907 395
1694428861121 171.74800019328097 396
1694428861188 182.29576012262945 397
1694428861255 170.29179473456531 398
1694428861323 180.59043184730479 399
1694428861394 150.57933468822313 400
1694428861475 159.81254089891058 401
1694428861544 216.63538472080685 402
1694428861612 117.61116289065647 403
1694428861680 119.34859716849343 404
1694428861748 174.01068663401992 405
1694428861818 188.1857838300354 406
1694428861885 173.32280046630638 407
1694428861954 218.4820962409806 408
1694428862023 193.8488552757706 409
1694428862092 158.24696822934297 410
1694428862160 187.21510696088328 411
1694428862228 207.01574814206032 412
1694428862296 165.88003313526573 413
1694428862363 181.7852901283353 414
1694428862431 160.45627921797404 415
1694428862498 166.19089897944102 416
1694428862566 261.07716589346086 417
1694428862634 171.01457625949334 418
1694428862701 176.80778235921198 419
1694428862768 195.02026384112585 420
1694428862837 173.65459268361133 421
1694428862906 174.96985273447035 422
1694428862973 181.76326482330614 423
1694428863041 170.78406220431566 424
1694428863109 155.46482119232292 425
1694428863176 147.92741410110278 426
1694428863245 175.13191433258004 427
1694428863312 138.6765840392268 428
1694428863379 161.7546223902303 429
1694428863448 141.442872862457 430
1694428863515 176.08273408956563 431
1694428863583 140.72721018512746 432
1694428863652 162.4985804843306 433
1694428863719 186.9046498098155 434
1694428863786 147.4391509588706 435
1694428863854 166.96070529494565 436
1694428863921 186.8316581408498 437
1694428863989 172.5089236482057 438
1694428864057 166.7123871685596 439
1694428864123 178.9273895561962 440
1694428864191 179.1334879577582 441
1694428864258 130.8472926574786 442
1694428864325 180.65336183793474 443
1694428864392 219.99518593290676 444
1694428864461 117.26527706996411 445
1694428864528 190.9383193851875 446
1694428864596 187.94569065431227 447
1694428864664 136.73374414830332 448
1694428864732 143.93400279827839 449
1694428864799 168.04621211433567 450
1694428864867 130.18540786124936 451
1694428864935 151.82375066469 452
1694428865002 159.07605850221566 453
1694428865069 159.01964951102295 454
1694428865137 119.48712470625627 455
1694428865206 113.14426213994726 456
1694428865274 125.62373359601433 457
1694428865341 202.93041723758216 458
1694428865408 157.67795243172327 459
1694428865475 198.78240413450627 460
1694428865545 248.24276528330552 461
1694428865613 158.80138330643945 462
1694428865681 194.281696203301 463
1694428865749 172.1884756184751 464
1694428865816 149.53895041883533 465
1694428865882 167.69640251795562 466
1694428865951 158.0565289559363 467
1694428866019 182.53653043728562 468
1694428866087 170.59167653289038 469
1694428866155 166.25159172017106 470
1694428866222 170.9639456734491 471
1694428866291 199.11471867154893 472
1694428866359 180.33728156028423 473
1694428866427 113.47599059277913 474
1694428866494 172.61645336606674 475
1694428866561 182.83805769793045 476
1694428866628 181.58430024364193 477
1694428866696 162.47325703438997 478
1694428866766 147.46219306205717 479
1694428866833 172.33660817367155 480
1694428866900 179.68190206080197 481
1694428866969 177.1276810237894 482
1694428867036 180.21012665333873 483
1694428867105 183.3877783647027 484
1694428867173 157.45657786529344 485
1694428867241 218.53714794653902 486
1694428867308 111.73647062001027 487
1694428867374 171.76104084095962 488
1694428867441 173.0549684228966 489
1694428867510 185.9317585253446 490
1694428867576 156.17206895356864 491
1694428867645 173.23782686059286 492
1694428867712 165.77871421590092 493
1694428867779 175.5597927709498 494
1694428867848 140.41813237793656 495
1694428867915 110.1174880601242 496
1694428867984 204.50888318978556 497
1694428868051 163.7126342292901 498
1694428868119 173.23066981735272 499
