1694433702492 0.00840433590981229 0
1694433702562 0.030071735252518314 1
1694433702633 0.05793391802821683 2
1694433702701 4.834960777584827e-07 3
1694433702769 0.19829497077426472 4
1694433702840 0.12392213982986147 5
1694433702908 0.13816105097189144 6
1694433702994 0.10064450113440611 7
1694433703066 0.024152634977866568 8
1694433703134 0.06584494476924614 9
1694433703203 0.011343953713441705 10
1694433703272 0.005190804490101873 11
1694433703340 0.08025716082425641 12
1694433703408 0.030948530594060077 13
1694433703476 0.03161389650816737 14
1694433703544 0.008825243051401086 15
1694433703618 0.014454642747060752 16
1694433703693 0.08351429020511901 17
1694433703761 0.05272086614182989 18
1694433703830 0.5999747288794198 19
1694433703899 0.23169837404566698 20
1694433703967 0.21136899113591526 21
1694433704035 0.32454088444048684 22
1694433704105 0.21399616279249709 23
1694433704173 0.02901752596164929 24
1694433704241 0.13306378475988326 25
1694433704308 0.16432054267602886 26
1694433704378 0.010466579862369508 27
1694433704446 0.25580925243103353 28
1694433704513 0.012386437721145229 29
1694433704582 0.09815329546830244 30
1694433704649 0.0005603339567636351 31
1694433704718 0.015088237330739038 32
1694433704786 0.057873262418743444 33
1694433704853 0.08966609730112883 34
1694433704922 0.018494376454439285 35
1694433704990 0.03490858177594663 36
1694433705058 0.0004735592408582742 37
1694433705125 0.026484943333705126 38
1694433705194 0.01848670327092743 39
1694433705261 0.156992898848482 40
1694433705330 3.408024752807352e-05 41
1694433705399 0.015204273962088571 42
1694433705467 0.15923000302619897 43
1694433705535 0.0020075131611411935 44
1694433705604 0.002907359022599243 45
1694433705672 0.01972626599712374 46
1694433705739 0.010115386822914445 47
1694433705807 0.03854160689308537 48
1694433705875 0.052585181086341776 49
1694433705982 0.026468274846050778 50
1694433706050 0.07448307487390353 51
1694433706118 0.018060390012637987 52
1694433706186 0.005037176431458788 53
1694433706254 0.22762695579978076 54
1694433706323 2.5067816104273223e-05 55
1694433706391 0.09263223420528717 56
1694433706459 0.01696358291299532 57
1694433706526 0.0014694772763639346 58
1694433706594 0.06273028698117925 59
1694433706662 0.159673990554865 60
1694433706729 0.12851898958788083 61
1694433706798 0.012810837179254062 62
1694433706871 1.4529971429129727 63
1694433706940 0.0018672718795505149 64
1694433707009 0.11744589722664918 65
1694433707077 0.04555303991310122 66
1694433707145 0.0997251847721094 67
1694433707213 0.12575190508729323 68
1694433707282 0.3013381734318436 69
1694433707350 0.07837101135283639 70
1694433707418 0.3125144493018248 71
1694433707487 0.004986675639032637 72
1694433707554 0.07776454442120159 73
1694433707623 0.13149531659216185 74
1694433707691 0.05565002802224683 75
1694433707759 0.048025299911936964 76
1694433707828 0.012532312784913159 77
1694433707895 0.213421208736683 78
1694433707964 0.2538868791887851 79
1694433708032 0.13649584733820377 80
1694433708100 0.12188677405178475 81
1694433708167 0.3697746494459743 82
1694433708235 0.03346264811252414 83
1694433708304 0.0014213181576657275 84
1694433708371 0.18980214945597065 85
1694433708439 0.11425941049122337 86
1694433708507 0.039468014999897626 87
1694433708576 0.2110050559018463 88
1694433708644 0.11485684483528388 89
1694433708711 0.0021875764777695914 90
1694433708780 0.0960325406686678 91
1694433708848 0.0332036489752242 92
1694433708916 0.09971289833445163 93
1694433708984 0.13531455730764852 94
1694433709051 0.004793757616993107 95
1694433709120 0.021449948309676024 96
1694433709187 0.009891793705389514 97
1694433709256 0.0438548160866785 98
1694433709324 0.09066457949930894 99
1694433709392 0.0006258473547243185 100
1694433709460 0.1436304883816365 101
1694433709528 0.04128779429014765 102
1694433709596 0.1025359578781232 103
1694433709664 0.0015177348650126763 104
1694433709732 0.10115820141987047 105
1694433709800 1.5388656260755564e-06 106
1694433709868 0.03394045768055121 107
1694433709937 0.05271852075372076 108
1694433710005 0.030938444681712612 109
1694433710072 0.0041206509266979675 110
1694433710140 0.0006285591788548821 111
1694433710209 0.21444318885174424 112
1694433710277 0.04627359169813751 113
1694433710344 0.408544375130721 114
1694433710412 0.041659414896368596 115
1694433710481 0.033223527020663404 116
1694433710549 2.630126510804612e-06 117
1694433710617 0.11347674026359808 118
1694433710685 0.0007006262954562662 119
1694433710754 0.04623337475967383 120
1694433710822 0.2604048719791599 121
1694433710890 0.06890688766296421 122
1694433710959 0.03702911328326113 123
1694433711027 0.030387303819210995 124
1694433711095 0.018371741011507937 125
1694433711163 0.0647083986752059 126
1694433711231 0.04138702743454443 127
1694433711300 0.9939791393064912 128
1694433711369 0.07055422168810246 129
1694433711437 0.0008735006332462822 130
1694433711506 0.001800345029291904 131
1694433711574 0.07406723935991709 132
1694433711642 0.05141357808457052 133
1694433711710 0.012864730871898065 134
1694433711778 1.118583124212681 135
1694433711845 0.09535095339759225 136
1694433711913 0.00478338839719291 137
1694433711981 0.003964656872250211 138
1694433712050 0.03867714904200779 139
1694433712117 0.09195331812909031 140
1694433712185 0.35118339427293793 141
1694433712254 0.03646941144133055 142
1694433712321 0.2688144333976675 143
1694433712389 0.09969763461744582 144
1694433712457 0.01583580765653676 145
1694433712525 0.054066978580790036 146
1694433712592 0.003120592799250484 147
1694433712662 0.0348558430848577 148
1694433712730 0.010888244094262851 149
1694433712798 0.0877652291503026 150
1694433712866 0.16222364454316957 151
1694433712934 0.08259964074984079 152
1694433713002 0.04821226050137863 153
1694433713072 0.02469127434673497 154
1694433713140 0.0981141540378665 155
1694433713209 0.2511717792228829 156
1694433713277 0.7811413525568687 157
1694433713346 0.018082535330008007 158
1694433713415 0.00863093187999183 159
1694433713483 0.07353471885798202 160
1694433713553 0.0087197871614505 161
1694433713620 0.32521024245277197 162
1694433713690 0.008431841769262101 163
1694433713757 0.15489320699130363 164
1694433713825 0.27945220744194577 165
1694433713895 0.01934612702828109 166
1694433713963 0.012613217731878316 167
1694433714032 0.09814056371246019 168
1694433714100 0.8064712523514134 169
1694433714168 0.00035395706543674886 170
1694433714235 0.08721490377259068 171
1694433714304 0.270322673049944 172
1694433714372 0.07584421102167475 173
1694433714440 0.04204065941744339 174
1694433714507 0.14005585586644081 175
1694433714576 0.01709064513342388 176
1694433714644 0.013718392749367425 177
1694433714713 0.00385585897154104 178
1694433714781 0.0017476361153771437 179
1694433714849 0.1264131468547376 180
1694433714918 0.054994255387741595 181
1694433714987 0.165181805815629 182
1694433715055 0.12779845783757804 183
1694433715125 0.08144599525903075 184
1694433715192 0.03222841357032847 185
1694433715263 0.0017598354200152467 186
1694433715329 0.17799285477296747 187
1694433715398 0.033832852602335886 188
1694433715466 0.01495340523812635 189
1694433715535 0.1772180834965359 190
1694433715603 0.08096758400118875 191
1694433715671 0.1040440279045179 192
1694433715739 0.04998014139691836 193
1694433715807 0.03304942275913835 194
1694433715875 0.0006767991788849308 195
1694433715944 0.048209748163364985 196
1694433716011 0.019756534787488803 197
1694433716079 0.060226149903469736 198
1694433716147 0.01760800842475323 199
1694433716216 0.00439080251634418 200
1694433716284 0.06604930747601034 201
1694433716352 0.13789549202134965 202
1694433716420 0.05813621380183654 203
1694433716488 0.000529879624183637 204
1694433716556 0.02163895609714498 205
1694433716624 0.02861050047449332 206
1694433716692 0.08708598460939712 207
1694433716760 0.04293836358790546 208
1694433716827 0.05997371124926063 209
1694433716894 0.007684677572454004 210
1694433716962 0.2531100340574928 211
1694433717030 0.18607028957865462 212
1694433717099 0.007329840192913553 213
1694433717167 0.012646570955123742 214
1694433717235 0.040328114309910776 215
1694433717304 0.2506713943961157 216
1694433717372 0.03148494919109877 217
1694433717440 0.19993760733293559 218
1694433717509 0.00869871353309291 219
1694433717579 0.05799755370776044 220
1694433717646 0.7175309031571816 221
1694433717715 0.18291941054493516 222
1694433717786 0.009376152201898176 223
1694433717854 0.008108573210921208 224
1694433717922 0.03151958647421098 225
1694433717990 0.0024258115788639866 226
1694433718058 0.0023951409902688904 227
1694433718127 0.13611898108398765 228
1694433718196 0.1258781093848312 229
1694433718264 0.47938621295761363 230
1694433718331 0.20174910375702496 231
1694433718399 0.11365475566812291 232
1694433718467 0.06369426645759306 233
1694433718535 0.0029617246385151967 234
1694433718604 0.005051268591309154 235
1694433718673 0.0010804925198674407 236
1694433718741 0.4531193595410054 237
1694433718810 0.0577059678080353 238
1694433718878 0.21228907696726682 239
1694433718945 0.14415922790198635 240
1694433719014 0.0004866897009834474 241
1694433719083 0.0176308514719121 242
1694433719150 0.015231256656462975 243
1694433719218 0.003250931744599707 244
1694433719287 0.08907510771659101 245
1694433719355 0.17619772153983163 246
1694433719423 0.026843632108093506 247
1694433719491 0.09050160029800584 248
1694433719558 0.0086060334920024 249
1694433719626 0.0733356009311725 250
1694433719695 0.030371106198327193 251
1694433719763 0.017376740463696642 252
1694433719833 0.0009930962246531788 253
1694433719900 0.16482837014521357 254
1694433719968 0.009087214703955144 255
1694433720038 0.25247561392272294 256
1694433720107 0.06691277553551689 257
1694433720175 0.2567631155307594 258
1694433720246 0.02777114387615513 259
1694433720314 0.13065730502067505 260
1694433720382 0.5961455924108885 261
1694433720450 0.0002345186968661122 262
1694433720518 0.07018599639523498 263
1694433720586 0.003119525831110087 264
1694433720655 4.798907722491922e-07 265
1694433720724 0.3352181445618141 266
1694433720792 0.0030818242697390253 267
1694433720861 0.00018271697840036502 268
1694433720928 0.020967510651990068 269
1694433720998 0.001061229938784504 270
1694433721066 0.0715516542937614 271
1694433721133 0.15828119315212377 272
1694433721202 0.02232432199348426 273
1694433721270 0.05369244707067897 274
1694433721339 0.143919600570522 275
1694433721407 0.008963994454168659 276
1694433721475 0.11351539338353035 277
1694433721544 1.0010510300637763 278
1694433721612 0.0011808074179799784 279
1694433721680 0.07528825705898165 280
1694433721749 0.05849448041401332 281
1694433721818 0.03714803993498045 282
1694433721887 8.852049499689842e-05 283
1694433721954 0.07962397476388865 284
1694433722023 0.011442348130669366 285
1694433722090 0.0019529467277491373 286
1694433722161 7.769157820408556e-05 287
1694433722227 5.034566238937464e-05 288
1694433722297 0.001958303788679979 289
1694433722366 0.0003669024542192466 290
1694433722434 0.014837188334577464 291
1694433722502 0.03033175811004285 292
1694433722572 0.03897972159296741 293
1694433722640 0.01280781780618689 294
1694433722709 1.3648319098073323 295
1694433722777 0.025795363306868335 296
1694433722847 0.041878670011118155 297
1694433722916 0.1485574499865969 298
1694433722984 0.028483180687992844 299
1694433723052 0.07782765745958646 300
1694433723120 0.03794981830636088 301
1694433723189 0.1498599360059521 302
1694433723256 0.09291019737832332 303
1694433723325 0.09440032867022963 304
1694433723393 0.09643397162741803 305
1694433723461 0.02220620455058822 306
1694433723529 0.20831503892932593 307
1694433723597 0.0008815401102852708 308
1694433723666 0.04990029601892526 309
1694433723735 0.03676180038135963 310
1694433723803 0.030136262247080495 311
1694433723872 0.009907090014814093 312
1694433723940 0.07228109917921809 313
1694433724009 0.17408988903186073 314
1694433724078 0.0446517619998781 315
1694433724146 0.06481876365441312 316
1694433724214 0.15667189845511917 317
1694433724283 0.06825475034455024 318
1694433724350 0.07435002734834999 319
1694433724418 0.11855178033167205 320
1694433724486 0.03644022302016276 321
1694433724555 0.0024377377815818523 322
1694433724624 0.024706673689229023 323
1694433724692 0.00022435927974088452 324
1694433724760 0.37874622473500513 325
1694433724826 0.02394244656148165 326
1694433724895 0.07834978725456543 327
1694433724963 0.0027656503741553874 328
1694433725030 0.024463179296046973 329
1694433725098 0.027521067626464772 330
1694433725168 0.4642992258266762 331
1694433725236 0.05635875454543329 332
1694433725306 0.13664924695537045 333
1694433725374 0.2211169198815017 334
1694433725441 0.0026380585053419506 335
1694433725509 0.021740203178715518 336
1694433725577 0.030903296160503857 337
1694433725645 0.0045339310676719815 338
1694433725713 0.0076950436122652 339
1694433725782 0.11398770509414774 340
1694433725849 0.028559357362420795 341
1694433725918 0.05167931110844117 342
1694433725987 0.02079901160456188 343
1694433726054 0.04358386070545273 344
1694433726123 0.009620454780618602 345
1694433726190 0.502338327502614 346
1694433726260 0.03202168247242648 347
1694433726328 0.04009341536526725 348
1694433726396 0.231252142284775 349
1694433726465 0.0019175866407026298 350
1694433726534 0.012063684606963433 351
1694433726602 0.0987396225847793 352
1694433726671 0.05108244991435115 353
1694433726740 0.14911123047380684 354
1694433726808 0.1751507050891662 355
1694433726874 0.14237046921302926 356
1694433726945 5.534065185786103e-06 357
1694433727021 0.16596996664785418 358
1694433727091 0.03639665806110458 359
1694433727171 0.0007099657311154635 360
1694433727242 0.0030549607173274034 361
1694433727311 0.011542308259036122 362
1694433727381 0.02053279598976428 363
1694433727448 0.027404943855963145 364
1694433727517 0.002033444560300232 365
1694433727586 0.013488485759741606 366
1694433727654 0.10934521572685812 367
1694433727721 1.9516452751876323e-06 368
1694433727789 0.07817939919891728 369
1694433727857 0.016912208346501395 370
1694433727925 0.00028446686043564595 371
1694433727994 0.0001178975651028692 372
1694433728063 0.07128055399968543 373
1694433728132 0.05417496561374971 374
1694433728201 0.0076301555995833105 375
1694433728268 0.19315932944108147 376
1694433728336 0.07650708430900725 377
1694433728406 0.1430491727456892 378
1694433728473 0.08652060013076072 379
1694433728541 0.016200588373136027 380
1694433728610 0.060290622981368565 381
1694433728678 0.18362536093771759 382
1694433728746 0.024861443011346695 383
1694433728815 1.0542934579992594e-05 384
1694433728883 0.0430737081296671 385
1694433728950 0.0508581541134761 386
1694433729020 0.08429766215792782 387
1694433729092 0.7606796637324158 388
1694433729161 0.13674402303207894 389
1694433729229 0.0018259709121301875 390
1694433729296 0.021796818117783914 391
1694433729365 0.02744695022231118 392
1694433729432 0.4419945223002238 393
1694433729499 0.0545204905775239 394
1694433729566 0.07834182600712367 395
1694433729634 0.015360722452700986 396
1694433729702 0.0002930266276993684 397
1694433729769 0.15904411572146032 398
1694433729837 0.011157572582700385 399
1694433729906 0.48266689462989726 400
1694433729974 0.16242125497947016 401
1694433730042 0.024826129458821775 402
1694433730111 0.0028100399359060947 403
1694433730179 0.06308810258919277 404
1694433730248 0.0021333690985179308 405
1694433730316 0.09778807441121928 406
1694433730383 0.3699052390530128 407
1694433730450 0.018153381325944677 408
1694433730518 0.2765090334926607 409
1694433730585 0.07397456426328539 410
1694433730653 0.08271735889466417 411
1694433730721 0.3781996722696367 412
1694433730789 0.002249700745115841 413
1694433730858 0.15156897017567872 414
1694433730926 0.02885206182918058 415
1694433730995 0.0036649198104692325 416
1694433731062 0.08391096448827075 417
1694433731132 0.03376517755303835 418
1694433731200 0.08513833795801012 419
1694433731267 0.03106890857548077 420
1694433731336 0.3834595460776724 421
1694433731404 0.010423863441816734 422
1694433731472 0.0007698253744770179 423
1694433731540 0.009530610937031652 424
1694433731609 0.3926634982917642 425
1694433731676 0.15019537159599378 426
1694433731745 0.23717612563267854 427
1694433731813 0.020441407390200433 428
1694433731881 0.0692547087106984 429
1694433731949 0.1717416197040879 430
1694433732017 0.15580247888687415 431
1694433732085 0.0031342700995335235 432
1694433732152 0.00039647109949073896 433
1694433732220 0.05981458350023461 434
1694433732288 0.12337301992380045 435
1694433732356 0.31659220489010703 436
1694433732423 0.05260119782677525 437
1694433732493 0.023187444843689523 438
1694433732562 0.14433965006401478 439
1694433732629 0.03077031222476013 440
1694433732698 0.11159529905240909 441
1694433732766 0.00035425571180761897 442
1694433732834 0.00858493831537757 443
1694433732903 0.03540091408250332 444
1694433732970 0.0011067510546342262 445
1694433733038 0.0873679646127017 446
1694433733106 1.4679591873546516 447
1694433733174 0.013214223639291436 448
1694433733242 0.026179236702557344 449
1694433733319 0.0946119215141388 450
1694433733387 0.02666682436882176 451
1694433733456 0.03801414848484193 452
1694433733523 0.07535806777269263 453
1694433733591 0.1415776813598976 454
1694433733659 0.002288549386248724 455
1694433733727 0.005269048069637276 456
1694433733795 0.11497411327245374 457
1694433733864 0.015846030968413402 458
1694433733932 0.05167913574433572 459
1694433734006 0.004618069029107888 460
1694433734075 0.03486578339285841 461
1694433734146 0.0020153809180525318 462
1694433734215 0.024752834815598642 463
1694433734283 0.3130188287023534 464
1694433734350 0.10119035811960675 465
1694433734419 0.04926599360633453 466
1694433734487 0.06284524659536836 467
1694433734554 0.11534943154898031 468
1694433734622 0.026172396228779832 469
1694433734690 0.0011449731921928722 470
1694433734759 0.0549491794696167 471
1694433734826 0.0067258145309446234 472
1694433734894 0.009883319906570981 473
1694433734963 0.04921810804789652 474
1694433735034 0.17238181656938426 475
1694433735104 0.018787147089981443 476
1694433735173 0.008254420912298097 477
1694433735242 0.09506611671562341 478
1694433735309 0.08359258511954792 479
1694433735378 0.2855529447333936 480
1694433735445 0.04200185963543328 481
1694433735513 0.1429543536482695 482
1694433735581 0.0011453096900550408 483
1694433735648 0.0062041952801613395 484
1694433735716 0.1694326588624472 485
1694433735785 0.011261137418560635 486
1694433735856 0.17466221482482297 487
1694433735924 0.0729893326152276 488
1694433735991 0.0010323795360739118 489
1694433736061 0.2678896447583685 490
1694433736129 0.04357535030932794 491
1694433736196 0.3997235858103349 492
1694433736264 0.0024755446363187317 493
1694433736331 0.03038914133513784 494
1694433736399 0.012781636001252194 495
1694433736467 0.00020883406263716707 496
1694433736536 0.06793745900310001 497
1694433736605 0.060485135960177405 498
1694433736672 0.6058242069579544 499
