1694428593485 171.5604371895166 0
1694428593502 166.32881146935136 1
1694428593517 174.47605176080273 2
1694428593531 168.27160732813715 3
1694428593547 160.46683566995418 4
1694428593561 160.21184546172643 5
1694428593576 165.52842436301708 6
1694428593591 167.95886047028412 7
1694428593605 161.77260312013564 8
1694428593620 172.42565327472656 9
1694428593636 172.0455814798581 10
1694428593653 172.15665880148825 11
1694428593668 172.22415662840402 12
1694428593683 168.50830554991018 13
1694428593698 161.5449820323952 14
1694428593713 168.14024784613304 15
1694428593728 169.50365175814525 16
1694428593743 166.7226182151835 17
1694428593764 169.96314643067097 18
1694428593778 171.92000454349218 19
1694428593793 162.9523513224708 20
1694428593808 168.44975133517346 21
1694428593822 170.2701889048389 22
1694428593838 167.00135366378865 23
1694428593852 177.4564927298104 24
1694428593867 165.09979851319991 25
1694428593881 173.71636208299725 26
1694428593897 167.15113550034226 27
1694428593911 172.4806523472677 28
1694428593926 164.42071996352064 29
1694428593941 163.33958813949357 30
1694428593956 165.16422174825684 31
1694428593970 161.63018810196874 32
1694428593986 168.9636182708585 33
1694428594008 168.76477411415541 34
1694428594025 161.64705460961312 35
1694428594044 166.10796687121123 36
1694428594064 167.03842262524196 37
1694428594083 170.99341199861345 38
1694428594103 173.42688955201672 39
1694428594122 168.9492189050091 40
1694428594141 171.12979087004788 41
1694428594158 168.86878951654566 42
1694428594173 171.63166499368367 43
1694428594188 172.60173318767806 44
1694428594202 166.28098445269535 45
1694428594216 169.4437824710555 46
1694428594231 167.78629854621127 47
1694428594246 169.56634225251716 48
1694428594261 168.94663107621705 49
1694428594275 169.80104793630377 50
1694428594290 167.1201530250049 51
1694428594305 172.08007804894237 52
1694428594319 168.40972132113347 53
1694428594334 165.4242548574069 54
1694428594348 168.58901282755247 55
1694428594363 169.1461160437693 56
1694428594378 161.93398862457224 57
1694428594393 173.83204708576844 58
1694428594412 165.63857457542667 59
1694428594427 165.67734419707153 60
1694428594442 166.62901769259807 61
1694428594457 167.98849331081075 62
1694428594472 167.59422455658247 63
1694428594486 160.67818320005196 64
1694428594501 172.66410827741234 65
1694428594516 172.5431738244681 66
1694428594531 161.41529534463686 67
1694428594545 168.99314463873492 68
1694428594560 168.42781902064664 69
1694428594575 163.36819849997963 70
1694428594589 164.32184456213568 71
1694428594605 169.90675883390347 72
1694428594620 163.07920418210142 73
1694428594636 164.12140884559062 74
1694428594650 170.2228628909209 75
1694428594666 165.83651904168497 76
1694428594680 164.90260726467733 77
1694428594695 166.07109634177692 78
1694428594709 169.441321152597 79
1694428594724 166.83779998443995 80
1694428594740 173.1179769082759 81
1694428594754 171.88708257118097 82
1694428594768 171.1467275878794 83
1694428594783 168.66871627583166 84
1694428594798 168.70329221564057 85
1694428594815 167.10569821742888 86
1694428594835 171.57409219952254 87
1694428594850 166.92565191541385 88
1694428594864 167.70861112946918 89
1694428594879 167.25066194863567 90
1694428594893 166.93073115914845 91
1694428594908 169.59236540672987 92
1694428594922 166.1762792269743 93
1694428594937 166.10735451054916 94
1694428594952 167.92131259835165 95
1694428594972 168.92641922349097 96
1694428594989 169.74835733022843 97
1694428595005 166.4412283734019 98
1694428595020 169.8602158932085 99
1694428595034 169.4695557395891 100
1694428595049 167.73351353595442 101
1694428595064 164.75005998652514 102
1694428595079 169.19935708762227 103
1694428595097 167.42894488727725 104
1694428595118 168.4088757605927 105
1694428595137 168.21046228708678 106
1694428595156 169.43578835622438 107
1694428595170 168.49530583190406 108
1694428595184 165.5049731117356 109
1694428595199 162.5944698639838 110
1694428595215 170.25283099510753 111
1694428595229 168.64786330485663 112
1694428595244 166.3169735697464 113
1694428595259 165.74305477915752 114
1694428595274 168.32552844559538 115
1694428595288 170.29665835885393 116
1694428595304 164.2890579825114 117
1694428595320 167.96311454119277 118
1694428595335 166.94694339647057 119
1694428595349 169.4346021512919 120
1694428595364 163.76549676655878 121
1694428595378 166.83317808760037 122
1694428595393 167.2348713392416 123
1694428595408 169.32834912056902 124
1694428595423 170.03116278194267 125
1694428595438 165.06196450220037 126
1694428595452 168.34292654465736 127
1694428595467 171.49255733631523 128
1694428595481 170.9169581088459 129
1694428595496 168.40049074778926 130
1694428595511 173.53792175752068 131
1694428595525 169.0623939608974 132
1694428595544 169.83614676996513 133
1694428595560 159.65241455880167 134
1694428595577 171.56939312967407 135
1694428595592 162.08093605547637 136
1694428595606 165.54364513780007 137
1694428595621 166.6276224621656 138
1694428595635 168.49299078090107 139
1694428595650 174.59968825949366 140
1694428595665 164.8395423152373 141
1694428595679 163.82488142889636 142
1694428595694 170.497230387094 143
1694428595708 167.6694584559057 144
1694428595723 164.62284704954268 145
1694428595738 170.43037983692324 146
1694428595754 172.49801667580442 147
1694428595769 169.3744105348995 148
1694428595784 167.7952114996421 149
1694428595799 168.58249985952054 150
1694428595813 164.9955171961855 151
1694428595827 165.2359938606899 152
1694428595842 168.93075909065269 153
1694428595856 171.65086834695575 154
1694428595871 167.13308064504199 155
1694428595885 166.34624346961147 156
1694428595900 171.94917379920392 157
1694428595914 173.11629517695056 158
1694428595929 168.65969719861113 159
1694428595943 165.4024607807496 160
1694428595959 170.55865667278152 161
1694428595974 160.7373905767259 162
1694428595989 170.7960798211909 163
1694428596003 169.52933544140456 164
1694428596018 160.45598135114867 165
1694428596033 169.6667268170034 166
1694428596047 169.24027110795365 167
1694428596062 168.76283041203277 168
1694428596076 167.5249097296941 169
1694428596091 170.56271053530784 170
1694428596107 167.74860205133828 171
1694428596121 170.88765195630882 172
1694428596139 171.03475827056 173
1694428596155 166.61343013362898 174
1694428596175 166.57275688935434 175
1694428596192 167.39449917005976 176
1694428596207 167.21891524414846 177
1694428596222 165.9817077486 178
1694428596236 168.9693500030446 179
1694428596252 168.93370648650017 180
1694428596266 168.84745728641482 181
1694428596281 166.59985874366666 182
1694428596296 166.47926886775147 183
1694428596311 165.30219400193988 184
1694428596325 170.65986268896742 185
1694428596341 168.82092150097756 186
1694428596356 166.30787078227985 187
1694428596370 171.37346690519607 188
1694428596385 167.84815857947387 189
1694428596399 168.5203915164497 190
1694428596414 169.5680451688866 191
1694428596429 167.04803496576974 192
1694428596444 166.38506620714716 193
1694428596459 166.32042385599456 194
1694428596473 168.71143058249368 195
1694428596488 166.9272557064237 196
1694428596503 164.8862393164691 197
1694428596518 169.6280487718843 198
1694428596533 163.39446245477362 199
1694428596548 170.4959868913918 200
1694428596562 164.72429521974678 201
1694428596577 171.38045300840434 202
1694428596590 170.9490316380159 203
1694428596606 164.8044398413901 204
1694428596620 166.04087016445814 205
1694428596634 173.30502379624144 206
1694428596649 162.30540250230248 207
1694428596669 166.08088928090154 208
1694428596685 164.42358400950374 209
1694428596702 169.87595306864395 210
1694428596717 168.72754503053474 211
1694428596732 166.25992279920447 212
1694428596748 167.43737326326342 213
1694428596762 173.21923339255568 214
1694428596777 166.0314652774476 215
1694428596792 173.0613094793676 216
1694428596806 169.78182553400083 217
1694428596820 170.738452324726 218
1694428596835 167.48409998003623 219
1694428596850 162.7377911759888 220
1694428596864 167.8157534221156 221
1694428596879 171.67334879096146 222
1694428596894 170.54372741491468 223
1694428596908 169.31943407797817 224
1694428596923 167.9939542209313 225
1694428596937 171.24557423076007 226
1694428596953 167.480224468314 227
1694428596968 165.47416138340577 228
1694428596982 168.11434013338035 229
1694428596997 171.15146572680828 230
1694428597011 169.1334321477303 231
1694428597027 166.3259722490076 232
1694428597042 170.66978264889352 233
1694428597056 168.33283919543078 234
1694428597072 164.31046886204908 235
1694428597086 166.13223490317003 236
1694428597100 163.27033061521755 237
1694428597115 171.97077438922858 238
1694428597129 164.42925795381987 239
1694428597144 166.46353153289115 240
1694428597159 166.85187575741568 241
1694428597173 166.87987581732133 242
1694428597188 162.9887452141641 243
1694428597202 168.21847512563113 244
1694428597217 170.92525112912423 245
1694428597231 167.74976847870556 246
1694428597248 168.465962061389 247
1694428597265 174.14395425479105 248
1694428597283 170.8014734069138 249
1694428597298 170.17726301963052 250
1694428597313 171.49084146075933 251
1694428597328 165.6484075018605 252
1694428597343 170.2418800991677 253
1694428597358 171.0525569041825 254
1694428597372 169.81252975585588 255
1694428597387 171.43014836850307 256
1694428597401 169.93888825665115 257
1694428597416 165.70221341732625 258
1694428597430 169.43427818295885 259
1694428597445 172.76761573695464 260
1694428597459 166.19945882885136 261
1694428597474 167.4276120357256 262
1694428597489 169.3663276480538 263
1694428597503 159.73198509507893 264
1694428597517 168.705652317612 265
1694428597533 172.41607014786072 266
1694428597548 168.40885901874805 267
1694428597563 169.5943393240443 268
1694428597578 167.35674159263155 269
1694428597593 169.70653554890126 270
1694428597607 173.24184198230725 271
1694428597622 171.1427422790786 272
1694428597637 166.55813035613642 273
1694428597653 167.71164034230696 274
1694428597667 166.47066009716977 275
1694428597683 169.2381580380958 276
1694428597697 162.3078732034549 277
1694428597712 167.00616986359822 278
1694428597727 167.58421227674017 279
1694428597741 172.57364293206106 280
1694428597757 170.87152419126923 281
1694428597771 169.02983103453383 282
1694428597792 167.64719960592046 283
1694428597810 170.24014298082588 284
1694428597828 165.47535676122502 285
1694428597843 168.23913754474987 286
1694428597859 171.02264346456587 287
1694428597874 168.9042271404089 288
1694428597888 170.72097190391437 289
1694428597903 155.64936838574567 290
1694428597918 168.7548523053335 291
1694428597933 169.12405598588228 292
1694428597947 173.50147070227598 293
1694428597963 165.36183128655804 294
1694428597977 165.210615564653 295
1694428597992 174.838022103721 296
1694428598007 170.4775479125187 297
1694428598021 167.98793286055462 298
1694428598037 167.88303786676792 299
1694428598052 169.32019415312155 300
1694428598067 162.7965367902629 301
1694428598082 168.47238593097487 302
1694428598096 165.72765933268602 303
1694428598111 168.52760390863574 304
1694428598124 168.05422299543335 305
1694428598140 169.83411020744725 306
1694428598154 168.0210901442555 307
1694428598169 172.37772021344293 308
1694428598185 170.01219000251413 309
1694428598199 172.51709487289415 310
1694428598214 167.74412895005506 311
1694428598229 168.41317379491974 312
1694428598243 170.4062738160017 313
1694428598258 167.77350324493048 314
1694428598273 166.63416808354563 315
1694428598288 172.59852337285596 316
1694428598303 167.51202690369988 317
1694428598318 162.19699143042226 318
1694428598332 172.80392730761358 319
1694428598347 167.92986792493068 320
1694428598367 166.15126005097423 321
1694428598384 165.77660875475138 322
1694428598402 167.41555956336396 323
1694428598417 166.13858535528811 324
1694428598431 168.94859818147432 325
1694428598446 170.53036088582408 326
1694428598462 171.80705309930838 327
1694428598476 176.7970115454723 328
1694428598491 167.74103790920907 329
1694428598505 167.30666329631768 330
1694428598520 167.70054811136743 331
1694428598534 169.1757000688097 332
1694428598550 167.40115595532396 333
1694428598565 164.39208320778135 334
1694428598579 171.40951488311228 335
1694428598594 168.21232562164784 336
1694428598609 166.60549275263747 337
1694428598623 163.47566242311783 338
1694428598638 168.91171117957091 339
1694428598655 166.6788665391532 340
1694428598669 162.9991420204329 341
1694428598684 170.19361876867464 342
1694428598698 164.19605533694843 343
1694428598713 168.450145914131 344
1694428598727 166.47640580097814 345
1694428598742 168.14397791603753 346
1694428598758 172.53848516010595 347
1694428598772 168.91692357122403 348
1694428598787 167.13030991744154 349
1694428598803 166.56845995042377 350
1694428598818 168.114761078938 351
1694428598832 168.11578139906334 352
1694428598847 172.65178330309382 353
1694428598863 158.87345626872792 354
1694428598877 170.62143356558656 355
1694428598892 162.13312040166042 356
1694428598906 170.07248044624538 357
1694428598922 170.31420360465088 358
1694428598940 169.6999819596638 359
1694428598960 172.07191996477312 360
1694428598977 171.5151871759737 361
1694428598991 169.44680101837727 362
1694428599006 167.02327945152214 363
1694428599021 171.03254561943172 364
1694428599036 175.0352617597319 365
1694428599052 169.65205134807556 366
1694428599069 172.17495521008388 367
1694428599086 168.94395807097675 368
1694428599102 166.06916010879107 369
1694428599119 172.3036115054765 370
1694428599133 162.65797242414132 371
1694428599148 165.7235404331713 372
1694428599163 167.02084051923813 373
1694428599177 169.1806297800763 374
1694428599192 173.68394710796662 375
1694428599206 170.65944306268244 376
1694428599221 168.8666925156095 377
1694428599236 168.19645136608327 378
1694428599251 169.60899592016864 379
1694428599265 163.3166188909126 380
1694428599280 166.39903328109511 381
1694428599304 165.4851162527972 382
1694428599323 172.01299360453143 383
1694428599339 167.06501005156323 384
1694428599353 168.1105062705884 385
1694428599368 171.86427277475394 386
1694428599383 170.55447597803663 387
1694428599397 168.81868741489805 388
1694428599412 166.58905594582637 389
1694428599427 168.3294153067135 390
1694428599442 166.9466879669044 391
1694428599457 171.52003548939328 392
1694428599476 167.48315339702575 393
1694428599495 171.98230960103598 394
1694428599514 169.48511848319828 395
1694428599529 169.52586947531356 396
1694428599544 168.04711000092286 397
1694428599559 167.54801375497536 398
1694428599574 164.76210699899312 399
1694428599589 164.98575673484706 400
1694428599603 168.9675981680351 401
1694428599618 171.99360521265118 402
1694428599632 170.9841597052976 403
1694428599646 168.03551707606476 404
1694428599662 167.99925230866555 405
1694428599677 169.10353406586188 406
1694428599692 165.78574205807308 407
1694428599706 168.44923237656417 408
1694428599721 169.51312971067247 409
1694428599735 167.99895657987312 410
1694428599749 169.9731802986953 411
1694428599764 165.78508471500996 412
1694428599779 164.14263504374838 413
1694428599794 169.91486969052104 414
1694428599809 167.82639577191026 415
1694428599823 171.3199868006827 416
1694428599838 168.15599763708116 417
1694428599854 164.6941715568953 418
1694428599868 167.71683379941084 419
1694428599883 165.7752167147788 420
1694428599897 166.21655758578623 421
1694428599911 166.6579946498594 422
1694428599926 162.60443247835718 423
1694428599941 169.50339467431587 424
1694428599957 167.90765872765823 425
1694428599971 171.78955941453117 426
1694428599986 172.42371140717017 427
1694428600000 171.0036707658121 428
1694428600014 164.31019982813473 429
1694428600030 172.24480212745908 430
1694428600050 173.17599315791207 431
1694428600070 162.8113317389538 432
1694428600086 172.43880778813954 433
1694428600101 172.9506864872423 434
1694428600117 165.33092479505078 435
1694428600131 162.82628309182215 436
1694428600146 163.9148370844263 437
1694428600161 168.4815345724713 438
1694428600175 168.77296393656115 439
1694428600190 169.32847725760732 440
1694428600204 170.23615245925342 441
1694428600219 171.58666438546723 442
1694428600234 176.31853750810362 443
1694428600248 163.42987816450176 444
1694428600263 170.5759883203005 445
1694428600278 166.58730154178133 446
1694428600293 167.96594875665102 447
1694428600309 170.52868972848933 448
1694428600322 169.30756171484907 449
1694428600337 170.47958205371137 450
1694428600352 161.73725549299425 451
1694428600367 169.1847054569974 452
1694428600382 166.4439221735047 453
1694428600396 168.01204367008452 454
1694428600411 165.76988366286676 455
1694428600426 164.89713918361886 456
1694428600440 167.67503431198992 457
1694428600454 170.36269471008808 458
1694428600470 170.91499331743805 459
1694428600484 168.034993322441 460
1694428600498 166.52595233719072 461
1694428600513 167.97345072140098 462
1694428600528 170.21786779392187 463
1694428600543 159.2246879811036 464
1694428600558 169.57278952392002 465
1694428600572 167.72991191255602 466
1694428600588 167.74103917787443 467
1694428600606 169.4338623324763 468
1694428600623 168.910962630804 469
1694428600642 167.83936355112215 470
1694428600656 165.02847076218845 471
1694428600671 170.48133749673454 472
1694428600686 161.5843619213078 473
1694428600700 166.99758882734565 474
1694428600715 173.36029906098838 475
1694428600730 166.29600227941359 476
1694428600745 168.8042736371854 477
1694428600759 171.72777439492785 478
1694428600774 169.97729595598443 479
1694428600789 163.80974440480992 480
1694428600804 167.8372927463816 481
1694428600818 168.07436927400855 482
1694428600833 165.0022425976085 483
1694428600848 163.91111653621832 484
1694428600863 164.40834843853628 485
1694428600877 167.21710236612893 486
1694428600892 158.25332132393052 487
1694428600906 165.72734959463426 488
1694428600920 169.6638027534404 489
1694428600935 169.599568864893 490
1694428600950 169.18375981646233 491
1694428600965 164.43150576401084 492
1694428600980 171.67034180021435 493
1694428600994 170.1561674726274 494
1694428601009 171.3523827059532 495
1694428601023 169.43605175080725 496
1694428601037 167.82524083676728 497
1694428601052 168.8192839224144 498
1694428601069 172.80595761452656 499
