1694434001238 172.2758390320515 0
1694434001255 168.81453925319173 1
1694434001272 165.45376685029294 2
1694434001288 162.16044618122194 3
1694434001306 158.9332075736725 4
1694434001323 155.77070977759465 5
1694434001339 152.67163935079958 6
1694434001356 149.63471005883545 7
1694434001374 146.65866228876487 8
1694434001392 143.7422624764847 9
1694434001410 140.8843025472398 10
1694434001425 138.0835993689924 11
1694434001442 135.3389942183195 12
1694434001459 132.64935225851886 13
1694434001476 130.01356202961455 14
1694434001493 127.4305349499622 15
1694434001511 124.89920482916067 16
1694434001529 122.41852739198883 17
1694434001550 119.98747981309025 18
1694434001569 117.60506026213957 19
1694434001588 115.27028745923009 20
1694434001607 112.98396486180552 21
1694434001629 110.74329322871233 22
1694434001647 108.54735438015564 23
1694434001664 106.39524883814784 24
1694434001680 104.28609543631869 25
1694434001697 102.21903093824218 26
1694434001715 100.19320966407973 27
1694434001731 98.20780312534384 28
1694434001747 96.26199966759145 29
1694434001765 94.35500412086196 30
1694434001781 92.4860374576786 31
1694434001797 90.65433645843795 32
1694434001815 88.85915338401549 33
1694434001832 87.09975565542078 34
1694434001849 85.37542554033939 35
1694434001865 83.68545984640312 36
1694434001881 82.02916962103419 37
1694434001899 80.40587985771269 38
1694434001916 78.81492920852111 39
1694434001933 77.2556697028223 40
1694434001949 75.72746647193226 41
1694434001967 74.2296974796514 42
1694434001984 72.761753258522 43
1694434002003 71.32303665168261 44
1694434002020 69.91296256019386 45
1694434002036 68.53095769571215 46
1694434002053 67.17646033839208 47
1694434002071 65.84892009990044 48
1694434002088 64.54779769142796 49
1694434002105 63.2725646965873 50
1694434002121 62.02270334908919 51
1694434002137 60.797706315090565 52
1694434002154 59.59707648011147 53
1694434002171 58.42032674042 54
1694434002188 57.266979798786764 55
1694434002204 56.13656796451289 56
1694434002221 55.02863295763777 57
1694434002237 53.942725717235064 58
1694434002253 52.87840621370773 59
1694434002270 51.835243264994574 60
1694434002286 50.81281435660334 61
1694434002303 49.810705465387166 62
1694434002320 48.8285108869831 63
1694434002336 47.86583306683332 64
1694434002353 46.92228243471177 65
1694434002369 45.9974772426802 66
1694434002386 45.09104340640007 67
1694434002404 44.20261434972778 68
1694434002421 43.33183085252284 69
1694434002438 42.47834090159999 70
1694434002454 41.641799544757994 71
1694434002471 40.82186874781913 72
1694434002487 40.01821725461532 73
1694434002504 39.230999092672526 74
1694434002521 38.459394846592325 75
1694434002538 37.703093771731226 76
1694434002555 36.96179132695188 77
1694434002572 36.23518905024919 78
1694434002588 35.522994436889014 79
1694434002605 34.82492082000813 80
1694434002622 34.14068725362492 81
1694434002640 33.47001839801137 82
1694434002659 32.81268906000477 83
1694434002677 32.16834680706478 84
1694434002694 31.536822086969565 85
1694434002712 30.917817858713978 86
1694434002729 30.311033954316734 87
1694434002745 29.71632417527257 88
1694434002762 29.133402204050213 89
1694434002777 28.561979038258478 90
1694434002794 28.00193004297863 91
1694434002811 27.45297919988308 92
1694434002828 26.91484820564024 93
1694434002845 26.387432324588566 94
1694434002862 25.8704654289153 95
1694434002879 25.363679466637414 96
1694434002895 24.866988054378076 97
1694434002913 24.380134561198197 98
1694434002929 23.902923303775534 99
1694434002946 23.43509830925707 100
1694434002964 22.97659733269823 101
1694434002980 22.527174864431398 102
1694434002997 22.08658424928228 103
1694434003014 21.654778311191144 104
1694434003030 21.231520218215596 105
1694434003047 20.816640030270474 106
1694434003064 20.40990198341987 107
1694434003080 20.011279020581213 108
1694434003096 19.62054438439712 109
1694434003113 19.237541289638724 110
1694434003131 18.86204425843041 111
1694434003149 18.49404429739504 112
1694434003167 18.133324190816335 113
1694434003183 17.779739286041256 114
1694434003200 17.433073817613536 115
1694434003217 17.09333499359577 116
1694434003234 16.760314632287635 117
1694434003250 16.43387927128002 118
1694434003268 16.11382231386845 119
1694434003284 15.800165483098645 120
1694434003301 15.492709147946474 121
1694434003319 15.191330167536153 122
1694434003335 14.89583059873664 123
1694434003353 14.606245153224872 124
1694434003370 14.322382290598645 125
1694434003386 14.0441283906114 126
1694434003402 13.771293675605508 127
1694434003419 13.503924465301425 128
1694434003436 13.241836872182413 129
1694434003452 12.984926058187453 130
1694434003469 12.733089273759758 131
1694434003486 12.486145612040914 132
1694434003503 12.244155565203908 133
1694434003520 12.00694351789032 134
1694434003536 11.774414659826745 135
1694434003554 11.546395284971773 136
1694434003571 11.322954769163195 137
1694434003588 11.103924284854974 138
1694434003604 10.889216345807682 139
1694434003622 10.678745207628369 140
1694434003638 10.472344899537639 141
1694434003655 10.270095930601624 142
1694434003671 10.071836722357322 143
1694434003688 9.877488152058342 144
1694434003704 9.686890594966089 145
1694434003722 9.500131277199845 146
1694434003739 9.317054634538637 147
1694434003756 9.137587653126038 148
1694434003773 8.96165877205071 149
1694434003791 8.78911509624105 150
1694434003808 8.62005257260354 151
1694434003825 8.454321972074235 152
1694434003842 8.291857257179212 153
1694434003859 8.132511122351296 154
1694434003875 7.9763845152633195 155
1694434003892 7.823333530718068 156
1694434003909 7.673297227238552 157
1694434003926 7.526215875466942 158
1694434003942 7.381948010012826 159
1694434003958 7.240601392463798 160
1694434003975 7.102037637937672 161
1694434003992 6.966201624980541 162
1694434004008 6.833039328202739 163
1694434004026 6.7024146976704095 164
1694434004042 6.574441381894261 165
1694434004059 6.448986127802568 166
1694434004076 6.325999076702053 167
1694434004093 6.205431361055238 168
1694434004109 6.087151949496273 169
1694434004126 5.971279565841647 170
1694434004142 5.857685724228757 171
1694434004160 5.74632532496892 172
1694434004175 5.637071639233174 173
1694434004191 5.530045805249874 174
1694434004208 5.42512347729922 175
1694434004226 5.322263032288368 176
1694434004243 5.22142367419409 177
1694434004259 5.122483001716241 178
1694434004275 5.025566101879611 179
1694434004291 4.930552753029987 180
1694434004307 4.837405303098516 181
1694434004326 4.746086847989415 182
1694434004343 4.656478990134378 183
1694434004361 4.568710203322343 184
1694434004377 4.482664089684038 185
1694434004394 4.398306588336401 186
1694434004411 4.315522842017256 187
1694434004428 4.234442548238755 188
1694434004445 4.1549527384773635 189
1694434004462 4.0770219754311645 190
1694434004478 4.000619446040141 191
1694434004494 3.925633725943153 192
1694434004512 3.852197151055755 193
1694434004528 3.780200040195399 194
1694434004545 3.709613953013832 195
1694434004562 3.6403305772865817 196
1694434004578 3.572482948730061 197
1694434004595 3.505964412071128 198
1694434004611 3.440748716456778 199
1694434004628 3.3768101320615016 200
1694434004644 3.3140432776944877 201
1694434004662 3.2525832554067047 202
1694434004678 3.1923262232025444 203
1694434004693 3.133248431463332 204
1694434004711 3.0752472348804845 205
1694434004727 3.0184580369739886 206
1694434004743 2.962779665381124 207
1694434004759 2.9081901978374405 208
1694434004775 2.854668146998483 209
1694434004791 2.802113357799848 210
1694434004807 2.7506628677567018 211
1694434004824 2.7002178994285773 212
1694434004841 2.6507586182105083 213
1694434004858 2.6021872746203134 214
1694434004875 2.5546409086260433 215
1694434004892 2.5080230982212814 216
1694434004908 2.462315534009897 217
1694434004924 2.4175002696741434 218
1694434004942 2.3734816592221266 219
1694434004961 2.330398054503609 220
1694434004978 2.2881550597393727 221
1694434004994 2.2467361081234953 222
1694434005011 2.206047669581549 223
1694434005028 2.1662278775365627 224
1694434005044 2.1271844149228087 225
1694434005062 2.088901988035399 226
1694434005078 2.0512890464034657 227
1694434005094 2.014483466859764 228
1694434005110 1.9783948788825736 229
1694434005126 1.9430091636794804 230
1694434005143 1.9082366221838325 231
1694434005160 1.874214844337828 232
1694434005176 1.8408552817067803 233
1694434005192 1.80814489980822 234
1694434005208 1.7760709224128177 235
1694434005225 1.7445451063459227 236
1694434005242 1.7137060528082 237
1694434005259 1.6834666152798874 238
1694434005276 1.6538149983184443 239
1694434005293 1.6246645905549573 240
1694434005309 1.596153577381959 241
1694434005326 1.5681964235130401 242
1694434005343 1.5407822386867362 243
1694434005361 1.5138259353608057 244
1694434005377 1.4874652786409424 245
1694434005394 1.4616162390380532 246
1694434005410 1.4362687617048475 247
1694434005427 1.411339181469538 248
1694434005444 1.3869648427098318 249
1694434005461 1.3630631225619863 250
1694434005476 1.3396247372132897 251
1694434005492 1.3165673485433749 252
1694434005511 1.294027883245149 253
1694434005528 1.2719250318104105 254
1694434005547 1.2502502220521827 255
1694434005563 1.2289223533567848 256
1694434005580 1.208077940763824 257
1694434005596 1.187636900411764 258
1694434005613 1.1675913169170107 259
1694434005630 1.1478612430606219 260
1694434005646 1.1285827908046937 261
1694434005663 1.1096770194647478 262
1694434005680 1.0911366198701369 263
1694434005697 1.0728827191961843 264
1694434005713 1.0550510370506136 265
1694434005730 1.0375636983924073 266
1694434005746 1.0204139535782322 267
1694434005763 1.0035239299863123 268
1694434005779 0.9870289673862949 269
1694434005796 0.9708521834971239 270
1694434005811 0.9549873451201925 271
1694434005829 0.9393575101698 272
1694434005845 0.9240976525714704 273
1694434005863 0.9091318143012338 274
1694434005879 0.8944542388471854 275
1694434005895 0.8799888492496892 276
1694434005911 0.8658702687812754 277
1694434005929 0.8520233992987566 278
1694434005946 0.8384429242865954 279
1694434005962 0.8250535705060191 280
1694434005978 0.8119896267161425 281
1694434005995 0.799176794165336 282
1694434006012 0.7866101624747516 283
1694434006029 0.7742152044889905 284
1694434006046 0.7621258913216331 285
1694434006062 0.7502686667847648 286
1694434006079 0.7386389953885099 287
1694434006097 0.727163041967921 288
1694434006114 0.7159744773930199 289
1694434006131 0.705000434660357 290
1694434006149 0.6942367243314904 291
1694434006167 0.6836101524735815 292
1694434006183 0.6732541074782945 293
1694434006199 0.6630963613954425 294
1694434006215 0.6530648703909809 295
1694434006232 0.6432913985661507 296
1694434006249 0.6337048892595702 297
1694434006265 0.624301695366097 298
1694434006281 0.6150102905059108 299
1694434006297 0.6059622742995672 300
1694434006314 0.5970871046306344 301
1694434006331 0.5883814121395657 302
1694434006348 0.579774148419542 303
1694434006366 0.5713967603409822 304
1694434006382 0.5631791814109522 305
1694434006398 0.5551182986681248 306
1694434006414 0.5471435046079741 307
1694434006431 0.5393861054679275 308
1694434006449 0.5317764737991647 309
1694434006465 0.524245010399931 310
1694434006481 0.5169214999126429 311
1694434006499 0.5097373445428943 312
1694434006515 0.5026898330699254 313
1694434006532 0.49570970532376113 314
1694434006549 0.48892671354966405 315
1694434006566 0.48227259619710716 316
1694434006582 0.47574484788653265 317
1694434006599 0.4692745194402135 318
1694434006616 0.46299133695893613 319
1694434006632 0.45682734756169 320
1694434006649 0.4507802359041828 321
1694434006666 0.4447813374515587 322
1694434006682 0.4389603588915148 323
1694434006700 0.43324963007223577 324
1694434006718 0.42758138418800445 325
1694434006735 0.42208389376695465 326
1694434006753 0.41669040764947857 327
1694434006770 0.41139890815560176 328
1694434006785 0.4061418284184683 329
1694434006802 0.4010475206221512 330
1694434006819 0.3960494305844986 331
1694434006836 0.39114569323558157 332
1694434006853 0.38626892257679 333
1694434006869 0.3815475516259589 334
1694434006885 0.37691520451852006 335
1694434006902 0.37230531963947944 336
1694434006918 0.36784496752785634 337
1694434006934 0.36346861749110543 338
1694434006952 0.3591746434240319 339
1694434006968 0.3548965915008881 340
1694434006985 0.3507617030269888 341
1694434007002 0.346704551509658 342
1694434007019 0.3426594559449426 343
1694434007036 0.33875235896755695 344
1694434007054 0.33491862695332125 345
1694434007071 0.3311568416315398 346
1694434007087 0.3274013651173523 347
1694434007104 0.3237783913205932 348
1694434007119 0.32022332520393665 349
1694434007137 0.3167348551622682 350
1694434007154 0.3132473777787441 351
1694434007171 0.3098873295684926 352
1694434007187 0.3065901458995853 353
1694434007203 0.30329094435129633 354
1694434007220 0.30011491412708585 355
1694434007236 0.296998231284323 356
1694434007253 0.2939397511128203 357
1694434007271 0.29087456919739507 358
1694434007289 0.2879281912768956 359
1694434007306 0.28503676641339504 360
1694434007323 0.28213607137080077 361
1694434007340 0.2793504169397831 362
1694434007357 0.27661665238700445 363
1694434007373 0.27393377819055353 364
1694434007390 0.27123749920835794 365
1694434007406 0.2686525087208993 366
1694434007422 0.26611557824213783 367
1694434007439 0.2635630586123818 368
1694434007456 0.26111849487120437 369
1694434007472 0.2587193229383997 370
1694434007488 0.2563646696102049 371
1694434007504 0.25399076970262713 372
1694434007521 0.2517216095648246 373
1694434007537 0.2494945024827812 374
1694434007555 0.2473086402225144 375
1694434007572 0.24510014361088867 376
1694434007588 0.2429934201856049 377
1694434007604 0.24092566320105632 378
1694434007620 0.23883360971199563 379
1694434007636 0.2368405467402897 380
1694434007654 0.23488430203893562 381
1694434007671 0.23296416885322344 382
1694434007688 0.23101673082392632 383
1694434007704 0.22916575157040783 384
1694434007721 0.22734889861217078 385
1694434007737 0.2255033440413187 386
1694434007754 0.2237517701177824 387
1694434007770 0.22203245053191123 388
1694434007787 0.22034476684593285 389
1694434007802 0.21862570295369468 390
1694434007819 0.216998466919667 391
1694434007836 0.21540113672040995 392
1694434007854 0.21377126019639459 393
1694434007871 0.21223099881880425 394
1694434007889 0.21071901173655688 395
1694434007906 0.20923475738392383 396
1694434007923 0.20771556471974514 397
1694434007940 0.20628416469909877 398
1694434007956 0.20487898945014354 399
1694434007974 0.20343791026558228 400
1694434007989 0.2020826423596348 401
1694434008007 0.2007521769775851 402
1694434008023 0.19944603947347403 403
1694434008039 0.19810185520044662 404
1694434008057 0.19684194760742715 405
1694434008073 0.19560505330216127 406
1694434008090 0.1943293209160292 407
1694434008106 0.19313608551943126 408
1694434008121 0.1919646233850373 409
1694434008138 0.19081451813166225 410
1694434008157 0.18962364859949551 411
1694434008174 0.1885139924487119 412
1694434008191 0.18742454696188418 413
1694434008206 0.18629369746369318 414
1694434008223 0.18524245748489163 415
1694434008238 0.18421034682373244 416
1694434008255 0.1831969998363746 417
1694434008272 0.18214051104123374 418
1694434008288 0.18116256699233166 419
1694434008304 0.18020238703368874 420
1694434008321 0.17919855737584253 421
1694434008337 0.1782718219147494 422
1694434008354 0.1773619073990328 423
1694434008370 0.17640786708746545 424
1694434008387 0.1755295491176487 425
1694434008403 0.1746671621389654 426
1694434008420 0.1738204015553555 427
1694434008437 0.17292798055525557 428
1694434008454 0.17211050580545326 429
1694434008472 0.1713078347633296 430
1694434008489 0.17045913768251508 431
1694434008505 0.16968413869970841 432
1694434008522 0.16892316701469234 433
1694434008539 0.1681759543577918 434
1694434008556 0.16738131841053472 435
1694434008572 0.1666597584725458 436
1694434008589 0.16595123982613294 437
1694434008605 0.16519502841347028 438
1694434008622 0.16451075275879337 439
1694434008637 0.1638388409219146 440
1694434008655 0.16317905628624083 441
1694434008671 0.1624703012034438 442
1694434008688 0.16183299412496144 443
1694434008705 0.16120718797027098 444
1694434008721 0.16053222559745872 445
1694434008737 0.15992766510380246 446
1694434008755 0.15933401428560037 447
1694434008772 0.1587510641131385 448
1694434008788 0.15811778415758407 449
1694434008804 0.1575545355165886 450
1694434008820 0.15700144096309115 451
1694434008837 0.1563979037564413 452
1694434008854 0.15586343385557447 453
1694434008871 0.15533860195845026 454
1694434008887 0.15476322349298885 455
1694434008903 0.154255999362347 456
1694434008920 0.1537579258826412 457
1694434008936 0.15326882711525255 458
1694434008953 0.1527281098366697 459
1694434008969 0.15225534201765906 460
1694434008985 0.1517910984366394 461
1694434009002 0.15127519472570414 462
1694434009019 0.15082639270663292 463
1694434009035 0.1503856894435859 464
1694434009054 0.14995292881366382 465
1694434009072 0.1494675136509479 466
1694434009089 0.14904907651524432 467
1694434009105 0.14863818875859441 468
1694434009122 0.1481746591547293 469
1694434009139 0.1477773167139575 470
1694434009156 0.14738715213604875 471
1694434009172 0.14700402658234904 472
1694434009189 0.14656733238746159 473
1694434009205 0.14619677256402966 474
1694434009221 0.14583290842796515 475
1694434009237 0.14541553569932372 476
1694434009253 0.14506355613983885 477
1694434009270 0.1447179478352861 478
1694434009286 0.14431889004103757 479
1694434009303 0.14398452263697736 480
1694434009320 0.1436562198844382 481
1694434009336 0.14333386358615488 482
1694434009352 0.14295718862113568 483
1694434009369 0.1426452608593153 484
1694434009386 0.14233899628302052 485
1694434009401 0.14197851355510882 486
1694434009417 0.14168211376490306 487
1694434009433 0.14139110939156452 488
1694434009450 0.14110539469654518 489
1694434009468 0.14076464427855193 490
1694434009485 0.1404880816046619 491
1694434009502 0.14021656127510332 492
1694434009518 0.1398901418972072 493
1694434009534 0.13962727961995328 494
1694434009551 0.13936922582471054 495
1694434009568 0.13905640436257846 496
1694434009584 0.13880654154334893 497
1694434009600 0.13856126605296157 498
1694434009616 0.13832048695890262 499
