1694432881661 145.4440121580971 0
1694432881678 135.76480802437771 1
1694432881697 115.51306433105188 2
1694432881714 98.55654953448763 3
1694432881732 85.85340303550606 4
1694432881749 79.07225652730436 5
1694432881766 66.19831456695137 6
1694432881785 62.166169234517646 7
1694432881803 55.06407291259063 8
1694432881824 42.991143949698895 9
1694432881844 41.887723365987135 10
1694432881864 31.986418019429212 11
1694432881883 30.247600591427677 12
1694432881904 28.72730054267668 13
1694432881926 22.50092234754752 14
1694432881943 20.457372499726137 15
1694432881960 18.722060481724423 16
1694432881977 16.82602767033215 17
1694432881996 14.621642468837104 18
1694432882014 11.76309313028494 19
1694432882031 10.987348941755233 20
1694432882048 8.836402095117128 21
1694432882065 8.803910915141946 22
1694432882082 7.248714852248634 23
1694432882100 5.6169610139168205 24
1694432882117 5.763740622480485 25
1694432882134 4.817770088979063 26
1694432882151 4.451317261201756 27
1694432882168 3.9418101744870646 28
1694432882186 3.921812804696501 29
1694432882204 3.2938905677589787 30
1694432882221 2.599062812154704 31
1694432882239 3.03155560830139 32
1694432882255 1.9072154616739128 33
1694432882273 2.4318459485957122 34
1694432882290 1.937551709217516 35
1694432882308 1.3537695758901123 36
1694432882325 1.6541243260473901 37
1694432882342 0.9766924961039226 38
1694432882359 1.0054493812165062 39
1694432882376 0.8745185439609663 40
1694432882395 1.086753809061433 41
1694432882412 0.7088596912679911 42
1694432882428 0.8154296388105949 43
1694432882446 0.6529587812537737 44
1694432882463 0.46743184361323575 45
1694432882480 0.47028920423071824 46
1694432882498 0.4163774330450984 47
1694432882515 0.587862299629468 48
1694432882533 0.4622238605587758 49
1694432882550 0.3695829911785644 50
1694432882567 0.3543208085014996 51
1694432882585 0.16776838833855093 52
1694432882602 0.28474479026371063 53
1694432882619 0.26932679809180576 54
1694432882636 0.4806205540485215 55
1694432882654 0.1098123582451797 56
1694432882672 0.28173350670213926 57
1694432882691 0.22339015435947404 58
1694432882708 0.29177796386800553 59
1694432882726 0.14348235240267745 60
1694432882742 0.27618858855022993 61
1694432882759 0.15898552356816195 62
1694432882777 0.2220839775986795 63
1694432882794 0.256967880109974 64
1694432882812 0.18350105752426457 65
1694432882832 0.11513335086979208 66
1694432882850 0.13997136529230134 67
1694432882867 0.09968000165482989 68
1694432882884 0.18021619353308282 69
1694432882906 0.176107061998734 70
1694432882927 0.10863178294456706 71
1694432882944 0.17870406086065976 72
1694432882962 0.10745986542023003 73
1694432882981 0.165954020629568 74
1694432882998 0.1338240796167681 75
1694432883016 0.1650997385668547 76
1694432883034 0.14254326211252719 77
1694432883051 0.099124582283909 78
1694432883067 0.07952753479729766 79
1694432883085 0.14363240821481468 80
1694432883102 0.13599936442483276 81
1694432883120 0.09282897693845973 82
1694432883136 0.07064265943452722 83
1694432883153 0.10733659535720327 84
1694432883170 0.1317148343180748 85
1694432883188 0.07381505821070412 86
1694432883205 0.10305135602831948 87
1694432883222 0.10301046204786148 88
1694432883240 0.08828266256453442 89
1694432883257 0.06907737157576946 90
1694432883273 0.282072056975235 91
1694432883291 0.07038704406701231 92
1694432883309 0.024744469589117725 93
1694432883325 0.17987663284494818 94
1694432883342 0.10406756815476771 95
1694432883360 0.19550004093256718 96
1694432883377 0.18597415355498612 97
1694432883394 0.1024608330950085 98
1694432883412 0.05850029850958479 99
1694432883430 0.11050939677972271 100
1694432883447 0.12156122637745799 101
1694432883464 0.1050976041984489 102
1694432883482 0.08914494337727386 103
1694432883502 0.08583889967127412 104
1694432883519 0.07213535372006104 105
1694432883536 0.08408202142318692 106
1694432883553 0.12796312465463502 107
1694432883570 0.19968070708624416 108
1694432883587 0.11126320931797126 109
1694432883605 0.1429595851849857 110
1694432883623 0.21151215471230161 111
1694432883640 0.16365374875373706 112
1694432883658 0.15526863245134553 113
1694432883676 0.24913360643639582 114
1694432883693 0.2826686057402203 115
1694432883711 0.0943760898956004 116
1694432883728 0.1226820400987734 117
1694432883746 0.12089107647381402 118
1694432883762 0.09475410830637297 119
1694432883779 0.06819033457089568 120
1694432883797 0.07186247506766606 121
1694432883816 0.14567279601615626 122
1694432883833 0.10518702117658243 123
1694432883850 0.177060628621329 124
1694432883867 0.149545847255167 125
1694432883884 0.14990890526844497 126
1694432883901 0.23693245287316794 127
1694432883918 0.06813350952461153 128
1694432883936 0.14448295674579897 129
1694432883953 0.09454481657773721 130
1694432883969 0.1490585834590084 131
1694432883987 0.07366030977446052 132
1694432884005 0.066497989696563 133
1694432884023 0.056544847637740515 134
1694432884040 0.030244801272927575 135
1694432884057 0.08309316364902883 136
1694432884074 0.1180581048453994 137
1694432884091 0.033821206681952605 138
1694432884108 0.09308519244510848 139
1694432884127 0.10132745822529135 140
1694432884144 0.1849658260860285 141
1694432884163 0.1420566997618486 142
1694432884180 0.15426131231049064 143
1694432884197 0.10777389754770776 144
1694432884216 0.08202487676852577 145
1694432884233 0.08221237259534404 146
1694432884250 0.12664153038635256 147
1694432884268 0.10593958579988068 148
1694432884285 0.10169587109693332 149
1694432884302 0.09630834320398828 150
1694432884319 0.2237521380670488 151
1694432884337 0.09341914520684955 152
1694432884353 0.1544017958661754 153
1694432884370 0.11397634250511467 154
1694432884387 0.18467626597735537 155
1694432884405 0.11466718015233121 156
1694432884424 0.11615379339746154 157
1694432884440 0.13245708192871503 158
1694432884457 0.05945759599641308 159
1694432884474 0.06184835850185426 160
1694432884491 0.10338401173687901 161
1694432884510 0.10455090304488847 162
1694432884527 0.09432843789713276 163
1694432884544 0.07683122335880681 164
1694432884561 0.11981104422675548 165
1694432884578 0.08436856368447991 166
1694432884596 0.05730796890659596 167
1694432884614 0.16632822688066312 168
1694432884631 0.18759645033597813 169
1694432884647 0.09238454541985865 170
1694432884667 0.1312295458807439 171
1694432884686 0.032092184048047846 172
1694432884703 0.12847377705850768 173
1694432884720 0.09590525866689914 174
1694432884738 0.20638247832347126 175
1694432884754 0.16586272474552619 176
1694432884771 0.10230913620709121 177
1694432884788 0.06144068085969866 178
1694432884807 0.07264050354308531 179
1694432884825 0.12647043065959435 180
1694432884843 0.1207957871416411 181
1694432884860 0.1228586731927237 182
1694432884876 0.0973346300166291 183
1694432884894 0.2102418532468771 184
1694432884911 0.09294205777680661 185
1694432884929 0.18527805578994722 186
1694432884946 0.11794285488620534 187
1694432884963 0.12757281815230198 188
1694432884980 0.17810617067262174 189
1694432884998 0.09217971574481547 190
1694432885015 0.321996061275355 191
1694432885033 0.0671447789523711 192
1694432885049 0.04804562048940929 193
1694432885067 0.08829317853979345 194
1694432885084 0.11895630568319715 195
1694432885101 0.14075343125932233 196
1694432885119 0.17101372618893576 197
1694432885136 0.05031441913177824 198
1694432885153 0.08563128137013906 199
1694432885169 0.12333761494955131 200
1694432885187 0.0752240188605533 201
1694432885206 0.05896351342951171 202
1694432885223 0.12189955082517193 203
1694432885241 0.2741491934161727 204
1694432885258 0.07656551844826663 205
1694432885275 0.13191116617990675 206
1694432885292 0.09981188935932127 207
1694432885311 0.13935055937022875 208
1694432885329 0.054074469905056176 209
1694432885346 0.10682312801496201 210
1694432885363 0.21066146404210878 211
1694432885381 0.05358807461451643 212
1694432885398 0.13209463495726512 213
1694432885415 0.08653950928079286 214
1694432885433 0.06127502751920157 215
1694432885450 0.08848187701605124 216
1694432885467 0.056732614019413 217
1694432885484 0.1218940912515688 218
1694432885501 0.18325976567430446 219
1694432885518 0.21881799366518062 220
1694432885537 0.16445662952223275 221
1694432885553 0.12453947055919444 222
1694432885570 0.07678719895612582 223
1694432885588 0.09727229737678929 224
1694432885605 0.13384790011539247 225
1694432885623 0.12235575406686175 226
1694432885640 0.07617646627292583 227
1694432885658 0.08696572706500284 228
1694432885674 0.17802267074375924 229
1694432885692 0.10911068739516346 230
1694432885709 0.08047265743779033 231
1694432885727 0.1668201936902167 232
1694432885744 0.13590074087625242 233
1694432885762 0.17448093735795414 234
1694432885779 0.05348159266635344 235
1694432885797 0.056511496556039695 236
1694432885813 0.09339415340929189 237
1694432885831 0.18501664664284118 238
1694432885848 0.053874298467785006 239
1694432885865 0.0427277952935186 240
1694432885883 0.13942410092174914 241
1694432885901 0.10794653587419076 242
1694432885918 0.2650685150614078 243
1694432885937 0.17310357705422955 244
1694432885955 0.0786028428579654 245
1694432885970 0.17433621240970748 246
1694432885988 0.08200058905428544 247
1694432886005 0.07082275622630173 248
1694432886022 0.12682127596071732 249
1694432886040 0.06255882393620586 250
1694432886056 0.10287460651208093 251
1694432886073 0.07764714081346406 252
1694432886091 0.15127935020919622 253
1694432886107 0.11736857468112039 254
1694432886125 0.1844742843965213 255
1694432886143 0.1395157956223931 256
1694432886160 0.04409856857810867 257
1694432886177 0.053345785667634774 258
1694432886195 0.1385222385499591 259
1694432886211 0.07074807468957187 260
1694432886229 0.11545850104785463 261
1694432886246 0.10662714844400438 262
1694432886263 0.11678527548675967 263
1694432886280 0.15872982809069056 264
1694432886297 0.057886251464946616 265
1694432886314 0.08461255518648249 266
1694432886333 0.19456937411157474 267
1694432886349 0.03949709269728146 268
1694432886366 0.04195057719680669 269
1694432886383 0.1410561493022062 270
1694432886401 0.12721243415379307 271
1694432886418 0.14029282585516756 272
1694432886435 0.08108141647184938 273
1694432886453 0.08204981312332472 274
1694432886469 0.0947068623926293 275
1694432886489 0.16877382318359593 276
1694432886508 0.14604524141849654 277
1694432886527 0.03957723323400037 278
1694432886544 0.16000989543820568 279
1694432886561 0.05700535738109442 280
1694432886578 0.18940751628885105 281
1694432886594 0.11502571034225621 282
1694432886611 0.09067968199923669 283
1694432886629 0.06842736224626612 284
1694432886646 0.1070847485703341 285
1694432886663 0.08689351538011744 286
1694432886680 0.18945124424081133 287
1694432886697 0.08978461102559933 288
1694432886714 0.18409764437714313 289
1694432886732 0.13599904663191933 290
1694432886750 0.2140890727887006 291
1694432886767 0.09688409285057396 292
1694432886783 0.1019322371146069 293
1694432886801 0.12324838109427397 294
1694432886819 0.09627339835057667 295
1694432886835 0.05673720191135352 296
1694432886853 0.07726506535236913 297
1694432886869 0.06881834359082524 298
1694432886887 0.08796964860847123 299
1694432886904 0.10089486244480837 300
1694432886921 0.03347774409892958 301
1694432886939 0.11753324777461928 302
1694432886957 0.0797287538226608 303
1694432886974 0.13464634097916853 304
1694432886992 0.1677726932147535 305
1694432887009 0.03661318522948816 306
1694432887026 0.06602809466971295 307
1694432887043 0.057188190562495814 308
1694432887060 0.1971163564034095 309
1694432887078 0.09942793695346488 310
1694432887095 0.11442040920567227 311
1694432887112 0.0997564528064304 312
1694432887130 0.171466018019896 313
1694432887147 0.1530505143698598 314
1694432887164 0.09363887790192818 315
1694432887181 0.13916662531203258 316
1694432887198 0.16901171733992876 317
1694432887215 0.09263798155084 318
1694432887233 0.09000158766334945 319
1694432887250 0.07419094189950108 320
1694432887266 0.08673100390850262 321
1694432887284 0.11426010989305457 322
1694432887301 0.1506992104016957 323
1694432887318 0.167484532956588 324
1694432887335 0.18597860777328887 325
1694432887352 0.1191472949827428 326
1694432887368 0.06898474483688685 327
1694432887385 0.07960007001503697 328
1694432887403 0.17300265315317578 329
1694432887420 0.14919635409897594 330
1694432887439 0.0897412808906868 331
1694432887455 0.20355684021178638 332
1694432887473 0.19335621544829948 333
1694432887489 0.06460185998367082 334
1694432887507 0.12267449460042286 335
1694432887523 0.045404982891393116 336
1694432887542 0.11541408710279086 337
1694432887559 0.10648938635437309 338
1694432887575 0.17094877453204244 339
1694432887593 0.10699389078933809 340
1694432887610 0.07766087895703146 341
1694432887626 0.09769060759171623 342
1694432887643 0.16120524882916398 343
1694432887661 0.174026956125489 344
1694432887679 0.10015349265300319 345
1694432887699 0.09637201191964426 346
1694432887716 0.12755424178810498 347
1694432887733 0.07265739826792086 348
1694432887751 0.15098610454476055 349
1694432887768 0.05739258165692747 350
1694432887786 0.08367856045538602 351
1694432887804 0.12003582886642203 352
1694432887820 0.12480519249232112 353
1694432887838 0.12227304244820036 354
1694432887855 0.14985163261419326 355
1694432887871 0.16730161489903858 356
1694432887889 0.09528043054890675 357
1694432887905 0.10927620031913009 358
1694432887923 0.31686249078443846 359
1694432887940 0.13232139118046865 360
1694432887957 0.07104618212983092 361
1694432887974 0.09888899316053935 362
1694432887992 0.22159345392622698 363
1694432888009 0.13680898877296183 364
1694432888025 0.05609907954939363 365
1694432888043 0.15963120835773242 366
1694432888061 0.12499200300467266 367
1694432888078 0.06960741601288546 368
1694432888095 0.07169383925042881 369
1694432888113 0.059506416841933696 370
1694432888129 0.16888569654870816 371
1694432888147 0.19826588212483914 372
1694432888165 0.09579948805279755 373
1694432888182 0.20577103037847855 374
1694432888199 0.1528782091056478 375
1694432888216 0.10549331661386954 376
1694432888234 0.1585820579594225 377
1694432888252 0.3476005242921927 378
1694432888269 0.1643153851616765 379
1694432888288 0.03339668550835147 380
1694432888306 0.1279962448886586 381
1694432888323 0.1255892405072834 382
1694432888341 0.12495523377551852 383
1694432888359 0.17064721993971732 384
1694432888375 0.10271989802148924 385
1694432888392 0.10544451309672427 386
1694432888410 0.12513496638673247 387
1694432888428 0.164210300117867 388
1694432888446 0.13084235263027252 389
1694432888463 0.0872076269532803 390
1694432888480 0.11504568296517546 391
1694432888497 0.08130772081236826 392
1694432888514 0.1352643850643809 393
1694432888531 0.1408085522209114 394
1694432888549 0.12710073475059414 395
1694432888566 0.8402736534296728 396
1694432888583 0.04538347240190042 397
1694432888599 0.08817695135171118 398
1694432888616 0.0697240150365113 399
1694432888633 0.09712290484803877 400
1694432888652 0.12032033371075714 401
1694432888669 0.1589749428023746 402
1694432888687 0.07981518683315314 403
1694432888704 0.11030498521897558 404
1694432888721 0.03364688153519733 405
1694432888738 0.10846592498775509 406
1694432888755 0.1689463659818244 407
1694432888772 0.12360908389661152 408
1694432888789 0.07638291341917987 409
1694432888806 0.10907051801733515 410
1694432888823 0.19798985715179063 411
1694432888841 0.18090849029804584 412
1694432888859 0.24140924655027265 413
1694432888877 0.0863245933886558 414
1694432888895 0.12759449214162463 415
1694432888912 0.10266514193494043 416
1694432888929 0.1536170514218385 417
1694432888948 0.03987148434887768 418
1694432888965 0.07894788739699117 419
1694432888983 0.1518991535004279 420
1694432889000 0.12519442294242447 421
1694432889017 0.061743067396646645 422
1694432889034 0.06327391397215916 423
1694432889051 0.10407027043350434 424
1694432889068 0.17303663088119278 425
1694432889085 0.14480886027216552 426
1694432889103 0.0911188817561164 427
1694432889120 0.04118136857970086 428
1694432889137 0.10016152089302502 429
1694432889154 0.05282239092451073 430
1694432889171 0.11188246143952053 431
1694432889189 0.1664359509549234 432
1694432889206 0.09043984039736631 433
1694432889223 0.12280959826272642 434
1694432889241 0.14594507594495293 435
1694432889258 0.1307329011750397 436
1694432889276 0.14203633910556532 437
1694432889293 0.06883805218168426 438
1694432889309 0.26152929831733623 439
1694432889326 0.3053834178523177 440
1694432889343 0.10091100811445848 441
1694432889361 0.11262234386090142 442
1694432889378 0.3069844330400633 443
1694432889394 0.1586496119001753 444
1694432889411 0.1941154280477851 445
1694432889428 0.08491626257768016 446
1694432889446 0.257411228843659 447
1694432889465 0.14027954611404495 448
1694432889483 0.09004224483872146 449
1694432889500 0.150027950625807 450
1694432889517 0.09686420750436261 451
1694432889533 0.23983645368701775 452
1694432889552 0.12619430318116132 453
1694432889569 0.1187758974612014 454
1694432889586 0.09382145385163458 455
1694432889603 0.194226558830741 456
1694432889620 0.06996517688616195 457
1694432889637 0.042802874197824976 458
1694432889655 0.07752445391681753 459
1694432889672 0.22196486974427782 460
1694432889691 0.042166708437972614 461
1694432889708 0.11930605974415728 462
1694432889725 0.12420842714057409 463
1694432889742 0.12420579952247111 464
1694432889760 0.12708105795830324 465
1694432889778 0.10324350210874823 466
1694432889795 0.19276090895580453 467
1694432889812 0.09370221492148799 468
1694432889829 0.0900475083528545 469
1694432889846 0.2206103650107747 470
1694432889863 0.1358824115148422 471
1694432889880 0.11802256020011333 472
1694432889897 0.07281199615890865 473
1694432889915 0.10353435547176015 474
1694432889932 0.02681743747090437 475
1694432889950 0.08558263080917257 476
1694432889968 0.04795071690894369 477
1694432889985 0.15484792464101307 478
1694432890002 0.06627733348279648 479
1694432890019 0.05101001659225308 480
1694432890036 0.1918076727465514 481
1694432890054 0.06459254958465728 482
1694432890072 0.268189280357555 483
1694432890089 0.06286757121419682 484
1694432890106 0.12838884931694575 485
1694432890122 0.03984762155982068 486
1694432890140 0.12911403542457095 487
1694432890157 0.08917940922717868 488
1694432890175 0.13092324457850993 489
1694432890193 0.09698192023562564 490
1694432890210 0.14291323914863427 491
1694432890227 0.08255147805611222 492
1694432890244 0.22316681194837615 493
1694432890262 0.04322321412090008 494
1694432890279 0.19598050173913992 495
1694432890296 0.09951546753754252 496
1694432890313 0.08156457927655839 497
1694432890331 0.06623623363309039 498
1694432890348 0.06997423911645458 499
