1694428276562 171.1873721880031 0
1694428276633 150.9457592037235 1
1694428276699 170.32123320573857 2
1694428276766 162.77025281853773 3
1694428276833 167.8859717305934 4
1694428276899 173.96523811858572 5
1694428276965 162.4986944245931 6
1694428277031 153.82797677694484 7
1694428277098 196.93918204897327 8
1694428277165 167.31642793616584 9
1694428277232 164.7117346019498 10
1694428277298 169.34593085056264 11
1694428277366 157.29896801523884 12
1694428277435 165.235729963828 13
1694428277505 168.80607877573877 14
1694428277571 151.1201357929831 15
1694428277655 171.62870594049642 16
1694428277724 167.24832071255267 17
1694428277790 169.1376227832801 18
1694428277857 167.3508850838522 19
1694428277922 165.25766997785175 20
1694428277991 187.47440751315273 21
1694428278056 166.92779120922975 22
1694428278123 188.69822452861692 23
1694428278189 164.65960878114436 24
1694428278254 174.02632910451092 25
1694428278321 151.64351977998803 26
1694428278386 169.4432068192607 27
1694428278452 156.60056170865587 28
1694428278518 168.48364540558316 29
1694428278583 181.69462011545005 30
1694428278649 161.22558994615585 31
1694428278715 180.1400336378836 32
1694428278785 177.65014026943746 33
1694428278852 166.89165290515845 34
1694428278917 170.1077141020729 35
1694428278984 203.79159480580788 36
1694428279049 166.06066842411806 37
1694428279115 164.48567040779076 38
1694428279182 161.98521432354076 39
1694428279248 167.37718720728887 40
1694428279314 165.87075196274665 41
1694428279379 175.4469776835217 42
1694428279445 160.5962485049633 43
1694428279511 170.28957602981524 44
1694428279577 161.3215540906621 45
1694428279643 163.70378671894403 46
1694428279709 176.33408679267427 47
1694428279775 152.25112899047477 48
1694428279843 167.84163551510463 49
1694428279910 169.93970665877427 50
1694428279976 163.3768433895789 51
1694428280041 153.79355306987395 52
1694428280108 157.52731986645824 53
1694428280173 166.69439961897524 54
1694428280239 197.75626932646037 55
1694428280305 165.422927739192 56
1694428280372 163.5202607359522 57
1694428280439 191.1566490505533 58
1694428280505 171.92358412913345 59
1694428280572 180.62148296230694 60
1694428280638 162.94622150467342 61
1694428280705 171.89294234440328 62
1694428280770 159.6070276789075 63
1694428280836 151.4467665085507 64
1694428280902 154.4620364751536 65
1694428280968 157.81701651561272 66
1694428281035 175.90200032463179 67
1694428281101 189.18773657030536 68
1694428281166 186.91881286049957 69
1694428281233 192.59218385473585 70
1694428281299 165.67589480792444 71
1694428281365 171.48795126448888 72
1694428281431 174.4450268080626 73
1694428281497 158.86228324102908 74
1694428281562 156.29081415939618 75
1694428281628 156.59178889601603 76
1694428281695 186.32737421164887 77
1694428281760 159.85858896330248 78
1694428281832 173.61758128155662 79
1694428281899 163.9359180623032 80
1694428281964 171.66376554778648 81
1694428282030 164.49813627362488 82
1694428282097 162.9736533015735 83
1694428282162 157.8792403634274 84
1694428282228 162.97714112532634 85
1694428282294 158.04880792579087 86
1694428282358 163.16199721165134 87
1694428282425 156.94073746734978 88
1694428282490 161.52416799191005 89
1694428282558 141.89596327037847 90
1694428282623 178.1171412137666 91
1694428282689 177.97552376469233 92
1694428282754 151.64899001651995 93
1694428282821 162.7186547823033 94
1694428282886 174.0550333927205 95
1694428282952 165.45877570660124 96
1694428283018 190.52129775261858 97
1694428283084 176.45893472350085 98
1694428283149 180.57355615142296 99
1694428283215 204.9959033235559 100
1694428283281 168.3946332915472 101
1694428283347 170.96631566979002 102
1694428283413 223.4199357227518 103
1694428283479 161.89487214820647 104
1694428283549 156.11821342224343 105
1694428283614 159.32004148761962 106
1694428283681 159.50221075680494 107
1694428283746 189.4022281755679 108
1694428283811 191.91839814757728 109
1694428283877 159.57074467401287 110
1694428283943 188.57534775337754 111
1694428284009 160.50127046586007 112
1694428284073 166.201119228792 113
1694428284140 152.5361273304309 114
1694428284206 182.72578032165416 115
1694428284273 180.0135483763948 116
1694428284338 203.11545961162534 117
1694428284403 173.01188504069222 118
1694428284468 150.2136119849413 119
1694428284534 178.05312081899274 120
1694428284601 170.32630330583495 121
1694428284667 173.26320399787775 122
1694428284732 168.63119878703066 123
1694428284799 158.51449388876608 124
1694428284864 153.82702013791396 125
1694428284931 166.9774766881744 126
1694428284997 186.70490346760056 127
1694428285062 182.43197176570266 128
1694428285128 162.3268385675961 129
1694428285193 169.97359492903863 130
1694428285259 179.04376417639082 131
1694428285325 176.8935949975015 132
1694428285391 149.86357429416526 133
1694428285456 151.3544066662165 134
1694428285522 145.51026799667548 135
1694428285588 175.87244404822547 136
1694428285654 157.36534325966335 137
1694428285719 163.6206711770702 138
1694428285785 158.66372561145968 139
1694428285852 170.7073296177161 140
1694428285916 165.36621056638964 141
1694428285982 167.30830617245337 142
1694428286047 169.45288453855395 143
1694428286113 173.20454695956795 144
1694428286178 168.4289677199888 145
1694428286244 169.56770103954818 146
1694428286310 165.54284517442375 147
1694428286376 159.62284824300323 148
1694428286440 150.18550512340113 149
1694428286507 171.77968120592936 150
1694428286573 173.71894422183306 151
1694428286638 165.40356422196822 152
1694428286704 186.03253724095714 153
1694428286770 188.0645327592402 154
1694428286835 161.81005309465263 155
1694428286901 189.56684370325885 156
1694428286968 153.5205801221983 157
1694428287032 162.08188244714802 158
1694428287097 171.80532868365904 159
1694428287164 153.76151558847857 160
1694428287228 157.40670471603127 161
1694428287294 171.748141153733 162
1694428287359 156.64515496363245 163
1694428287425 152.2606864656005 164
1694428287491 178.32476716868422 165
1694428287556 174.1282540024671 166
1694428287621 177.36887076451336 167
1694428287685 181.6586973268543 168
1694428287750 168.949758748707 169
1694428287815 167.12622139623318 170
1694428287880 171.10830663133365 171
1694428287946 165.27495368570513 172
1694428288012 174.72157992110476 173
1694428288077 164.8764979840706 174
1694428288143 192.3428719594346 175
1694428288208 147.41202869627767 176
1694428288275 164.0951666340677 177
1694428288341 161.19580712533408 178
1694428288406 156.5390452440471 179
1694428288471 158.61564703528475 180
1694428288537 174.06445961856343 181
1694428288603 154.79756403706793 182
1694428288668 156.80232883283713 183
1694428288734 150.0354026705315 184
1694428288800 159.71096647731628 185
1694428288866 173.5944640470358 186
1694428288932 178.43508603796505 187
1694428288999 164.5022385074193 188
1694428289064 197.02315574033057 189
1694428289129 156.92426771116067 190
1694428289195 173.12980029731528 191
1694428289261 187.64171446529159 192
1694428289327 169.91975778808956 193
1694428289393 167.33397553397722 194
1694428289457 149.04132565382332 195
1694428289523 176.14092222388774 196
1694428289588 155.697190922928 197
1694428289653 155.5272781321743 198
1694428289720 188.1328150884117 199
1694428289786 171.27367483316362 200
1694428289851 167.31021680551828 201
1694428289916 156.39275118070046 202
1694428289982 169.99192812932452 203
1694428290047 170.6977358910225 204
1694428290111 202.07127364347852 205
1694428290177 153.07005577741768 206
1694428290242 137.3987191940671 207
1694428290309 167.29559330941638 208
1694428290374 198.2523715170777 209
1694428290438 162.24888743729616 210
1694428290504 158.4357492712822 211
1694428290571 162.26914784001605 212
1694428290637 177.0746873214734 213
1694428290703 182.78613425321697 214
1694428290767 170.80819655790677 215
1694428290833 168.06480003093972 216
1694428290899 169.00759577539776 217
1694428290963 163.4327313318219 218
1694428291029 181.1332696787333 219
1694428291094 170.16226431468144 220
1694428291160 177.62006715854054 221
1694428291226 166.42745630415496 222
1694428291293 182.24503254727443 223
1694428291359 150.15114365663263 224
1694428291425 156.7867351670083 225
1694428291490 160.6634624000666 226
1694428291556 154.07136881811823 227
1694428291622 149.26289532768882 228
1694428291687 162.5316076348666 229
1694428291752 157.62049282115217 230
1694428291817 159.48289293807437 231
1694428291883 171.5589761849338 232
1694428291948 175.98788987810354 233
1694428292015 187.8740829840102 234
1694428292080 152.52270315567307 235
1694428292146 156.6266158407803 236
1694428292212 167.84454051533302 237
1694428292277 170.2750421488813 238
1694428292343 166.78578188413488 239
1694428292409 158.00813701160928 240
1694428292475 158.8988334084428 241
1694428292541 159.46096681309714 242
1694428292606 188.99790072023998 243
1694428292671 169.05532882766423 244
1694428292736 155.14363353477336 245
1694428292801 165.88993031021403 246
1694428292867 167.4046660656833 247
1694428292934 172.77776393324962 248
1694428292999 195.89028632925726 249
1694428293064 175.94225881830127 250
1694428293131 157.63681562398605 251
1694428293196 154.78109254038893 252
1694428293262 161.25517001359748 253
1694428293328 162.86029012003107 254
1694428293393 161.08333087129708 255
1694428293458 178.47936850400112 256
1694428293524 180.07258775695146 257
1694428293589 153.8996770522555 258
1694428293655 178.87086445221095 259
1694428293720 155.4876698147425 260
1694428293785 146.5638507095242 261
1694428293850 160.89729759974563 262
1694428293916 162.20756800428268 263
1694428293983 178.633674352092 264
1694428294049 151.14877345321887 265
1694428294114 168.4742247428878 266
1694428294180 181.6262937974958 267
1694428294247 159.4837450906719 268
1694428294312 179.6365898637072 269
1694428294377 156.27934026475577 270
1694428294443 167.32977289278483 271
1694428294508 171.268534957725 272
1694428294573 155.79020862208966 273
1694428294638 169.45162445274013 274
1694428294704 178.53346183287928 275
1694428294770 166.01959501101305 276
1694428294836 166.5656855776058 277
1694428294902 152.46638677149488 278
1694428294967 140.94081450359292 279
1694428295032 172.27564836294178 280
1694428295098 166.33416821525282 281
1694428295162 163.5005097337555 282
1694428295228 167.30460524006085 283
1694428295294 173.750494877116 284
1694428295359 164.48050704552423 285
1694428295425 173.57732021315192 286
1694428295489 162.04394953287286 287
1694428295554 152.35231704180833 288
1694428295619 187.45329086002803 289
1694428295685 162.9743582245534 290
1694428295751 182.96157089120027 291
1694428295815 154.65936861839361 292
1694428295881 170.9856514630752 293
1694428295947 182.60617947679694 294
1694428296011 153.7176683928132 295
1694428296077 160.80300372454323 296
1694428296142 157.51988901882328 297
1694428296209 156.37269258080798 298
1694428296274 210.4452666940509 299
1694428296339 170.9960671313005 300
1694428296405 188.1726915479689 301
1694428296472 149.8474055145262 302
1694428296539 160.0095329785159 303
1694428296604 156.49803655210567 304
1694428296669 210.3463355014186 305
1694428296734 163.62014649776395 306
1694428296800 164.5128171311314 307
1694428296865 204.43796576599047 308
1694428296931 186.71836947687737 309
1694428296995 159.6083336033053 310
1694428297061 161.82961790867014 311
1694428297127 178.0811062828782 312
1694428297192 161.06985989746784 313
1694428297258 154.45351100217087 314
1694428297324 152.3209553601221 315
1694428297390 154.1863227088992 316
1694428297457 165.49062913780682 317
1694428297522 177.41613781563336 318
1694428297587 170.89820848190902 319
1694428297653 168.71609801445948 320
1694428297718 169.17189406393007 321
1694428297783 167.90450458855688 322
1694428297849 161.92823203158494 323
1694428297914 166.89792344687214 324
1694428297980 170.28280252002835 325
1694428298046 192.55854392521897 326
1694428298111 163.76271544731495 327
1694428298177 171.4213122510946 328
1694428298243 179.5078742732021 329
1694428298308 174.1820619375636 330
1694428298374 154.1750013207798 331
1694428298439 155.85473693039958 332
1694428298504 158.32223654919304 333
1694428298570 143.6783057488428 334
1694428298635 154.66641324197246 335
1694428298701 192.81386155872787 336
1694428298768 159.22689827183402 337
1694428298833 156.85019990848537 338
1694428298897 191.72367621662733 339
1694428298963 177.24133050351423 340
1694428299029 162.59569080186105 341
1694428299097 160.00857498515967 342
1694428299162 185.66520236109147 343
1694428299228 162.48183827249227 344
1694428299294 175.0729144996808 345
1694428299358 160.06055275481603 346
1694428299423 155.43790525047092 347
1694428299489 180.110974344536 348
1694428299553 175.2733768815434 349
1694428299618 202.01885545717374 350
1694428299685 161.98116790877938 351
1694428299749 166.8522092374816 352
1694428299814 200.58510626495027 353
1694428299880 163.0172532471235 354
1694428299946 169.56568328964178 355
1694428300010 205.28648810116968 356
1694428300076 157.60914510109527 357
1694428300141 211.7176187069488 358
1694428300207 155.05696929073864 359
1694428300272 168.46655588076126 360
1694428300337 208.5760170575617 361
1694428300402 158.96764437842222 362
1694428300468 138.0262267017835 363
1694428300533 179.5842729333218 364
1694428300597 154.1253433543313 365
1694428300663 148.16929745789528 366
1694428300730 207.43448415098328 367
1694428300796 165.00641038414116 368
1694428300861 152.1170979657244 369
1694428300927 167.58380014528348 370
1694428300992 173.15172231185397 371
1694428301058 173.52316918259302 372
1694428301125 168.18367593431347 373
1694428301190 159.55360624661276 374
1694428301254 174.6238063005667 375
1694428301320 149.59492046261033 376
1694428301386 171.22879138959803 377
1694428301451 188.05847396608016 378
1694428301518 149.34882667951592 379
1694428301583 180.79338039549754 380
1694428301649 163.27985468667012 381
1694428301716 157.18554267918756 382
1694428301782 160.5319773441621 383
1694428301847 188.46299790678125 384
1694428301912 178.2672316337905 385
1694428301979 166.252133066614 386
1694428302046 155.3175703279234 387
1694428302110 154.2969149411563 388
1694428302176 167.2931667211297 389
1694428302241 163.82007030565404 390
1694428302307 174.02183298676226 391
1694428302373 147.40364938518047 392
1694428302440 170.51527192094056 393
1694428302507 189.4864917567976 394
1694428302573 163.86849710331535 395
1694428302640 169.70252784767703 396
1694428302706 153.78367467199968 397
1694428302773 169.3332790680822 398
1694428302839 160.7950588239081 399
1694428302905 161.9492927823368 400
1694428302971 200.51764474422163 401
1694428303037 159.81434115097332 402
1694428303102 154.097415889918 403
1694428303168 172.35039419910822 404
1694428303233 183.68248462836806 405
1694428303299 175.76308294392408 406
1694428303365 173.95399488188195 407
1694428303431 158.71367693638908 408
1694428303496 168.0361971924749 409
1694428303562 162.75927192950692 410
1694428303628 182.36634919513926 411
1694428303693 171.54039811043063 412
1694428303759 153.674766768097 413
1694428303826 150.43884125280394 414
1694428303891 147.94044099121817 415
1694428303957 162.1170829090954 416
1694428304023 169.1962960164613 417
1694428304090 161.56683283319907 418
1694428304155 148.33021928275954 419
1694428304221 161.39940687363037 420
1694428304287 169.2967310762379 421
1694428304352 162.5943446737086 422
1694428304418 163.4549865027212 423
1694428304483 159.10578438274507 424
1694428304549 159.07336850207494 425
1694428304614 157.13008303948143 426
1694428304680 167.84135850396768 427
1694428304746 201.11331716165176 428
1694428304812 162.77770671291498 429
1694428304878 160.4252545078835 430
1694428304943 158.8809283311674 431
1694428305009 150.62612294002577 432
1694428305075 153.34680541986344 433
1694428305141 158.07739808283998 434
1694428305206 176.43133370401736 435
1694428305273 156.09406920516543 436
1694428305339 161.41901147798214 437
1694428305404 189.67088971390316 438
1694428305469 156.05751096194956 439
1694428305536 157.64566294334267 440
1694428305601 159.1324427767584 441
1694428305667 153.9315267968428 442
1694428305733 203.21727803328437 443
1694428305798 149.375056357995 444
1694428305864 196.1464772225647 445
1694428305931 176.63602603674747 446
1694428305995 142.30787580615674 447
1694428306061 173.83388842643427 448
1694428306128 156.92008953401893 449
1694428306194 178.10717556891896 450
1694428306259 168.315144175562 451
1694428306324 154.6408371235009 452
1694428306390 155.95143859819726 453
1694428306455 173.5713341371717 454
1694428306527 173.34935981429285 455
1694428306593 194.8868859946389 456
1694428306659 162.15210010691598 457
1694428306724 138.40212407888865 458
1694428306789 179.42409789123542 459
1694428306855 215.38563682005523 460
1694428306921 152.83808120060522 461
1694428306986 154.19455092314988 462
1694428307052 168.49160575496427 463
1694428307117 160.63305351811272 464
1694428307183 162.46284225998625 465
1694428307249 153.48390941179395 466
1694428307314 171.6165972470361 467
1694428307381 182.11629564471195 468
1694428307447 158.19125616610847 469
1694428307513 167.69427699861114 470
1694428307580 165.88119838470013 471
1694428307646 154.34843564328892 472
1694428307713 149.4250207277485 473
1694428307778 155.8752167516317 474
1694428307844 165.1934470702587 475
1694428307910 177.8221242683429 476
1694428307975 161.73430834207394 477
1694428308041 186.97984816653855 478
1694428308106 168.00088977971066 479
1694428308172 156.87970075975127 480
1694428308239 149.86784653683773 481
1694428308305 155.90613274756456 482
1694428308370 164.507739981778 483
1694428308435 181.9957649742218 484
1694428308501 168.42527713226886 485
1694428308566 155.9349783787899 486
1694428308632 158.87646691098016 487
1694428308698 156.67393882733793 488
1694428308765 180.7761844380783 489
1694428308830 160.90914666918127 490
1694428308896 170.66599578805932 491
1694428308963 156.10693198154422 492
1694428309028 155.37172895736612 493
1694428309094 165.18958812745134 494
1694428309159 178.91793363942392 495
1694428309225 150.03700827480293 496
1694428309290 194.18215651139377 497
1694428309357 171.77895144881754 498
1694428309423 159.09376170420927 499
