1694438553173 35.48822486946964 0
1694438553192 5.8877127787493775 1
1694438553211 1.2445944049436766 2
1694438553229 0.37711363014771837 3
1694438553248 0.11384808206418853 4
1694438553267 0.09507535874149572 5
1694438553288 0.15075800053652041 6
1694438553307 0.10797437786252996 7
1694438553325 0.08880135588977947 8
1694438553343 0.05671487480711638 9
1694438553362 0.09661915088667712 10
1694438553384 0.03550639075307195 11
1694438553405 0.12313357670650923 12
1694438553425 0.07945620016707389 13
1694438553446 0.06990756614995945 14
1694438553465 0.07943456053528113 15
1694438553487 0.057762393931676495 16
1694438553512 0.12171328883864571 17
1694438553532 0.08700292250560518 18
1694438553553 0.15386994715618263 19
1694438553575 0.14955167425920118 20
1694438553597 0.06260285191461461 21
1694438553620 0.16305354497054322 22
1694438553641 0.16448547152626264 23
1694438553662 0.09309485142585405 24
1694438553682 0.08374082729250447 25
1694438553700 0.26956945010261635 26
1694438553718 0.06837582366582341 27
1694438553736 0.35011311405983087 28
1694438553756 0.20506769714536952 29
1694438553775 0.10879626046460787 30
1694438553794 0.04429045200318288 31
1694438553813 0.06642368424969548 32
1694438553831 0.08275538748631879 33
1694438553852 0.1611935562678455 34
1694438553871 0.03467403811618343 35
1694438553890 0.13107244216542552 36
1694438553909 0.11233039524397366 37
1694438553927 0.1707984885377584 38
1694438553946 0.11713815511717358 39
1694438553965 0.06449813386982876 40
1694438553983 0.15659947610760674 41
1694438554002 0.07253666563624328 42
1694438554020 0.09475267979645667 43
1694438554038 0.08255455499156193 44
1694438554056 0.15951240969733918 45
1694438554075 0.07925854520237026 46
1694438554094 0.14016376596886512 47
1694438554113 0.09890844906350325 48
1694438554130 0.047359595807673245 49
1694438554150 0.045167966338537036 50
1694438554168 0.13038230470082596 51
1694438554188 0.19212651098577624 52
1694438554207 0.12353056191233736 53
1694438554225 0.0640424838181297 54
1694438554243 0.11245648085202153 55
1694438554261 0.1365048728381159 56
1694438554281 0.05741246092302878 57
1694438554301 0.07934458828085866 58
1694438554320 0.12210942087123748 59
1694438554338 0.08777853317903947 60
1694438554360 0.06435536417010737 61
1694438554385 0.2614551390523587 62
1694438554405 0.11156579598045617 63
1694438554424 0.12413168745927225 64
1694438554444 0.18295514563495652 65
1694438554470 0.09192664036412426 66
1694438554490 0.044089318086664255 67
1694438554517 0.07802049861222811 68
1694438554538 0.10449967670802966 69
1694438554560 0.06281164252338596 70
1694438554584 0.10125924956854583 71
1694438554604 0.08793877708616726 72
1694438554623 0.15250707865886579 73
1694438554647 0.18151388291115791 74
1694438554668 0.08296327373667486 75
1694438554687 0.27218961234530115 76
1694438554706 0.041331509779667 77
1694438554730 0.11941817062702532 78
1694438554750 0.06829382636089756 79
1694438554769 0.12053941017025936 80
1694438554789 0.04181226919711023 81
1694438554808 0.09068290037382896 82
1694438554827 0.04926923889070041 83
1694438554846 0.10288806826168474 84
1694438554866 0.09861525347923909 85
1694438554885 0.06440469407696543 86
1694438554904 0.12760663313186446 87
1694438554922 0.051020931371768996 88
1694438554940 0.10450145662701216 89
1694438554958 0.12971377985183116 90
1694438554976 0.08303393104207979 91
1694438554995 0.028004544025552382 92
1694438555014 0.15592696794801722 93
1694438555033 0.1926294216775579 94
1694438555052 0.13587356830280328 95
1694438555070 0.036636761374319926 96
1694438555089 0.13825150277806617 97
1694438555107 0.09540965521269841 98
1694438555126 0.13095921703830152 99
1694438555144 0.06760575398397037 100
1694438555162 0.060450059301118464 101
1694438555181 0.09274261979575403 102
1694438555200 0.06614284016242719 103
1694438555218 0.07290337117807397 104
1694438555236 0.09819408303606558 105
1694438555254 0.09766101444475203 106
1694438555274 0.11073446562632118 107
1694438555293 0.09018069773509634 108
1694438555311 0.11604438740581682 109
1694438555330 0.03134316360334226 110
1694438555349 0.09113515787190483 111
1694438555367 0.20311679119417594 112
1694438555386 0.06037396979744692 113
1694438555405 0.09718982392897098 114
1694438555424 0.08632647354422551 115
1694438555443 0.07465183173280385 116
1694438555461 0.10870192742898528 117
1694438555478 0.16863915235687724 118
1694438555498 0.07870884950909608 119
1694438555517 0.05016393428104932 120
1694438555535 0.07839704288282041 121
1694438555553 0.05923464180725894 122
1694438555571 0.11380926026152302 123
1694438555590 0.0442963979474103 124
1694438555609 0.0968757558972473 125
1694438555627 0.06084514308469273 126
1694438555646 0.08000996998031258 127
1694438555665 0.12531914088432886 128
1694438555684 0.0627727237731752 129
1694438555704 0.13283772512557687 130
1694438555723 0.07091218086289237 131
1694438555741 0.19061570933220826 132
1694438555760 0.057728372617721554 133
1694438555778 0.15063862320165036 134
1694438555797 0.08892030742772815 135
1694438555816 0.09412846668125806 136
1694438555834 0.08685561537324903 137
1694438555852 0.09054305909534123 138
1694438555870 0.10393707011313337 139
1694438555888 0.2367170227404141 140
1694438555907 0.15127113729865704 141
1694438555926 0.13554679927726412 142
1694438555944 0.05317164933716544 143
1694438555963 0.05586677810000034 144
1694438555982 0.06259855833895664 145
1694438556001 0.1176614624529423 146
1694438556019 0.09189161136011657 147
1694438556036 0.11388823638114275 148
1694438556054 0.08157270044433355 149
1694438556073 0.09882143522111897 150
1694438556093 0.12611842733408477 151
1694438556111 0.10656149885431833 152
1694438556129 0.08517397363064003 153
1694438556147 0.1599106039890463 154
1694438556166 0.06726966702069448 155
1694438556184 0.10960311074576536 156
1694438556203 0.22887878884416243 157
1694438556223 0.04694871474558706 158
1694438556242 0.07863858198011327 159
1694438556261 0.10261559907859251 160
1694438556281 0.19833610647524497 161
1694438556304 0.09826934160142964 162
1694438556323 0.4629773051602097 163
1694438556345 0.08711625366251016 164
1694438556367 0.06624645184027504 165
1694438556387 0.09920557343249141 166
1694438556408 0.03540847862354638 167
1694438556430 0.0479220690084212 168
1694438556451 0.06586915208063206 169
1694438556470 0.0621173408418194 170
1694438556491 0.07256969128495037 171
1694438556511 0.06988493082717348 172
1694438556531 0.09058988266683514 173
1694438556550 0.21625597712817696 174
1694438556569 0.05073198049745004 175
1694438556589 0.11699040706464518 176
1694438556608 0.12711513941898916 177
1694438556629 0.13753387064522182 178
1694438556648 0.07913960087477653 179
1694438556668 0.10835893099845094 180
1694438556689 0.09618558379745452 181
1694438556709 0.10866463219921482 182
1694438556728 0.07593051712850647 183
1694438556748 0.10521379676040483 184
1694438556768 0.10176642215754353 185
1694438556788 0.2694322705930004 186
1694438556807 0.15544346243832705 187
1694438556827 0.10284881948409381 188
1694438556847 0.11001658650839745 189
1694438556867 0.05136947636675863 190
1694438556886 0.045687967350172956 191
1694438556906 0.056110238324611025 192
1694438556927 0.14279736432243892 193
1694438556946 0.04109296507803799 194
1694438556964 0.029802919058860955 195
1694438556983 0.0630556425596516 196
1694438557003 0.11268592250846701 197
1694438557021 0.09829141270174332 198
1694438557041 0.10283664872819033 199
1694438557060 0.08614341570024438 200
1694438557080 0.0817316683534829 201
1694438557099 0.08055396551342023 202
1694438557119 0.08311302850985036 203
1694438557139 0.15405433693451487 204
1694438557159 0.05965201939878244 205
1694438557176 0.03330391875467836 206
1694438557196 0.12459542124240777 207
1694438557214 0.07532809750873862 208
1694438557232 0.06918115814881971 209
1694438557252 0.06984680403430611 210
1694438557270 0.06993349261149809 211
1694438557290 0.22184188389945536 212
1694438557310 0.1351882350931479 213
1694438557328 0.07880387993370135 214
1694438557347 0.04384933911889782 215
1694438557366 0.06630354069608177 216
1694438557385 0.05035715985010518 217
1694438557405 0.17303866744214094 218
1694438557423 0.057236969273875817 219
1694438557441 0.12615584682011358 220
1694438557459 0.07613457057012031 221
1694438557477 0.0858035069701761 222
1694438557495 0.04885781708613056 223
1694438557514 0.15625321794419042 224
1694438557533 0.1270084485521584 225
1694438557556 0.043009065075436205 226
1694438557574 0.05127012669141654 227
1694438557594 0.09620434006463442 228
1694438557613 0.24588119900091956 229
1694438557633 0.1084481531047963 230
1694438557651 0.12582060538494347 231
1694438557669 0.1212598078371454 232
1694438557688 0.04127208873787818 233
1694438557707 0.2286470616510993 234
1694438557726 0.0903028988059167 235
1694438557745 0.11345852149107505 236
1694438557764 0.084011880306703 237
1694438557782 0.07363892970203015 238
1694438557801 0.10412124666858834 239
1694438557820 0.06865389014294986 240
1694438557838 0.053051538881646154 241
1694438557856 0.13186842261110324 242
1694438557875 0.045139210569060444 243
1694438557894 0.03883777375378504 244
1694438557913 0.14898975402115516 245
1694438557931 0.07123771220963086 246
1694438557950 0.06360010877878973 247
1694438557967 0.09606009249727765 248
1694438557986 0.059044289567649885 249
1694438558005 0.11229153056389361 250
1694438558024 0.08089695740584162 251
1694438558042 0.14623423599572613 252
1694438558060 0.11606288115898608 253
1694438558078 0.1666808075843153 254
1694438558097 0.03937632467924065 255
1694438558116 0.1623038457399126 256
1694438558135 0.12739214022313322 257
1694438558154 0.08701273614556616 258
1694438558173 0.03415134498205848 259
1694438558191 0.1332665256865191 260
1694438558210 0.12183502171558373 261
1694438558229 0.1380039133886975 262
1694438558248 0.07246940083259648 263
1694438558266 0.08187908068368219 264
1694438558284 0.09183518559089719 265
1694438558303 0.10744236543986004 266
1694438558322 0.06897507786928916 267
1694438558340 0.04904337683130026 268
1694438558358 0.10232009680308021 269
1694438558376 0.06930260633371944 270
1694438558396 0.07432416615329628 271
1694438558415 0.10167658087967016 272
1694438558433 0.09741995115937892 273
1694438558452 0.10568063082542596 274
1694438558471 0.10466995973275531 275
1694438558490 0.07891380139549733 276
1694438558511 0.06593883103877002 277
1694438558529 0.10739262323448373 278
1694438558548 0.09129508062693226 279
1694438558567 0.07477652272197423 280
1694438558585 0.12406330043597576 281
1694438558604 0.07236275204298268 282
1694438558623 0.07283019971187521 283
1694438558641 0.193411691331157 284
1694438558661 0.061419435272911764 285
1694438558678 0.09659938588459635 286
1694438558697 0.04123882467484025 287
1694438558715 0.1973216496240242 288
1694438558733 0.11914452956059463 289
1694438558753 0.043171286786878274 290
1694438558772 0.09231579921650114 291
1694438558790 0.06910524024292351 292
1694438558809 0.10050059745498156 293
1694438558828 0.15426898909523273 294
1694438558847 0.12884668635879942 295
1694438558864 0.05785097921403225 296
1694438558882 0.10259459340867183 297
1694438558901 0.15316466378656643 298
1694438558919 0.040812841699391346 299
1694438558937 0.178503335250827 300
1694438558955 0.13030083383723198 301
1694438558973 0.041424617422731846 302
1694438558991 0.0945100484015385 303
1694438559010 0.06280425292543053 304
1694438559029 0.15194305601082142 305
1694438559048 0.08568193363039707 306
1694438559067 0.06934640264833412 307
1694438559086 0.11001174986962194 308
1694438559104 0.04014199289026736 309
1694438559123 0.1027351939626706 310
1694438559142 0.12115895571379454 311
1694438559160 0.2551330317599216 312
1694438559180 0.05096844957667112 313
1694438559198 0.035388145882182 314
1694438559218 0.11214688673225721 315
1694438559236 0.15539284095107164 316
1694438559254 0.033967302648493236 317
1694438559273 0.06242860655086807 318
1694438559291 0.06004112435709158 319
1694438559310 0.08875316753048516 320
1694438559328 0.08430383730879365 321
1694438559349 0.20960899446165035 322
1694438559370 0.08593863713683593 323
1694438559391 0.15997795438987467 324
1694438559410 0.03073305278400026 325
1694438559429 0.14864134577654026 326
1694438559448 0.13968370107890432 327
1694438559467 0.09520693010767543 328
1694438559487 0.042936160749321065 329
1694438559507 0.06099495990141118 330
1694438559525 0.09614419210893554 331
1694438559544 0.058950734743527966 332
1694438559562 0.10128989684672375 333
1694438559582 0.0733930076320419 334
1694438559600 0.13850981406654644 335
1694438559618 0.06163045997218343 336
1694438559637 0.07236314108285558 337
1694438559655 0.2187816704099151 338
1694438559672 0.05270916107363633 339
1694438559691 0.06557734395925516 340
1694438559710 0.09449136378552406 341
1694438559729 0.10518402086582554 342
1694438559747 0.07438381107237216 343
1694438559766 0.04927890586753891 344
1694438559783 0.08238193166381266 345
1694438559802 0.11515408389981112 346
1694438559819 0.15457414764343322 347
1694438559839 0.11028220987969185 348
1694438559857 0.17762296662080096 349
1694438559875 0.10902364253375109 350
1694438559893 0.10876282308379796 351
1694438559911 0.0476834456811035 352
1694438559931 0.06503690725139345 353
1694438559948 0.10543734974559923 354
1694438559967 0.04595887763712654 355
1694438559985 0.1531479603714179 356
1694438560005 0.032343612194403445 357
1694438560023 0.044871360947951855 358
1694438560041 0.1644794487929746 359
1694438560060 0.0929895056885828 360
1694438560078 0.14810841890596338 361
1694438560096 0.09279632392962252 362
1694438560114 0.1118985802528399 363
1694438560132 0.16132354156414272 364
1694438560150 0.1962826614914504 365
1694438560169 0.038382344478217326 366
1694438560187 0.06996568223584376 367
1694438560205 0.1484737935113492 368
1694438560224 0.05621491622164519 369
1694438560243 0.02706821297452072 370
1694438560261 0.12528009958798667 371
1694438560278 0.09316135308046769 372
1694438560297 0.23093968137294046 373
1694438560315 0.038495619561688524 374
1694438560334 0.13062836670364283 375
1694438560353 0.13749309860797757 376
1694438560371 0.12910189430320698 377
1694438560390 0.04553689223528538 378
1694438560411 0.0914415583318509 379
1694438560432 0.09397259215836147 380
1694438560453 0.0700130637483551 381
1694438560475 0.1300976351058383 382
1694438560497 0.05111407753863915 383
1694438560517 0.13971863191594142 384
1694438560539 0.09179138114624284 385
1694438560562 0.14067189852538728 386
1694438560585 0.1154664907775206 387
1694438560607 0.08632774796214934 388
1694438560631 0.059205848316022554 389
1694438560653 0.08929050715333631 390
1694438560674 0.08808122586229046 391
1694438560693 0.08979907372503394 392
1694438560712 0.09651046566405298 393
1694438560733 0.06409889967627407 394
1694438560752 0.09364229281116176 395
1694438560770 0.056553272129535107 396
1694438560788 0.08419742273764529 397
1694438560807 0.2670378945654323 398
1694438560825 0.02666701272208203 399
1694438560844 0.2787278052902835 400
1694438560863 0.0756718624299891 401
1694438560882 0.07521528966199811 402
1694438560902 0.06790266465845517 403
1694438560922 0.16190461045605709 404
1694438560941 0.08758151963851082 405
1694438560959 0.06605668421907585 406
1694438560978 0.15710517426644618 407
1694438560996 0.08137904756762124 408
1694438561014 0.08314891546094047 409
1694438561033 0.09740645161175357 410
1694438561053 0.10631209316862296 411
1694438561071 0.09090332709599105 412
1694438561091 0.06043386589310181 413
1694438561108 0.040066168080116114 414
1694438561127 0.09923853283657443 415
1694438561146 0.15282473963416207 416
1694438561164 0.05734893132623249 417
1694438561183 0.11076258358656119 418
1694438561206 0.14738935781058235 419
1694438561232 0.05747698291558647 420
1694438561254 0.06950464347094266 421
1694438561284 0.15460871789729436 422
1694438561308 0.15045397658942514 423
1694438561330 0.08664974016035261 424
1694438561352 0.06898198412336826 425
1694438561372 0.11304198279734767 426
1694438561392 0.055718455987697715 427
1694438561410 0.11173967918730612 428
1694438561429 0.14290192554704725 429
1694438561447 0.1130652164853454 430
1694438561465 0.05741132797190924 431
1694438561484 0.16169538240192177 432
1694438561503 0.10529794937175388 433
1694438561520 0.11990348496350722 434
1694438561539 0.05401124648578406 435
1694438561556 0.15540526823190656 436
1694438561576 0.18485930840652726 437
1694438561594 0.07362865572428942 438
1694438561611 0.08603291735627754 439
1694438561630 0.08046825028478703 440
1694438561648 0.09444389872621219 441
1694438561667 0.039035240023873485 442
1694438561685 0.0671337165706074 443
1694438561704 0.07526178176323908 444
1694438561722 0.05747933557260377 445
1694438561740 0.09482977516970834 446
1694438561759 0.1168662323870182 447
1694438561778 0.06162107368495657 448
1694438561797 0.10991200521192976 449
1694438561817 0.15180861126622394 450
1694438561837 0.08449849293374569 451
1694438561857 0.03376585162130286 452
1694438561877 0.017074392830491062 453
1694438561897 0.06517057518639832 454
1694438561916 0.08552680973739293 455
1694438561936 0.1766902823624156 456
1694438561953 0.09367601974330886 457
1694438561973 0.11738475813139537 458
1694438561993 0.16259742905936364 459
1694438562014 0.0632456534467248 460
1694438562034 0.047586996098691284 461
1694438562054 0.09908461345136337 462
1694438562073 0.05164985998683561 463
1694438562092 0.149993740729168 464
1694438562111 0.034724027305818764 465
1694438562130 0.05790919272970849 466
1694438562148 0.06503290116307078 467
1694438562165 0.2685677601075158 468
1694438562185 0.07485897289589367 469
1694438562203 0.29164522004328114 470
1694438562336 0.11182484752013948 471
1694438562355 0.05327096273764843 472
1694438562376 0.08726406853435693 473
1694438562397 0.06681629877601068 474
1694438562419 0.09224259049986493 475
1694438562439 0.10898648314396372 476
1694438562458 0.11938279317601085 477
1694438562476 0.11271391484185851 478
1694438562495 0.0913802627904412 479
1694438562514 0.1655511985693556 480
1694438562532 0.16876410889009605 481
1694438562551 0.032630881915452374 482
1694438562569 0.10623197512323802 483
1694438562588 0.4461050743488562 484
1694438562606 0.15779007540928808 485
1694438562624 0.16724535950495314 486
1694438562643 0.03253906976641526 487
1694438562660 0.0964633257636891 488
1694438562679 0.17118083733946804 489
1694438562699 0.05535833707990883 490
1694438562719 0.2900350729340035 491
1694438562740 0.07744846631732706 492
1694438562762 0.20259604808958295 493
1694438562782 0.14351930821454612 494
1694438562801 0.09967681179808456 495
1694438562819 0.0978140901493683 496
1694438562837 0.06325026260883466 497
1694438562855 0.13082628366392318 498
1694438562874 0.06417553034360447 499
