1694429395502 176.72794756165527 0
1694429395520 176.6925650662034 1
1694429395536 176.66426529312156 2
1694429395552 176.63596999045527 3
1694429395569 176.60767930430137 4
1694429395584 176.57939323389658 5
1694429395601 176.55111177848084 6
1694429395617 176.52283493729416 7
1694429395633 176.49456270957674 8
1694429395648 176.46629509456884 9
1694429395666 176.43803209151088 10
1694429395684 176.40977369964335 11
1694429395700 176.38151991820695 12
1694429395716 176.35327074644252 13
1694429395732 176.32502618359086 14
1694429395748 176.29678622889315 15
1694429395763 176.26855088159044 16
1694429395782 176.2403201409241 17
1694429395797 176.21209400613543 18
1694429395814 176.18387247646612 19
1694429395830 176.15565555115774 20
1694429395845 176.12744322945213 21
1694429395861 176.0992355105912 22
1694429395879 176.071032393817 23
1694429395894 176.0428338783717 24
1694429395910 176.01463996349761 25
1694429395927 175.98645064843708 26
1694429395943 175.95826593243277 27
1694429395959 175.9300858147273 28
1694429395975 175.9019102945634 29
1694429395991 175.87373937118412 30
1694429396008 175.8455730438324 31
1694429396025 175.81741131175147 32
1694429396042 175.78925417418463 33
1694429396064 175.7611016303753 34
1694429396082 175.73295367956703 35
1694429396099 175.7048103210035 36
1694429396116 175.67667155392851 37
1694429396133 175.64853737758597 38
1694429396151 175.62040779121995 39
1694429396169 175.59228279407463 40
1694429396187 175.5641623853943 41
1694429396206 175.53604656442337 42
1694429396223 175.50793533040644 43
1694429396238 175.47982868258816 44
1694429396254 175.4517266202133 45
1694429396270 175.42362914252686 46
1694429396286 175.39553624877385 47
1694429396303 175.36744793819943 48
1694429396319 175.33936421004898 49
1694429396335 175.31128506356782 50
1694429396351 175.2832104980016 51
1694429396367 175.25514051259594 52
1694429396382 175.22707510659663 53
1694429396399 175.19901427924967 54
1694429396415 175.17095802980106 55
1694429396430 175.14290635749697 56
1694429396447 175.11485926158372 57
1694429396461 175.08681674130776 58
1694429396477 175.0587787959156 59
1694429396493 175.03074542465393 60
1694429396510 175.00271662676957 61
1694429396527 174.97469240150943 62
1694429396542 174.94667274812053 63
1694429396558 174.91865766585013 64
1694429396573 174.89064715394548 65
1694429396589 174.862641211654 66
1694429396604 174.83463983822324 67
1694429396621 174.8066430329009 68
1694429396638 174.77865079493472 69
1694429396654 174.75066312357268 70
1694429396672 174.7226800180628 71
1694429396688 174.69470147765327 72
1694429396704 174.6667275015924 73
1694429396720 174.6387580891286 74
1694429396735 174.6107932395104 75
1694429396751 174.58283295198646 76
1694429396767 174.55487722580563 77
1694429396783 174.52692606021682 78
1694429396799 174.49897945446895 79
1694429396815 174.47103740781137 80
1694429396831 174.44309991949328 81
1694429396846 174.4151669887641 82
1694429396862 174.38723861487335 83
1694429396878 174.35931479707077 84
1694429396895 174.33139553460606 85
1694429396910 174.3034808267292 86
1694429396927 174.27557067269024 87
1694429396943 174.2476650717393 88
1694429396958 174.21976402312666 89
1694429396974 174.19186752610275 90
1694429396990 174.16397557991814 91
1694429397006 174.13608818382338 92
1694429397022 174.10820533706936 93
1694429397037 174.08032703890697 94
1694429397053 174.05245328858723 95
1694429397069 174.02458408536125 96
1694429397085 173.99671942848042 97
1694429397101 173.968859317196 98
1694429397118 173.94100375075962 99
1694429397134 173.91315272842294 100
1694429397150 173.8853062494377 101
1694429397167 173.85746431305574 102
1694429397183 173.8296269185292 103
1694429397199 173.80179406511013 104
1694429397214 173.77396575205083 105
1694429397231 173.74614197860376 106
1694429397247 173.71832274402132 107
1694429397263 173.69050804755625 108
1694429397278 173.6626978884613 109
1694429397295 173.63489226598932 110
1694429397311 173.60709117939336 111
1694429397327 173.57929462792654 112
1694429397342 173.55150261084214 113
1694429397358 173.52371512739356 114
1694429397374 173.4959321768342 115
1694429397389 173.46815375841783 116
1694429397405 173.44037987139814 117
1694429397422 173.41261051502903 118
1694429397437 173.38484568856447 119
1694429397454 173.3570853912586 120
1694429397470 173.32932962236572 121
1694429397485 173.3015783811401 122
1694429397500 173.27383166683634 123
1694429397516 173.246089478709 124
1694429397533 173.21835181601284 125
1694429397548 173.19061867800278 126
1694429397564 173.1628900639337 127
1694429397581 173.13516597306082 128
1694429397596 173.1074464046393 129
1694429397612 173.07973135792457 130
1694429397629 173.05202083217205 131
1694429397647 173.0243148266374 132
1694429397708 172.9966133405763 133
1694429397724 172.96891637324464 134
1694429397739 172.94122392389843 135
1694429397755 172.91353599179365 136
1694429397770 172.88585257618666 137
1694429397786 172.85817367633376 138
1694429397803 172.8304992914914 139
1694429397820 172.80282942091614 140
1694429397836 172.7751640638648 141
1694429397851 172.74750321959414 142
1694429397867 172.71984688736114 143
1694429397882 172.6921950664229 144
1694429397898 172.66454775603663 145
1694429397915 172.63690495545958 146
1694429397930 172.60926666394934 147
1694429397947 172.58163288076344 148
1694429397963 172.55400360515952 149
1694429397978 172.52637883639545 150
1694429397994 172.49875857372913 151
1694429398009 172.47114281641873 152
1694429398025 172.4435315637224 153
1694429398041 172.41592481489837 154
1694429398057 172.38832256920523 155
1694429398073 172.36072482590143 156
1694429398089 172.33313158424565 157
1694429398105 172.30554284349677 158
1694429398120 172.27795860291363 159
1694429398136 172.25037886175537 160
1694429398153 172.2228036192811 161
1694429398168 172.1952328747502 162
1694429398185 172.16766662742197 163
1694429398202 172.140104876556 164
1694429398217 172.112547621412 165
1694429398233 172.08499486124973 166
1694429398249 172.0574465953291 167
1694429398264 172.02990282291015 168
1694429398281 172.002363543253 169
1694429398298 171.974828755618 170
1694429398314 171.94729845926543 171
1694429398332 171.91977265345594 172
1694429398347 171.89225133745015 173
1694429398363 171.86473451050875 174
1694429398379 171.8372221718927 175
1694429398395 171.80971432086298 176
1694429398410 171.78221095668076 177
1694429398426 171.7547120786073 178
1694429398443 171.72721768590392 179
1694429398459 171.69972777783218 180
1694429398474 171.67224235365367 181
1694429398491 171.64476141263015 182
1694429398507 171.61728495402352 183
1694429398522 171.5898129770957 184
1694429398538 171.5623454811089 185
1694429398555 171.53488246532527 186
1694429398571 171.50742392900722 187
1694429398586 171.47996987141715 188
1694429398603 171.4525202918178 189
1694429398619 171.42507518947178 190
1694429398635 171.39763456364193 191
1694429398652 171.3701984135913 192
1694429398668 171.34276673858298 193
1694429398684 171.31533953788008 194
1694429398700 171.28791681074605 195
1694429398715 171.26049855644422 196
1694429398731 171.23308477423834 197
1694429398748 171.205675463392 198
1694429398764 171.178270623169 199
1694429398779 171.1508702528333 200
1694429398795 171.12347435164904 201
1694429398812 171.09608291888034 202
1694429398827 171.06869595379158 203
1694429398846 171.04131345564704 204
1694429398863 171.01393542371142 205
1694429398880 170.98656185724937 206
1694429398895 170.95919275552563 207
1694429398910 170.9318281178052 208
1694429398926 170.904467943353 209
1694429398942 170.87711223143435 210
1694429398958 170.84976098131438 211
1694429398973 170.82241419225863 212
1694429398989 170.79507186353254 213
1694429399004 170.7677339944018 214
1694429399020 170.74040058413215 215
1694429399036 170.71307163198952 216
1694429399053 170.68574713723987 217
1694429399069 170.6584270991494 218
1694429399085 170.6311115169843 219
1694429399100 170.60380039001103 220
1694429399117 170.57649371749602 221
1694429399133 170.54919149870594 222
1694429399150 170.52189373290747 223
1694429399165 170.49460041936752 224
1694429399181 170.46731155735307 225
1694429399196 170.44002714613126 226
1694429399212 170.41274718496922 227
1694429399230 170.38547167313442 228
1694429399245 170.35820060989428 229
1694429399263 170.33093399451636 230
1694429399279 170.3036718262684 231
1694429399295 170.27641410441825 232
1694429399311 170.24916082823384 233
1694429399327 170.22191199698332 234
1694429399343 170.19466760993478 235
1694429399359 170.1674276663566 236
1694429399375 170.14019216551722 237
1694429399390 170.11296110668516 238
1694429399405 170.08573448912918 239
1694429399423 170.05851231211798 240
1694429399440 170.03129457492062 241
1694429399456 170.00408127680606 242
1694429399472 169.97687241704347 243
1694429399487 169.94966799490217 244
1694429399503 169.92246800965154 245
1694429399519 169.89527246056113 246
1694429399536 169.8680813469006 247
1694429399552 169.84089466793966 248
1694429399567 169.81371242294824 249
1694429399583 169.78653461119646 250
1694429399599 169.75936123195427 251
1694429399615 169.73219228449207 252
1694429399631 169.70502776808016 253
1694429399647 169.67786768198903 254
1694429399664 169.65071202548938 255
1694429399679 169.6235607978519 256
1694429399694 169.59641399834746 257
1694429399710 169.569271626247 258
1694429399726 169.54213368082165 259
1694429399743 169.51500016134267 260
1694429399758 169.48787106708136 261
1694429399774 169.4607463973092 262
1694429399790 169.43362615129777 263
1694429399805 169.40651032831875 264
1694429399821 169.37939892764405 265
1694429399837 169.35229194854546 266
1694429399853 169.3251893902952 267
1694429399869 169.29809125216542 268
1694429399885 169.27099753342839 269
1694429399901 169.24390823335654 270
1694429399916 169.21682335122247 271
1694429399932 169.18974288629877 272
1694429399951 169.16266683785832 273
1694429399967 169.13559520517396 274
1694429399982 169.10852798751876 275
1694429399998 169.08146518416584 276
1694429400017 169.0544067943885 277
1694429400034 169.02735281746013 278
1694429400050 169.00030325265425 279
1694429400067 168.97325809924448 280
1694429400084 168.94621735650452 281
1694429400099 168.91918102370835 282
1694429400115 168.89214910012987 283
1694429400130 168.86512158504323 284
1694429400147 168.83809847772264 285
1694429400163 168.8110797774425 286
1694429400178 168.7840654834773 287
1694429400194 168.75705559510152 288
1694429400210 168.73005011159 289
1694429400225 168.70304903221754 290
1694429400241 168.67605235625902 291
1694429400257 168.6490600829896 292
1694429400273 168.62207221168447 293
1694429400290 168.5950887416189 294
1694429400305 168.56810967206835 295
1694429400321 168.5411350023084 296
1694429400337 168.51416473161464 297
1694429400354 168.48719885926295 298
1694429400369 168.46023738452922 299
1694429400384 168.43328030668948 300
1694429400401 168.40632762501988 301
1694429400417 168.3793793387967 302
1694429400433 168.35243544729636 303
1694429400450 168.32549594979525 304
1694429400465 168.2985608455702 305
1694429400481 168.27163013389784 306
1694429400498 168.24470381405504 307
1694429400514 168.21778188531886 308
1694429400529 168.1908643469663 309
1694429400546 168.16395119827476 310
1694429400563 168.13704243852143 311
1694429400580 168.11013806698386 312
1694429400595 168.08323808293963 313
1694429400611 168.05634248566648 314
1694429400628 168.0294512744422 315
1694429400645 168.00256444854472 316
1694429400661 167.97568200725215 317
1694429400676 167.9488039498427 318
1694429400692 167.92193027559463 319
1694429400708 167.89506098378638 320
1694429400724 167.8681960736965 321
1694429400739 167.84133554460368 322
1694429400756 167.81447939578672 323
1694429400771 167.78762762652443 324
1694429400788 167.76078023609594 325
1694429400803 167.73393722378037 326
1694429400819 167.70709858885692 327
1694429400834 167.68026433060507 328
1694429400851 167.65343444830424 329
1694429400866 167.62660894123414 330
1694429400882 167.59978780867445 331
1694429400898 167.572971049905 332
1694429400915 167.54615866420582 333
1694429400931 167.51935065085704 334
1694429400947 167.49254700913883 335
1694429400962 167.4657477383315 336
1694429400978 167.43895283771556 337
1694429400994 167.4121623065716 338
1694429401009 167.38537614418024 339
1694429401025 167.3585943498224 340
1694429401040 167.33181692277893 341
1694429401057 167.30504386233088 342
1694429401073 167.27827516775943 343
1694429401089 167.25151083834595 344
1694429401106 167.22475087337176 345
1694429401123 167.19799527211845 346
1694429401139 167.1712440338676 347
1694429401155 167.144497157901 348
1694429401171 167.11775464350052 349
1694429401186 167.09101648994826 350
1694429401202 167.06428269652625 351
1694429401218 167.03755326251672 352
1694429401234 167.01082818720212 353
1694429401250 166.98410746986482 354
1694429401265 166.95739110978752 355
1694429401281 166.93067910625288 356
1694429401297 166.90397145854377 357
1694429401313 166.87726816594306 358
1694429401328 166.85056922773393 359
1694429401345 166.8238746431995 360
1694429401361 166.79718441162314 361
1694429401377 166.77049853228826 362
1694429401392 166.7438170044784 363
1694429401408 166.71713982747718 364
1694429401424 166.69046700056847 365
1694429401439 166.66379852303612 366
1694429401455 166.63713439416418 367
1694429401472 166.61047461323676 368
1694429401487 166.58381917953815 369
1694429401503 166.55716809235273 370
1694429401519 166.53052135096496 371
1694429401535 166.5038789546595 372
1694429401551 166.47724090272106 373
1694429401567 166.4506071944345 374
1694429401583 166.42397782908472 375
1694429401599 166.39735280595698 376
1694429401615 166.3707321243363 377
1694429401631 166.34411578350816 378
1694429401647 166.31750378275788 379
1694429401663 166.29089612137113 380
1694429401679 166.26429279863348 381
1694429401695 166.23769381383082 382
1694429401712 166.21109916624903 383
1694429401729 166.18450885517413 384
1694429401744 166.1579228798923 385
1694429401760 166.13134123968982 386
1694429401776 166.10476393385304 387
1694429401792 166.0781909616685 388
1694429401808 166.05162232242282 389
1694429401824 166.02505801540278 390
1694429401840 165.99849803989514 391
1694429401856 165.97194239518697 392
1694429401872 165.94539108056537 393
1694429401889 165.91884409531755 394
1694429401904 165.89230143873078 395
1694429401920 165.8657631100926 396
1694429401936 165.8392291086905 397
1694429401952 165.81269943381224 398
1694429401968 165.7861740847456 399
1694429401984 165.75965306077848 400
1694429402000 165.73313636119897 401
1694429402016 165.70662398529515 402
1694429402031 165.68011593235545 403
1694429402048 165.65361220166812 404
1694429402065 165.6271127925217 405
1694429402080 165.6006177042049 406
1694429402097 165.5741269360064 407
1694429402113 165.54764048721503 408
1694429402127 165.52115835711987 409
1694429402144 165.49468054501 410
1694429402161 165.4682070501746 411
1694429402176 165.44173787190303 412
1694429402191 165.41527300948476 413
1694429402207 165.38881246220933 414
1694429402223 165.36235622936647 415
1694429402239 165.33590431024598 416
1694429402257 165.30945670413777 417
1694429402273 165.28301341033188 418
1694429402290 165.25657442811848 419
1694429402307 165.23013975678782 420
1694429402323 165.2037093956304 421
1694429402339 165.1772833439366 422
1694429402354 165.15086160099716 423
1694429402370 165.12444416610276 424
1694429402386 165.0980310385443 425
1694429402401 165.07162221761274 426
1694429402417 165.04521770259922 427
1694429402432 165.0188174927949 428
1694429402448 164.9924215874912 429
1694429402465 164.9660299859795 430
1694429402480 164.93964268755136 431
1694429402496 164.91325969149855 432
1694429402512 164.88688099711285 433
1694429402529 164.8605066036861 434
1694429402544 164.83413651051043 435
1694429402561 164.80777071687797 436
1694429402577 164.78140922208095 437
1694429402593 164.75505202541186 438
1694429402609 164.72869912616312 439
1694429402625 164.7023505236274 440
1694429402640 164.6760062170974 441
1694429402657 164.64966620586605 442
1694429402673 164.62333048922628 443
1694429402689 164.59699906647117 444
1694429402705 164.57067193689397 445
1694429402720 164.54434909978804 446
1694429402737 164.51803055444668 447
1694429402753 164.49171630016357 448
1694429402769 164.46540633623243 449
1694429402785 164.43910066194698 450
1694429402801 164.4127992766011 451
1694429402817 164.38650217948887 452
1694429402833 164.36020936990448 453
1694429402850 164.33392084714208 454
1694429402867 164.3076366104962 455
1694429402883 164.28135665926118 456
1694429402899 164.25508099273176 457
1694429402915 164.2288096102026 458
1694429402931 164.20254251096858 459
1694429402946 164.17627969432465 460
1694429402963 164.1500211595659 461
1694429402980 164.1237669059875 462
1694429402995 164.09751693288482 463
1694429403010 164.07127123955325 464
1694429403027 164.0450298252883 465
1694429403042 164.01879268938572 466
1694429403058 163.99255983114128 467
1694429403074 163.9663312498508 468
1694429403090 163.94010694481037 469
1694429403105 163.9138869153161 470
1694429403122 163.88767116066418 471
1694429403138 163.8614596801511 472
1694429403154 163.83525247307324 473
1694429403170 163.80904953872724 474
1694429403186 163.78285087640975 475
1694429403202 163.7566564854177 476
1694429403218 163.73046636504793 477
1694429403232 163.70428051459763 478
1694429403249 163.67809893336388 479
1694429403265 163.65192162064398 480
1694429403281 163.62574857573537 481
1694429403297 163.59957979793558 482
1694429403314 163.57341528654226 483
1694429403329 163.54725504085314 484
1694429403345 163.52109906016614 485
1694429403361 163.49494734377922 486
1694429403378 163.46879989099048 487
1694429403393 163.44265670109817 488
1694429403409 163.4165177734006 489
1694429403427 163.39038310719633 490
1694429403446 163.36425270178378 491
1694429403461 163.3381265564618 492
1694429403477 163.31200467052906 493
1694429403494 163.28588704328456 494
1694429403508 163.25977367402731 495
1694429403524 163.23366456205642 496
1694429403540 163.2075597066713 497
1694429403557 163.1814591071712 498
1694429403573 163.15536276285567 499
