1694428645382 171.7865262021707 0
1694428645399 172.8264676149294 1
1694428645414 165.66180226601378 2
1694428645429 169.12004001499704 3
1694428645443 166.54508947378025 4
1694428645462 167.7862829998231 5
1694428645478 169.88487608345912 6
1694428645494 170.30132884087945 7
1694428645509 162.22720688381813 8
1694428645524 166.10282112122945 9
1694428645540 167.14856861373545 10
1694428645556 163.81531737836886 11
1694428645571 171.81997853764997 12
1694428645586 167.45407393138615 13
1694428645600 168.04913011488878 14
1694428645615 170.1443403225858 15
1694428645630 171.71374773964502 16
1694428645645 167.93295796252897 17
1694428645661 168.8945491906501 18
1694428645676 169.095185434679 19
1694428645694 162.81086741884084 20
1694428645712 167.81788532917034 21
1694428645730 169.15852147226954 22
1694428645751 169.252745399806 23
1694428645770 164.69864035082423 24
1694428645789 168.66439538037147 25
1694428645808 167.31077569626953 26
1694428645828 168.6897972437223 27
1694428645846 166.55746251999514 28
1694428645864 167.83662600257495 29
1694428645880 165.18727212465063 30
1694428645894 170.36491831028044 31
1694428645909 167.2830164383001 32
1694428645924 170.5531624782895 33
1694428645938 162.64978757898191 34
1694428645953 164.5618562282559 35
1694428645971 167.75213087090694 36
1694428645986 170.8962593814763 37
1694428646001 168.01189044674916 38
1694428646016 167.01630071034424 39
1694428646031 172.30991189481253 40
1694428646045 167.72996681292597 41
1694428646060 169.4250223137978 42
1694428646074 168.56614014945714 43
1694428646089 168.14237625090328 44
1694428646104 171.9167348044373 45
1694428646118 166.41114998199677 46
1694428646134 168.9308852073688 47
1694428646150 170.13663372701538 48
1694428646166 171.3605433936325 49
1694428646181 161.63119143834044 50
1694428646195 170.23768391298884 51
1694428646213 167.2479407902045 52
1694428646228 163.95971050195732 53
1694428646244 168.52231961805236 54
1694428646259 171.54844555852665 55
1694428646276 170.46072369505785 56
1694428646292 168.1988981222743 57
1694428646308 171.39388391711495 58
1694428646324 171.572537052883 59
1694428646342 169.45457412115212 60
1694428646358 166.9718642896352 61
1694428646374 164.99650532487638 62
1694428646391 167.3069720794351 63
1694428646407 168.59611657027153 64
1694428646423 168.14918924207834 65
1694428646440 167.35840494466228 66
1694428646457 170.88319452120146 67
1694428646473 168.26042312408956 68
1694428646491 167.42779455758293 69
1694428646507 164.22535552392145 70
1694428646522 169.43516743739426 71
1694428646542 170.94535932873364 72
1694428646562 169.33479209243902 73
1694428646579 165.29196502717284 74
1694428646595 164.91449891098048 75
1694428646610 169.81886192495497 76
1694428646626 168.61516954442897 77
1694428646642 166.10397139143748 78
1694428646656 165.69761601907607 79
1694428646671 164.31326853556635 80
1694428646687 168.4959694149832 81
1694428646702 168.46056853999158 82
1694428646717 170.97196924988972 83
1694428646732 168.95469845583085 84
1694428646748 166.3195692430015 85
1694428646764 170.03522567511894 86
1694428646780 168.94141335461725 87
1694428646795 168.7917861324507 88
1694428646810 161.60302238379367 89
1694428646826 163.01522698036388 90
1694428646845 166.14236947585104 91
1694428646864 173.18040962501382 92
1694428646881 172.45415075416494 93
1694428646898 170.73738015438238 94
1694428646913 173.6902042414368 95
1694428646929 167.66960246197687 96
1694428646945 169.42363815244624 97
1694428646966 162.15136479767756 98
1694428646984 166.06943950716678 99
1694428647001 168.95731497752337 100
1694428647016 167.09371796698932 101
1694428647033 166.8710887339706 102
1694428647049 168.11352780433373 103
1694428647064 173.17695797287007 104
1694428647081 168.79218574488783 105
1694428647097 167.8079186144148 106
1694428647113 172.42742295835765 107
1694428647127 171.21729570573683 108
1694428647143 171.1346036373461 109
1694428647158 168.8203848865099 110
1694428647172 167.63492964872242 111
1694428647188 164.2314242051682 112
1694428647204 167.41371231909747 113
1694428647219 167.75406042104342 114
1694428647235 170.53412788862173 115
1694428647250 169.34238858083563 116
1694428647265 172.02289549853907 117
1694428647280 170.602099525335 118
1694428647298 170.34121257919597 119
1694428647315 166.18313343105027 120
1694428647337 169.66979443080308 121
1694428647358 171.28711982336637 122
1694428647377 170.33549830908632 123
1694428647395 168.80203897653743 124
1694428647421 168.75293632553058 125
1694428647445 172.30122303081393 126
1694428647477 171.91970227739833 127
1694428647513 170.97657527508184 128
1694428647542 165.89769392703107 129
1694428647562 167.63731950227296 130
1694428647581 161.75119165417217 131
1694428647603 174.39393754291 132
1694428647622 164.56523369145995 133
1694428647641 169.966917582424 134
1694428647660 168.28907123576428 135
1694428647679 167.20629639517963 136
1694428647703 163.25427818800037 137
1694428647725 169.25018170286845 138
1694428647747 169.91546173400496 139
1694428647769 167.88537213813723 140
1694428647788 168.85597494794027 141
1694428647806 167.38826083300222 142
1694428647825 166.06878328137023 143
1694428647844 168.7653406522915 144
1694428647862 172.1073733510002 145
1694428647881 167.24870247519493 146
1694428647902 168.50281929303534 147
1694428647920 173.45620774371423 148
1694428647941 171.14282180786287 149
1694428647961 168.51158463907018 150
1694428647982 168.9206594352192 151
1694428648006 168.19185866761134 152
1694428648026 158.37240791951098 153
1694428648046 167.25935833948773 154
1694428648065 168.40415731371226 155
1694428648083 164.37077672769666 156
1694428648103 168.9495555113574 157
1694428648124 169.64380193620508 158
1694428648145 164.3425318947779 159
1694428648164 165.68479689340884 160
1694428648180 167.57558616083398 161
1694428648199 166.6828163933817 162
1694428648217 171.67635323244784 163
1694428648236 168.24312991574223 164
1694428648255 166.59015086121622 165
1694428648273 168.59004627007133 166
1694428648295 169.82146393604762 167
1694428648316 166.06835457896548 168
1694428648336 170.54943205715045 169
1694428648358 168.18439146095537 170
1694428648378 171.88865830083958 171
1694428648397 167.4226544175845 172
1694428648415 169.59890151323665 173
1694428648432 165.41244813173327 174
1694428648450 171.5621666922963 175
1694428648468 172.58321072599264 176
1694428648489 165.29926244137457 177
1694428648509 170.76586038775196 178
1694428648526 166.64199528197634 179
1694428648544 168.65006070215372 180
1694428648561 172.43437352600282 181
1694428648579 171.6991893824273 182
1694428648597 165.33700691173757 183
1694428648615 174.0256136596394 184
1694428648632 161.7280019894729 185
1694428648651 166.35485743726073 186
1694428648671 167.24803909793053 187
1694428648692 167.98901897790574 188
1694428648713 170.73748545324506 189
1694428648734 168.53593674671475 190
1694428648753 168.08734682805382 191
1694428648771 170.04791214830408 192
1694428648790 164.98202382257236 193
1694428648809 165.66890482504417 194
1694428648827 173.2635945260379 195
1694428648846 171.1220715383463 196
1694428648865 170.10517624469165 197
1694428648883 164.74950012062186 198
1694428648903 170.16863967268182 199
1694428648922 169.64980633793712 200
1694428648941 172.65226092208815 201
1694428648958 168.67518378428022 202
1694428648976 170.76825158725893 203
1694428648994 164.13064039258037 204
1694428649013 173.49849592423715 205
1694428649033 172.44900918346985 206
1694428649052 170.085271943846 207
1694428649069 172.26114524179727 208
1694428649087 170.4358470010734 209
1694428649106 164.1078932719441 210
1694428649123 165.4976780673289 211
1694428649141 166.7805523374859 212
1694428649160 168.21973794893273 213
1694428649179 170.38858083384667 214
1694428649201 169.6174171977681 215
1694428649221 161.05902108320393 216
1694428649241 164.70945400973983 217
1694428649259 166.66047041024916 218
1694428649277 169.1082866851456 219
1694428649293 167.07168521138024 220
1694428649311 172.94834799129515 221
1694428649329 166.07816046005888 222
1694428649348 166.22849462339792 223
1694428649365 167.77453331835832 224
1694428649382 167.03179152207017 225
1694428649401 163.0492192278475 226
1694428649420 173.14353920852687 227
1694428649439 170.57020278528853 228
1694428649458 167.48809705293212 229
1694428649477 168.22030744863363 230
1694428649497 170.69826807222609 231
1694428649519 166.89273227763672 232
1694428649538 172.4429291651286 233
1694428649557 160.93733009300936 234
1694428649579 168.38143390959362 235
1694428649597 163.19533039630713 236
1694428649618 164.2712907720889 237
1694428649635 166.1775354684053 238
1694428649654 166.8919424986024 239
1694428649671 171.08871054008168 240
1694428649690 171.29980424759012 241
1694428649708 169.97428130038742 242
1694428649726 169.41161337725748 243
1694428649747 169.9745106421823 244
1694428649768 172.05596657503796 245
1694428649790 166.77145558007535 246
1694428649809 164.97249400016767 247
1694428649826 171.06853751297572 248
1694428649843 170.3431287490476 249
1694428649865 160.89413816905912 250
1694428649885 170.63784077198392 251
1694428649906 167.6645736426439 252
1694428649927 167.2018304770461 253
1694428649946 170.9203436816277 254
1694428649964 168.23036340760618 255
1694428649982 163.55664147119617 256
1694428650000 173.23681265671823 257
1694428650019 173.18224944994378 258
1694428650037 173.6943187342831 259
1694428650055 168.25468317008114 260
1694428650074 166.3399691764211 261
1694428650094 169.9863527273995 262
1694428650116 167.17423580400026 263
1694428650136 166.27407588440155 264
1694428650155 172.05634487707601 265
1694428650174 167.4968931967163 266
1694428650193 170.5224837777505 267
1694428650214 166.60332550019226 268
1694428650236 165.33564937280525 269
1694428650259 170.01523238942931 270
1694428650279 172.50272533279525 271
1694428650298 161.70062065895854 272
1694428650320 165.00970200948112 273
1694428650343 165.756740184014 274
1694428650360 167.15054398656116 275
1694428650381 170.1850376700955 276
1694428650407 164.38376699729653 277
1694428650428 170.35202732118822 278
1694428650447 168.15353310006685 279
1694428650466 171.28799850990728 280
1694428650485 166.94115843301182 281
1694428650506 169.49099946295044 282
1694428650528 168.5421682802583 283
1694428650550 164.577439663241 284
1694428650572 163.9336549653549 285
1694428650600 170.35940044513046 286
1694428650625 167.3201881404737 287
1694428650653 163.1687867731787 288
1694428650678 173.34215497321276 289
1694428650704 167.61903674972018 290
1694428650722 165.5015790110647 291
1694428650740 169.03286933767842 292
1694428650758 171.30370949747754 293
1694428650775 165.7134079102041 294
1694428650796 168.69333174555828 295
1694428650813 164.12035336227288 296
1694428650830 164.26734392883273 297
1694428650848 167.4216642029356 298
1694428650866 171.9390881342794 299
1694428650884 169.55837718068372 300
1694428650901 171.51846213493164 301
1694428650922 170.27527198167198 302
1694428650939 165.97128084672832 303
1694428650960 167.33034932362582 304
1694428650984 171.77762170382405 305
1694428651008 166.91967123431755 306
1694428651036 173.07270600931284 307
1694428651057 163.96480469307548 308
1694428651086 171.23113692512462 309
1694428651113 169.0902485049672 310
1694428651139 166.27148963582587 311
1694428651165 169.84291481086447 312
1694428651185 165.08975597265433 313
1694428651202 169.2178310560918 314
1694428651222 163.2703444074262 315
1694428651241 163.4471581889711 316
1694428651258 171.99677879850756 317
1694428651281 160.26896867153278 318
1694428651303 164.25053933409427 319
1694428651324 165.8084804461527 320
1694428651345 167.4572982811181 321
1694428651362 162.05441780132944 322
1694428651381 161.2902264793068 323
1694428651403 171.307690421224 324
1694428651425 167.05867475438404 325
1694428651444 167.40524834864138 326
1694428651462 172.0370070349965 327
1694428651482 170.80567406317638 328
1694428651505 166.87590592848824 329
1694428651530 167.8662490224689 330
1694428651553 161.67460864592414 331
1694428651574 166.23909192141062 332
1694428651595 168.77420363552287 333
1694428651618 170.36139488141654 334
1694428651641 168.22779693522816 335
1694428651665 167.36432020165762 336
1694428651687 169.9058036639173 337
1694428651711 173.099994635309 338
1694428651731 171.95430272805945 339
1694428651753 165.63956193152907 340
1694428651777 165.73702716460716 341
1694428651799 164.129544457918 342
1694428651822 177.2027914021929 343
1694428651843 168.14162813827934 344
1694428651864 169.31850331209012 345
1694428651886 168.57272492687517 346
1694428651908 162.76307222532017 347
1694428651930 170.35058478341358 348
1694428651955 162.6090962170209 349
1694428651978 166.25389039180104 350
1694428652003 169.41392166233067 351
1694428652025 168.4894643815922 352
1694428652047 164.68098230778392 353
1694428652070 171.22179308013077 354
1694428652094 168.8754450278788 355
1694428652116 163.0916702901664 356
1694428652140 167.39039250419722 357
1694428652161 169.0848056911136 358
1694428652186 172.48316056009708 359
1694428652206 168.9476759425663 360
1694428652226 167.8347861749207 361
1694428652250 168.24896250395724 362
1694428652270 168.3778982835408 363
1694428652294 164.4099205169873 364
1694428652317 167.17494290495944 365
1694428652337 169.40913621886213 366
1694428652355 166.72946222555132 367
1694428652374 172.4086522390766 368
1694428652391 172.60547834862956 369
1694428652408 167.78765682760314 370
1694428652425 170.4587361986159 371
1694428652442 171.78850658381484 372
1694428652459 171.0936529576656 373
1694428652475 158.5687199490773 374
1694428652492 169.73980092739268 375
1694428652509 171.43273878069903 376
1694428652526 167.60860703240263 377
1694428652543 167.5466403400278 378
1694428652560 167.6827952945745 379
1694428652578 168.54070982125964 380
1694428652595 168.3368844120957 381
1694428652612 166.98343953551628 382
1694428652629 164.70797369305612 383
1694428652647 168.27717338887814 384
1694428652664 161.87950902527967 385
1694428652681 168.1047524805637 386
1694428652698 169.6184260952873 387
1694428652715 172.70840542384394 388
1694428652732 164.69420280893402 389
1694428652749 167.9492592981713 390
1694428652766 171.21395037726825 391
1694428652782 160.43883184068272 392
1694428652798 171.3135565962622 393
1694428652815 173.78867131286148 394
1694428652832 171.31910209494183 395
1694428652849 171.63680845465134 396
1694428652866 171.70033721444287 397
1694428652882 166.33731875190847 398
1694428652899 165.5712457551417 399
1694428652915 169.51596614704326 400
1694428652933 165.4373752227419 401
1694428652949 170.09378736237105 402
1694428652970 169.91677423737318 403
1694428652986 164.24458116070136 404
1694428653004 174.3888786454102 405
1694428653020 168.12181121459847 406
1694428653037 166.68103286201855 407
1694428653054 167.81787621595436 408
1694428653070 170.85694411994106 409
1694428653087 168.26349370350482 410
1694428653103 163.4078775526994 411
1694428653122 164.8081496106932 412
1694428653138 164.4289256428658 413
1694428653155 166.45666823548882 414
1694428653172 165.82855140140808 415
1694428653189 167.4785677130849 416
1694428653206 168.42276518926593 417
1694428653224 166.087269207146 418
1694428653240 173.10776823184756 419
1694428653256 170.59628405286577 420
1694428653272 170.20400525621332 421
1694428653290 169.39704149618322 422
1694428653306 166.9739724664109 423
1694428653323 168.28667370981572 424
1694428653339 172.10925190044557 425
1694428653357 166.2023463286386 426
1694428653374 169.4230757991143 427
1694428653391 162.41689187677045 428
1694428653408 169.94692326128734 429
1694428653425 162.08586079008714 430
1694428653442 168.79169265083962 431
1694428653459 168.71778762262275 432
1694428653476 166.36999485312361 433
1694428653493 165.69270204401533 434
1694428653510 173.64763797753903 435
1694428653527 167.63812252703838 436
1694428653546 168.51025520053514 437
1694428653562 169.94176112797695 438
1694428653579 168.8756012651927 439
1694428653596 170.513593362136 440
1694428653613 173.15025686878565 441
1694428653630 168.86553761517357 442
1694428653647 163.7651176070313 443
1694428653664 166.69646147986515 444
1694428653682 163.72341786191183 445
1694428653699 168.47440918346817 446
1694428653715 169.40198462319896 447
1694428653732 173.24039752753612 448
1694428653748 166.52623592703517 449
1694428653764 166.30789377479488 450
1694428653782 166.46406893029635 451
1694428653798 164.40881914517013 452
1694428653817 166.12559256167242 453
1694428653833 169.78540113362723 454
1694428653850 165.17000176102178 455
1694428653866 167.28160797512172 456
1694428653884 170.25043491996652 457
1694428653900 167.74401725542663 458
1694428653916 168.64928184779816 459
1694428653934 160.27292226526467 460
1694428653950 176.86676277782493 461
1694428653967 171.48763212200285 462
1694428653984 169.47971016469174 463
1694428654001 168.2836360931296 464
1694428654018 167.3513226627994 465
1694428654034 169.3599747351621 466
1694428654052 164.78399129521813 467
1694428654068 171.8869613611013 468
1694428654085 171.8446146809804 469
1694428654102 166.462899329021 470
1694428654119 162.70777831350355 471
1694428654136 163.9245179304078 472
1694428654153 161.78577432677343 473
1694428654171 174.00054589576342 474
1694428654187 169.265075763201 475
1694428654204 164.85559682851797 476
1694428654220 166.0707202837336 477
1694428654237 165.61909355922373 478
1694428654253 174.12316924137744 479
1694428654269 167.7604559750207 480
1694428654287 165.45869184266326 481
1694428654304 166.31679486093282 482
1694428654320 170.51221612958292 483
1694428654336 171.44723650467017 484
1694428654352 165.5485371481943 485
1694428654369 165.44883202807043 486
1694428654386 163.347914419046 487
1694428654402 162.58570745413542 488
1694428654420 169.9460323715105 489
1694428654436 170.57513544307724 490
1694428654452 167.82517801597604 491
1694428654468 169.28614354154647 492
1694428654485 166.82430173078814 493
1694428654502 170.64201102601993 494
1694428654519 167.3403996500328 495
1694428654536 169.3247449177711 496
1694428654553 175.85088022238415 497
1694428654569 166.11039226085333 498
1694428654586 169.46485128777653 499
