1694438447875 169.03908926289097 0
1694438447893 169.0052472214726 1
1694438447911 168.97141196632063 2
1694438447929 168.93758349607182 3
1694438447947 168.90376180936298 4
1694438447965 168.86994690483135 5
1694438447981 168.83613878111439 6
1694438448000 168.80233743684977 7
1694438448020 168.76854287067556 8
1694438448038 168.73475508123 9
1694438448056 168.70097406715163 10
1694438448073 168.66719982707932 11
1694438448091 168.63343235965215 12
1694438448108 168.5996716635095 13
1694438448124 168.56591773729102 14
1694438448142 168.53217057963664 15
1694438448160 168.4984301891865 16
1694438448177 168.46469656458117 17
1694438448198 168.43096970446138 18
1694438448215 168.39724960746807 19
1694438448234 168.3635362722426 20
1694438448253 168.32982969742662 21
1694438448271 168.2961298816618 22
1694438448288 168.26243682359035 23
1694438448306 168.2287505218547 24
1694438448323 168.1950709750974 25
1694438448340 168.1613981819615 26
1694438448361 168.12773214109015 27
1694438448379 168.09407285112687 28
1694438448396 168.0604203107154 29
1694438448414 168.02677451849982 30
1694438448431 167.9931354731243 31
1694438448449 167.95950317323363 32
1694438448467 167.92587761747248 33
1694438448485 167.89225880448603 34
1694438448502 167.8586467329197 35
1694438448519 167.8250414014192 36
1694438448537 167.79144280863042 37
1694438448554 167.75785095319955 38
1694438448572 167.7242658337732 39
1694438448589 167.69068744899798 40
1694438448607 167.657115797521 41
1694438448624 167.62355087798963 42
1694438448641 167.58999268905134 43
1694438448660 167.55644122935408 44
1694438448678 167.5228964975459 45
1694438448695 167.48935849227524 46
1694438448712 167.4558272121908 47
1694438448730 167.4223026559415 48
1694438448751 167.38878482217652 49
1694438448769 167.35527370954546 50
1694438448788 167.32176931669798 51
1694438448811 167.2882716422841 52
1694438448829 167.2547806849542 53
1694438448847 167.2212964433588 54
1694438448868 167.18781891614879 55
1694438448889 167.1543481019753 56
1694438448908 167.1208839994897 57
1694438448928 167.0874266073437 58
1694438448946 167.05397592418916 59
1694438448964 167.02053194867835 60
1694438448981 166.98709467946378 61
1694438448999 166.9536641151981 62
1694438449018 166.92024025453443 63
1694438449036 166.88682309612605 64
1694438449055 166.85341263862648 65
1694438449072 166.82000888068958 66
1694438449090 166.78661182096954 67
1694438449107 166.75322145812066 68
1694438449125 166.7198377907976 69
1694438449143 166.6864608176553 70
1694438449162 166.65309053734896 71
1694438449179 166.61972694853407 72
1694438449195 166.58637004986633 73
1694438449212 166.55301984000175 74
1694438449230 166.5196763175966 75
1694438449249 166.4863394813075 76
1694438449274 166.45300932979123 77
1694438449295 166.41968586170486 78
1694438449313 166.3863690757058 79
1694438449329 166.35305897045168 80
1694438449348 166.31975554460033 81
1694438449367 166.28645879681002 82
1694438449384 166.2531687257392 83
1694438449402 166.21988533004648 84
1694438449419 166.18660860839094 85
1694438449437 166.1533385594318 86
1694438449454 166.12007518182864 87
1694438449472 166.0868184742412 88
1694438449491 166.05356843532962 89
1694438449510 166.02032506375411 90
1694438449527 165.9870883581754 91
1694438449544 165.95385831725434 92
1694438449564 165.92063493965205 93
1694438449581 165.88741822402994 94
1694438449599 165.85420816904977 95
1694438449617 165.82100477337343 96
1694438449634 165.7878080356632 97
1694438449652 165.75461795458153 98
1694438449670 165.7214345287912 99
1694438449687 165.68825775695527 100
1694438449705 165.65508763773704 101
1694438449723 165.62192416980005 102
1694438449739 165.58876735180814 103
1694438449757 165.55561718242555 104
1694438449775 165.52247366031654 105
1694438449794 165.4893367841458 106
1694438449811 165.4562065525782 107
1694438449828 165.42308296427905 108
1694438449846 165.38996601791368 109
1694438449864 165.35685571214793 110
1694438449881 165.32375204564772 111
1694438449899 165.29065501707942 112
1694438449917 165.25756462510947 113
1694438449934 165.22448086840467 114
1694438449951 165.1914037456322 115
1694438449969 165.15833325545924 116
1694438449987 165.1252693965536 117
1694438450003 165.09221216758297 118
1694438450022 165.05916156721565 119
1694438450039 165.02611759411994 120
1694438450057 164.99308024696458 121
1694438450075 164.96004952441857 122
1694438450094 164.92702542515104 123
1694438450112 164.89400794783157 124
1694438450129 164.8609970911299 125
1694438450147 164.82799285371595 126
1694438450164 164.79499523426017 127
1694438450182 164.76200423143305 128
1694438450200 164.7290198439054 129
1694438450217 164.69604207034837 130
1694438450235 164.66307090943332 131
1694438450252 164.63010635983184 132
1694438450271 164.5971484202159 133
1694438450288 164.5641970892576 134
1694438450307 164.5312523656294 135
1694438450324 164.49831424800408 136
1694438450341 164.4653827350545 137
1694438450359 164.43245782545395 138
1694438450376 164.399539517876 139
1694438450395 164.36662781099434 140
1694438450412 164.33372270348306 141
1694438450429 164.30082419401643 142
1694438450446 164.26793228126908 143
1694438450464 164.23504696391583 144
1694438450482 164.20216824063178 145
1694438450500 164.16929611009232 146
1694438450517 164.13643057097312 147
1694438450534 164.10357162195004 148
1694438450551 164.07071926169937 149
1694438450570 164.03787348889742 150
1694438450587 164.00503430222093 151
1694438450605 163.97220170034703 152
1694438450622 163.93937568195275 153
1694438450639 163.90655624571573 154
1694438450656 163.8737433903138 155
1694438450674 163.8409371144249 156
1694438450692 163.80813741672736 157
1694438450712 163.7753442958998 158
1694438450730 163.74255775062105 159
1694438450748 163.70977777957023 160
1694438450765 163.67700438142668 161
1694438450784 163.6442375548701 162
1694438450801 163.61147729858044 163
1694438450819 163.57872361123773 164
1694438450837 163.54597649152254 165
1694438450855 163.51323593811557 166
1694438450873 163.48050194969773 167
1694438450891 163.44777452495032 168
1694438450909 163.41505366255487 169
1694438450925 163.38233936119306 170
1694438450943 163.349631619547 171
1694438450959 163.31693043629895 172
1694438450978 163.28423581013152 173
1694438450996 163.25154773972756 174
1694438451012 163.21886622377014 175
1694438451030 163.18619126094262 176
1694438451047 163.15352284992866 177
1694438451065 163.12086098941217 178
1694438451084 163.08820567807723 179
1694438451102 163.0555569146084 180
1694438451119 163.0229146976902 181
1694438451137 162.99027902600778 182
1694438451155 162.95764989824622 183
1694438451173 162.92502731309114 184
1694438451190 162.89241126922812 185
1694438451208 162.85980176534332 186
1694438451225 162.82719880012297 187
1694438451243 162.79460237225368 188
1694438451260 162.76201248042213 189
1694438451278 162.72942912331555 190
1694438451297 162.69685229962116 191
1694438451315 162.66428200802665 192
1694438451331 162.63171824721985 193
1694438451350 162.5991610158889 194
1694438451367 162.56661031272228 195
1694438451385 162.5340661364085 196
1694438451403 162.5015284856366 197
1694438451420 162.4689973590958 198
1694438451438 162.43647275547542 199
1694438451455 162.4039546734653 200
1694438451473 162.3714431117554 201
1694438451491 162.338938069036 202
1694438451508 162.30643954399758 203
1694438451524 162.27394753533088 204
1694438451542 162.241462041727 205
1694438451559 162.20898306187723 206
1694438451576 162.17651059447311 207
1694438451594 162.14404463820654 208
1694438451612 162.11158519176956 209
1694438451629 162.0791322538545 210
1694438451647 162.04668582315415 211
1694438451664 162.0142458983612 212
1694438451682 161.98181247816893 213
1694438451700 161.9493855612707 214
1694438451718 161.91696514636016 215
1694438451735 161.88455123213132 216
1694438451752 161.85214381727837 217
1694438451770 161.81974290049573 218
1694438451788 161.7873484804782 219
1694438451806 161.75496055592075 220
1694438451823 161.72257912551856 221
1694438451841 161.69020418796728 222
1694438451858 161.65783574196263 223
1694438451876 161.62547378620064 224
1694438451894 161.59311831937768 225
1694438451914 161.56076934019023 226
1694438451933 161.5284268473352 227
1694438451949 161.49609083950966 228
1694438451967 161.46376131541095 229
1694438451985 161.43143827373675 230
1694438452003 161.39912171318488 231
1694438452020 161.36681163245356 232
1694438452037 161.33450803024115 233
1694438452055 161.30221090524628 234
1694438452072 161.26992025616798 235
1694438452090 161.23763608170543 236
1694438452108 161.205358380558 237
1694438452125 161.17308715142553 238
1694438452142 161.1408223930079 239
1694438452160 161.10856410400544 240
1694438452176 161.07631228311863 241
1694438452195 161.0440669290482 242
1694438452212 161.01182804049523 243
1694438452228 160.97959561616096 244
1694438452248 160.947369654747 245
1694438452266 160.9151501549552 246
1694438452284 160.8829371154875 247
1694438452302 160.85073053504638 248
1694438452319 160.81853041233433 249
1694438452337 160.78633674605436 250
1694438452354 160.75414953490943 251
1694438452371 160.72196877760302 252
1694438452390 160.68979447283874 253
1694438452406 160.65762661932055 254
1694438452425 160.62546521575257 255
1694438452442 160.5933102608393 256
1694438452459 160.5611617532853 257
1694438452477 160.5290196917956 258
1694438452496 160.49688407507549 259
1694438452516 160.4647549018303 260
1694438452533 160.43263217076586 261
1694438452550 160.40051588058816 262
1694438452567 160.36840603000343 263
1694438452585 160.3363026177182 264
1694438452604 160.30420564243923 265
1694438452621 160.2721151028736 266
1694438452638 160.2400309977286 267
1694438452656 160.20795332571177 268
1694438452673 160.17588208553096 269
1694438452691 160.1438172758942 270
1694438452709 160.11175889550987 271
1694438452726 160.07970694308662 272
1694438452744 160.04766141733327 273
1694438452761 160.01562231695883 274
1694438452779 159.9835896406729 275
1694438452797 159.95156338718493 276
1694438452815 159.91954355520497 277
1694438452832 159.8875301434431 278
1694438452849 159.85552315060977 279
1694438452867 159.82352257541567 280
1694438452884 159.79152841657174 281
1694438452903 159.75954067278914 282
1694438452920 159.7275593427794 283
1694438452936 159.69558442525417 284
1694438452954 159.6636159189255 285
1694438452970 159.6316538225056 286
1694438452987 159.59969813470698 287
1694438453005 159.56774885424238 288
1694438453023 159.5358059798249 289
1694438453040 159.5038695101677 290
1694438453058 159.47193944398444 291
1694438453074 159.4400157799888 292
1694438453093 159.4080985168949 293
1694438453112 159.37618765341708 294
1694438453130 159.34428318826988 295
1694438453148 159.31238512016813 296
1694438453165 159.28049344782693 297
1694438453182 159.24860816996164 298
1694438453201 159.21672928528793 299
1694438453218 159.18485679252157 300
1694438453235 159.15299069037874 301
1694438453253 159.12113097757583 302
1694438453271 159.08927765282945 303
1694438453288 159.0574307148566 304
1694438453305 159.02559016237433 305
1694438453323 158.9937559941001 306
1694438453340 158.96192820875166 307
1694438453358 158.93010680504685 308
1694438453376 158.8982917817039 309
1694438453393 158.86648313744132 310
1694438453411 158.83468087097776 311
1694438453429 158.80288498103224 312
1694438453446 158.77109546632397 313
1694438453462 158.7393123255724 314
1694438453481 158.70753555749738 315
1694438453498 158.67576516081883 316
1694438453516 158.64400113425705 317
1694438453533 158.61224347653248 318
1694438453550 158.5804921863661 319
1694438453567 158.54874726247866 320
1694438453584 158.5170087035917 321
1694438453602 158.4852765084267 322
1694438453620 158.45355067570543 323
1694438453637 158.42183120414995 324
1694438453655 158.39011809248268 325
1694438453673 158.35841133942608 326
1694438453691 158.3267109437031 327
1694438453710 158.29501690403677 328
1694438453727 158.26332921915045 329
1694438453744 158.2316478877678 330
1694438453761 158.19997290861264 331
1694438453778 158.1683042804091 332
1694438453797 158.13664200188163 333
1694438453814 158.10498607175475 334
1694438453831 158.07333648875348 335
1694438453849 158.0416932516029 336
1694438453866 158.01005635902845 337
1694438453883 157.97842580975583 338
1694438453901 157.94680160251087 339
1694438453918 157.91518373601986 340
1694438453936 157.8835722090092 341
1694438453953 157.85196702020556 342
1694438453971 157.82036816833593 343
1694438453988 157.7887756521275 344
1694438454006 157.7571894703077 345
1694438454023 157.72560962160432 346
1694438454040 157.6940361047453 347
1694438454058 157.6624689184589 348
1694438454075 157.6309080614736 349
1694438454092 157.59935353251814 350
1694438454111 157.5678053303215 351
1694438454127 157.536263453613 352
1694438454145 157.50472790112212 353
1694438454163 157.47319867157864 354
1694438454180 157.44167576371254 355
1694438454197 157.4101591762542 356
1694438454216 157.3786489079341 357
1694438454234 157.34714495748298 358
1694438454251 157.31564732363202 359
1694438454268 157.28415600511246 360
1694438454286 157.25267100065588 361
1694438454305 157.22119230899403 362
1694438454323 157.18971992885906 363
1694438454341 157.15825385898327 364
1694438454358 157.12679409809928 365
1694438454375 157.09534064493994 366
1694438454393 157.06389349823823 367
1694438454411 157.03245265672763 368
1694438454429 157.00101811914166 369
1694438454446 156.96958988421426 370
1694438454464 156.93816795067949 371
1694438454482 156.90675231727172 372
1694438454499 156.87534298272564 373
1694438454517 156.84393994577604 374
1694438454534 156.81254320515814 375
1694438454552 156.7811527596073 376
1694438454569 156.74976860785918 377
1694438454586 156.71839074864963 378
1694438454605 156.68701918071483 379
1694438454622 156.65565390279124 380
1694438454640 156.62429491361547 381
1694438454658 156.5929422119245 382
1694438454674 156.5615957964554 383
1694438454691 156.5302556659457 384
1694438454709 156.49892181913305 385
1694438454727 156.4675942547554 386
1694438454744 156.43627297155092 387
1694438454763 156.40495796825806 388
1694438454780 156.37364924361552 389
1694438454797 156.34234679636228 390
1694438454816 156.31105062523753 391
1694438454833 156.2797607289807 392
1694438454850 156.2484771063316 393
1694438454868 156.21719975603008 394
1694438454888 156.18592867681647 395
1694438454906 156.15466386743122 396
1694438454924 156.12340532661506 397
1694438454941 156.09215305310894 398
1694438454960 156.06090704565415 399
1694438454977 156.02966730299212 400
1694438454994 155.9984338238647 401
1694438455012 155.9672066070138 402
1694438455030 155.9359856511817 403
1694438455047 155.904770955111 404
1694438455065 155.8735625175443 405
1694438455083 155.8423603372247 406
1694438455100 155.81116441289547 407
1694438455119 155.77997474330016 408
1694438455137 155.7487913271825 409
1694438455154 155.71761416328647 410
1694438455171 155.68644325035646 411
1694438455190 155.65527858713693 412
1694438455208 155.6241201723727 413
1694438455226 155.59296800480882 414
1694438455243 155.56182208319055 415
1694438455260 155.53068240626348 416
1694438455277 155.49954897277334 417
1694438455295 155.4684217814662 418
1694438455314 155.4373008310884 419
1694438455331 155.40618612038654 420
1694438455349 155.37507764810732 421
1694438455366 155.34397541299788 422
1694438455383 155.31287941380546 423
1694438455401 155.28178964927775 424
1694438455420 155.25070611816244 425
1694438455437 155.21962881920763 426
1694438455454 155.1885577511617 427
1694438455471 155.15749291277325 428
1694438455488 155.12643430279098 429
1694438455506 155.09538191996407 430
1694438455525 155.06433576304184 431
1694438455542 155.03329583077385 432
1694438455560 155.00226212190995 433
1694438455578 154.9712346352002 434
1694438455595 154.94021336939502 435
1694438455614 154.90919832324496 436
1694438455632 154.87818949550078 437
1694438455649 154.84718688491367 438
1694438455666 154.81619049023496 439
1694438455683 154.78520031021628 440
1694438455702 154.75421634360941 441
1694438455720 154.7232385891665 442
1694438455737 154.69226704563988 443
1694438455754 154.66130171178216 444
1694438455771 154.63034258634625 445
1694438455789 154.5993896680852 446
1694438455807 154.56844295575232 447
1694438455825 154.53750244810132 448
1694438455842 154.50656814388606 449
1694438455859 154.47564004186054 450
1694438455876 154.4447181407792 451
1694438455893 154.4138024393967 452
1694438455911 154.3828929364678 453
1694438455929 154.3519896307477 454
1694438455947 154.32109252099178 455
1694438455963 154.29020160595556 456
1694438455981 154.259316884395 457
1694438455999 154.22843835506612 458
1694438456016 154.19756601672543 459
1694438456033 154.16669986812943 460
1694438456050 154.13583990803505 461
1694438456068 154.1049861351994 462
1694438456086 154.07413854837986 463
1694438456106 154.04329714633403 464
1694438456126 154.0124619278198 465
1694438456143 153.98163289159524 466
1694438456161 153.95081003641883 467
1694438456179 153.91999336104914 468
1694438456197 153.889182864245 469
1694438456214 153.8583785447656 470
1694438456232 153.82758040137026 471
1694438456249 153.79678843281863 472
1694438456268 153.76600263787057 473
1694438456284 153.7352230152863 474
1694438456303 153.70444956382602 475
1694438456320 153.67368228225047 476
1694438456338 153.64292116932054 477
1694438456355 153.6121662237973 478
1694438456372 153.5814174444421 479
1694438456390 153.5506748300166 480
1694438456407 153.51993837928265 481
1694438456425 153.48920809100244 482
1694438456443 153.45848396393822 483
1694438456460 153.42776599685274 484
1694438456477 153.39705418850875 485
1694438456494 153.36634853766947 486
1694438456511 153.3356490430982 487
1694438456529 153.30495570355856 488
1694438456546 153.27426851781442 489
1694438456564 153.24358748462996 490
1694438456581 153.21291260276948 491
1694438456600 153.18224387099758 492
1694438456617 153.15158128807914 493
1694438456636 153.12092485277932 494
1694438456654 153.09027456386343 495
1694438456671 153.05963042009705 496
1694438456690 153.02899242024608 497
1694438456708 152.9983605630767 498
1694438456726 152.9677348473551 499
