1694432832045 154.7224113495384 0
1694432832064 153.99457359713054 1
1694432832082 162.41936935578664 2
1694432832099 169.4658145069529 3
1694432832115 148.7673840790615 4
1694432832132 173.1717605846675 5
1694432832149 165.97661985984524 6
1694432832167 166.70983588387557 7
1694432832185 147.95675577764808 8
1694432832204 143.40712695552165 9
1694432832222 132.56107164865355 10
1694432832239 129.0023069146924 11
1694432832256 146.4887098143795 12
1694432832274 136.7344577651222 13
1694432832292 135.89209347328514 14
1694432832308 137.10996422823294 15
1694432832324 135.78143154079592 16
1694432832341 140.0257461036916 17
1694432832361 132.5354446197158 18
1694432832379 133.11530176173684 19
1694432832397 130.31924865928445 20
1694432832414 124.3602201644401 21
1694432832432 116.69784881092286 22
1694432832449 120.08612119803345 23
1694432832467 113.52522962894238 24
1694432832485 118.69447817855799 25
1694432832502 120.92129498284775 26
1694432832519 120.53049028459189 27
1694432832535 116.24284613870171 28
1694432832552 120.0703529749344 29
1694432832570 105.87481123164581 30
1694432832587 104.27440288323733 31
1694432832606 104.16145456632589 32
1694432832624 105.70419790864106 33
1694432832643 113.77530333743664 34
1694432832663 106.31821834766181 35
1694432832681 99.59133040603295 36
1694432832701 101.87336882711442 37
1694432832722 98.24239646027529 38
1694432832742 97.65697425857661 39
1694432832762 96.45807990104615 40
1694432832779 94.36913376581649 41
1694432832796 102.87767777507784 42
1694432832813 88.66983276894393 43
1694432832830 92.6652784739244 44
1694432832847 99.78974071352559 45
1694432832865 91.66964492884323 46
1694432832882 88.35487935075233 47
1694432832899 80.95164236861395 48
1694432832916 85.63987271892417 49
1694432832933 81.22680158505254 50
1694432832950 83.90241899058739 51
1694432832968 83.90661412241037 52
1694432832986 76.77925962754755 53
1694432833003 80.00618337230392 54
1694432833020 80.42396726223275 55
1694432833038 81.95508695962486 56
1694432833057 71.86675670398905 57
1694432833076 80.37675346288643 58
1694432833094 75.2819054257541 59
1694432833111 73.59999041425007 60
1694432833128 74.70060961170923 61
1694432833144 82.7052834702758 62
1694432833161 70.28117172994153 63
1694432833180 73.8296210397484 64
1694432833197 65.84425420978042 65
1694432833216 69.15545134810452 66
1694432833233 69.05409243344317 67
1694432833249 66.45512157519383 68
1694432833268 64.7787415854979 69
1694432833285 64.036934538949 70
1694432833302 63.36060600271865 71
1694432833320 68.7821971379543 72
1694432833336 65.00501397010952 73
1694432833353 63.43081173648959 74
1694432833371 57.8129982725726 75
1694432833389 58.266151280339855 76
1694432833405 58.0230057742894 77
1694432833422 59.13600330235284 78
1694432833440 56.4443689662935 79
1694432833456 58.68755424738031 80
1694432833474 55.046703084022795 81
1694432833491 58.038727808708984 82
1694432833508 54.405246023111935 83
1694432833525 55.12532877651431 84
1694432833542 57.32127233992653 85
1694432833559 56.40404045130398 86
1694432833577 50.07809020909293 87
1694432833595 50.165615717187684 88
1694432833611 47.77455079552403 89
1694432833628 50.37741487965398 90
1694432833646 47.59368768769586 91
1694432833664 51.740193986846876 92
1694432833680 50.711269999164536 93
1694432833698 49.261849530332555 94
1694432833716 48.33031721797869 95
1694432833733 49.084545688738665 96
1694432833750 44.56420043233613 97
1694432833768 45.76253881769173 98
1694432833786 44.74671659378152 99
1694432833804 46.516759020777855 100
1694432833821 42.5806077169782 101
1694432833838 42.651654265949574 102
1694432833855 42.558322653026316 103
1694432833872 41.698013125249645 104
1694432833889 44.4327082679391 105
1694432833907 42.177205234856544 106
1694432833924 40.21301480994698 107
1694432833941 41.13593193566219 108
1694432833958 38.796698002381 109
1694432833975 39.07845250184484 110
1694432833993 40.093709295069694 111
1694432834010 35.83685568033531 112
1694432834027 35.61195959613964 113
1694432834044 36.541184311739535 114
1694432834060 37.040900367955565 115
1694432834078 37.97256966517479 116
1694432834095 38.13556159043253 117
1694432834112 32.672440935682985 118
1694432834129 34.538054832273836 119
1694432834146 34.8061537741061 120
1694432834164 33.52833100056709 121
1694432834181 32.72271669772439 122
1694432834198 32.922342123682924 123
1694432834215 35.02814166673584 124
1694432834232 31.35591932115269 125
1694432834249 31.423302900302172 126
1694432834268 30.390851956548318 127
1694432834286 30.609035897240524 128
1694432834303 29.532634251616635 129
1694432834320 30.280078353697274 130
1694432834337 30.972674583544688 131
1694432834354 30.19178427417472 132
1694432834372 29.300643302166822 133
1694432834390 28.020268526098622 134
1694432834407 29.096807343798737 135
1694432834424 27.437749138420767 136
1694432834441 27.046955470145086 137
1694432834458 30.466063496440277 138
1694432834475 28.03264819310889 139
1694432834493 25.18383734026322 140
1694432834510 26.46266211632835 141
1694432834527 24.508147259850936 142
1694432834544 25.153877006371168 143
1694432834561 25.33653705144597 144
1694432834578 25.72923696443471 145
1694432834595 23.39440907297804 146
1694432834612 26.379568769490692 147
1694432834629 24.365252278694268 148
1694432834647 23.933750735251145 149
1694432834664 22.580309172533134 150
1694432834681 24.649922148289452 151
1694432834699 23.571482600024243 152
1694432834716 21.39182652531184 153
1694432834732 20.95522273088965 154
1694432834750 23.158927892837504 155
1694432834768 21.154133782190083 156
1694432834785 20.472722029628475 157
1694432834803 21.484847126842308 158
1694432834820 20.24968941929964 159
1694432834837 19.81950754852395 160
1694432834854 19.3023654485753 161
1694432834871 19.044131729148607 162
1694432834890 20.21762195465123 163
1694432834907 21.00738965656237 164
1694432834925 20.363437765607586 165
1694432834943 18.317260526284823 166
1694432834960 18.197267225967252 167
1694432834977 18.805766422389762 168
1694432834995 18.03965541658467 169
1694432835012 18.266204671036913 170
1694432835029 16.863216163909325 171
1694432835046 17.82562043821893 172
1694432835063 18.014104667570543 173
1694432835080 17.097793891562176 174
1694432835098 17.000334647037196 175
1694432835115 17.170026397613082 176
1694432835133 15.949620472549256 177
1694432835151 14.28376619272783 178
1694432835167 17.338769006073182 179
1694432835185 14.829623501383494 180
1694432835203 17.007477659038152 181
1694432835220 15.774968073220489 182
1694432835237 15.820461690917544 183
1694432835253 14.810171874649354 184
1694432835270 14.75286484117107 185
1694432835287 15.16121396970398 186
1694432835305 13.920684421563257 187
1694432835322 14.591004707858104 188
1694432835339 14.732478771274439 189
1694432835356 13.499645184135753 190
1694432835373 12.626923149388292 191
1694432835390 12.446282299983315 192
1694432835407 12.91784263455284 193
1694432835425 13.252840108449039 194
1694432835442 11.761139661089677 195
1694432835459 13.589530797097106 196
1694432835477 14.977717881524265 197
1694432835495 13.606438899823369 198
1694432835512 11.963370567011479 199
1694432835529 12.609820300474729 200
1694432835546 13.347500741264058 201
1694432835563 12.205432871817296 202
1694432835580 11.68024456508016 203
1694432835598 11.36596082372546 204
1694432835615 11.017194100969968 205
1694432835632 10.327934458228219 206
1694432835649 10.528824689789024 207
1694432835666 12.017541412863633 208
1694432835683 10.442237142144924 209
1694432835701 12.061233802316725 210
1694432835718 10.356759650138418 211
1694432835736 10.751480424473371 212
1694432835752 10.108189249625399 213
1694432835770 11.16148998789652 214
1694432835787 9.88154235823872 215
1694432835804 10.605898822627562 216
1694432835821 10.633388341255072 217
1694432835838 8.974103779912223 218
1694432835855 9.905493270695455 219
1694432835871 8.707941751585698 220
1694432835889 9.114250908719209 221
1694432835907 8.986941590300626 222
1694432835923 8.988771469013672 223
1694432835941 9.49291241821805 224
1694432835958 8.217172425408886 225
1694432835975 9.657020567759625 226
1694432835992 8.56093244199065 227
1694432836010 8.936390092930774 228
1694432836026 8.353656183436774 229
1694432836044 7.577796465478629 230
1694432836060 8.023403549025717 231
1694432836078 7.635735275455171 232
1694432836098 8.242475015262599 233
1694432836115 7.239111009245003 234
1694432836132 7.9880920644629265 235
1694432836150 8.017070247119324 236
1694432836166 6.68318992020505 237
1694432836184 7.4903883902029085 238
1694432836202 7.027540512365964 239
1694432836219 8.977412648111947 240
1694432836237 6.317060612966073 241
1694432836253 6.304042279053479 242
1694432836270 7.032321187361704 243
1694432836288 6.762772132827499 244
1694432836306 7.45937303895569 245
1694432836322 6.352814922026741 246
1694432836339 7.012710204132129 247
1694432836356 6.110372602654876 248
1694432836372 6.530250049849747 249
1694432836391 7.2221919099166225 250
1694432836408 5.972870537790892 251
1694432836425 6.636289090064632 252
1694432836442 6.496020762403869 253
1694432836458 6.024851632055852 254
1694432836476 6.607017572029224 255
1694432836495 6.448179674661364 256
1694432836511 6.167908195892276 257
1694432836528 5.484538431618375 258
1694432836545 5.827625427000756 259
1694432836563 6.48903288896896 260
1694432836581 5.884582742929735 261
1694432836602 5.820633899356481 262
1694432836622 5.479139712792248 263
1694432836640 5.224818593772708 264
1694432836660 5.034596198760124 265
1694432836679 5.856078872669862 266
1694432836698 5.947950771852372 267
1694432836717 5.49738254454448 268
1694432836737 5.2956572026194655 269
1694432836754 4.534279437005711 270
1694432836771 4.993730180572427 271
1694432836787 4.726028452797563 272
1694432836806 5.29081619617785 273
1694432836823 4.545822766499863 274
1694432836840 5.014230898450042 275
1694432836857 4.796513754156138 276
1694432836873 4.942150947148598 277
1694432836891 5.217936700035629 278
1694432836908 3.8157324691637524 279
1694432836926 4.773012735527411 280
1694432836943 4.432964545896163 281
1694432836959 3.958562312184115 282
1694432836977 3.824024148985715 283
1694432836994 4.084899205328446 284
1694432837011 4.171090479888828 285
1694432837028 4.221577114137642 286
1694432837046 4.371359714166448 287
1694432837063 4.080722038424478 288
1694432837080 3.615621035790834 289
1694432837097 3.7523361606392798 290
1694432837114 4.1961419656615755 291
1694432837132 4.1238178215065675 292
1694432837149 3.1487213319977356 293
1694432837165 3.7455664021740853 294
1694432837183 3.6212107371391795 295
1694432837200 3.3212081920662464 296
1694432837219 3.3731666808323384 297
1694432837236 3.849987455660384 298
1694432837252 4.282774035850909 299
1694432837269 3.5131052797367346 300
1694432837287 2.9910703642251293 301
1694432837304 2.982286692979553 302
1694432837322 5.240361915741629 303
1694432837340 2.973705285369778 304
1694432837356 3.567664237941579 305
1694432837373 3.489136697415149 306
1694432837391 3.5273196319434894 307
1694432837408 2.9781805657251725 308
1694432837425 2.737742746456122 309
1694432837443 4.069776653167429 310
1694432837460 2.623822490729175 311
1694432837476 2.826977981460203 312
1694432837494 2.9408532858536467 313
1694432837511 2.8389072365970724 314
1694432837529 2.8377590241753596 315
1694432837546 2.559357721461116 316
1694432837563 3.124537726458069 317
1694432837580 2.293496245300014 318
1694432837598 2.888794523510719 319
1694432837615 2.946369219711483 320
1694432837632 3.1433532666070585 321
1694432837650 2.47178933662121 322
1694432837667 2.412744317238863 323
1694432837685 2.578884522483759 324
1694432837702 2.8120202539890826 325
1694432837720 2.8536040342507505 326
1694432837737 2.6796648488431907 327
1694432837754 2.782388975164443 328
1694432837771 2.2627210405189806 329
1694432837789 2.027930561298068 330
1694432837805 2.6011764766553447 331
1694432837823 2.204239795989037 332
1694432837840 1.806842608149157 333
1694432837859 2.656682023061754 334
1694432837878 2.0505232688880257 335
1694432837895 2.3671682047943405 336
1694432837913 2.094189579775775 337
1694432837931 2.994735535375412 338
1694432837947 2.5248066485712255 339
1694432837964 2.1442508005714456 340
1694432837982 2.0909119706645063 341
1694432837999 2.1083914756502184 342
1694432838017 2.131616873349381 343
1694432838034 2.6232821850098382 344
1694432838050 2.0570768653391123 345
1694432838068 1.5412291440271404 346
1694432838085 2.0966212193115337 347
1694432838102 1.9547669837132065 348
1694432838120 1.7810569380875647 349
1694432838137 1.7499391696882967 350
1694432838154 1.6696093226919173 351
1694432838171 1.767068851211585 352
1694432838189 1.8093676394448241 353
1694432838205 2.25040325911269 354
1694432838223 1.7707404610008382 355
1694432838240 2.210359347723137 356
1694432838258 1.8308144393595767 357
1694432838275 1.928905874970711 358
1694432838291 1.758150936590851 359
1694432838308 1.8477776735414633 360
1694432838326 1.4864772980499643 361
1694432838344 1.787653058665075 362
1694432838361 1.0996210173336751 363
1694432838378 1.4088213493512034 364
1694432838395 1.765351211803274 365
1694432838412 1.5537738941069326 366
1694432838429 1.6799886128212995 367
1694432838447 1.2470376875033238 368
1694432838464 1.481593433657966 369
1694432838484 1.562660335202336 370
1694432838501 1.4241962517125644 371
1694432838518 1.3150227938541998 372
1694432838535 1.3326735614172414 373
1694432838552 1.754418714190462 374
1694432838569 1.2353092071085106 375
1694432838586 1.571258810525118 376
1694432838603 1.9829032953858068 377
1694432838620 1.3048388530990593 378
1694432838638 1.1419686555101562 379
1694432838656 1.7005427382688487 380
1694432838674 1.2997507878411931 381
1694432838691 1.135816904409167 382
1694432838708 1.115231055654308 383
1694432838725 1.2957116493270753 384
1694432838743 1.2635980835589193 385
1694432838760 1.2978271948826348 386
1694432838776 1.0573746443656458 387
1694432838794 1.039839167153422 388
1694432838810 1.0077548925536577 389
1694432838828 1.1067949650785434 390
1694432838846 1.0555190785892903 391
1694432838862 1.5184345681723304 392
1694432838880 1.2311511852134385 393
1694432838898 1.0289734858527535 394
1694432838915 2.0419782579524313 395
1694432838933 1.356106267072316 396
1694432838949 1.1081919131602713 397
1694432838966 1.2245364654508821 398
1694432838984 1.1722827053179206 399
1694432839002 1.0613181519920258 400
1694432839019 1.2256866770798134 401
1694432839037 1.2602019139663307 402
1694432839054 0.814618581202489 403
1694432839073 0.8647987981545204 404
1694432839091 1.242378909029026 405
1694432839108 0.7177896662887893 406
1694432839126 0.8991889952290152 407
1694432839143 1.040605055639224 408
1694432839160 1.0565732300632777 409
1694432839177 0.8692678856009451 410
1694432839195 0.8104130721847362 411
1694432839211 0.7418824597306986 412
1694432839230 0.894123094185941 413
1694432839247 1.0378653284909125 414
1694432839264 1.3681014425660163 415
1694432839282 0.7593395339611156 416
1694432839299 1.080420212619872 417
1694432839315 0.7413355658102097 418
1694432839334 0.7277961312806285 419
1694432839350 0.9469376702335411 420
1694432839368 0.8049291916414587 421
1694432839385 0.673787125431622 422
1694432839402 0.9233096319820671 423
1694432839420 0.7962255984089258 424
1694432839438 0.7991749919504484 425
1694432839456 0.8617936704192907 426
1694432839472 1.0145369141676561 427
1694432839490 0.7704932676585754 428
1694432839508 0.941716268156003 429
1694432839525 1.117041140729899 430
1694432839543 0.8665923532083036 431
1694432839560 0.8400531194315443 432
1694432839577 0.8769405267033586 433
1694432839594 0.6418244065246572 434
1694432839611 0.8765093599841587 435
1694432839628 0.6385729299547442 436
1694432839647 0.4308537988595741 437
1694432839666 0.4734459140379181 438
1694432839682 0.7117370008523928 439
1694432839701 0.5832032829892062 440
1694432839718 0.5939455482523538 441
1694432839736 0.6266039073632578 442
1694432839752 0.7986221135483407 443
1694432839770 0.7539836908893603 444
1694432839788 0.7360996563823184 445
1694432839805 0.8973905388294917 446
1694432839822 0.800131972375422 447
1694432839840 0.7212306816090585 448
1694432839856 0.5510771300712771 449
1694432839873 0.6895333393063419 450
1694432839890 0.6422595232531476 451
1694432839907 0.4897041323272092 452
1694432839924 0.49042183165858955 453
1694432839943 0.574057261466737 454
1694432839960 0.6380092176708115 455
1694432839977 0.7470185019329534 456
1694432839995 0.6309669983134547 457
1694432840012 0.5281360974796676 458
1694432840029 0.5652054262710827 459
1694432840046 0.5080058755512481 460
1694432840063 0.7110712486482854 461
1694432840080 0.6020806097045531 462
1694432840098 0.34822364169829256 463
1694432840116 0.5907732291868831 464
1694432840132 0.4477730001716663 465
1694432840149 0.5175206619347096 466
1694432840166 0.3926064649968962 467
1694432840183 0.3476341744166626 468
1694432840200 0.4199298679712512 469
1694432840218 0.4273846759563074 470
1694432840235 0.45576194471725623 471
1694432840252 0.545263068878021 472
1694432840270 0.23715476273455952 473
1694432840289 0.5935935917709589 474
1694432840306 0.5659125470031936 475
1694432840323 0.507435538869036 476
1694432840340 0.5248525763248338 477
1694432840358 0.49385803335621337 478
1694432840374 0.284075531649823 479
1694432840391 0.5868064044723482 480
1694432840408 0.3927248832024149 481
1694432840425 0.44594541536523097 482
1694432840443 0.5510309353537368 483
1694432840459 0.5279560409644424 484
1694432840477 0.31592158126340053 485
1694432840494 0.35869514894453636 486
1694432840511 0.4067380638170672 487
1694432840527 0.36808106236318805 488
1694432840545 0.40594900756687063 489
1694432840563 0.569319784118944 490
1694432840580 0.3607323009145786 491
1694432840597 0.34330214029557987 492
1694432840614 0.43419991733589347 493
1694432840631 0.2913365727172131 494
1694432840649 0.45101610897141936 495
1694432840666 0.3238785973509046 496
1694432840683 0.44771842010367685 497
1694432840701 0.3646901715594185 498
1694432840718 0.3859261088659272 499
