1694429657092 0.10206783355182049 0
1694429657160 0.1712096872022869 1
1694429657226 0.19470203645108114 2
1694429657292 0.23299274044023455 3
1694429657357 0.08267997538207299 4
1694429657423 0.007636543278110789 5
1694429657490 0.2737068191621535 6
1694429657556 0.3384398394884874 7
1694429657621 0.22339547472643473 8
1694429657687 0.1258577805882566 9
1694429657754 0.2886549988137097 10
1694429657822 0.2958998539367146 11
1694429657889 0.058734430583056337 12
1694429657955 0.06229576336515107 13
1694429658021 0.49708935803349646 14
1694429658086 0.03039835156669113 15
1694429658153 0.0930270259668645 16
1694429658229 0.01344591093541972 17
1694429658296 0.06574082615124063 18
1694429658361 0.009359443982069997 19
1694429658427 0.2772106964667767 20
1694429658492 0.8860774918202923 21
1694429658559 0.15726018055149113 22
1694429658625 0.004632092775381619 23
1694429658692 0.15009435225152773 24
1694429658757 0.12057996270317183 25
1694429658823 0.03347741719326986 26
1694429658888 0.18021422888107427 27
1694429658955 0.0037764565237097003 28
1694429659021 0.1331831902019934 29
1694429659087 0.2757410272991706 30
1694429659153 0.20425139406598247 31
1694429659219 0.4975247446351572 32
1694429659284 0.43641462533232545 33
1694429659351 0.3816940588461379 34
1694429659418 0.03399499834487012 35
1694429659485 0.03854201308042209 36
1694429659550 0.47613191580907643 37
1694429659616 0.30177975384628697 38
1694429659682 0.9077038755218306 39
1694429659747 0.13475527622875733 40
1694429659814 0.027647925106036874 41
1694429659880 0.4492517652642752 42
1694429659945 0.08607466940997968 43
1694429660011 0.04183204670243184 44
1694429660076 0.20166679452035516 45
1694429660142 0.029567705097412536 46
1694429660207 2.2664297893839005 47
1694429660273 0.00596398669697322 48
1694429660339 0.4364218937279512 49
1694429660404 0.5654354641257064 50
1694429660469 0.4792126175202718 51
1694429660535 0.23114944071744803 52
1694429660600 0.2516360519073914 53
1694429660667 0.02307301500040408 54
1694429660732 0.0026330209568060487 55
1694429660799 0.21639521169445186 56
1694429660866 0.460362170529952 57
1694429660933 1.704930544465223 58
1694429660998 0.298012483637455 59
1694429661065 0.12619716132710124 60
1694429661130 0.4247402193055767 61
1694429661196 0.3169842264946718 62
1694429661262 0.3646694609069522 63
1694429661328 0.0924989752441236 64
1694429661393 0.07247933236607093 65
1694429661458 0.34922645002803865 66
1694429661525 0.2797050918047478 67
1694429661591 0.39103828314235595 68
1694429661656 0.14662741736380436 69
1694429661722 0.06816420720395346 70
1694429661788 0.7911894473606682 71
1694429661853 0.22675910246063286 72
1694429661919 0.32448113246820137 73
1694429661985 0.07895542187769257 74
1694429662049 0.02506882684080778 75
1694429662115 0.47867191365218903 76
1694429662182 1.3404829392318627 77
1694429662248 0.649124808642781 78
1694429662316 0.4815498391524804 79
1694429662386 0.23076512739964147 80
1694429662452 0.2763637349178121 81
1694429662517 0.2029786429197646 82
1694429662583 0.3357606447213334 83
1694429662651 0.1541339461343919 84
1694429662717 0.4233746412929956 85
1694429662782 0.22114207813110362 86
1694429662848 0.4474540999878187 87
1694429662913 0.42983563089307686 88
1694429662979 0.17222574953471295 89
1694429663045 0.8987579894945309 90
1694429663110 1.6374151343978267 91
1694429663175 0.4432298177815387 92
1694429663242 0.2201233677358658 93
1694429663308 0.7188726020631923 94
1694429663374 0.06862810075508483 95
1694429663439 0.09082734369846023 96
1694429663508 0.27705897775454724 97
1694429663573 0.429017158956478 98
1694429663638 0.31809877485862365 99
1694429663706 0.10228424663121076 100
1694429663771 0.4333453429078385 101
1694429663836 0.2642323669436777 102
1694429663904 0.44737141567764105 103
1694429663970 0.23388621794614273 104
1694429664036 0.3502622839387915 105
1694429664102 0.33594201866842915 106
1694429664167 0.23855078184689912 107
1694429664233 0.07785596795660815 108
1694429664299 0.3573910150097333 109
1694429664365 0.05169971646703982 110
1694429664430 0.6811890064396927 111
1694429664495 0.03417684923734849 112
1694429664560 0.3510597453882027 113
1694429664627 0.6578769342887295 114
1694429664693 0.028167505136155714 115
1694429664759 0.16697335334644345 116
1694429664826 0.5985207747056825 117
1694429664891 0.00033766644176131083 118
1694429664957 0.34400893590725795 119
1694429665022 0.09628043450903348 120
1694429665088 0.3630328229731721 121
1694429665153 0.4319863093791625 122
1694429665221 1.1041883941717674 123
1694429665286 0.03587049446693615 124
1694429665351 0.1895172466056924 125
1694429665416 0.5293091703363247 126
1694429665481 0.39987149539190375 127
1694429665546 0.18639056187775793 128
1694429665612 0.4682164858457175 129
1694429665677 0.2257455865232702 130
1694429665744 0.46787358353031205 131
1694429665809 0.2653135679759565 132
1694429665875 0.3185642271021048 133
1694429665941 0.1114150881898486 134
1694429666008 0.1338031406052863 135
1694429666074 0.0058196829054692634 136
1694429666140 0.1747786235970375 137
1694429666205 0.170260237658474 138
1694429666271 0.5207664522719571 139
1694429666337 0.5523587419129685 140
1694429666402 1.0957726090332849 141
1694429666467 0.3713060422855001 142
1694429666533 0.09644211324931612 143
1694429666600 0.07848917083098868 144
1694429666667 0.16208597083982387 145
1694429666732 0.2961121847939108 146
1694429666798 0.001557799711171467 147
1694429666863 0.5700597933714449 148
1694429666930 0.465742828338761 149
1694429666995 0.11750857457133343 150
1694429667061 0.5120713671356582 151
1694429667127 0.8664384594474506 152
1694429667194 0.09499622057463204 153
1694429667259 0.20764410046976206 154
1694429667325 0.2403401197824734 155
1694429667390 0.21752656424328892 156
1694429667457 0.010521320491451113 157
1694429667523 0.1846018290874743 158
1694429667591 0.13890139096755197 159
1694429667657 0.5832283463589432 160
1694429667722 0.12427992398716993 161
1694429667789 0.18270500190978 162
1694429667854 0.5381786712112437 163
1694429667920 0.0001891524349334601 164
1694429667986 0.09853202904099558 165
1694429668053 0.09957028094388364 166
1694429668119 0.34503965980953805 167
1694429668185 0.15963318958411457 168
1694429668251 0.4078479395046841 169
1694429668317 0.000248316256019831 170
1694429668383 0.01305693920374572 171
1694429668450 0.5651000515127182 172
1694429668514 0.6020144622062055 173
1694429668580 0.18916663786758917 174
1694429668646 0.030833075444327056 175
1694429668712 0.6909746538054656 176
1694429668778 0.013235281829918009 177
1694429668845 0.08927082418699021 178
1694429668909 0.06171451542068516 179
1694429668976 0.3953894311220091 180
1694429669041 0.07130672269736092 181
1694429669107 0.2821448250825666 182
1694429669172 0.5140349382580013 183
1694429669238 0.2056488513060483 184
1694429669306 0.30205548412729644 185
1694429669371 0.011352300756967065 186
1694429669437 0.8012242243899801 187
1694429669502 0.7014130826198249 188
1694429669567 3.5480483870335685e-05 189
1694429669632 0.3198193878932531 190
1694429669698 0.1556996941803139 191
1694429669764 0.9905309100882553 192
1694429669829 0.41920961934527234 193
1694429669895 0.5756409667981613 194
1694429669961 0.05147869813502096 195
1694429670028 0.03433200213126659 196
1694429670094 0.3082680840797522 197
1694429670161 0.3685437574607989 198
1694429670226 0.2593293383509338 199
1694429670291 0.8549305953533397 200
1694429670357 0.2925729173406948 201
1694429670423 0.45918024448227196 202
1694429670488 0.18605417877215985 203
1694429670554 0.3995584436193995 204
1694429670619 0.1665604316452416 205
1694429670684 0.2923961834996164 206
1694429670750 0.22498169040867808 207
1694429670816 0.1286163606973726 208
1694429670881 0.2250078856270092 209
1694429670947 0.22247679667621176 210
1694429671013 0.040788694191059655 211
1694429671080 0.2289994143521061 212
1694429671145 0.017562690520390452 213
1694429671212 0.30033857729521524 214
1694429671277 0.20389786456007963 215
1694429671342 0.22499920742885487 216
1694429671407 0.21766973036947407 217
1694429671472 0.25632335188292155 218
1694429671538 0.32844125103482147 219
1694429671604 0.4911500112621418 220
1694429671668 0.024532851308375538 221
1694429671736 0.06489113353667034 222
1694429671800 0.9194933323076807 223
1694429671867 0.10840995872451757 224
1694429671933 0.2570927075005868 225
1694429671999 0.12420565239710682 226
1694429672065 0.20211052947808755 227
1694429672130 0.007376381379081831 228
1694429672196 1.3911129603887584 229
1694429672261 0.1298584075197041 230
1694429672326 0.22535593539473764 231
1694429672393 0.0645423820979217 232
1694429672461 0.15148347679842647 233
1694429672526 0.09469064338931463 234
1694429672592 0.042256469493887595 235
1694429672658 0.05199839172049721 236
1694429672723 0.14542334330889287 237
1694429672788 0.38487129475935417 238
1694429672854 0.46988340975157683 239
1694429672919 0.3040037568200849 240
1694429672986 0.06752898463804761 241
1694429673051 0.0440499550314305 242
1694429673115 0.7312358537082795 243
1694429673182 0.024022563157943513 244
1694429673248 0.5167478835975508 245
1694429673315 0.17792170839495183 246
1694429673383 0.5168462327833399 247
1694429673449 0.00607736442241803 248
1694429673515 0.05038532342396357 249
1694429673581 0.5097599734723149 250
1694429673647 0.10858050016138933 251
1694429673712 0.4251232753262835 252
1694429673778 0.18341892884465236 253
1694429673844 0.30339647442801915 254
1694429673909 0.5819219821648026 255
1694429673973 0.0020551640285421495 256
1694429674039 0.06988402083140344 257
1694429674105 0.0007700575364212672 258
1694429674171 0.25329750592141376 259
1694429674238 0.19856865456666245 260
1694429674304 0.2086292144139789 261
1694429674370 0.19631142063553333 262
1694429674436 0.6101836768452621 263
1694429674500 0.47525058664183795 264
1694429674566 0.6683400426543024 265
1694429674633 0.19895274010347633 266
1694429674700 0.3960534717363324 267
1694429674766 0.03933385850552152 268
1694429674832 0.5503773494248607 269
1694429674898 0.12334386149742388 270
1694429674964 0.7305116187740087 271
1694429675029 0.23520193138914502 272
1694429675096 0.3155083455320129 273
1694429675161 0.0831366490353866 274
1694429675226 0.3494880576290738 275
1694429675291 0.40022672826001005 276
1694429675357 0.019359330779571977 277
1694429675423 0.8813912677045738 278
1694429675488 0.6430336436806129 279
1694429675554 0.2954542730611378 280
1694429675619 0.013368799275715914 281
1694429675686 0.005195376366940835 282
1694429675751 0.6434793501008572 283
1694429675817 0.30470750115618284 284
1694429675882 0.32755316461944567 285
1694429675948 0.028686116068281017 286
1694429676014 0.007611505258532046 287
1694429676079 0.514698389889072 288
1694429676145 0.062137219974681676 289
1694429676212 0.03521751959054991 290
1694429676277 0.20290567681708985 291
1694429676342 0.06168504021514036 292
1694429676408 0.004190917689909965 293
1694429676474 0.00554367681402641 294
1694429676540 0.9197277136137011 295
1694429676606 0.02363245884007809 296
1694429676671 0.4382515165474964 297
1694429676737 0.2436372042118606 298
1694429676802 0.2932912975688129 299
1694429676868 0.1065385819760281 300
1694429676935 0.35689909779949713 301
1694429677000 0.19402822096942623 302
1694429677065 0.30443878960216875 303
1694429677132 0.15753435233319749 304
1694429677197 0.47616338364860195 305
1694429677262 0.2174102736904302 306
1694429677329 0.21995669832777182 307
1694429677394 0.13336624100050473 308
1694429677459 0.2712638100268697 309
1694429677525 0.06163717115564427 310
1694429677591 1.095680275328782 311
1694429677657 0.5707710982528936 312
1694429677723 0.7489907033058719 313
1694429677788 0.0515438627591572 314
1694429677854 0.5924204811908501 315
1694429677920 0.7176151246401155 316
1694429677985 1.0854514526721197 317
1694429678051 0.17330878724206877 318
1694429678116 0.3776380492814873 319
1694429678181 0.2723239660373918 320
1694429678247 0.5859707670602946 321
1694429678313 0.5121915051399736 322
1694429678379 0.15403030550910915 323
1694429678446 0.01593911178818632 324
1694429678511 0.43523172749712624 325
1694429678577 0.013736849358941946 326
1694429678643 0.43982502807067714 327
1694429678708 0.6737355430031405 328
1694429678774 0.1252069420712586 329
1694429678840 0.5372085939321914 330
1694429678906 0.2141145271148344 331
1694429678972 0.05066590554261346 332
1694429679039 0.20499961437456346 333
1694429679105 0.05520116762170039 334
1694429679175 0.25501624914956045 335
1694429679243 0.24725637934717712 336
1694429679310 0.79642036795934 337
1694429679376 0.14868519772081307 338
1694429679442 0.13257669127311594 339
1694429679507 0.37223991980627735 340
1694429679572 0.13053476593972296 341
1694429679637 0.04762946406451185 342
1694429679702 0.12421799141965202 343
1694429679768 2.2785640629570785 344
1694429679834 0.08732635463991918 345
1694429679900 0.4540777776570706 346
1694429679965 0.3983361621446059 347
1694429680031 0.2438021384649024 348
1694429680098 0.0028595087696932603 349
1694429680162 0.3958167807129423 350
1694429680228 2.4445485159184437e-05 351
1694429680294 0.01827001291069334 352
1694429680360 0.020450045513018926 353
1694429680425 0.47966135369014745 354
1694429680490 0.027496785766776707 355
1694429680556 0.04588678752965347 356
1694429680622 1.593257072417124 357
1694429680687 0.22821971759010706 358
1694429680753 0.1155492687743766 359
1694429680819 0.08810813189468776 360
1694429680884 0.05684107934028402 361
1694429680950 0.06681828639382267 362
1694429681017 1.7598941527704063e-07 363
1694429681082 0.47406499039630634 364
1694429681148 0.6531129910680291 365
1694429681215 0.13240075473910853 366
1694429681280 0.9666505016363658 367
1694429681346 0.0008638081360778513 368
1694429681411 0.37361785368137257 369
1694429681477 0.33178147083090537 370
1694429681541 0.03229026778423865 371
1694429681607 0.12056219816354631 372
1694429681672 0.8238366693530889 373
1694429681740 0.08218463851641478 374
1694429681806 0.0058384820528824604 375
1694429681873 0.41096672913445437 376
1694429681939 0.10504450520398648 377
1694429682004 0.1215650056936313 378
1694429682070 0.09990041441870985 379
1694429682136 0.09574622327778698 380
1694429682201 0.19535020232614417 381
1694429682267 0.9098425748119303 382
1694429682333 0.9679197660655212 383
1694429682399 0.6474595117430547 384
1694429682465 0.05793649506601076 385
1694429682531 0.20034785732172136 386
1694429682597 1.1679518549020165 387
1694429682663 0.16571439529433787 388
1694429682729 0.17909640686475814 389
1694429682794 0.003227092295752103 390
1694429682861 0.03308427564222706 391
1694429682926 0.11639316773462631 392
1694429682991 0.5483628651305565 393
1694429683057 0.4455500365971863 394
1694429683122 0.9220396700453547 395
1694429683187 0.26405121815624766 396
1694429683253 0.16576924773735455 397
1694429683318 0.8792190308937077 398
1694429683383 0.34185602065182424 399
1694429683448 0.5323714991012167 400
1694429683514 0.1389461367350086 401
1694429683581 0.10607667127518335 402
1694429683648 0.3335373175370367 403
1694429683713 6.0873249830951396e-05 404
1694429683779 0.15323262942566487 405
1694429683845 2.0211775688495157 406
1694429683910 0.41809384322113957 407
1694429683976 0.01736931934337647 408
1694429684042 0.447306476130999 409
1694429684106 0.746614430214227 410
1694429684172 0.49458254974925253 411
1694429684238 0.36076531820380586 412
1694429684304 0.3045927965258104 413
1694429684370 1.5988794425343194 414
1694429684436 0.07194634561469193 415
1694429684502 0.2750995892078928 416
1694429684567 0.9103639799324462 417
1694429684633 0.18452084973067415 418
1694429684698 0.027045030275605363 419
1694429684764 0.004062233069074983 420
1694429684830 0.0008919778034564978 421
1694429684896 0.11756425353670458 422
1694429684961 0.5218976026201119 423
1694429685027 0.39534807704550035 424
1694429685093 0.7557508121496713 425
1694429685159 0.08477092882915349 426
1694429685225 0.9788880764346153 427
1694429685290 0.31778255748967854 428
1694429685356 1.1514219433519004 429
1694429685421 0.48996585751701544 430
1694429685487 0.41055217889547313 431
1694429685552 0.14451076352975809 432
1694429685618 0.21390800120761533 433
1694429685683 0.05342727806336425 434
1694429685749 0.09944851040512395 435
1694429685814 0.08921816025630042 436
1694429685881 0.3799155529566572 437
1694429685947 0.4283245875417796 438
1694429686013 0.1360622846015647 439
1694429686080 0.41481032806375134 440
1694429686145 0.20989957094754244 441
1694429686211 0.3280171530399084 442
1694429686277 0.7033598217493303 443
1694429686342 0.26833353733471915 444
1694429686407 0.5137363529598151 445
1694429686472 0.052697194174354325 446
1694429686537 0.46538653963720245 447
1694429686604 0.3471730096507765 448
1694429686670 0.24244695957411905 449
1694429686736 2.3194614199382104 450
1694429686805 0.001113021113578485 451
1694429686871 0.09133013820881515 452
1694429686936 0.6330582053354741 453
1694429687003 0.0307938808167472 454
1694429687068 0.14240851330513232 455
1694429687133 0.37397487315036465 456
1694429687201 0.38724583716629746 457
1694429687266 0.36698528545348713 458
1694429687331 0.12767205350410446 459
1694429687397 2.2257909714281325 460
1694429687462 0.1239712331520352 461
1694429687527 0.12835555130917262 462
1694429687594 0.24525367628737554 463
1694429687661 0.1881012964123162 464
1694429687725 0.6735708170811661 465
1694429687791 0.021582442549714174 466
1694429687857 0.29098086358215314 467
1694429687923 0.07877120941362808 468
1694429687989 0.38751077140670376 469
1694429688055 0.3598107387982117 470
1694429688121 0.8628977532146156 471
1694429688187 0.3760175736228942 472
1694429688252 0.23055682989122792 473
1694429688318 0.43210857451102846 474
1694429688382 0.11249228378319492 475
1694429688448 0.24860600403444308 476
1694429688515 1.643734987299345 477
1694429688581 0.05500074500048755 478
1694429688646 0.06856110270053738 479
1694429688714 1.3391364478843564 480
1694429688779 0.5922745628698459 481
1694429688844 0.003527564950494692 482
1694429688910 0.14465043509263184 483
1694429688976 0.13820670384904454 484
1694429689042 0.022845257642857983 485
1694429689108 0.10386426926930907 486
1694429689172 0.15103410778613655 487
1694429689239 0.5308368211698463 488
1694429689304 0.20444457713507042 489
1694429689370 0.000548903177169383 490
1694429689436 0.1256478936440186 491
1694429689502 0.5595589810921692 492
1694429689568 0.30691335374561657 493
1694429689634 0.4901240385910322 494
1694429689699 0.04309974794187905 495
1694429689764 0.07557968848088906 496
1694429689830 0.6657515357383014 497
1694429689897 0.07878446471723669 498
1694429689962 0.7078718348901282 499
