1694429504524 44.32661961096052 0
1694429504541 14.754786892499071 1
1694429504557 3.831316624165858 2
1694429504574 1.7130252213840536 3
1694429504590 0.6305707593557184 4
1694429504606 0.5039718005129538 5
1694429504622 0.2651128819414045 6
1694429504639 0.3141861011072867 7
1694429504656 0.3589946451404103 8
1694429504672 0.2733833589105205 9
1694429504691 0.21864089396258543 10
1694429504708 0.336872591320134 11
1694429504723 0.2559202885001542 12
1694429504740 0.22443284996990273 13
1694429504756 0.33192260224426845 14
1694429504772 0.28573873406297434 15
1694429504788 0.13228664688992484 16
1694429504806 0.2902184354805148 17
1694429504822 0.42788057214685865 18
1694429504838 0.23360310736166148 19
1694429504856 0.19875399578781142 20
1694429504872 0.3216944330075961 21
1694429504889 0.377541431327536 22
1694429504906 0.342967836659814 23
1694429504923 0.2998646499637946 24
1694429504939 0.42222876982159424 25
1694429504955 0.32243444343170247 26
1694429504971 0.17066356358977838 27
1694429504989 0.2571567298918746 28
1694429505005 0.2427570198794358 29
1694429505023 0.18360643586694933 30
1694429505041 0.3648964941663872 31
1694429505060 0.26370017242092453 32
1694429505080 0.2815692680660855 33
1694429505100 0.27921489262934124 34
1694429505118 0.37838890615327536 35
1694429505137 0.3684743725534952 36
1694429505153 1.3370813768245864 37
1694429505169 0.29572375400993384 38
1694429505186 0.2045844753797669 39
1694429505203 0.3079587845251863 40
1694429505219 0.25921363695921784 41
1694429505236 0.24987090140007867 42
1694429505253 0.23390035476803006 43
1694429505269 0.3517025567183265 44
1694429505285 0.4171605129554607 45
1694429505301 0.23551240804751647 46
1694429505320 0.21567694456766023 47
1694429505336 0.375410217265458 48
1694429505353 0.43657511172440444 49
1694429505369 0.3943452575422044 50
1694429505385 0.41883272671782834 51
1694429505402 0.4328808022219555 52
1694429505418 0.20576691679072698 53
1694429505434 0.22250718804587713 54
1694429505450 0.23335409201175025 55
1694429505466 0.34067793207722924 56
1694429505483 0.3698416968897581 57
1694429505500 0.2158970798539472 58
1694429505517 0.20762482622164327 59
1694429505533 0.31598033407758247 60
1694429505549 0.13648185764003037 61
1694429505566 0.19635564239170525 62
1694429505582 0.21234755818144427 63
1694429505599 0.2926660404510345 64
1694429505616 0.34151655364872796 65
1694429505633 0.20579048109102913 66
1694429505649 0.2177171557154022 67
1694429505665 0.2856965554034286 68
1694429505682 0.3336526163181084 69
1694429505701 0.20978348146767106 70
1694429505718 0.38452362510494753 71
1694429505734 0.33823418515187587 72
1694429505750 0.3407290792582027 73
1694429505766 0.23359205411040526 74
1694429505782 0.22639058246500124 75
1694429505798 0.28530249453439377 76
1694429505815 0.31520534842978326 77
1694429505831 0.3640685570827998 78
1694429505848 0.28521955778678476 79
1694429505864 0.3136217637431482 80
1694429505881 0.35207966203737967 81
1694429505897 0.29636732673406724 82
1694429505914 0.26988494795438067 83
1694429505931 0.18208864182413934 84
1694429505948 0.2940044367828613 85
1694429505963 0.3699079961949829 86
1694429505979 0.3242718571725673 87
1694429505996 0.36747100879467764 88
1694429506013 0.27362614389409184 89
1694429506030 0.41474456638650176 90
1694429506047 0.22209694069284416 91
1694429506063 0.325856725419083 92
1694429506079 0.3277541710309374 93
1694429506096 0.33222159461618805 94
1694429506112 0.393210100402475 95
1694429506128 0.2987807454663168 96
1694429506146 0.2893133019620976 97
1694429506163 0.29714415653632414 98
1694429506181 0.23669412041188004 99
1694429506198 0.4108298252252853 100
1694429506214 0.3603436863132627 101
1694429506229 0.21054931704581717 102
1694429506246 0.22695706583140612 103
1694429506262 0.49670996137015394 104
1694429506279 0.31276436848698735 105
1694429506295 0.43879710681562883 106
1694429506313 0.25339507609976303 107
1694429506329 0.22745092250974744 108
1694429506345 0.2512749859662033 109
1694429506362 0.4330946628823278 110
1694429506377 0.5406418188910682 111
1694429506394 0.43063044164389147 112
1694429506410 0.271553418306051 113
1694429506427 0.26869552231937294 114
1694429506443 0.24593247266389767 115
1694429506460 0.2281097835294797 116
1694429506475 0.3508930261195397 117
1694429506492 0.1417407036817844 118
1694429506509 0.22508914092678234 119
1694429506526 0.3984039990927813 120
1694429506541 0.3150542034996664 121
1694429506559 0.3465702230017317 122
1694429506575 0.20068008810565888 123
1694429506591 0.2843031761194809 124
1694429506607 0.2859577173580707 125
1694429506624 0.29825751038211246 126
1694429506641 0.29562753644594497 127
1694429506659 0.32143354823743087 128
1694429506680 0.14004200972165493 129
1694429506697 0.3279190024912069 130
1694429506714 0.2059746264951246 131
1694429506730 0.43257893771008077 132
1694429506745 0.38229435714236043 133
1694429506762 0.3910443333410566 134
1694429506779 0.3875903844312334 135
1694429506795 0.3412427817860855 136
1694429506811 0.27597754050426443 137
1694429506828 0.3203429295070078 138
1694429506844 0.43521070015733027 139
1694429506861 0.33234991896594834 140
1694429506876 0.2900851381057153 141
1694429506892 0.2671576902233448 142
1694429506909 0.245388464606185 143
1694429506926 0.2577596415772164 144
1694429506942 0.2856031640986853 145
1694429506958 0.2748459213339226 146
1694429506974 0.21308713236223012 147
1694429506991 0.3893079107752206 148
1694429507007 0.3358834558601476 149
1694429507024 0.20144694218926765 150
1694429507040 0.21499169789060452 151
1694429507057 0.31187599301514185 152
1694429507073 0.4028941951753543 153
1694429507090 0.2904714334615491 154
1694429507107 0.266555258191744 155
1694429507124 0.3231435282535399 156
1694429507140 0.31333232298366864 157
1694429507156 0.25922582912400355 158
1694429507172 0.3540247493805686 159
1694429507188 0.2064472230729943 160
1694429507204 0.32369753848061494 161
1694429507222 0.30610150852126716 162
1694429507237 0.19153221514920074 163
1694429507254 0.24641951264709885 164
1694429507271 0.3479137698247124 165
1694429507287 0.16448268434837252 166
1694429507304 0.26432828437275646 167
1694429507322 0.410797550983756 168
1694429507338 0.24604371264119332 169
1694429507355 0.11232684227495263 170
1694429507371 0.501699252718726 171
1694429507387 0.38589117798429096 172
1694429507403 0.35673302140337276 173
1694429507420 0.2854413934709143 174
1694429507436 0.45146205218929947 175
1694429507453 0.31188122025409903 176
1694429507469 0.3547822782269818 177
1694429507486 0.2886338564141498 178
1694429507502 0.35045068471167395 179
1694429507519 0.22089487269666197 180
1694429507535 0.30048074265651387 181
1694429507552 0.45640950056520174 182
1694429507568 0.26651608281406736 183
1694429507584 0.24688446782315093 184
1694429507601 0.26415789900646475 185
1694429507616 0.3909636209302097 186
1694429507635 0.3856755744311961 187
1694429507652 0.43062778301095944 188
1694429507667 0.2530478642887734 189
1694429507684 0.29050937917085734 190
1694429507700 0.38281126364159024 191
1694429507717 0.3693196127290475 192
1694429507734 0.32824414478803776 193
1694429507750 0.338423085599409 194
1694429507766 0.35486182641132885 195
1694429507783 0.27270405459487934 196
1694429507800 0.37548130543877506 197
1694429507816 0.3990343310315874 198
1694429507836 0.3503619611420029 199
1694429507853 0.21965237998631842 200
1694429507871 0.1916772995088227 201
1694429507887 0.22601683182357268 202
1694429507904 0.2628812007795246 203
1694429507919 0.27217899418633434 204
1694429507937 0.42577358601182463 205
1694429507953 0.45483685640650157 206
1694429507969 0.30087104746034143 207
1694429507985 0.33008276782633256 208
1694429508002 0.21000413969931425 209
1694429508018 0.25009485632385203 210
1694429508035 0.35172774941004065 211
1694429508053 0.39503428480689184 212
1694429508068 0.3866801349096849 213
1694429508085 0.2724515484753908 214
1694429508101 0.23104201864763163 215
1694429508118 0.26910802614748175 216
1694429508134 0.46428018532475024 217
1694429508150 0.319373115366167 218
1694429508165 0.295875509788836 219
1694429508183 0.3012231625225085 220
1694429508199 0.5911934511269604 221
1694429508216 0.18213713805831105 222
1694429508233 0.2202780506758065 223
1694429508249 0.2541927297851254 224
1694429508265 0.23356923695606538 225
1694429508282 0.27750048386274656 226
1694429508298 0.29763843195598966 227
1694429508314 0.3081166385663875 228
1694429508331 0.26963797939908113 229
1694429508348 0.2567946742025123 230
1694429508364 0.30128879157248845 231
1694429508380 0.4666910911545165 232
1694429508396 0.1748166683976725 233
1694429508412 0.13544972295381347 234
1694429508428 0.42125303816669846 235
1694429508446 0.3381934318703195 236
1694429508462 0.2267598056029065 237
1694429508479 0.3032826898924306 238
1694429508496 0.39015128624488804 239
1694429508512 0.3312962608325538 240
1694429508528 0.2425969312264118 241
1694429508545 0.32032040364197123 242
1694429508562 0.2713952743213997 243
1694429508577 0.2592299810827672 244
1694429508594 0.3211498250846592 245
1694429508611 0.28666803275260105 246
1694429508626 0.3824510407575064 247
1694429508643 0.19782672128479648 248
1694429508661 0.24336841871222736 249
1694429508676 0.2117893230654209 250
1694429508692 0.2747626801329444 251
1694429508709 0.27296612139100423 252
1694429508725 0.2728735346286692 253
1694429508742 0.1948908664907578 254
1694429508759 0.2539982953373112 255
1694429508776 0.2201751789756754 256
1694429508792 0.45377102574396605 257
1694429508808 0.2969294714580046 258
1694429508823 0.27321962687161705 259
1694429508840 0.220635958586594 260
1694429508857 0.22400235844385902 261
1694429508873 0.4301494584501776 262
1694429508889 0.27082592727937627 263
1694429508904 0.31467581803829797 264
1694429508920 0.27377766652906493 265
1694429508937 0.2464989218818871 266
1694429508954 0.16226676851911598 267
1694429508970 0.5155505223066418 268
1694429508986 0.2564636438184499 269
1694429509005 0.24596490947182012 270
1694429509021 0.45984804426206427 271
1694429509038 0.36203933184613585 272
1694429509055 0.2894024340472273 273
1694429509071 0.4213586444729893 274
1694429509086 0.41834726214949886 275
1694429509103 0.30249991474309806 276
1694429509119 0.4338237005385093 277
1694429509136 0.28966698616009773 278
1694429509152 0.25164116712061607 279
1694429509168 0.2740846767027326 280
1694429509184 0.29685792136383127 281
1694429509200 0.2264668757850794 282
1694429509216 0.3712141324189689 283
1694429509232 0.19839005012129146 284
1694429509248 0.3433638222715249 285
1694429509265 0.27441898082989336 286
1694429509281 0.32270935557548913 287
1694429509298 0.25800310802957566 288
1694429509314 0.34167408002774585 289
1694429509330 0.3668079077215149 290
1694429509346 0.2357522135643685 291
1694429509364 0.33537912452612056 292
1694429509380 0.2591287111454382 293
1694429509395 0.24534435118881473 294
1694429509412 0.2986221690537892 295
1694429509428 0.3493756079433529 296
1694429509445 0.34115584790663844 297
1694429509462 0.35117502216239455 298
1694429509478 0.45026097099952767 299
1694429509494 0.2985294442553772 300
1694429509510 0.2688672197569665 301
1694429509526 0.4204411784669261 302
1694429509543 0.3493363662104999 303
1694429509560 0.26241264759719374 304
1694429509578 0.2511278916794901 305
1694429509595 0.40568660474611995 306
1694429509611 0.1536888257031927 307
1694429509629 0.3501319180035437 308
1694429509646 0.3712361097956812 309
1694429509662 0.32755616264528126 310
1694429509679 0.18485387973731782 311
1694429509694 0.296517160966349 312
1694429509711 0.24044607331190773 313
1694429509726 0.39497734739751095 314
1694429509744 0.20731453846968395 315
1694429509761 0.3268092658827477 316
1694429509777 0.21741222865924664 317
1694429509794 0.3552463113799353 318
1694429509810 0.4319848904747758 319
1694429509826 0.2951141474022293 320
1694429509842 0.4197464154081624 321
1694429509859 0.19193974673318523 322
1694429509875 0.31181872661974414 323
1694429509891 0.21380067301476946 324
1694429509908 0.24325488392405717 325
1694429509923 0.3153158527143695 326
1694429509940 0.3342246430164327 327
1694429509957 0.23790116391458 328
1694429509972 0.23846731624805195 329
1694429509989 0.18191270215594105 330
1694429510005 0.3334301622209334 331
1694429510021 0.2904753555250048 332
1694429510038 0.28308915005468516 333
1694429510055 0.26128635650217596 334
1694429510071 0.35253479896090006 335
1694429510088 0.45951725842331953 336
1694429510104 0.24577008588941426 337
1694429510120 0.3729182606789352 338
1694429510137 0.18843841428022987 339
1694429510153 0.3197033021502452 340
1694429510174 0.4342666034020312 341
1694429510191 0.1476281258922376 342
1694429510208 0.4200099371938467 343
1694429510224 0.30605803698059736 344
1694429510241 0.1894428098640542 345
1694429510258 0.33839582474023155 346
1694429510275 0.3038418190519178 347
1694429510291 0.3328570286357059 348
1694429510308 0.24070961146636533 349
1694429510324 0.18392357971380627 350
1694429510341 0.2971496953900906 351
1694429510358 0.31854291427290554 352
1694429510374 0.28287762936950606 353
1694429510390 0.5639316568082076 354
1694429510406 0.32294778747361724 355
1694429510421 0.290807483520373 356
1694429510438 0.3986065874458988 357
1694429510455 0.39985092605188116 358
1694429510471 0.44326408317372973 359
1694429510487 0.2764286562467087 360
1694429510504 0.2317243055409676 361
1694429510519 0.45795212509765565 362
1694429510535 0.26856966609439925 363
1694429510553 0.3606531311483936 364
1694429510568 0.1638665780215521 365
1694429510585 0.3214064001045706 366
1694429510602 0.3810403120582341 367
1694429510617 0.3197646181439772 368
1694429510633 0.3012993863654922 369
1694429510650 0.31952960751513343 370
1694429510667 0.21607186403052708 371
1694429510683 0.22471316555403265 372
1694429510700 0.211834110780254 373
1694429510716 0.1860893863436968 374
1694429510731 0.31668841478898596 375
1694429510748 0.37936171835519455 376
1694429510764 0.24810027401154408 377
1694429510782 0.18283880910679043 378
1694429510799 0.323524891872219 379
1694429510815 0.2939438325114002 380
1694429510830 0.2984505406821049 381
1694429510846 0.3894457158871275 382
1694429510864 0.12825387638440455 383
1694429510880 0.3347784457750209 384
1694429510897 0.3980034064865875 385
1694429510913 0.3120934032165394 386
1694429510929 0.1797367183804321 387
1694429510944 0.2720818245311937 388
1694429510961 0.20828584126641433 389
1694429510978 0.324704109862416 390
1694429510995 0.18566676890689968 391
1694429511011 0.3362822700542544 392
1694429511027 0.15512364941065307 393
1694429511044 0.40311872262165865 394
1694429511061 0.26361968237417505 395
1694429511078 0.21984917852202449 396
1694429511094 0.28811296331152675 397
1694429511109 0.4285590027281989 398
1694429511126 0.3017300273109269 399
1694429511142 0.3827964021294599 400
1694429511159 0.1719837391867522 401
1694429511176 0.2589490465713601 402
1694429511192 0.3989699402872277 403
1694429511208 0.21050449393967616 404
1694429511224 0.4050089013801314 405
1694429511240 0.33817877854099926 406
1694429511257 0.3673902586957129 407
1694429511273 0.31520953550101466 408
1694429511290 0.2687524149782782 409
1694429511306 0.29797485175431154 410
1694429511322 0.3323404073863058 411
1694429511339 0.2991935739868787 412
1694429511359 0.38149023569580803 413
1694429511376 0.7266791797142625 414
1694429511392 0.40067968350521205 415
1694429511408 0.23769001191650663 416
1694429511424 0.2526512752192157 417
1694429511440 0.2885365490967879 418
1694429511457 0.3455932498019322 419
1694429511474 0.3173142955417164 420
1694429511491 0.34092097920787573 421
1694429511508 0.1681891816212853 422
1694429511524 0.2505457025366376 423
1694429511541 0.24087353166314293 424
1694429511559 0.2344964960870917 425
1694429511577 0.322093321714375 426
1694429511594 0.1672353203227193 427
1694429511610 0.17367829074675287 428
1694429511628 0.3751856585210599 429
1694429511645 0.48795952590288083 430
1694429511661 0.36082332006985185 431
1694429511678 0.2474539823349419 432
1694429511695 0.2786197991391292 433
1694429511712 0.5022102422172564 434
1694429511727 0.4844744259866915 435
1694429511744 0.2215883973034211 436
1694429511761 0.35690900130052633 437
1694429511778 0.47691758337384654 438
1694429511795 0.23418995534597636 439
1694429511811 0.5315889971017548 440
1694429511827 0.3494820653408496 441
1694429511844 0.30610397776640974 442
1694429511860 0.36418006199659025 443
1694429511878 0.1729574194092471 444
1694429511895 0.4630922364154926 445
1694429511910 0.26671273359681463 446
1694429511927 0.26772937043147765 447
1694429511943 0.34848668671538047 448
1694429511960 0.329723476731985 449
1694429511976 0.32701047590187177 450
1694429511992 0.24902005075240982 451
1694429512009 0.1980719348638013 452
1694429512025 0.27925915372374427 453
1694429512042 0.2441350053363532 454
1694429512059 0.214987533461637 455
1694429512075 0.42686052650286305 456
1694429512093 0.38166555490025716 457
1694429512109 0.3753894340420218 458
1694429512125 0.31574097275118235 459
1694429512141 0.29251948582461823 460
1694429512158 0.3417081562437426 461
1694429512174 0.18940348901480444 462
1694429512191 0.24990693692684876 463
1694429512207 0.2131607483378395 464
1694429512223 0.2170626068043982 465
1694429512238 0.3336331832585108 466
1694429512255 0.33143873100928334 467
1694429512272 0.279838340206192 468
1694429512289 0.35357704254344074 469
1694429512306 0.25392656610672176 470
1694429512321 0.29131498557755303 471
1694429512337 0.3458806561551567 472
1694429512355 0.33260436792845977 473
1694429512371 0.21280659735356686 474
1694429512388 0.3703838659625334 475
1694429512404 0.4168016834090933 476
1694429512420 0.4271062652438284 477
1694429512436 0.2428088366159958 478
1694429512452 0.351320923683621 479
1694429512469 0.31054637804310303 480
1694429512485 0.22823078353456605 481
1694429512502 0.22634418880744642 482
1694429512518 0.41728147221818135 483
1694429512535 0.18866993091372158 484
1694429512552 0.33257160391496715 485
1694429512569 0.43475068656603405 486
1694429512586 0.6254395038990247 487
1694429512602 0.3990334668105028 488
1694429512619 0.31487150146833953 489
1694429512635 0.25468683002902204 490
1694429512652 0.26117892838995055 491
1694429512668 0.22774148889051732 492
1694429512685 0.24085575968531786 493
1694429512701 0.32934722654154686 494
1694429512717 0.20981062235132314 495
1694429512732 0.2273264501752108 496
1694429512749 0.4395394230616853 497
1694429512766 0.3043420379943028 498
1694429512783 0.25421792424735695 499
