1694435594823 33.168535130326 0
1694435594841 5.9778771606117775 1
1694435594860 1.6315683621513648 2
1694435594878 0.4953602742266354 3
1694435594895 0.1482782110994911 4
1694435594914 0.12859387943648043 5
1694435594933 0.08910645423305599 6
1694435594952 0.05538222669534899 7
1694435594974 0.1552192478173178 8
1694435594993 0.1924293814512116 9
1694435595010 0.13735399969745266 10
1694435595034 0.095744360027924 11
1694435595054 0.09089651695208041 12
1694435595072 0.1554903935427856 13
1694435595089 0.11831449981287812 14
1694435595108 0.1649692959202005 15
1694435595131 0.10096755323414641 16
1694435595155 0.10768794129050654 17
1694435595178 0.061614479330478 18
1694435595201 0.058862479242096755 19
1694435595222 0.047292562475509684 20
1694435595242 0.06779053514662646 21
1694435595267 0.08427746986426563 22
1694435595290 0.0946902152022325 23
1694435595309 0.13737729110914945 24
1694435595328 0.09767966667494157 25
1694435595345 0.11997853619753963 26
1694435595363 0.1287675628221537 27
1694435595384 0.07434805304918289 28
1694435595401 0.043437260899817066 29
1694435595419 0.08487329064946357 30
1694435595436 0.04260394186382766 31
1694435595453 0.10986938244202714 32
1694435595473 0.054633777170719766 33
1694435595492 0.12088636273422068 34
1694435595509 0.07144714897644674 35
1694435595528 0.12189246197133471 36
1694435595545 0.13423019483951343 37
1694435595563 0.08531667589550508 38
1694435595583 0.16218600971061958 39
1694435595606 0.1388979375019986 40
1694435595628 0.25917186228585615 41
1694435595645 0.09914760773379493 42
1694435595663 0.222645658393786 43
1694435595684 0.1112235091331865 44
1694435595701 0.16092583885164918 45
1694435595719 0.07008878849028637 46
1694435595737 0.1488536128120588 47
1694435595755 0.17127023196645338 48
1694435595773 0.17691388352838158 49
1694435595791 0.03398621471483244 50
1694435595809 0.1749012992327518 51
1694435595827 0.1467939729353013 52
1694435595845 0.19967331967877738 53
1694435595862 0.113880044815698 54
1694435595881 0.21088021085362102 55
1694435595899 0.10691209998501046 56
1694435595918 0.11038694124466229 57
1694435595936 0.11951432653710585 58
1694435595953 0.15275953314426413 59
1694435595974 0.16293007347006652 60
1694435595999 0.10295411143019095 61
1694435596026 0.08665747751840744 62
1694435596046 0.08917922461515358 63
1694435596064 0.09074669074402832 64
1694435596083 0.0545574478556284 65
1694435596100 0.06297404947553766 66
1694435596118 0.1613297837220376 67
1694435596136 0.1340808929880065 68
1694435596153 0.1544825260959942 69
1694435596171 0.10113872656156032 70
1694435596193 0.13934191667325974 71
1694435596211 0.080225125006987 72
1694435596229 0.1275622844033853 73
1694435596247 0.1069600988889827 74
1694435596264 0.10661932417919609 75
1694435596283 0.12137957362069167 76
1694435596303 0.1318409660776978 77
1694435596327 0.07979235697432521 78
1694435596349 0.22729358398253371 79
1694435596366 0.09052843358112905 80
1694435596385 0.21189203398066844 81
1694435596403 0.2832623278158025 82
1694435596422 0.17468485203588954 83
1694435596439 0.09685707267336918 84
1694435596457 0.09227438747041254 85
1694435596478 0.0677119884218354 86
1694435596495 0.08123674246675645 87
1694435596513 0.1756395893986375 88
1694435596531 0.05546586617416239 89
1694435596548 0.0677987276918079 90
1694435596565 0.079207979894085 91
1694435596584 0.13464121142333493 92
1694435596602 0.18187148675162246 93
1694435596620 0.21994937001808962 94
1694435596637 0.09028295405594398 95
1694435596655 0.09315026511756908 96
1694435596672 0.10900955089104711 97
1694435596691 0.7438114635396674 98
1694435596708 0.13281940172695178 99
1694435596727 0.10699410066444712 100
1694435596744 0.062397777769162076 101
1694435596760 0.05536843915807027 102
1694435596778 0.06176197302765907 103
1694435596797 0.1743853067700311 104
1694435596815 0.14350545638569287 105
1694435596833 0.04504395681126016 106
1694435596851 0.12376790571436701 107
1694435596872 0.06836264334042633 108
1694435596892 0.16419892734931724 109
1694435596910 0.05367775487034101 110
1694435596928 0.20868099023576697 111
1694435596945 0.12412800997793541 112
1694435596963 0.13868283064380363 113
1694435596981 0.07111639141586602 114
1694435596999 0.12243097373646268 115
1694435597018 0.20669156006734155 116
1694435597036 0.212554414359404 117
1694435597054 0.26065463839119846 118
1694435597072 0.11107238115991981 119
1694435597092 0.15188840754202484 120
1694435597110 0.1357384225762601 121
1694435597128 0.050828996586282586 122
1694435597144 0.15570376701468228 123
1694435597163 0.07694077189822897 124
1694435597180 0.11744609935059246 125
1694435597199 0.10778575073571815 126
1694435597216 0.07458544936181297 127
1694435597235 0.08363318300498952 128
1694435597252 0.1266880564653908 129
1694435597269 0.16557735249334704 130
1694435597289 0.13822939636317264 131
1694435597307 0.235360995734177 132
1694435597326 0.106714546350831 133
1694435597343 0.08647780357131714 134
1694435597360 0.10672656185981297 135
1694435597377 0.14315086506236746 136
1694435597398 0.23947081688258617 137
1694435597416 0.11316287457125711 138
1694435597433 0.11313499757566715 139
1694435597450 0.1455293076398321 140
1694435597471 0.14149781151692972 141
1694435597489 0.07505053306983096 142
1694435597507 0.123834678676764 143
1694435597528 0.09916018297412685 144
1694435597550 0.18721867387456118 145
1694435597567 0.14793005740927703 146
1694435597586 0.1021528199724133 147
1694435597604 0.10610496421505888 148
1694435597622 0.07160242942766118 149
1694435597639 0.17019929576754528 150
1694435597657 0.08574363537692611 151
1694435597674 0.055421609125501384 152
1694435597692 0.12539053254879923 153
1694435597710 0.17412084945751885 154
1694435597728 0.06345169345624406 155
1694435597745 0.10374847264388476 156
1694435597762 0.09756846075451135 157
1694435597780 0.069166926262003 158
1694435597801 0.1135173222772675 159
1694435597819 0.12113044972848434 160
1694435597836 0.12799563998041827 161
1694435597854 0.09622908487772201 162
1694435597871 0.08688347670373442 163
1694435597890 0.05427422542209232 164
1694435597908 0.1029734667021623 165
1694435597926 0.11734675204639193 166
1694435597943 0.16680208526756354 167
1694435597961 0.10402496044818592 168
1694435597979 0.23496547535849285 169
1694435597999 0.11330487625159542 170
1694435598018 0.17959097083501585 171
1694435598036 0.07658947081392171 172
1694435598054 0.14652306503617582 173
1694435598071 0.11531443454134685 174
1694435598090 0.1853455377807276 175
1694435598113 0.0419134428640029 176
1694435598131 0.14995748496862102 177
1694435598148 0.22466776704707891 178
1694435598165 0.1415677063464648 179
1694435598183 0.12802919795235151 180
1694435598203 0.1235675385840795 181
1694435598221 0.10277077642738364 182
1694435598238 0.15288387141471999 183
1694435598257 0.15211085113383152 184
1694435598274 0.12185851864290742 185
1694435598292 0.11576478574393953 186
1694435598312 0.10831397375210074 187
1694435598330 0.15854501784496605 188
1694435598347 0.08040149856199467 189
1694435598365 0.16071600200697445 190
1694435598382 0.2669989749433324 191
1694435598402 0.07126125889515034 192
1694435598420 0.05806774555894846 193
1694435598438 0.12086001310328377 194
1694435598456 0.16955460801683536 195
1694435598474 0.08779488193919098 196
1694435598492 0.2235132417578416 197
1694435598511 0.11951808388234307 198
1694435598529 0.10646892035640866 199
1694435598547 0.11101066791561885 200
1694435598564 0.04936562272609329 201
1694435598582 0.14492133891849954 202
1694435598601 0.09028311798983289 203
1694435598619 0.032912098358156665 204
1694435598636 0.0828657705546819 205
1694435598655 0.06827654347074748 206
1694435598672 0.10583673202187646 207
1694435598690 0.051961140480302585 208
1694435598712 0.149942789877007 209
1694435598735 0.14088934767616954 210
1694435598752 0.09845707535490164 211
1694435598770 0.08945499397682329 212
1694435598787 0.08760389638313794 213
1694435598806 0.06629012960599553 214
1694435598825 0.12923254325350747 215
1694435598843 0.1480331853465179 216
1694435598860 0.0992601892266713 217
1694435598878 0.0597141250296986 218
1694435598896 0.12820811860078327 219
1694435598916 0.1702432704571351 220
1694435598934 0.04391288687070671 221
1694435598951 0.10419899682119219 222
1694435598970 0.14901430328178597 223
1694435598987 0.08200187480987665 224
1694435599009 0.09630016518456379 225
1694435599028 0.2343129881484036 226
1694435599046 0.06551826917094984 227
1694435599064 0.14993823872691875 228
1694435599081 0.059641087358836664 229
1694435599101 0.7749501577631212 230
1694435599120 0.1351275189274345 231
1694435599138 0.15210305665553497 232
1694435599155 0.19199912340771003 233
1694435599173 0.08971433041395857 234
1694435599190 0.04829595528362684 235
1694435599209 0.08078428126477895 236
1694435599228 0.07086009736098674 237
1694435599245 0.04509165476775921 238
1694435599263 0.133437593435162 239
1694435599280 0.08021856832851969 240
1694435599300 0.17935506509309226 241
1694435599324 0.022282927156505976 242
1694435599341 0.06123225130994681 243
1694435599359 0.10660634265089017 244
1694435599377 0.13071833435516664 245
1694435599394 0.14057057618054827 246
1694435599414 0.1191744249322194 247
1694435599432 0.08501805179580361 248
1694435599450 0.13511109866905519 249
1694435599467 0.16063768141394713 250
1694435599485 0.04914206539251916 251
1694435599504 0.10927088444253345 252
1694435599522 0.07235624392836097 253
1694435599539 0.13207657542847118 254
1694435599557 0.10300517102842302 255
1694435599575 0.08713388845301377 256
1694435599593 0.07950110414290411 257
1694435599613 0.022626531490327756 258
1694435599631 0.1083921150215436 259
1694435599648 0.09467862030358427 260
1694435599665 0.14356257306963732 261
1694435599683 0.16449619487042838 262
1694435599700 0.07546343579873492 263
1694435599718 0.06741339738533188 264
1694435599736 0.31730863533978343 265
1694435599753 0.09061278045701583 266
1694435599771 0.07874169577737695 267
1694435599789 0.14207018986544764 268
1694435599807 0.17279547312702434 269
1694435599827 0.17250642684431958 270
1694435599845 0.12363736905201375 271
1694435599862 0.07707968930699298 272
1694435599879 0.11750586920755432 273
1694435599898 0.06683227343186197 274
1694435599918 0.12203520874181396 275
1694435599938 0.10403785169958416 276
1694435599955 0.1795166996788488 277
1694435599974 0.14816981453858394 278
1694435599992 0.08040327322589831 279
1694435600010 0.07557876961748802 280
1694435600028 0.07771430338367702 281
1694435600046 0.09513642937088493 282
1694435600063 0.08664390312791648 283
1694435600081 0.09046111978689575 284
1694435600098 0.14044351334234823 285
1694435600117 0.18554662929742258 286
1694435600135 0.13407057723444255 287
1694435600152 0.23835855713688656 288
1694435600170 0.20402231750576488 289
1694435600189 0.09328001221939998 290
1694435600211 0.16112331660132412 291
1694435600230 0.09360945248994361 292
1694435600248 0.07206392727717816 293
1694435600265 0.1193981332394003 294
1694435600283 0.07463236213289608 295
1694435600300 0.06039993710200913 296
1694435600321 0.06448680140369087 297
1694435600339 0.1399733269487356 298
1694435600356 0.09338378892273534 299
1694435600374 0.07979940672020804 300
1694435600391 0.06893212543398076 301
1694435600409 0.12084071263174002 302
1694435600428 0.07102975680014044 303
1694435600445 0.06603075764673573 304
1694435600463 0.16048128584489493 305
1694435600480 0.08991285330992603 306
1694435600498 0.07344694229158362 307
1694435600518 0.0807329183201433 308
1694435600541 0.1647756622904626 309
1694435600560 0.13599366210106584 310
1694435600578 0.05030299718382164 311
1694435600596 0.14004935920661638 312
1694435600615 0.1335427223763113 313
1694435600633 0.1272807991155153 314
1694435600650 0.19834897596617318 315
1694435600668 0.25447375954145207 316
1694435600685 0.15922307764834784 317
1694435600702 0.1248268878693035 318
1694435600722 0.08767273282577696 319
1694435600739 0.11778821753575261 320
1694435600757 0.154153944243236 321
1694435600774 0.11014957724717088 322
1694435600792 0.06363328726463958 323
1694435600809 0.09395206233794559 324
1694435600828 0.0674654863955265 325
1694435600846 0.0991203412830145 326
1694435600863 0.08200866780008143 327
1694435600880 0.09628031411341399 328
1694435600898 0.16880833914197688 329
1694435600917 0.14870011185593987 330
1694435600936 0.10464216231983749 331
1694435600953 0.12195124828691663 332
1694435600971 0.19304777334836906 333
1694435600988 0.13517937800428173 334
1694435601007 0.054315299007399176 335
1694435601025 0.09789767817529182 336
1694435601043 0.07695795756704873 337
1694435601060 0.10567312688957407 338
1694435601078 0.14868218560195515 339
1694435601099 0.09355643636050669 340
1694435601118 0.13684390755718817 341
1694435601137 0.12402975783468799 342
1694435601155 0.1639913591535343 343
1694435601172 0.12692686171430229 344
1694435601190 0.16896652022487996 345
1694435601207 0.13229315420936044 346
1694435601225 0.13371709538283577 347
1694435601243 0.04926556805688854 348
1694435601260 0.08100159157326454 349
1694435601278 0.8363475838340755 350
1694435601295 0.08545545835144676 351
1694435601313 0.1085642365786693 352
1694435601333 0.1526903430185676 353
1694435601350 0.026901907497544345 354
1694435601367 0.2372842254496494 355
1694435601385 0.08984288312201003 356
1694435601402 0.07280195633896554 357
1694435601420 0.051986368286035756 358
1694435601440 0.18020628622965984 359
1694435601458 0.19577500157961397 360
1694435601475 0.05835422855650733 361
1694435601493 0.19930572065989427 362
1694435601510 0.07703304442307386 363
1694435601530 0.10354206467981966 364
1694435601548 0.1189817669920139 365
1694435601565 0.09471767199067685 366
1694435601583 0.04965190488348454 367
1694435601600 0.15624287992191752 368
1694435601618 0.13501375069934232 369
1694435601637 0.11249408218156676 370
1694435601654 0.09033451145777308 371
1694435601671 0.18406081285660192 372
1694435601688 0.11753806120559597 373
1694435601707 0.0940447924312758 374
1694435601727 0.14444201998367517 375
1694435601746 0.15701102011866344 376
1694435601767 0.05356213783450081 377
1694435601784 0.3274318776583417 378
1694435601802 0.07669003371231427 379
1694435601820 0.1307910809336754 380
1694435601840 0.2252791051453325 381
1694435601857 0.19770359477732585 382
1694435601874 0.19367636641610184 383
1694435601891 0.1476225655493836 384
1694435601909 0.0418301287725032 385
1694435601929 0.16934849143484915 386
1694435601947 0.1358387938581665 387
1694435601966 0.12542919338165268 388
1694435601983 0.24229155959076687 389
1694435602001 0.13995383188836016 390
1694435602019 0.13621498558043435 391
1694435602038 0.19995835957832406 392
1694435602056 0.07629724183787369 393
1694435602073 0.09139053349255415 394
1694435602091 0.18212132927353022 395
1694435602108 0.14760271316469517 396
1694435602129 0.2170990601661887 397
1694435602148 0.12023260051905 398
1694435602165 0.15036772793918213 399
1694435602182 0.060343427031797604 400
1694435602199 0.058331401044879334 401
1694435602217 0.12115532855624737 402
1694435602237 0.1058712103076028 403
1694435602255 0.13775751933079944 404
1694435602273 0.05140129822726563 405
1694435602290 0.09558788072419577 406
1694435602309 0.12134637229958638 407
1694435602333 0.12001538403386534 408
1694435602353 0.2694636596296633 409
1694435602371 0.13135134883900867 410
1694435602388 0.08500965250241839 411
1694435602406 0.19759002899917713 412
1694435602423 0.0943627789013499 413
1694435602442 0.09864408598952992 414
1694435602460 0.06036254117490645 415
1694435602478 0.1696745664466237 416
1694435602495 0.09429465779527435 417
1694435602515 0.20813752134225028 418
1694435602533 0.08264223450664265 419
1694435602550 0.02950489984204051 420
1694435602568 0.11712054992713276 421
1694435602586 0.11255254947565342 422
1694435602604 0.08815305373093778 423
1694435602622 0.06829377820416173 424
1694435602642 0.09481068481864396 425
1694435602660 0.10269795710918647 426
1694435602678 0.14869856558024003 427
1694435602696 0.0985311880653043 428
1694435602714 0.08301002761079102 429
1694435602731 0.07362692788846456 430
1694435602752 0.06528786741420153 431
1694435602770 0.08568890594098302 432
1694435602787 0.24542291220497328 433
1694435602805 0.21328751610039737 434
1694435602823 0.11526437708962056 435
1694435602843 0.10267311543668046 436
1694435602860 0.08875901446707768 437
1694435602877 0.08973112668384166 438
1694435602895 0.07321281496627673 439
1694435602913 0.11481984250685263 440
1694435602932 0.10744581172991662 441
1694435602957 0.05105653094669218 442
1694435602982 0.11522637801773512 443
1694435602999 0.06194114127929424 444
1694435603018 0.17036390437907847 445
1694435603038 0.08094519523889955 446
1694435603057 0.09089810966668181 447
1694435603074 0.1026704956151699 448
1694435603091 0.0928549896617288 449
1694435603109 0.12978815888193537 450
1694435603126 0.1432761400078392 451
1694435603145 0.16970414743444745 452
1694435603163 0.19577479369186987 453
1694435603180 0.0694382808228067 454
1694435603197 0.07807571479697109 455
1694435603215 0.09505545106780557 456
1694435603233 0.2451644828663668 457
1694435603252 0.1478734496284335 458
1694435603269 0.08910164908950893 459
1694435603286 0.10364780688292062 460
1694435603306 0.13346145620698308 461
1694435603324 0.07507614923322496 462
1694435603343 0.09344396304956883 463
1694435603361 0.16835009246526403 464
1694435603378 0.1404853708386543 465
1694435603396 0.0993551585283803 466
1694435603414 0.03460049716021353 467
1694435603432 0.056576325546834304 468
1694435603452 0.11207603252544741 469
1694435603470 0.1724828241765582 470
1694435603486 0.046955360601171225 471
1694435603504 0.16950867418944873 472
1694435603523 0.10306480688699984 473
1694435603544 0.08526607779613017 474
1694435603569 0.1184858524300484 475
1694435603586 0.11173251456380966 476
1694435603604 0.08768591103485142 477
1694435603623 0.10107971065035223 478
1694435603642 0.17432077701417484 479
1694435603661 0.06117190509031512 480
1694435603679 0.22765796534258212 481
1694435603696 0.05048198548106444 482
1694435603713 0.04320112584356044 483
1694435603731 0.08487445472157616 484
1694435603750 0.11799813158282922 485
1694435603768 0.1276277474400507 486
1694435603785 0.30610501830790365 487
1694435603803 0.11866127744578195 488
1694435603821 0.13880189257281833 489
1694435603838 0.08433873415664564 490
1694435603856 0.08226370335828488 491
1694435603874 0.1959249067538275 492
1694435603892 0.07365495590227208 493
1694435603910 0.18766623674606622 494
1694435603927 0.11767759824258366 495
1694435603947 0.07816127554246675 496
1694435603966 0.1029319128780131 497
1694435603983 0.10830062125483399 498
1694435604000 0.08257503223144969 499
