1694429894655 93.69443700371022 0
1694429894722 42.58673318401992 1
1694429894789 24.105746996358686 2
1694429894855 21.73001840581615 3
1694429894921 4.5447903105226475 4
1694429894998 3.408995329616073 5
1694429895065 4.051201208107989 6
1694429895131 0.951771264073427 7
1694429895197 4.394040866537274 8
1694429895263 1.475760073798472 9
1694429895328 0.555536124327163 10
1694429895394 1.0503820997238325 11
1694429895460 0.266035963010178 12
1694429895527 0.11818483520489172 13
1694429895592 0.2825625790268082 14
1694429895658 0.25338692210811037 15
1694429895724 0.4160167405618088 16
1694429895790 0.01600369860926237 17
1694429895862 0.3805724058508733 18
1694429895929 0.17903232686209436 19
1694429895995 0.5464252165993773 20
1694429896064 0.4418536877917408 21
1694429896130 0.4599882864031747 22
1694429896196 0.40030158380063197 23
1694429896263 0.11639006795970543 24
1694429896328 1.467033430058574 25
1694429896394 0.051017491981021505 26
1694429896461 0.01177395075881453 27
1694429896528 0.07093344407428318 28
1694429896594 0.5043534610824413 29
1694429896660 0.7207902889363098 30
1694429896725 0.365007902724073 31
1694429896792 0.30166848049676187 32
1694429896857 0.12570809521483398 33
1694429896923 0.03114060334079224 34
1694429896990 0.4985936592678208 35
1694429897056 0.058431629077578526 36
1694429897123 0.014428337792772665 37
1694429897189 0.35683417395818406 38
1694429897255 0.26755081822233123 39
1694429897321 0.20114131913918099 40
1694429897388 0.5055164661181212 41
1694429897454 0.35311471950259904 42
1694429897520 0.3633443990483809 43
1694429897587 0.1791977334347962 44
1694429897653 0.49709191312547063 45
1694429897719 0.20990655304004832 46
1694429897786 0.47537845359948555 47
1694429897852 0.37777317004001654 48
1694429897918 1.1308135260079564 49
1694429897984 0.03844470348588008 50
1694429898050 0.08050597312568426 51
1694429898117 0.3548136068990699 52
1694429898183 0.652546492485521 53
1694429898251 0.2708908794630617 54
1694429898317 0.9056267329037166 55
1694429898384 0.23629942069037782 56
1694429898450 0.01826933195817443 57
1694429898516 0.056006063363768566 58
1694429898581 5.893093441505682e-05 59
1694429898648 0.507239258557447 60
1694429898713 0.11340426261883031 61
1694429898779 0.008069844163614625 62
1694429898845 0.0002492650988708818 63
1694429898911 0.4975474972932016 64
1694429898978 0.8488787641489132 65
1694429899043 0.5189358690435605 66
1694429899110 0.012541364782939737 67
1694429899176 0.0341227977004912 68
1694429899241 0.15195301516744844 69
1694429899307 0.08931622683851066 70
1694429899372 0.2896389280020213 71
1694429899438 0.3258983818853297 72
1694429899504 0.4470460371007995 73
1694429899570 0.036227338090109244 74
1694429899636 0.41219751710386315 75
1694429899703 0.25249692623523046 76
1694429899768 0.3699503079443115 77
1694429899834 0.28692534946252257 78
1694429899904 0.5810419258439128 79
1694429899971 0.19627865700025454 80
1694429900036 0.47316685038845374 81
1694429900103 0.003133339387980626 82
1694429900168 0.12805905755175184 83
1694429900233 0.33107952727378703 84
1694429900300 0.1874239816987197 85
1694429900365 0.9403760792311757 86
1694429900432 0.20725877281059002 87
1694429900498 0.05166399154902291 88
1694429900564 0.03768764659785703 89
1694429900631 0.22653131432713333 90
1694429900697 0.07352129854300243 91
1694429900765 0.006522465033464688 92
1694429900830 0.0457155210332811 93
1694429900897 0.13231273953617262 94
1694429900963 1.8530864861507074e-05 95
1694429901029 0.5545222443593288 96
1694429901095 0.005980856853069186 97
1694429901161 0.0032893326162691757 98
1694429901228 0.14617881414064493 99
1694429901294 0.009952236460906408 100
1694429901359 0.1900714991515258 101
1694429901426 0.42556248993308166 102
1694429901491 0.08503100487825528 103
1694429901557 0.04217226631336499 104
1694429901624 1.4673650991012439e-05 105
1694429901690 0.34567009747961075 106
1694429901756 0.11306212418672597 107
1694429901822 0.3992419171857709 108
1694429901888 0.13014038102892408 109
1694429901955 0.055840144382139474 110
1694429902019 0.20249985278977253 111
1694429902085 0.33773835987776685 112
1694429902150 0.2746971513205317 113
1694429902215 0.16968471136376206 114
1694429902281 0.8172653175350039 115
1694429902347 0.015560028990668143 116
1694429902413 0.23288062523888384 117
1694429902481 0.3001393593700179 118
1694429902546 0.883323895550561 119
1694429902612 0.015246449370598809 120
1694429902678 0.5060122577562591 121
1694429902744 0.6145553456077074 122
1694429902811 0.05282605986446545 123
1694429902876 0.48778970577436465 124
1694429902943 0.14431593181249455 125
1694429903009 0.18975877137404307 126
1694429903076 0.4788952921881242 127
1694429903142 0.6019134400732089 128
1694429903206 0.6540288991098596 129
1694429903271 0.28056363385475436 130
1694429903338 0.275292828067892 131
1694429903404 0.11340943339646833 132
1694429903469 0.05244390185624245 133
1694429903535 0.824768718427398 134
1694429903601 0.09899965279277329 135
1694429903667 0.09707854273442998 136
1694429903733 0.3222647288612746 137
1694429903799 0.23246289564306832 138
1694429903866 0.6080720079963838 139
1694429903933 0.5365762784121522 140
1694429903998 0.018918305242793095 141
1694429904065 0.50474876555401 142
1694429904131 0.9565294153322297 143
1694429904197 0.0014258145458738828 144
1694429904262 0.2871502371406941 145
1694429904328 0.4638533192609804 146
1694429904393 0.11656370128072284 147
1694429904459 0.41736173022783357 148
1694429904524 0.4640008729748987 149
1694429904590 0.2163258303496454 150
1694429904656 0.4234179210598063 151
1694429904722 0.05302296971333047 152
1694429904788 0.14076125442528867 153
1694429904854 0.0007452450413117144 154
1694429904920 0.5529873635302099 155
1694429904988 0.3235335681532544 156
1694429905054 0.0402898435464546 157
1694429905121 0.17297742180313344 158
1694429905186 0.15209629157689974 159
1694429905252 0.5245120885203309 160
1694429905318 0.2647605366566638 161
1694429905384 0.2440989463732374 162
1694429905450 0.19329477986587654 163
1694429905517 0.13837454423952691 164
1694429905582 0.19542911753262368 165
1694429905649 0.46675468185438607 166
1694429905714 0.211682475912327 167
1694429905779 0.5620969185830471 168
1694429905847 0.4177616419554218 169
1694429905912 0.0887866841015911 170
1694429905978 0.3735243433235135 171
1694429906044 0.09407465528430993 172
1694429906108 1.4289185534610862 173
1694429906174 0.43865950592415875 174
1694429906239 0.4859213381450842 175
1694429906304 0.011296741250712635 176
1694429906371 0.31596973062988876 177
1694429906436 0.44034576523962005 178
1694429906503 0.114179935832471 179
1694429906570 0.2762471478723077 180
1694429906635 0.11188174627490789 181
1694429906702 0.35287444829080683 182
1694429906768 0.36301479413377613 183
1694429906834 0.13210640877447213 184
1694429906900 0.5812940869773888 185
1694429906967 0.03612395642619682 186
1694429907032 0.33179829363921204 187
1694429907098 0.3089696955506516 188
1694429907165 0.4597403449285191 189
1694429907232 0.5520474195223827 190
1694429907298 0.3274995652907782 191
1694429907364 0.6378533077618745 192
1694429907430 0.003259815734613841 193
1694429907497 0.4691247396866486 194
1694429907563 0.06561806675382237 195
1694429907628 0.004274781875098761 196
1694429907694 0.023873374816015636 197
1694429907759 0.08388944998829773 198
1694429907826 0.16019405522144134 199
1694429907892 3.638414866676058e-05 200
1694429907957 0.16990073235329028 201
1694429908024 0.0016758530728978496 202
1694429908090 0.13477594532975762 203
1694429908157 0.2587966313647825 204
1694429908222 0.24850949835558506 205
1694429908288 1.7641729362897976e-06 206
1694429908355 0.6450863283463114 207
1694429908420 0.1398628032911539 208
1694429908486 0.6406188617794052 209
1694429908552 0.3694682009841634 210
1694429908616 0.4675955342299274 211
1694429908683 0.37509690527359385 212
1694429908749 0.3047303304760865 213
1694429908815 0.10807164736931221 214
1694429908881 0.04915773752300532 215
1694429908948 0.20530385505961066 216
1694429909014 0.1462033173633913 217
1694429909078 0.1560398634795948 218
1694429909144 0.015364685694744955 219
1694429909211 1.0233518157971495 220
1694429909276 0.5612828655617257 221
1694429909343 0.006474354032529637 222
1694429909409 0.3857462585011646 223
1694429909475 0.2740683044924569 224
1694429909541 0.4907088863484384 225
1694429909607 0.8073099168231942 226
1694429909672 0.4170776089138229 227
1694429909737 0.09689580974625404 228
1694429909804 0.3376890123117816 229
1694429909868 0.0721688479632753 230
1694429909936 0.01971861354934109 231
1694429910003 0.5925552306927596 232
1694429910070 0.05862441611955377 233
1694429910135 0.6225277488913912 234
1694429910201 0.09293011660747821 235
1694429910268 0.024129909753315717 236
1694429910334 0.4466507122168816 237
1694429910399 0.42474875724814926 238
1694429910465 1.5284619892750377 239
1694429910531 0.2035424299454608 240
1694429910596 0.3976502958856569 241
1694429910662 0.22689645166203298 242
1694429910728 0.4609513198833004 243
1694429910795 0.3098240675776684 244
1694429910861 0.006758194550495799 245
1694429910928 0.06259703632767062 246
1694429910995 0.155068353978395 247
1694429911061 0.0722975891997007 248
1694429911126 0.2742979562685832 249
1694429911192 0.2375473591482876 250
1694429911259 0.10714332569098636 251
1694429911324 0.028363676060261477 252
1694429911390 0.4223121818337974 253
1694429911456 0.14835362501172616 254
1694429911522 0.1914276163488227 255
1694429911588 0.009403426585040828 256
1694429911653 0.27358355871076623 257
1694429911720 0.0003916532122734443 258
1694429911786 0.2068216152215628 259
1694429911854 0.016157618052252055 260
1694429911919 0.48604227413537754 261
1694429911986 0.05009844300627879 262
1694429912052 0.2352402126784163 263
1694429912118 0.49807819216624666 264
1694429912185 0.27937235929673293 265
1694429912251 0.8299554222676431 266
1694429912317 0.504173236097418 267
1694429912383 0.5574575091818291 268
1694429912449 0.07241756435012682 269
1694429912515 0.08449823368503953 270
1694429912581 0.8286766272555108 271
1694429912647 0.1852712999362742 272
1694429912712 0.18243021662124365 273
1694429912778 0.04078398012545959 274
1694429912845 0.03133905202131803 275
1694429912912 0.026090189509632072 276
1694429912978 0.02641345523566749 277
1694429913044 0.6349630098883394 278
1694429913110 0.44170402866427017 279
1694429913176 0.008588100674529116 280
1694429913243 0.14208131588369252 281
1694429913307 0.05843177865843824 282
1694429913373 0.04412875704640161 283
1694429913439 0.4456406531301822 284
1694429913507 0.32657968002249055 285
1694429913571 0.10429230519289795 286
1694429913638 0.43266015947750947 287
1694429913705 0.512620994730618 288
1694429913770 0.2707403373433324 289
1694429913836 0.057478434769864147 290
1694429913903 0.030760467741522877 291
1694429913969 0.48862278302101597 292
1694429914034 0.25984441891264576 293
1694429914101 0.889514049583295 294
1694429914166 0.0029891148802720187 295
1694429914234 0.28094496996994167 296
1694429914299 0.04400609074003826 297
1694429914365 0.6841017458860651 298
1694429914431 0.02988812697198556 299
1694429914498 0.14830520307692568 300
1694429914563 0.13251223504782386 301
1694429914629 0.08344490379368541 302
1694429914695 0.7389778021100988 303
1694429914761 0.5802191302481923 304
1694429914827 0.21727516096821098 305
1694429914893 0.06283877245547007 306
1694429914959 0.3533099172191109 307
1694429915024 0.17316178171704627 308
1694429915091 0.06194380701694872 309
1694429915156 0.655923088863171 310
1694429915222 0.10164021907080949 311
1694429915289 0.4277978242547909 312
1694429915355 0.4542322184352797 313
1694429915421 0.024508993159119887 314
1694429915486 0.2511388711610287 315
1694429915552 0.02716345421614691 316
1694429915618 0.09617989286209289 317
1694429915683 0.4346729503484933 318
1694429915749 0.24123056005509105 319
1694429915814 0.2740300183254627 320
1694429915880 0.2022593772695085 321
1694429915948 0.09078092980762696 322
1694429916013 0.6083689762265178 323
1694429916078 0.09725880823168652 324
1694429916144 0.6368370124708986 325
1694429916209 0.010617390584299006 326
1694429916274 0.0578377557182391 327
1694429916341 0.26705274491990044 328
1694429916406 0.01924132881678574 329
1694429916472 0.0006245909680504637 330
1694429916538 0.34158847189606373 331
1694429916603 0.07781869180172997 332
1694429916670 0.09402305630289394 333
1694429916736 0.6054318797680011 334
1694429916813 0.4453502351800445 335
1694429916879 0.4849949183403389 336
1694429916945 0.25977817948384135 337
1694429917012 0.4818387330730936 338
1694429917077 0.025564343911960562 339
1694429917143 0.03235814445912496 340
1694429917208 0.12827521462156463 341
1694429917274 0.3265071848341758 342
1694429917341 0.1829718891899851 343
1694429917409 0.3957624295133951 344
1694429917475 0.18591257361082456 345
1694429917540 0.3338440255413972 346
1694429917608 13.565642270717204 347
1694429917674 0.11075933175878745 348
1694429917741 0.15562953230583318 349
1694429917808 0.24096919486201857 350
1694429917875 0.2942298810576986 351
1694429917943 0.34986352363593787 352
1694429918008 0.6241031336248544 353
1694429918074 0.4823635683654121 354
1694429918140 0.14004557152233274 355
1694429918206 0.17900800742329642 356
1694429918272 0.09786989660114621 357
1694429918339 0.01805759758207103 358
1694429918404 0.09838583910509054 359
1694429918477 0.011116612424319704 360
1694429918545 0.6254259946659264 361
1694429918610 0.4173176145064192 362
1694429918678 0.1711749527333779 363
1694429918744 0.49087067365229886 364
1694429918809 0.2971433988241016 365
1694429918876 0.019067957195386266 366
1694429918942 0.5067153512830433 367
1694429919009 0.0772870147896256 368
1694429919075 0.20161122936143502 369
1694429919142 0.15567884810861068 370
1694429919207 0.392880301898444 371
1694429919275 0.08861202650492929 372
1694429919340 0.14878134261023335 373
1694429919406 0.383856500503065 374
1694429919471 0.5216213584782947 375
1694429919538 0.021154135982598972 376
1694429919604 0.23655454975920973 377
1694429919669 0.808964791238636 378
1694429919735 0.03166741924882444 379
1694429919801 0.3957442447038635 380
1694429919868 0.3163924879933204 381
1694429919933 0.9477953433808102 382
1694429919999 0.14210992256511623 383
1694429920066 0.6370571839364664 384
1694429920132 0.02353673850514183 385
1694429920199 0.22692507672978052 386
1694429920265 0.38682725062368517 387
1694429920330 0.2637899838020338 388
1694429920396 0.0010096595112983279 389
1694429920462 0.3623779049948208 390
1694429920529 0.1897151772495771 391
1694429920595 1.073974602619851 392
1694429920661 0.032933581751935295 393
1694429920727 0.13884241740242154 394
1694429920792 0.23270955665137086 395
1694429920858 0.021171285803025106 396
1694429920924 0.0003252154573262762 397
1694429920989 0.5075913734600671 398
1694429921056 0.05892122446603962 399
1694429921121 0.03190714477572706 400
1694429921188 0.30704401072864523 401
1694429921253 0.028170734592943635 402
1694429921319 0.3387880400975236 403
1694429921385 0.2808440711654501 404
1694429921451 0.22584164826165093 405
1694429921516 0.33780528959668094 406
1694429921582 0.09986925429653874 407
1694429921648 0.682548418650965 408
1694429921714 0.19607528030067725 409
1694429921779 0.0076197073234135874 410
1694429921846 0.3955023290781601 411
1694429921913 0.004670997261259847 412
1694429921979 0.55231933054716 413
1694429922044 0.24035440393370705 414
1694429922109 0.0004796016693572793 415
1694429922176 0.1250047636736211 416
1694429922241 0.0005446762828103312 417
1694429922307 0.12259940766451265 418
1694429922373 0.5660677032913174 419
1694429922438 0.5300222314496484 420
1694429922505 0.030153191506654298 421
1694429922571 0.00039698013859233483 422
1694429922638 0.09213086251537508 423
1694429922711 0.3229747935596559 424
1694429922778 0.4361787645956538 425
1694429922843 0.2280565004384151 426
1694429922910 0.21530408512383617 427
1694429922976 0.26430799597639837 428
1694429923042 0.1282850136402674 429
1694429923109 0.10292418609115415 430
1694429923174 0.00287670889750537 431
1694429923240 0.42294628918861094 432
1694429923305 0.38063183649503657 433
1694429923371 0.06250284946275807 434
1694429923437 0.8271131223044663 435
1694429923502 0.18691583554044236 436
1694429923568 0.9404297759370196 437
1694429923634 0.3697586890786579 438
1694429923701 0.4032864786468128 439
1694429923767 0.001478384459449538 440
1694429923832 0.04079794691167437 441
1694429923899 0.33264464823164114 442
1694429923965 0.5167999862401005 443
1694429924031 0.29803447194526955 444
1694429924097 0.1602088376970892 445
1694429924162 0.17667975447674936 446
1694429924229 0.24318143293949687 447
1694429924295 0.24518532725344305 448
1694429924359 0.22996826477323656 449
1694429924427 0.12042689491286827 450
1694429924493 0.13351253433727364 451
1694429924559 0.3279244049970987 452
1694429924624 0.10277665001943145 453
1694429924689 0.16363668157495131 454
1694429924755 0.24334028070228841 455
1694429924821 0.1528902398370715 456
1694429924887 0.1704220941299444 457
1694429924953 0.07883853295990732 458
1694429925018 0.006736335947394052 459
1694429925084 1.2390822784422772e-05 460
1694429925149 0.3025304786984989 461
1694429925215 0.6599086641290708 462
1694429925282 0.45960473243948347 463
1694429925348 0.003941715021396736 464
1694429925423 0.0940256813715834 465
1694429925490 0.20644510115642306 466
1694429925556 0.11263015149348767 467
1694429925622 0.0030312082522459182 468
1694429925689 0.4165940530062014 469
1694429925755 0.563895712949372 470
1694429925823 0.4426487818693778 471
1694429925888 0.018119804621443997 472
1694429925954 0.23963681901188486 473
1694429926020 0.020506867095117568 474
1694429926088 0.06836346646645203 475
1694429926153 0.13394862231531585 476
1694429926220 0.16229129365277886 477
1694429926286 0.5529085879162617 478
1694429926352 0.27606156737275345 479
1694429926418 0.9212609784962851 480
1694429926484 0.029984183628087583 481
1694429926551 0.41131800677661395 482
1694429926617 0.7301142747098626 483
1694429926683 0.34422846906211807 484
1694429926750 0.00026183061907796153 485
1694429926815 0.32133233125694005 486
1694429926881 0.11630002780243065 487
1694429926948 0.37713341110815346 488
1694429927013 0.1719191424801664 489
1694429927079 0.9152906675484307 490
1694429927145 0.36234058881750053 491
1694429927210 0.421060695043811 492
1694429927276 1.2472456108135053 493
1694429927342 0.20260686427168498 494
1694429927407 0.6823624485665793 495
1694429927472 0.28067742600712325 496
1694429927538 0.3211979043704934 497
1694429927605 0.3380285156261497 498
1694429927670 0.265754717823679 499
