1694432482716 72.79758030264618 0
1694432482788 34.367560157022055 1
1694432482857 23.951697303155036 2
1694432482925 6.560049031868023 3
1694432482995 5.829779555075474 4
1694432483064 2.0828142261088924 5
1694432483132 2.1047510040427126 6
1694432483201 0.9595989794315343 7
1694432483271 0.6897344166879229 8
1694432483357 0.8713717286616958 9
1694432483429 0.6575996815688958 10
1694432483498 0.43908716390535835 11
1694432483566 0.12076930850487508 12
1694432483635 0.2253507155815409 13
1694432483704 0.6299337535330798 14
1694432483774 0.012810797727592757 15
1694432483845 0.3068682903169239 16
1694432483915 0.007983496632971166 17
1694432483984 0.24636932935519712 18
1694432484053 0.24340497324537924 19
1694432484122 1.520909514848818 20
1694432484192 0.004059872217545938 21
1694432484261 0.6904236016633946 22
1694432484329 0.2249183332633 23
1694432484399 0.13484605922074347 24
1694432484467 0.48607920267766186 25
1694432484536 0.33131166996150296 26
1694432484603 0.04093692236180462 27
1694432484672 0.4689954597291846 28
1694432484741 0.09319730083050455 29
1694432484810 0.697201149797759 30
1694432484881 0.03558406434394075 31
1694432484950 0.3614548481367205 32
1694432485019 0.07745992824816737 33
1694432485087 0.09186591642058864 34
1694432485155 0.07075473204026562 35
1694432485223 0.016790739301524492 36
1694432485293 0.2056388120951274 37
1694432485361 0.3360072966959274 38
1694432485429 0.3289683213824286 39
1694432485497 0.07574935094964487 40
1694432485566 0.1319604643608808 41
1694432485634 0.6148608049839874 42
1694432485703 0.1156330343660183 43
1694432485776 0.23018673455986569 44
1694432485845 0.04985786225293987 45
1694432485914 0.31464636595054163 46
1694432485983 0.06046770259089951 47
1694432486052 0.023452869676084034 48
1694432486120 0.13512947953775115 49
1694432486189 0.20301258796648017 50
1694432486257 0.7169950808018918 51
1694432486325 0.08549842989397935 52
1694432486393 0.17227602738488684 53
1694432486462 0.5814373973275062 54
1694432486531 0.5436096830476241 55
1694432486598 0.32297723579755694 56
1694432486666 0.16987652267171147 57
1694432486735 0.747975430772356 58
1694432486804 0.35397008597845625 59
1694432486873 0.10331741351168708 60
1694432486943 0.003314147767536878 61
1694432487012 0.9102254324123888 62
1694432487080 0.0071483244043172856 63
1694432487149 0.5048023188822607 64
1694432487218 0.9114944931242622 65
1694432487288 0.1401681687363063 66
1694432487356 0.07694082561576618 67
1694432487425 0.2848394692247337 68
1694432487493 0.15062070609265593 69
1694432487562 0.1267796119384448 70
1694432487631 0.0609309965433005 71
1694432487699 0.36593280848267157 72
1694432487768 0.42337124965000045 73
1694432487838 0.312473372495804 74
1694432487908 1.4490570292983245 75
1694432487975 0.20493728965769792 76
1694432488044 0.12908782019273565 77
1694432488112 0.004602777673025429 78
1694432488181 0.46949181905265047 79
1694432488249 0.4169995951331669 80
1694432488318 0.40005377891148103 81
1694432488387 0.05313806610223585 82
1694432488454 0.1640482310116394 83
1694432488522 0.33560829653486074 84
1694432488591 0.5314984671141915 85
1694432488660 0.20471845373249162 86
1694432488729 0.32960347687893243 87
1694432488797 0.8082191053765926 88
1694432488865 0.5632548369098037 89
1694432488934 0.3685944052062489 90
1694432489001 0.3379489382181061 91
1694432489069 0.08800733206880135 92
1694432489145 0.008760052297925867 93
1694432489212 0.4792687761962051 94
1694432489281 0.012286137873509193 95
1694432489349 0.23162911572309497 96
1694432489418 0.39048119512852647 97
1694432489486 0.5644157297876364 98
1694432489554 0.2556559195164819 99
1694432489622 5.386223891164757e-05 100
1694432489691 0.34190174819677244 101
1694432489759 0.09228871956063657 102
1694432489827 0.058325935518510404 103
1694432489896 0.2676024428193411 104
1694432489965 0.0755550736507746 105
1694432490034 0.45605427442042473 106
1694432490111 0.23528272383102414 107
1694432490191 2.0651581579669736 108
1694432490269 0.06580617933001853 109
1694432490351 0.012676070509482835 110
1694432490421 0.2034991700451853 111
1694432490491 0.037492958166122026 112
1694432490559 0.7869338628186556 113
1694432490626 0.18440169058649283 114
1694432490695 0.24074044736307873 115
1694432490763 0.006861226940819579 116
1694432490838 0.02532437334530798 117
1694432490907 0.6032826594852166 118
1694432490976 0.267504662079874 119
1694432491044 0.17683574653690573 120
1694432491113 0.7080032624391216 121
1694432491181 0.25420165560674873 122
1694432491252 0.6067590940709195 123
1694432491319 0.07833299030465422 124
1694432491387 0.9599226386545399 125
1694432491456 0.36684538420126933 126
1694432491524 1.2937161747270673 127
1694432491593 0.40275529544979444 128
1694432491660 0.5094250238082669 129
1694432491729 0.17856475742001227 130
1694432491797 0.16749763532423995 131
1694432491866 0.22224484969768082 132
1694432491934 0.458542330652206 133
1694432492003 0.1536644057028035 134
1694432492072 0.008364121399216351 135
1694432492140 0.4831512219270167 136
1694432492207 0.2488291080743651 137
1694432492277 0.050024848328361314 138
1694432492345 0.0885167101243903 139
1694432492414 0.009507218802862028 140
1694432492481 0.14899038240949217 141
1694432492550 0.059998989130298865 142
1694432492618 0.24604204326416973 143
1694432492686 1.0031708273452762 144
1694432492755 0.45455673344536396 145
1694432492823 0.04112672925492729 146
1694432492892 1.6582996919958821 147
1694432492959 0.054098140423325954 148
1694432493028 0.1678770229927277 149
1694432493095 0.1144094423346629 150
1694432493164 0.47623825416493276 151
1694432493233 0.23876243224334426 152
1694432493300 0.017608652694531317 153
1694432493368 0.09853410092819323 154
1694432493440 0.3005651846288245 155
1694432493508 0.04502492103279463 156
1694432493577 0.32762671886614014 157
1694432493645 0.3281388746578218 158
1694432493713 0.14129568231810932 159
1694432493782 0.6024501299048632 160
1694432493851 0.4026956415741122 161
1694432493918 0.24757780387614914 162
1694432493986 0.1665883236013756 163
1694432494054 4.847393575365998e-05 164
1694432494122 0.5046416084992846 165
1694432494191 0.4317194882606053 166
1694432494258 0.008649159255795529 167
1694432494327 0.25406256106042613 168
1694432494396 0.295611033013502 169
1694432494464 0.5329156153708651 170
1694432494533 0.3040236715809176 171
1694432494601 0.18604124373581057 172
1694432494669 0.030362960160146207 173
1694432494738 0.28405597022782914 174
1694432494806 0.47662407992795025 175
1694432494875 0.019795685302722434 176
1694432494944 0.2510748027410369 177
1694432495013 0.06911757414180374 178
1694432495082 0.13304288788016821 179
1694432495152 0.5733142223179446 180
1694432495220 0.07597667161748896 181
1694432495289 0.4195729269220189 182
1694432495357 0.45808456251192053 183
1694432495426 0.32351652919029705 184
1694432495495 0.24613011420948805 185
1694432495561 0.4025314314209756 186
1694432495632 0.030325527723531524 187
1694432495700 0.14013849747020643 188
1694432495768 0.21215265663537072 189
1694432495838 0.17270341581629356 190
1694432495906 0.4121084491426279 191
1694432495975 0.20349154865937663 192
1694432496043 0.1667128974012274 193
1694432496111 0.4762590781736998 194
1694432496181 0.7077944785990112 195
1694432496249 0.0008864128634191807 196
1694432496317 0.21258350386605765 197
1694432496385 0.5707870755171398 198
1694432496453 0.009379087835212447 199
1694432496521 0.31615565447420835 200
1694432496591 0.04611250024966828 201
1694432496657 0.07714143300103843 202
1694432496725 0.2647751382871624 203
1694432496795 0.0022793632740280363 204
1694432496863 0.5471134338078039 205
1694432496931 0.07455474598579523 206
1694432496999 0.04383197881464739 207
1694432497068 1.3251361848925558 208
1694432497137 0.1338095604390869 209
1694432497205 0.09416418622765768 210
1694432497274 0.07252965821714116 211
1694432497341 0.2598053557538427 212
1694432497410 0.07962621828181743 213
1694432497478 0.39882239948444353 214
1694432497546 0.1048202008183285 215
1694432497615 0.48122810872956046 216
1694432497692 0.1500329562291099 217
1694432497760 0.020088506792306914 218
1694432497829 0.2484083160529742 219
1694432497898 0.10734428155816736 220
1694432497966 0.39015450739899005 221
1694432498033 0.10706896576590742 222
1694432498102 0.27134777792126924 223
1694432498171 0.11167039616168344 224
1694432498239 0.7262635678083315 225
1694432498308 0.2866179993139877 226
1694432498376 0.5398430647863206 227
1694432498445 0.20716650033986433 228
1694432498518 0.2779474254277388 229
1694432498588 0.020636823160817278 230
1694432498657 0.18016669130463 231
1694432498726 0.6221132298875648 232
1694432498794 0.872553136940678 233
1694432498862 0.19252121636449054 234
1694432498930 0.43970603152420673 235
1694432498998 0.45663543948604335 236
1694432499066 0.11621317760118567 237
1694432499136 0.31559171800008845 238
1694432499203 0.34109936417806097 239
1694432499271 0.09606378182463238 240
1694432499340 0.1641744895231804 241
1694432499411 0.8883595884301916 242
1694432499480 0.1294955338015426 243
1694432499549 0.4830453092996541 244
1694432499618 0.32710137284022633 245
1694432499687 0.4837245774138001 246
1694432499755 0.05029027431537679 247
1694432499825 0.03205862486322396 248
1694432499892 0.37718106681883357 249
1694432499962 0.33246167134872395 250
1694432500031 0.1917381575190286 251
1694432500099 0.47926379267713065 252
1694432500168 0.05313763351460334 253
1694432500243 0.2961101062978141 254
1694432500312 0.19067940163744607 255
1694432500381 0.00489631947033166 256
1694432500450 0.20398697264952037 257
1694432500518 0.32540468539659384 258
1694432500587 0.09276545129190653 259
1694432500656 0.11430507745659278 260
1694432500723 0.47563601962214636 261
1694432500792 0.1829599027202837 262
1694432500859 0.15525692332917518 263
1694432500927 0.3339750274475471 264
1694432500996 0.0024643845394782355 265
1694432501064 0.02180157817508444 266
1694432501133 0.19553938663341458 267
1694432501201 0.32701123298753415 268
1694432501269 0.13656553364102783 269
1694432501339 0.8836941950487059 270
1694432501406 0.24112729177583284 271
1694432501475 0.06588681940333249 272
1694432501542 0.08551915550023324 273
1694432501611 0.015566310609395558 274
1694432501679 0.2794997083847978 275
1694432501747 0.880223239042847 276
1694432501815 0.3721756663814612 277
1694432501883 0.3201336776549113 278
1694432501953 0.38650865454907035 279
1694432502021 0.3456127133604075 280
1694432502091 1.0862358728192176 281
1694432502160 0.07990739026003119 282
1694432502228 0.32287027968981197 283
1694432502296 0.010362676296320275 284
1694432502366 0.4801702992725734 285
1694432502434 0.002720575822927374 286
1694432502503 0.057604917429292336 287
1694432502571 0.01915839994819004 288
1694432502640 0.04749911578135591 289
1694432502708 0.3245522284813198 290
1694432502777 0.1482186652938186 291
1694432502846 0.8431122602201407 292
1694432502914 0.2921895002897701 293
1694432502981 0.009558785906223968 294
1694432503050 0.006768698414211515 295
1694432503118 0.17751954477008156 296
1694432503187 0.027177630485213836 297
1694432503256 0.1429319371748787 298
1694432503324 0.30965069418604585 299
1694432503391 0.4482243306468936 300
1694432503460 0.06521103876813304 301
1694432503528 0.002619366991479228 302
1694432503598 0.423408209222409 303
1694432503669 1.2760065616375578 304
1694432503737 0.8713635812831452 305
1694432503804 0.5908664664288326 306
1694432503874 0.08851803184414112 307
1694432503942 0.2645500096713114 308
1694432504010 0.06949493497434693 309
1694432504078 0.07598113198361407 310
1694432504149 0.6955177334954409 311
1694432504216 0.36905342926238227 312
1694432504286 0.17778404606023596 313
1694432504354 0.19223137486577693 314
1694432504422 0.5709587025280327 315
1694432504491 0.2495069638024891 316
1694432504560 0.06267201136225929 317
1694432504627 0.8382563996923202 318
1694432504695 0.17994358976671598 319
1694432504764 0.25419339952502934 320
1694432504832 0.6151361199758144 321
1694432504900 0.00510296620037231 322
1694432504967 0.03643754070431907 323
1694432505036 0.5873290319555352 324
1694432505104 0.07637594858778993 325
1694432505174 0.7651518764118751 326
1694432505242 0.23535027718365656 327
1694432505310 0.00556712664513313 328
1694432505380 0.2297866108036337 329
1694432505448 0.7128112911256788 330
1694432505518 0.0663251476292493 331
1694432505586 0.037159299504200036 332
1694432505654 3.7609841366359578 333
1694432505722 0.06212964312892748 334
1694432505791 0.10866786599115721 335
1694432505858 0.14760791912404952 336
1694432505926 0.32860271606360547 337
1694432505994 0.24112445546712524 338
1694432506063 0.21714692158849977 339
1694432506132 0.17525303878046872 340
1694432506204 0.13883351144122077 341
1694432506272 0.021420614148954596 342
1694432506340 0.10516233174771741 343
1694432506407 0.08207851235683926 344
1694432506477 0.8965192201702858 345
1694432506545 0.5295333119397807 346
1694432506613 0.2987461086264956 347
1694432506682 0.38467788219782867 348
1694432506751 0.1008596303686756 349
1694432506819 0.48170463144182846 350
1694432506887 1.0203371447836258 351
1694432506957 0.31701624395748484 352
1694432507026 0.25517505882021685 353
1694432507094 0.14653815158964661 354
1694432507163 0.06674724653337961 355
1694432507232 0.06063634420696831 356
1694432507300 0.5291509213125831 357
1694432507369 0.5952725475665885 358
1694432507437 0.3188608231912269 359
1694432507514 0.11010477919060906 360
1694432507583 0.22240017256672592 361
1694432507652 0.042538446688713476 362
1694432507720 0.07700958362412595 363
1694432507788 0.18859350837851502 364
1694432507857 0.2083377386674187 365
1694432507925 0.38590814668547024 366
1694432507994 0.09965097716111342 367
1694432508062 0.2553723785099096 368
1694432508131 0.44512069362706647 369
1694432508199 0.649003637547659 370
1694432508267 0.31216119007186166 371
1694432508337 0.2008204801324167 372
1694432508406 0.4549764921361145 373
1694432508474 0.3606711293394033 374
1694432508542 0.7548334735417602 375
1694432508610 0.3300197529711738 376
1694432508679 0.17653042308352487 377
1694432508750 0.007535009704977326 378
1694432508820 0.14018873994369127 379
1694432508889 0.8013047562702402 380
1694432508958 0.704973425012583 381
1694432509026 0.4093193264192367 382
1694432509094 0.0005955461404401529 383
1694432509161 0.01620693200877395 384
1694432509230 0.24352954587204695 385
1694432509298 0.9011047405118007 386
1694432509365 0.25332077511383516 387
1694432509434 0.11728113446276317 388
1694432509502 0.09807873548434819 389
1694432509570 0.07723130081347782 390
1694432509638 0.24654700293734594 391
1694432509707 0.04089309787831516 392
1694432509776 0.5302421118073352 393
1694432509845 0.6589945496356922 394
1694432509913 0.28825008181026 395
1694432509981 0.10110770447439976 396
1694432510049 0.997429139329526 397
1694432510117 0.5311600410346449 398
1694432510185 0.4792181788159207 399
1694432510252 0.1144025213672101 400
1694432510321 0.25830294042559454 401
1694432510390 0.14583772139195808 402
1694432510459 0.3271539342797442 403
1694432510528 0.4829949870343141 404
1694432510596 0.031756410857619356 405
1694432510663 0.32873199418489296 406
1694432510733 0.07735258074339052 407
1694432510801 0.20601039505023516 408
1694432510870 0.07197597081392436 409
1694432510939 0.2030942352295242 410
1694432511007 2.069504193238682 411
1694432511075 0.3703808244737544 412
1694432511144 0.21290379162480344 413
1694432511211 0.19638834579080167 414
1694432511279 0.41070710906092234 415
1694432511349 0.5245079110117069 416
1694432511417 0.12219740305425073 417
1694432511485 0.07942371019733568 418
1694432511554 0.7011806044455301 419
1694432511621 0.05757068499031275 420
1694432511689 0.7127842647802684 421
1694432511758 0.2411852660589619 422
1694432511826 0.016143257149108144 423
1694432511894 0.34712826783471323 424
1694432511962 0.32836224171897727 425
1694432512030 0.5517565212856417 426
1694432512099 0.23063665698126773 427
1694432512167 0.12009084912702532 428
1694432512235 0.2186791558390115 429
1694432512303 0.0011184958324360272 430
1694432512372 0.6275048687278884 431
1694432512440 0.5273779803711016 432
1694432512508 0.12955952354978745 433
1694432512575 0.2851130880154794 434
1694432512644 0.07834387526870709 435
1694432512712 0.028424744949961146 436
1694432512781 0.55578522247826 437
1694432512849 0.4850646052219036 438
1694432512918 0.008340749974469593 439
1694432512988 0.0021429200446857295 440
1694432513057 0.24447915746560378 441
1694432513124 0.3041054512815582 442
1694432513192 0.4051638023797003 443
1694432513260 0.00023180435889676632 444
1694432513328 0.5610087904150303 445
1694432513396 0.5965396429493267 446
1694432513465 0.06980286107909481 447
1694432513533 0.15352960082737818 448
1694432513601 0.4312688993313988 449
1694432513669 0.3912914923798605 450
1694432513738 0.2451197003287153 451
1694432513805 1.3134084687061496 452
1694432513874 0.3574624238470351 453
1694432513943 0.16245326327530846 454
1694432514011 0.49139862174121884 455
1694432514079 0.11069678004336837 456
1694432514148 0.485248350943018 457
1694432514216 0.05821951808664767 458
1694432514284 0.0008675454882701377 459
1694432514351 0.2994061366624173 460
1694432514419 0.028076082455699765 461
1694432514488 0.13322002389651444 462
1694432514556 0.044210293845302125 463
1694432514623 0.39610166530798896 464
1694432514692 0.3398579850636376 465
1694432514760 0.33147254511099 466
1694432514828 0.16078986991156338 467
1694432514896 0.1124367913514011 468
1694432514964 0.47506004524760703 469
1694432515033 0.12657223725540562 470
1694432515102 0.00024141534132602133 471
1694432515170 0.021260676739770466 472
1694432515239 0.03136518305267498 473
1694432515307 0.18657075649581858 474
1694432515375 0.060211668772567783 475
1694432515444 0.4490983296413075 476
1694432515513 0.8154977050503958 477
1694432515581 0.31338201642323943 478
1694432515649 0.22650656152168444 479
1694432515717 0.426488802526322 480
1694432515785 0.05381876505251777 481
1694432515853 0.3126338311003066 482
1694432515920 0.34214530140508387 483
1694432515989 0.5446295544340456 484
1694432516057 0.23531196912474747 485
1694432516124 0.437475483544656 486
1694432516192 0.16515753716927814 487
1694432516260 0.058690084757747396 488
1694432516328 0.4614871344859509 489
1694432516397 0.11168352009990071 490
1694432516465 0.19354450951781085 491
1694432516533 0.13999343909703232 492
1694432516601 0.6067802503774367 493
1694432516668 0.12154839122765948 494
1694432516738 0.5258263852679813 495
1694432516806 0.5073477661632051 496
1694432516874 0.057888643225094356 497
1694432516943 0.5812190877471507 498
1694432517011 0.011073615950781565 499
