1694432305441 0.06851849993479424 0
1694432305511 0.25384626094722973 1
1694432305583 0.7511904308838314 2
1694432305653 0.4487017968160057 3
1694432305721 0.03776894754211534 4
1694432305790 0.2547718093645709 5
1694432305859 0.08221493426114573 6
1694432305928 0.005722476723415297 7
1694432305997 0.0023334807779974076 8
1694432306065 0.19811941260474794 9
1694432306136 0.12598650928109525 10
1694432306203 1.285261515922703 11
1694432306271 0.446135015360195 12
1694432306340 0.3088078151651613 13
1694432306408 0.10586661571919383 14
1694432306476 0.13269836449543151 15
1694432306544 0.28828796672287627 16
1694432306629 0.13677144865330165 17
1694432306696 0.28181540629203666 18
1694432306764 0.12637694397577232 19
1694432306833 0.406173280202407 20
1694432306901 0.3209020272242417 21
1694432306970 0.2515216683762374 22
1694432307038 0.4480907727119675 23
1694432307106 0.0737272637544781 24
1694432307174 0.1474957311238718 25
1694432307242 0.1975405080396533 26
1694432307310 0.37332275343493354 27
1694432307378 0.9081164558574124 28
1694432307447 0.3947417766536922 29
1694432307514 0.19867478790456605 30
1694432307583 0.3129464781059663 31
1694432307652 0.33089306002023555 32
1694432307721 0.06074239197939639 33
1694432307790 0.06851922137609277 34
1694432307858 0.2879385584512746 35
1694432307925 0.5789281654910042 36
1694432307996 0.24626364132937537 37
1694432308062 0.35276632074463643 38
1694432308130 0.0016445955407388161 39
1694432308199 0.19428667638485134 40
1694432308266 0.1803473498457992 41
1694432308333 0.323705889744785 42
1694432308401 0.3130980023451683 43
1694432308470 0.2461321788134382 44
1694432308538 0.24309362791208425 45
1694432308607 0.3608911433018987 46
1694432308675 0.12451400236471641 47
1694432308743 0.009391289183492454 48
1694432308815 0.426835191858826 49
1694432308884 0.11529257356335604 50
1694432308952 0.029593061145403235 51
1694432309020 0.13298542371021577 52
1694432309089 0.05502727405798908 53
1694432309157 0.005172316410839097 54
1694432309224 0.3447847179687481 55
1694432309292 0.0037069528106039393 56
1694432309360 0.23372966999025957 57
1694432309429 0.38995990815793674 58
1694432309497 0.05999580571535669 59
1694432309565 0.10939422426511128 60
1694432309634 0.483524269092351 61
1694432309702 0.6021855272621175 62
1694432309770 0.17682455324229163 63
1694432309839 0.1075339027350548 64
1694432309907 0.09546013785731436 65
1694432309974 0.12337736686945212 66
1694432310043 0.3522569804318763 67
1694432310111 0.27998418378560225 68
1694432310179 0.5869241233759571 69
1694432310246 0.02006385812688654 70
1694432310317 0.3932940839193411 71
1694432310385 0.4896774648233058 72
1694432310452 1.6094586674757707 73
1694432310521 0.009434221022032178 74
1694432310589 0.11549100118749692 75
1694432310657 0.0216362517195564 76
1694432310725 0.369841216907945 77
1694432310793 0.19044121354925736 78
1694432310861 0.05228999692395273 79
1694432310931 0.2197523432120025 80
1694432310998 0.04425211097139251 81
1694432311066 0.11860784122897863 82
1694432311135 0.47794233801545644 83
1694432311203 1.1327333747494674 84
1694432311271 0.06833916938003769 85
1694432311341 0.23026229920603453 86
1694432311410 0.27915031546502883 87
1694432311477 0.2087450141718115 88
1694432311545 0.01800690915917579 89
1694432311614 0.4766833968773596 90
1694432311681 1.4620185893967734 91
1694432311749 0.289562341395469 92
1694432311816 0.015551768173812023 93
1694432311884 0.11331757493304297 94
1694432311951 0.29444092315128695 95
1694432312019 0.4023236437709605 96
1694432312087 0.457582093263586 97
1694432312154 0.7177928850155925 98
1694432312222 0.015796818501782734 99
1694432312290 0.11113212817297935 100
1694432312358 0.16196381614683278 101
1694432312425 0.32568627488949237 102
1694432312493 0.5413651603582528 103
1694432312560 0.6103753240201711 104
1694432312628 0.19853966440936657 105
1694432312696 0.39728797695472107 106
1694432312763 0.055255956382842426 107
1694432312832 0.04216303449456686 108
1694432312900 0.0877391874858689 109
1694432312968 0.5701862342724382 110
1694432313036 1.2932026127226612 111
1694432313105 0.6165947681050082 112
1694432313174 0.3006610403566048 113
1694432313242 0.16442226752285538 114
1694432313309 0.15102185612027902 115
1694432313376 0.31831257624009524 116
1694432313444 0.29888999128373045 117
1694432313512 0.03203294252296665 118
1694432313580 0.4845586135411261 119
1694432313648 14.869467386146788 120
1694432313717 2.181571154770738 121
1694432313784 0.2349479831903511 122
1694432313852 0.057050081195463044 123
1694432313920 0.06727811452057868 124
1694432313990 0.42199990183247815 125
1694432314057 0.14184540646181815 126
1694432314127 0.052554131243186364 127
1694432314194 0.00026697691619631677 128
1694432314262 0.1681067666956375 129
1694432314330 0.07716301297909864 130
1694432314398 0.0008343222498525064 131
1694432314465 0.23809393209589483 132
1694432314533 0.0022230172342504557 133
1694432314601 1.3857309177171049 134
1694432314669 0.17728053976876032 135
1694432314737 0.09645947952031969 136
1694432314805 0.19785428380987954 137
1694432314873 0.12862980563002113 138
1694432314945 0.22694464661986097 139
1694432315013 0.14952741392940944 140
1694432315080 0.3375547688104316 141
1694432315149 0.12457483343186786 142
1694432315217 0.49553413234858557 143
1694432315283 0.19860029105470556 144
1694432315352 0.28463333952431 145
1694432315420 0.05445543156237153 146
1694432315489 0.1020961465976023 147
1694432315556 0.11486371104908602 148
1694432315626 0.02993949005249318 149
1694432315692 0.10085304548549151 150
1694432315761 0.6714132299670134 151
1694432315830 0.500597529986474 152
1694432315897 1.056960566080677 153
1694432315966 0.01794187613266358 154
1694432316034 1.4856402658271248 155
1694432316102 0.2893993363232533 156
1694432316170 0.4544797642137456 157
1694432316238 0.3738236602735966 158
1694432316306 0.7254043764145889 159
1694432316374 0.16405270625537224 160
1694432316442 0.007895944704186367 161
1694432316510 0.05482456382784621 162
1694432316578 0.15733666122939252 163
1694432316647 0.37559588863829546 164
1694432316715 0.26854841715351085 165
1694432316782 0.005275396895269989 166
1694432316850 0.3385668865292273 167
1694432316917 0.13883358022817083 168
1694432316986 0.4369124042295537 169
1694432317054 0.22489168050515096 170
1694432317121 0.381712307821872 171
1694432317190 0.004910670585482043 172
1694432317258 1.8097081871506313 173
1694432317327 0.35034440334902844 174
1694432317395 0.06861443018934156 175
1694432317463 0.7261949003677018 176
1694432317531 0.03133045074698125 177
1694432317600 0.3988567212305966 178
1694432317668 0.23861967226010983 179
1694432317737 0.0037986333575684536 180
1694432317805 0.6982346356530107 181
1694432317872 0.8541052317053663 182
1694432317941 0.1573691011457691 183
1694432318009 0.42004577614829214 184
1694432318076 0.003160526484617596 185
1694432318145 0.39056656920453925 186
1694432318213 0.46854510724859355 187
1694432318282 2.1643522016142476 188
1694432318350 0.09635708869347814 189
1694432318418 0.9602976839681027 190
1694432318486 0.43700949024511565 191
1694432318555 0.11864442212304739 192
1694432318622 0.16785162186873595 193
1694432318690 0.20465513135955865 194
1694432318758 0.3517518748581593 195
1694432318827 0.6758363715862923 196
1694432318895 0.2612599116060099 197
1694432318964 0.06730574017207126 198
1694432319034 0.22454167647973963 199
1694432319102 0.7395212080314189 200
1694432319170 0.5711391792350023 201
1694432319238 0.14006323956594458 202
1694432319307 0.03999405273023761 203
1694432319374 0.22133258585404827 204
1694432319442 0.37765936646800957 205
1694432319510 0.7333106587750011 206
1694432319579 0.2724423412201745 207
1694432319646 0.27740403966186106 208
1694432319715 0.9151694441130217 209
1694432319784 0.20725232290177098 210
1694432319852 0.20473623798268142 211
1694432319919 0.14220969278306736 212
1694432319988 0.0648859800785865 213
1694432320056 1.424706962862027 214
1694432320124 0.2534163087391602 215
1694432320192 0.082388546846584 216
1694432320259 0.5698229134682176 217
1694432320328 0.05150141995676043 218
1694432320395 0.31792186409985346 219
1694432320463 0.22981889953602577 220
1694432320531 0.25951797998717396 221
1694432320600 0.13589604615857068 222
1694432320668 0.0008816940462180281 223
1694432320737 0.11805420011901385 224
1694432320805 0.17316790251411712 225
1694432320873 0.16466106127517013 226
1694432320941 0.8679348308173871 227
1694432321010 0.13396076692933154 228
1694432321079 0.017910591577293168 229
1694432321147 0.6047791159214366 230
1694432321215 0.5374230000202659 231
1694432321282 0.9719138762160449 232
1694432321351 0.3904442368732154 233
1694432321418 0.0018108010334228928 234
1694432321487 0.22145850223917143 235
1694432321555 0.06430056634227276 236
1694432321622 0.13427368245624555 237
1694432321691 0.25095761330990235 238
1694432321758 0.32633587898780986 239
1694432321826 0.0019019197529230576 240
1694432321894 0.2445646690857441 241
1694432321961 0.2824632698425419 242
1694432322029 0.7287414846716396 243
1694432322097 1.4016979625325996 244
1694432322165 0.0924561221828108 245
1694432322233 0.4151515771826895 246
1694432322300 0.31524549939260554 247
1694432322368 0.01967130302042825 248
1694432322436 0.08402166944736467 249
1694432322504 0.9122061856545903 250
1694432322573 0.3094851874935418 251
1694432322641 0.49111709751842175 252
1694432322709 0.8524617013722573 253
1694432322777 0.3801576692544157 254
1694432322845 0.1848843085858341 255
1694432322914 0.0391930747683295 256
1694432322982 0.3928769559329262 257
1694432323050 0.642565029548235 258
1694432323119 0.009704693428912095 259
1694432323187 0.518270859393652 260
1694432323255 0.22989622325979328 261
1694432323325 0.5848985923251315 262
1694432323394 0.21385075243787036 263
1694432323461 0.6882935590074674 264
1694432323529 0.47059746643587375 265
1694432323599 0.006574918015374505 266
1694432323667 0.24521951045349524 267
1694432323735 0.12276223138087144 268
1694432323803 0.128989375258441 269
1694432323871 0.06252793450312032 270
1694432323938 0.34406652981253755 271
1694432324006 0.20921696345760776 272
1694432324074 0.29785396670542896 273
1694432324143 0.7198518829533453 274
1694432324212 0.3547375080794805 275
1694432324279 0.39855989945920073 276
1694432324347 0.16731003559191313 277
1694432324415 0.24383679310282091 278
1694432324483 0.32091427987717625 279
1694432324551 0.2611658333228204 280
1694432324619 0.20903475986306 281
1694432324688 0.13306609211720263 282
1694432324756 0.6516698908615809 283
1694432324824 0.13850414098206157 284
1694432324892 0.052613721674745366 285
1694432324959 0.4742762082549392 286
1694432325027 0.005791605274222443 287
1694432325096 0.0015820593808954916 288
1694432325164 0.5214703462046044 289
1694432325233 0.4082739518744934 290
1694432325300 0.48110739603230485 291
1694432325369 0.20047696275523774 292
1694432325439 0.2965053822079099 293
1694432325506 0.20623611018511115 294
1694432325574 0.7882283868738952 295
1694432325643 0.2343724011487575 296
1694432325711 0.012860936367939717 297
1694432325779 0.8211994685907991 298
1694432325849 0.08000844227423125 299
1694432325917 0.7757702431307926 300
1694432325984 0.24187070891697535 301
1694432326053 0.0016417788795865449 302
1694432326120 0.27282292980462586 303
1694432326189 0.15628506863157185 304
1694432326256 0.15644067129948408 305
1694432326324 0.5677993700354985 306
1694432326392 0.4896084827896367 307
1694432326460 0.0056800461776080665 308
1694432326527 0.17140248218799442 309
1694432326595 0.29552594140158495 310
1694432326663 0.48057965732354296 311
1694432326732 0.5288657432127346 312
1694432326800 0.22495073673164878 313
1694432326868 0.1441843956465113 314
1694432326936 0.4116182746864444 315
1694432327004 0.036222452707401494 316
1694432327072 0.23758823413478294 317
1694432327140 0.0009566955529104268 318
1694432327208 0.20945223518783404 319
1694432327276 0.47500958014184 320
1694432327344 0.1649674114419962 321
1694432327413 0.4651126527582835 322
1694432327480 0.49441083100712885 323
1694432327550 0.2347777031347872 324
1694432327618 0.5121089299456362 325
1694432327687 0.17466427703204918 326
1694432327755 0.34589678755310604 327
1694432327823 0.07000977521401545 328
1694432327892 0.00010009257684607394 329
1694432327960 0.3689691077810903 330
1694432328028 0.4999977111869761 331
1694432328096 0.35821221318172514 332
1694432328164 0.055882961164366224 333
1694432328233 0.5161490550347712 334
1694432328300 0.28070317130486855 335
1694432328369 0.11516149154146743 336
1694432328438 0.3498379339221649 337
1694432328505 0.445805977471055 338
1694432328574 1.0302196664824885 339
1694432328642 0.24312660059581778 340
1694432328712 0.34366710892543345 341
1694432328780 0.3426374280743738 342
1694432328848 0.1152831521160449 343
1694432328917 0.04422385864266324 344
1694432328985 0.35888250943171957 345
1694432329055 0.23561010724241685 346
1694432329122 0.481356565049079 347
1694432329193 0.17871730760392843 348
1694432329262 0.3950788378530555 349
1694432329330 0.21559338618469548 350
1694432329398 0.042911520285741155 351
1694432329467 0.25467812590500793 352
1694432329535 0.09769541407909849 353
1694432329603 0.656812441137543 354
1694432329671 0.18064897623665532 355
1694432329739 0.3627546561025985 356
1694432329807 0.014411090065739105 357
1694432329875 0.2989686216790294 358
1694432329943 0.44858317439281525 359
1694432330011 0.0017295412552761895 360
1694432330080 0.4946161860029347 361
1694432330148 0.22595191203690393 362
1694432330216 0.21119213507622558 363
1694432330284 1.0285779574187102 364
1694432330352 1.142930806451498 365
1694432330421 0.34658656703147556 366
1694432330488 0.3142688009629178 367
1694432330555 0.03642450705182743 368
1694432330623 0.17250306114513575 369
1694432330692 0.29645126537822647 370
1694432330760 0.02105457477950474 371
1694432330828 0.2474756671254994 372
1694432330897 0.03750653821933032 373
1694432330967 0.35621946460711446 374
1694432331035 0.5430654158815229 375
1694432331103 0.10972016735390913 376
1694432331172 0.23054514234634624 377
1694432331240 0.30672539710952784 378
1694432331309 0.07794915208519958 379
1694432331377 0.28502449443593214 380
1694432331446 0.03508733222891014 381
1694432331517 0.2432489906079108 382
1694432331585 0.5103202001918754 383
1694432331653 0.5575315606420703 384
1694432331720 0.35578257145054826 385
1694432331789 0.2579825951266183 386
1694432331857 0.006851605806333142 387
1694432331924 0.20435873030022386 388
1694432331991 0.009687198359240303 389
1694432332061 0.8580606658665222 390
1694432332132 0.11154668908226972 391
1694432332200 0.15177336543503933 392
1694432332268 0.6911613747250295 393
1694432332337 0.14476738296828418 394
1694432332405 0.03800197998307679 395
1694432332472 0.03648466568084407 396
1694432332541 0.2065562445303175 397
1694432332610 0.43697553488361135 398
1694432332678 0.09184061643005516 399
1694432332745 0.8758142005439249 400
1694432332814 0.4516127168858455 401
1694432332882 1.885218181512798 402
1694432332950 0.004883471574976796 403
1694432333018 0.11311013324038657 404
1694432333087 0.22455908814944234 405
1694432333154 0.04367561573537041 406
1694432333222 0.14435242746560706 407
1694432333290 0.0033911477250420986 408
1694432333358 0.08024939858282028 409
1694432333425 0.11723706291770866 410
1694432333494 0.17015126732224511 411
1694432333561 0.3180392926140781 412
1694432333629 0.5920786953997155 413
1694432333698 0.1518961258057193 414
1694432333766 0.3582150265322536 415
1694432333833 0.019204423558889013 416
1694432333901 0.31691192949005026 417
1694432333970 0.16841677765602242 418
1694432334037 0.4649820877124255 419
1694432334105 0.2497286455304713 420
1694432334173 0.47164295190749406 421
1694432334241 0.0016241417809125128 422
1694432334309 0.27452376942177076 423
1694432334377 0.08300157110025982 424
1694432334445 0.482321153220366 425
1694432334514 2.5121830709776676 426
1694432334582 0.7055820631473232 427
1694432334650 1.0520490124839776 428
1694432334718 0.08266821539261422 429
1694432334787 1.5296391413140982 430
1694432334855 0.15196899186998328 431
1694432334922 0.3268383709326916 432
1694432334991 0.02430470855538754 433
1694432335058 0.6149242413724141 434
1694432335127 0.07399788941252587 435
1694432335195 0.8093635548926685 436
1694432335262 0.08810605920440014 437
1694432335331 0.16252597705813399 438
1694432335398 0.13285608754557132 439
1694432335465 0.019808867457994195 440
1694432335534 0.0317167526910461 441
1694432335601 0.44349928809049755 442
1694432335669 0.01667803884558263 443
1694432335738 0.000745907633989878 444
1694432335806 0.4535581365173959 445
1694432335873 4.73345384050677e-05 446
1694432335942 0.39160335514190225 447
1694432336010 0.0633827420945701 448
1694432336078 0.39581863105385845 449
1694432336147 0.4184987278394123 450
1694432336214 0.13565786230071775 451
1694432336282 0.3408422732273073 452
1694432336352 0.5862625046822645 453
1694432336419 0.16072302881073922 454
1694432336487 0.6776933927548865 455
1694432336555 0.0003132964436993627 456
1694432336622 0.3420964934130233 457
1694432336691 0.3399784568791731 458
1694432336758 0.41493453769879224 459
1694432336834 0.2638921662333173 460
1694432336903 0.21086192333279835 461
1694432336970 0.45714222717935354 462
1694432337040 0.08329645007697492 463
1694432337108 0.017479882304906935 464
1694432337176 0.43013251847367445 465
1694432337245 0.10922278627946785 466
1694432337313 0.3538785155671178 467
1694432337380 1.0046892465264532 468
1694432337448 0.6377258153271892 469
1694432337515 0.007678971380866654 470
1694432337583 0.1415464443269157 471
1694432337652 0.04078629444001655 472
1694432337720 0.4956000006937987 473
1694432337789 0.2858470256556306 474
1694432337856 0.9154253329401372 475
1694432337925 0.565232778458456 476
1694432337994 0.16432155018911357 477
1694432338062 0.22300625899677512 478
1694432338131 0.2503584480479375 479
1694432338199 0.2336374714574353 480
1694432338266 0.25071839898272325 481
1694432338335 0.02057068554870437 482
1694432338402 0.23758174389176512 483
1694432338469 0.07377711617824258 484
1694432338538 0.1725293931314858 485
1694432338607 0.004657383844358997 486
1694432338674 0.4193263289345245 487
1694432338743 0.023915963552161947 488
1694432338813 0.791135876826996 489
1694432338881 0.10036901863804669 490
1694432338949 0.39537838950394166 491
1694432339017 0.011626516234307297 492
1694432339086 0.3698429164034112 493
1694432339154 0.2801496517232292 494
1694432339221 0.24870150647136663 495
1694432339289 0.3331777524308965 496
1694432339358 0.7261635618924186 497
1694432339425 0.4777468529989202 498
1694432339493 0.20873567887331487 499
