1694436714499 169.03669346645214 0
1694436714519 165.4069157411148 1
1694436714538 163.4961904309907 2
1694436714556 164.94911280156876 3
1694436714573 147.80994783341288 4
1694436714591 153.14581015314343 5
1694436714609 159.0209051447179 6
1694436714627 158.0373057250424 7
1694436714654 140.96057309079112 8
1694436714676 147.58261525905476 9
1694436714700 149.58525809615026 10
1694436714721 150.75558281315554 11
1694436714745 138.61955347825355 12
1694436714769 141.7738480406236 13
1694436714792 132.35520952134993 14
1694436714817 138.8481490905559 15
1694436714838 134.97905831684105 16
1694436714858 130.6373439274864 17
1694436714878 141.83309734347125 18
1694436714898 129.42223036839968 19
1694436714916 132.53313295428532 20
1694436714935 121.09124763577395 21
1694436714953 123.20714700263109 22
1694436714971 126.68683218670888 23
1694436714990 123.46540813964619 24
1694436715008 120.24036896095507 25
1694436715025 120.73693821639668 26
1694436715043 114.50670359159282 27
1694436715061 109.44919491136181 28
1694436715079 117.42102449334956 29
1694436715097 118.16565389534472 30
1694436715115 110.4746378619865 31
1694436715133 113.58743561027109 32
1694436715152 114.04077626110518 33
1694436715171 105.4873258493901 34
1694436715193 103.45918880266031 35
1694436715211 113.38179254667352 36
1694436715229 102.46925256391775 37
1694436715247 102.1736136919272 38
1694436715265 100.1890223971084 39
1694436715283 95.45526715676104 40
1694436715299 96.17388322452723 41
1694436715318 93.13364236255177 42
1694436715336 93.37512870071295 43
1694436715355 91.14562610962072 44
1694436715372 91.63542000675362 45
1694436715390 86.09235956458596 46
1694436715408 88.95909178156015 47
1694436715426 89.35945548690553 48
1694436715444 89.5585043874003 49
1694436715464 84.81883187169727 50
1694436715481 86.57512945786502 51
1694436715498 82.2142461021333 52
1694436715516 83.46571394915847 53
1694436715534 78.65741463920962 54
1694436715554 77.73417999204001 55
1694436715575 79.68658804651673 56
1694436715596 79.28765013907166 57
1694436715614 81.55873533974243 58
1694436715632 76.46733071153162 59
1694436715656 75.03103663572793 60
1694436715685 76.5086282195772 61
1694436715712 78.5191800261601 62
1694436715730 71.14972534043568 63
1694436715747 68.299565559282 64
1694436715766 68.15812128116501 65
1694436715784 74.34770088684915 66
1694436715802 68.43392195854247 67
1694436715820 68.79691095124261 68
1694436715838 69.42729664052418 69
1694436715857 66.26990023365111 70
1694436715878 62.48879145180189 71
1694436715898 65.88878171483542 72
1694436715918 65.50618096545546 73
1694436715936 62.18573972660898 74
1694436715956 62.30481401736754 75
1694436715974 58.52643007265443 76
1694436715992 61.882271288352555 77
1694436716009 61.275207122437095 78
1694436716028 58.592492778326324 79
1694436716046 58.5879712908954 80
1694436716069 58.852902651561415 81
1694436716087 56.18664354766372 82
1694436716104 51.46268387354719 83
1694436716122 55.69697096049779 84
1694436716140 55.950206237590116 85
1694436716159 51.23342890657903 86
1694436716177 56.58138549944413 87
1694436716194 52.3230581436821 88
1694436716212 50.12056098169505 89
1694436716229 52.37736762480032 90
1694436716247 50.64043875837315 91
1694436716266 50.4019695877718 92
1694436716284 49.33147203921951 93
1694436716302 42.63598089303573 94
1694436716320 49.54677040937764 95
1694436716338 43.59574150052646 96
1694436716356 46.35058079327938 97
1694436716374 46.59466688780024 98
1694436716393 48.657343511262965 99
1694436716411 45.92960031536974 100
1694436716430 43.593578372553786 101
1694436716454 43.45539188976016 102
1694436716476 44.61380723340652 103
1694436716494 41.26594284860072 104
1694436716511 41.59467890910971 105
1694436716530 42.4897157857738 106
1694436716547 41.28708998386418 107
1694436716567 39.80137830155691 108
1694436716584 40.175960032227515 109
1694436716602 38.73015744662966 110
1694436716620 37.63039516812655 111
1694436716638 39.688364650006974 112
1694436716657 37.65075511431821 113
1694436716676 37.195731770439394 114
1694436716693 37.10965790193349 115
1694436716710 36.96853308077603 116
1694436716729 33.31557155673198 117
1694436716747 34.799474527464575 118
1694436716768 36.04457958650638 119
1694436716786 34.40653906599706 120
1694436716802 34.28610893267464 121
1694436716820 34.75224014759091 122
1694436716837 32.9268892138421 123
1694436716855 32.40570099144246 124
1694436716873 32.48061746845763 125
1694436716891 32.81371811284751 126
1694436716910 30.779856025699043 127
1694436716928 29.576901379763886 128
1694436716946 32.045048054698455 129
1694436716964 30.898730848754802 130
1694436716982 30.44621038982607 131
1694436716999 30.876562503163477 132
1694436717018 31.307465696284734 133
1694436717036 29.484299324297428 134
1694436717053 26.173616565897824 135
1694436717072 27.96526365634178 136
1694436717093 28.951555006042668 137
1694436717114 26.752932578635207 138
1694436717135 26.65060022979811 139
1694436717153 28.083925891758035 140
1694436717173 27.361943243622722 141
1694436717191 25.30138255499234 142
1694436717208 25.25743267877433 143
1694436717226 25.65708435436798 144
1694436717243 25.656905122400506 145
1694436717261 25.401261546630753 146
1694436717278 22.683657188984935 147
1694436717296 25.482505022242766 148
1694436717314 24.245469510150265 149
1694436717332 23.706459710389 150
1694436717349 23.755839066989516 151
1694436717369 22.464800365830452 152
1694436717387 21.59590017422044 153
1694436717404 22.727477395124136 154
1694436717423 22.372133010046024 155
1694436717440 21.538128718286128 156
1694436717457 20.85885120066668 157
1694436717476 20.169038335702187 158
1694436717494 21.88298703699113 159
1694436717512 20.49308287358611 160
1694436717530 19.08433413890844 161
1694436717548 21.09340544943063 162
1694436717566 18.48955161126406 163
1694436717585 19.346005119907254 164
1694436717604 18.588136194864862 165
1694436717621 18.660858624239967 166
1694436717638 19.817902549272617 167
1694436717658 19.320311702284904 168
1694436717677 18.505868814381166 169
1694436717698 19.039868045169506 170
1694436717722 16.822454756756084 171
1694436717740 18.586605857511046 172
1694436717759 16.867137102785126 173
1694436717778 18.81416180685245 174
1694436717795 17.145660120676872 175
1694436717813 16.25675185813376 176
1694436717830 16.90705281800737 177
1694436717848 15.129871838248278 178
1694436717867 16.2567093190826 179
1694436717885 16.288205261791003 180
1694436717902 14.37751178385169 181
1694436717922 15.43255465684635 182
1694436717939 15.071026152843734 183
1694436717957 14.556129589338736 184
1694436717977 13.863140168883069 185
1694436717995 14.286836567458082 186
1694436718012 14.196000383758317 187
1694436718029 16.02611028707338 188
1694436718049 14.913657232294481 189
1694436718068 14.04058619464479 190
1694436718088 12.512603984113548 191
1694436718106 13.647180934074552 192
1694436718124 14.540396302648322 193
1694436718142 12.223621274096361 194
1694436718159 12.725864490952324 195
1694436718179 12.898715528866337 196
1694436718197 13.994120251142006 197
1694436718215 12.493317191671892 198
1694436718232 12.324705046604532 199
1694436718250 11.617396003492457 200
1694436718268 12.262848213893639 201
1694436718286 11.413794723434142 202
1694436718309 11.49486167346301 203
1694436718331 12.595019046099699 204
1694436718349 11.390657853013774 205
1694436718367 11.53979307596972 206
1694436718385 10.719958108440457 207
1694436718403 10.180751112575038 208
1694436718422 9.683676549341387 209
1694436718439 11.259171724542298 210
1694436718456 10.984142582730723 211
1694436718474 10.393478196785612 212
1694436718492 9.37484840419344 213
1694436718510 10.67286767861151 214
1694436718528 9.741801502451134 215
1694436718545 10.708413344703649 216
1694436718563 9.388955077271987 217
1694436718583 10.637237746626619 218
1694436718601 9.531868373820798 219
1694436718620 8.97683664301061 220
1694436718638 8.51779761101026 221
1694436718656 9.569463475314214 222
1694436718674 9.583665312459049 223
1694436718692 9.03335638592743 224
1694436718711 9.569440646100647 225
1694436718728 8.584573967188891 226
1694436718746 9.119856434779829 227
1694436718763 8.521770131788918 228
1694436718781 8.339736840304374 229
1694436718799 8.322277619861561 230
1694436718818 7.843446995204283 231
1694436718836 8.124532967304244 232
1694436718853 9.197275092158824 233
1694436718870 8.373950458878461 234
1694436718889 8.019233964421508 235
1694436718908 8.2257717976975 236
1694436718931 7.195471773106129 237
1694436718952 8.091892713637781 238
1694436718970 7.581919382284186 239
1694436718989 7.8562955045225165 240
1694436719007 6.829441554457878 241
1694436719026 6.812551885648181 242
1694436719044 6.554190936290519 243
1694436719062 6.311833556274217 244
1694436719081 6.622465701551723 245
1694436719099 6.164957355043927 246
1694436719118 7.201198143021133 247
1694436719135 6.00566141687134 248
1694436719153 5.806110791196743 249
1694436719170 6.451474403926459 250
1694436719189 6.576362554684946 251
1694436719206 5.32234924361901 252
1694436719224 6.046588387968927 253
1694436719241 6.403258211731805 254
1694436719258 5.55161332312223 255
1694436719277 6.368854599353442 256
1694436719296 6.013302691536042 257
1694436719315 5.335481791475141 258
1694436719333 6.809269565099089 259
1694436719351 5.245522924705417 260
1694436719369 5.35405753404701 261
1694436719387 6.0070599251415775 262
1694436719405 4.82437100208535 263
1694436719424 4.7874038819802385 264
1694436719442 4.724248978855741 265
1694436719460 5.4094977629117205 266
1694436719477 5.137952620048189 267
1694436719495 4.724730399632057 268
1694436719517 5.196239346608737 269
1694436719536 5.781825915156957 270
1694436719558 4.113408775907703 271
1694436719575 4.591503592363823 272
1694436719594 4.569062254830016 273
1694436719611 4.76086561666219 274
1694436719629 4.380643091629312 275
1694436719646 4.178714503390969 276
1694436719664 3.9766541902060335 277
1694436719684 4.727175398658191 278
1694436719702 4.928130120532088 279
1694436719719 4.20388960870497 280
1694436719737 4.978540801852391 281
1694436719754 4.181627897071183 282
1694436719772 3.632725569885955 283
1694436719791 4.499648218155778 284
1694436719808 4.258008562445825 285
1694436719826 4.029152920677136 286
1694436719844 4.1610820329180696 287
1694436719861 3.525251628757735 288
1694436719879 4.553137738777954 289
1694436719898 4.4264098368527325 290
1694436719916 3.599731909916369 291
1694436719934 3.3731612146362298 292
1694436719952 3.5783055731725613 293
1694436719970 3.398602190303918 294
1694436719988 3.4506753239380115 295
1694436720013 4.072438120986846 296
1694436720034 3.303764197920027 297
1694436720053 3.5339868955887437 298
1694436720075 3.5820667267698716 299
1694436720096 2.9813122642391576 300
1694436720115 3.710686863059936 301
1694436720134 3.394738142827399 302
1694436720156 3.723612915621706 303
1694436720175 3.744045666580532 304
1694436720194 3.2558523354167392 305
1694436720212 2.622475764928293 306
1694436720230 2.817134431416451 307
1694436720248 3.357559096965867 308
1694436720265 2.9810908335393242 309
1694436720283 2.527158596881591 310
1694436720303 2.894443054683593 311
1694436720323 2.815974174213166 312
1694436720341 2.7446040516221695 313
1694436720359 2.8854226230571896 314
1694436720376 2.7685784323778817 315
1694436720395 2.3037002278928935 316
1694436720414 2.828488938572632 317
1694436720431 2.7395756091322743 318
1694436720449 2.125132353061448 319
1694436720466 2.448340624095146 320
1694436720485 3.2725431433525665 321
1694436720505 2.8538720851032013 322
1694436720523 2.0507879636371564 323
1694436720540 2.245055910538732 324
1694436720558 2.3388402342594725 325
1694436720575 2.1657177930174627 326
1694436720593 2.451741562095989 327
1694436720612 2.278839499761714 328
1694436720631 2.3438379014108284 329
1694436720648 2.1582261153781452 330
1694436720666 2.210861205690521 331
1694436720684 2.1422617406690345 332
1694436720705 2.174062755293783 333
1694436720723 2.1857618446769878 334
1694436720741 2.1128885825871246 335
1694436720762 1.4989894702752167 336
1694436720784 2.1875196392091967 337
1694436720804 1.5810756843611533 338
1694436720822 2.179127663585689 339
1694436720840 1.8937780261773864 340
1694436720857 2.020042841439086 341
1694436720875 2.1923894976221936 342
1694436720893 2.26085546153166 343
1694436720911 1.4328750697510233 344
1694436720930 1.7355845656036102 345
1694436720947 2.026526728462167 346
1694436720965 1.6528832472626842 347
1694436720982 1.73480656915814 348
1694436721002 1.9769360904328734 349
1694436721021 1.737846249806528 350
1694436721042 1.4609544813420225 351
1694436721059 1.671711351007282 352
1694436721076 1.9961767591288153 353
1694436721094 1.8156733454889165 354
1694436721115 1.7131432927928683 355
1694436721139 1.5147953532694842 356
1694436721162 1.0518649450935011 357
1694436721183 1.8596192218980685 358
1694436721207 1.4300225693678044 359
1694436721231 1.364609083036522 360
1694436721251 1.734731771463612 361
1694436721270 1.2056001642845353 362
1694436721287 1.3843600778892162 363
1694436721305 1.239520955171637 364
1694436721325 1.5643462965415993 365
1694436721343 1.2196218828276055 366
1694436721365 1.3925135607971924 367
1694436721387 1.1744491896410423 368
1694436721408 1.580418549901768 369
1694436721427 1.4008689442527396 370
1694436721451 1.399318032971691 371
1694436721472 1.1727117973277543 372
1694436721494 1.2540457142683645 373
1694436721516 1.2178447935604382 374
1694436721538 1.2303003277512754 375
1694436721559 1.916566468034045 376
1694436721578 1.4583251343110049 377
1694436721597 1.354407964144753 378
1694436721617 1.4991304072903915 379
1694436721637 1.0032008105628 380
1694436721655 1.3007013340400306 381
1694436721674 1.061938980562173 382
1694436721692 1.1491710430400117 383
1694436721714 1.33820679727032 384
1694436721734 1.4686184617234217 385
1694436721754 1.4325560885894828 386
1694436721773 1.1365503621619808 387
1694436721793 1.5411694374971006 388
1694436721815 1.21575719635477 389
1694436721833 0.9668787318042259 390
1694436721850 1.127176131771223 391
1694436721869 1.6234094795725065 392
1694436721891 0.873801228074228 393
1694436721910 1.0408768939241864 394
1694436721928 0.9961344010000716 395
1694436721947 1.0288724763471095 396
1694436721966 0.9112241419887254 397
1694436721984 1.0095639515406012 398
1694436722002 1.151714601600657 399
1694436722022 1.0236768731864727 400
1694436722039 0.9556396576807309 401
1694436722057 1.2226595092088484 402
1694436722080 0.9089941024106006 403
1694436722097 0.96597655597069 404
1694436722117 0.6758140299346993 405
1694436722134 0.7982275689784333 406
1694436722152 0.9326502034890208 407
1694436722169 0.8551333241979103 408
1694436722187 0.8462718376907485 409
1694436722204 1.15317664057353 410
1694436722225 0.8427618722541909 411
1694436722242 1.056214851745932 412
1694436722260 0.568168827840472 413
1694436722278 0.9448157894911974 414
1694436722296 0.9379382240650835 415
1694436722314 0.8529327171094826 416
1694436722336 0.8090600977890612 417
1694436722358 0.7368810298643392 418
1694436722376 0.8053475471355451 419
1694436722395 1.0246166022414107 420
1694436722413 0.4706804523306217 421
1694436722433 0.6899844342363581 422
1694436722451 0.9460600876516889 423
1694436722468 0.6799130907226228 424
1694436722486 0.9196281979999767 425
1694436722504 0.6403279371937579 426
1694436722523 0.688224581805264 427
1694436722541 0.7646151140792217 428
1694436722558 0.41508519457456367 429
1694436722576 0.8163010172254613 430
1694436722595 0.5016709539122169 431
1694436722613 0.9368985158638409 432
1694436722632 0.8116515426946002 433
1694436722650 0.9910504907167902 434
1694436722668 0.5083025693131216 435
1694436722685 0.6160057008609817 436
1694436722703 0.5004910149166765 437
1694436722723 0.636013671522952 438
1694436722740 0.6313507788111743 439
1694436722757 0.7772101525451899 440
1694436722775 0.5761631758953979 441
1694436722792 0.6815422858748053 442
1694436722810 0.5998150386779803 443
1694436722829 0.5865173460432869 444
1694436722846 0.6194856926629281 445
1694436722863 0.327509021575946 446
1694436722881 0.6206375124251331 447
1694436722899 0.4252534677429613 448
1694436722916 0.5696699801943242 449
1694436722934 0.5624928337468897 450
1694436722952 0.7786743018371514 451
1694436722970 0.5722020739958581 452
1694436722987 0.560979995257073 453
1694436723005 0.5543565946796813 454
1694436723027 0.443672274222925 455
1694436723047 0.47591076263248516 456
1694436723072 0.5613164025528993 457
1694436723090 0.5143299051211588 458
1694436723107 0.7530054369344708 459
1694436723127 0.5671630735796224 460
1694436723144 0.7466980141521901 461
1694436723161 0.3377082456222916 462
1694436723178 0.6424767481407022 463
1694436723195 0.6677722752928145 464
1694436723215 0.3814539398087572 465
1694436723234 0.39456457028567055 466
1694436723252 0.3036156033140971 467
1694436723269 0.7105754906800786 468
1694436723287 0.5497184674603501 469
1694436723304 0.40566761003313534 470
1694436723324 0.31585968443544304 471
1694436723343 0.30956320289437694 472
1694436723362 0.48244469969019294 473
1694436723379 0.4492730129450182 474
1694436723396 0.37144086983822916 475
1694436723414 0.34763740087756556 476
1694436723433 0.3964272705866466 477
1694436723451 0.3995272042623031 478
1694436723468 0.4003191732225705 479
1694436723486 0.35044949535026726 480
1694436723503 0.2589199193640966 481
1694436723521 0.600465475306646 482
1694436723540 0.4087845726907181 483
1694436723557 0.4308812294944757 484
1694436723580 0.2493579102158954 485
1694436723601 0.375932392920606 486
1694436723621 0.5455166274265533 487
1694436723641 0.45478375961478695 488
1694436723659 0.39073010752905196 489
1694436723677 0.3254123803674535 490
1694436723694 0.5656470677539668 491
1694436723712 0.3817894383195032 492
1694436723732 0.3500731819688418 493
1694436723749 0.5082684887687552 494
1694436723767 0.37030880851353903 495
1694436723785 0.3313070266983485 496
1694436723803 0.24801058127988476 497
1694436723822 0.2801623091426157 498
1694436723840 0.277652614545234 499
