1694436771530 0.05322463555318847 0
1694436771603 0.008875653142971769 1
1694436771679 0.004922602834878335 2
1694436771758 0.0018250841688113965 3
1694436771830 0.05800702858362519 4
1694436771898 0.07928811470560897 5
1694436771967 0.0022777146228209954 6
1694436772038 3.7847298845883914e-07 7
1694436772111 0.021234692014038034 8
1694436772179 0.035354822483247034 9
1694436772252 0.01882461952428003 10
1694436772344 0.14454266719626138 11
1694436772430 0.13982495730392538 12
1694436772499 0.0076840850678364814 13
1694436772571 0.06661671011143519 14
1694436772653 0.06564216453561188 15
1694436772734 0.05939925442003319 16
1694436772806 0.0721497767403547 17
1694436772875 0.006219339408118608 18
1694436772947 0.03245500938511664 19
1694436773023 0.0072597694596229475 20
1694436773093 0.1695061888090845 21
1694436773163 0.02363663949999219 22
1694436773234 0.01987379002448739 23
1694436773310 0.04056205961929591 24
1694436773379 0.03144040060324472 25
1694436773449 0.0733811128828022 26
1694436773525 1.2213493640084052 27
1694436773594 0.3366274449483048 28
1694436773667 0.0808997695127048 29
1694436773735 0.012982423865108195 30
1694436773805 0.6633685021854497 31
1694436773878 0.012499163268770147 32
1694436773949 0.011967122398378478 33
1694436774022 0.036825011490720365 34
1694436774092 0.01628422414251442 35
1694436774162 0.0988522584500761 36
1694436774236 0.016819635094323555 37
1694436774305 0.006090103878474772 38
1694436774377 0.07201348297022198 39
1694436774448 0.05727468635190457 40
1694436774521 0.06872290071784255 41
1694436774590 0.08228099609670786 42
1694436774660 0.08607098677731248 43
1694436774737 0.13137320424658033 44
1694436774807 0.0492579478669425 45
1694436774878 0.015670094175698066 46
1694436774946 0.4162409394076239 47
1694436775017 0.04538110635340874 48
1694436775086 0.03451024177855303 49
1694436775157 0.0876277128012932 50
1694436775227 5.0534108141465144e-05 51
1694436775296 0.024310806706294676 52
1694436775367 0.052323291133748395 53
1694436775439 0.027295885272381342 54
1694436775507 0.0057084871966062945 55
1694436775585 0.1584042795531588 56
1694436775653 0.022827181251420463 57
1694436775723 0.022853093780688404 58
1694436775794 0.02479425054804575 59
1694436775864 0.056687809309619405 60
1694436775934 0.022829597096265277 61
1694436776003 0.18235382194201294 62
1694436776073 0.0916805639530292 63
1694436776144 0.003761557352656591 64
1694436776213 0.15610903835871545 65
1694436776283 0.004072761859381214 66
1694436776355 0.00339045280043332 67
1694436776429 5.590257139471063e-06 68
1694436776500 0.043002090024474804 69
1694436776569 0.022035405296276567 70
1694436776639 0.2730825929268166 71
1694436776710 0.00269807116611067 72
1694436776782 0.003194821925501563 73
1694436776853 0.010118579790134412 74
1694436776922 0.14787436067279483 75
1694436776992 0.09816499391732784 76
1694436777064 0.03514369067849254 77
1694436777136 0.02762687717145761 78
1694436777205 0.04970815508044904 79
1694436777279 0.00195925176937537 80
1694436777349 0.018506252017951554 81
1694436777419 0.12959006664299386 82
1694436777490 0.19970501184508244 83
1694436777561 0.00011964367217463395 84
1694436777630 0.04498284695090154 85
1694436777701 0.01829032789223493 86
1694436777771 0.22148389826405798 87
1694436777840 0.2321533536889667 88
1694436777910 1.552825199451422e-05 89
1694436777982 0.0886931723010897 90
1694436778052 0.02711523697897465 91
1694436778124 0.0300074727662567 92
1694436778201 0.0005114764593313031 93
1694436778269 0.017965055263170805 94
1694436778338 0.020248539795600748 95
1694436778410 0.04723953448610175 96
1694436778481 0.13456369666149065 97
1694436778549 0.11933838017000492 98
1694436778621 0.0019733427145021704 99
1694436778694 0.016328701499314344 100
1694436778764 0.03263701347743782 101
1694436778833 0.07191688018232162 102
1694436778903 0.03377688959006481 103
1694436778974 0.19037364427941922 104
1694436779048 0.0008148253443574045 105
1694436779121 0.07684647542074456 106
1694436779190 0.08335601701616126 107
1694436779260 0.0004615139779744872 108
1694436779330 0.22147841176251337 109
1694436779405 0.018460007728692475 110
1694436779477 0.0020770582817168644 111
1694436779546 0.02624772916857413 112
1694436779618 0.28133356208493593 113
1694436779687 0.001012861142913728 114
1694436779757 0.0029886046714416637 115
1694436779827 0.007496143521172837 116
1694436779903 0.023085855693768143 117
1694436779972 0.07013855590669382 118
1694436780057 0.27546885911010927 119
1694436780141 0.002609144149353949 120
1694436780213 0.06133620365046375 121
1694436780282 1.0246455256334089e-05 122
1694436780350 0.001421728048551398 123
1694436780423 0.0028327220282214024 124
1694436780498 0.023695594730010202 125
1694436780567 0.38100967861740154 126
1694436780638 0.11008737573289692 127
1694436780712 0.043465047009937925 128
1694436780783 0.018327083733957344 129
1694436780851 0.0005007100667675259 130
1694436780922 0.024459275225830572 131
1694436780994 0.07518049707069582 132
1694436781062 0.15545917499620618 133
1694436781134 0.05337544839515375 134
1694436781207 0.3769583591373919 135
1694436781277 0.09679510208544981 136
1694436781347 0.11875715465485874 137
1694436781417 0.08146623401672737 138
1694436781487 0.022285328558660177 139
1694436781564 0.1501822682563158 140
1694436781635 0.0504431962429848 141
1694436781703 0.00026573776498692823 142
1694436781772 0.17746907793773314 143
1694436781842 0.06657695045495635 144
1694436781913 0.041691230709757644 145
1694436781983 0.06210884917952464 146
1694436782053 0.12291045450994935 147
1694436782124 0.0005132763065827627 148
1694436782195 0.038080751455845455 149
1694436782264 0.00804737508726897 150
1694436782336 0.0022042513422507676 151
1694436782409 0.14996763714986142 152
1694436782484 0.003918336937672212 153
1694436782555 0.18056737150474242 154
1694436782626 0.10049427918456728 155
1694436782698 0.03196614093461298 156
1694436782769 0.5159016059902971 157
1694436782841 0.03667714548298334 158
1694436782911 0.16005282422694384 159
1694436782983 0.025879085493418403 160
1694436783056 0.007653848380431785 161
1694436783126 0.14302585416944075 162
1694436783195 0.12683303471422744 163
1694436783265 0.07508630955176775 164
1694436783341 0.30195898303127877 165
1694436783412 0.465659708475137 166
1694436783481 0.2863275005557065 167
1694436783550 0.18489237872988587 168
1694436783623 0.10187098468477213 169
1694436783691 0.011422641994267676 170
1694436783761 0.007942243906210735 171
1694436783832 0.06613995038966741 172
1694436783901 0.02537141255074422 173
1694436783971 0.004314894192892623 174
1694436784040 0.12316387841573744 175
1694436784109 4.170813486569236e-05 176
1694436784190 0.002787897231457488 177
1694436784259 0.007543244001601198 178
1694436784329 0.0847915995191915 179
1694436784398 0.6519221904977376 180
1694436784470 0.002835821342320494 181
1694436784542 0.010260160686606797 182
1694436784612 0.10378298224156247 183
1694436784682 0.0008577597741575565 184
1694436784753 0.012146210702768879 185
1694436784824 0.1590226857649575 186
1694436784893 0.0032404143813001573 187
1694436784965 0.7110658852052709 188
1694436785040 0.0696027518784089 189
1694436785109 0.014766618488470667 190
1694436785181 0.7427507898228083 191
1694436785250 0.14683677726851402 192
1694436785321 0.05969305944524344 193
1694436785390 0.01731996743945513 194
1694436785460 0.16838949807155518 195
1694436785532 0.020860071087751484 196
1694436785601 0.02659695960304929 197
1694436785671 0.14132737580262056 198
1694436785743 0.1921810710494122 199
1694436785811 0.01023105957684624 200
1694436785884 0.01820420433739234 201
1694436785955 0.043962648986104906 202
1694436786026 0.09164381851792548 203
1694436786097 0.017946239655819957 204
1694436786167 0.0007067780312482935 205
1694436786236 0.055911551829033915 206
1694436786307 0.003354397756951474 207
1694436786378 0.011123862553069928 208
1694436786447 0.009501523133887229 209
1694436786516 0.008275891680337238 210
1694436786594 0.004865752876251996 211
1694436786666 0.22515219576311468 212
1694436786743 0.005152913415549102 213
1694436786811 0.1720646031572468 214
1694436786882 0.0668131519812492 215
1694436786953 0.001966827965970777 216
1694436787023 0.020820583383516215 217
1694436787093 0.266186475549954 218
1694436787166 0.21841516786383802 219
1694436787235 0.3939795795258056 220
1694436787306 0.013219200685098671 221
1694436787377 0.09456563021087874 222
1694436787449 0.04002998855683193 223
1694436787517 0.010945289418739785 224
1694436787588 0.0028311380845641183 225
1694436787660 0.04746872534708433 226
1694436787734 0.07609940601557359 227
1694436787803 0.11196214620276501 228
1694436787874 0.027907074719924582 229
1694436787944 0.22690515946104173 230
1694436788016 0.20210335514531702 231
1694436788086 0.1446462447640366 232
1694436788158 0.009816682856274196 233
1694436788228 0.00032300766545123816 234
1694436788298 0.016433889898503216 235
1694436788371 0.05894179039112258 236
1694436788442 0.03415536895356322 237
1694436788513 0.03175626236731129 238
1694436788584 0.06720213098447389 239
1694436788655 0.06211741451901401 240
1694436788727 0.053721344949260535 241
1694436788798 0.05792465885446021 242
1694436788869 0.22397300932867314 243
1694436788940 0.0028385367420852 244
1694436789009 0.2776807022005039 245
1694436789080 0.2248187006056808 246
1694436789151 0.021846015644396213 247
1694436789222 0.2534596037188239 248
1694436789298 0.13513907692679894 249
1694436789373 0.0005300017948141751 250
1694436789442 0.014931890399202603 251
1694436789513 0.0030727211572058144 252
1694436789584 0.26087454314983327 253
1694436789654 0.04911392519973626 254
1694436789725 0.01536054761841248 255
1694436789795 0.05824546187919462 256
1694436789866 0.06021466753283677 257
1694436789935 0.014805062092903928 258
1694436790006 0.13259028179314156 259
1694436790075 0.6323763189094976 260
1694436790149 0.00016401147807098762 261
1694436790222 0.0014026662417996759 262
1694436790293 0.2577295328402853 263
1694436790365 0.28484585220096864 264
1694436790437 0.034555723765960486 265
1694436790509 0.0004946966284575565 266
1694436790578 0.13762957318010735 267
1694436790648 0.08075891100934784 268
1694436790719 0.004340687787638397 269
1694436790791 0.2675679567081459 270
1694436790861 0.06803627235400628 271
1694436790931 0.18742482131920918 272
1694436791002 0.0703623214483471 273
1694436791072 0.012899107679945392 274
1694436791143 0.020985705493957132 275
1694436791211 0.055538943943000865 276
1694436791282 0.0064218134236357334 277
1694436791352 0.020691345179762774 278
1694436791423 0.13407724453073366 279
1694436791492 0.18464787370458724 280
1694436791562 0.1623516820867441 281
1694436791630 0.0065194326291778525 282
1694436791700 0.038391552681950596 283
1694436791770 0.031346003338829594 284
1694436791846 0.008398533006346083 285
1694436791918 0.19755610081277186 286
1694436791989 2.4640755615689753e-05 287
1694436792059 0.05794724183091174 288
1694436792130 0.006627821138362679 289
1694436792199 0.011913805123837428 290
1694436792268 0.027824962541584692 291
1694436792338 0.8318428455414939 292
1694436792409 0.05793634511407553 293
1694436792479 0.0003178370347100492 294
1694436792549 0.031020498089965893 295
1694436792618 0.10676314095339004 296
1694436792690 0.037189767650966814 297
1694436792760 0.0004044847934852869 298
1694436792830 0.0025250050955780805 299
1694436792900 0.06727058247245468 300
1694436792969 0.10577675993613227 301
1694436793038 0.016866189653908955 302
1694436793110 0.01697292622707625 303
1694436793180 0.10435649602205997 304
1694436793253 0.012442815552692976 305
1694436793326 0.15388848914666925 306
1694436793400 0.5962304521416689 307
1694436793469 0.030828200068377262 308
1694436793547 0.0010120190509771852 309
1694436793618 0.43060901585918987 310
1694436793688 0.008287199803871761 311
1694436793759 0.03938060060505588 312
1694436793828 0.06970902227333364 313
1694436793897 0.03089508522342844 314
1694436793968 0.016745277405263357 315
1694436794037 0.03523129388847808 316
1694436794110 0.09388961794646002 317
1694436794180 0.008349754209432956 318
1694436794251 0.004497114011206516 319
1694436794323 0.0018010937382642025 320
1694436794399 0.24524087241391768 321
1694436794469 0.11078122465044704 322
1694436794539 0.5173700310439646 323
1694436794611 1.5465272564520445e-05 324
1694436794680 0.21009578989545855 325
1694436794750 0.07619292850992512 326
1694436794821 0.1247997039164553 327
1694436794890 0.008560225247939236 328
1694436794963 0.004453451161275601 329
1694436795034 0.14594841153387458 330
1694436795103 0.0006619035149974501 331
1694436795173 0.009153354667403302 332
1694436795244 0.23976669731431863 333
1694436795313 0.018197940228376393 334
1694436795383 0.05963557176346538 335
1694436795454 0.015757138908960876 336
1694436795525 0.0236811094160517 337
1694436795595 0.49413889057268634 338
1694436795666 0.0018758392768272632 339
1694436795736 0.0014990989749338124 340
1694436795805 0.16535311650140988 341
1694436795876 2.0396041932719767e-05 342
1694436795947 0.16863785190554237 343
1694436796015 0.00025618412883168085 344
1694436796087 0.06616109471332261 345
1694436796161 0.03304795993469414 346
1694436796230 0.23745628397991506 347
1694436796299 0.140140107246515 348
1694436796370 0.09173204296339134 349
1694436796441 0.3147066032443884 350
1694436796509 0.006033142298916854 351
1694436796581 0.023098164998342392 352
1694436796652 0.0010587943137400004 353
1694436796723 0.0001684298593469827 354
1694436796793 0.006523841360519676 355
1694436796865 0.3175813815149719 356
1694436796936 0.06068592964214178 357
1694436797008 0.20395216764923557 358
1694436797081 0.00038799023811168993 359
1694436797153 0.0004897227656350541 360
1694436797222 0.14861894239365606 361
1694436797291 0.05357589701540834 362
1694436797360 0.07975852960755953 363
1694436797431 0.00013206902314716248 364
1694436797501 0.11334744003280589 365
1694436797572 0.0464958305822126 366
1694436797641 0.06942009377614201 367
1694436797711 0.000566934077550868 368
1694436797781 0.01221748627376359 369
1694436797854 0.7163406818153442 370
1694436797924 0.02056691521633904 371
1694436797993 0.07861202562174478 372
1694436798065 0.05618133702115037 373
1694436798136 0.07260009248159593 374
1694436798206 0.002724525490781487 375
1694436798277 0.00013817288155384437 376
1694436798346 0.027278085226211852 377
1694436798416 0.10628659657310596 378
1694436798488 0.007704022152048567 379
1694436798562 0.06410837225636785 380
1694436798631 0.33462686664853275 381
1694436798703 0.015624042270855676 382
1694436798773 0.14252667577841333 383
1694436798842 0.053214892765156216 384
1694436798913 0.018271140677954975 385
1694436798983 0.17696094613890462 386
1694436799052 0.0018440328417860744 387
1694436799124 0.07505041745293131 388
1694436799194 0.01812276056170793 389
1694436799264 0.467541254193184 390
1694436799334 0.15304277470022334 391
1694436799404 0.13939883378403323 392
1694436799476 0.03518362868800835 393
1694436799552 0.07176742487422573 394
1694436799625 0.010484379918834195 395
1694436799694 0.0015979385156193674 396
1694436799764 0.015039470731717873 397
1694436799835 0.0006354520783492427 398
1694436799906 0.0869893683269058 399
1694436799977 0.1554481308291684 400
1694436800047 0.009548388164246102 401
1694436800116 0.004844002958844555 402
1694436800186 0.06724968555597605 403
1694436800255 0.006717439927266837 404
1694436800327 0.007783938000069187 405
1694436800398 0.004069278383238208 406
1694436800468 0.010806713286743442 407
1694436800539 0.23079537716228052 408
1694436800610 0.062462475061877486 409
1694436800681 4.116141780048005e-05 410
1694436800751 0.0013039198102648348 411
1694436800822 0.2084124825272068 412
1694436800892 0.1326280239637149 413
1694436800959 1.2806721131281988 414
1694436801031 0.012419671909450343 415
1694436801102 0.014013382275612371 416
1694436801171 0.5602051363639118 417
1694436801245 0.01020782184656342 418
1694436801317 0.06391761010787511 419
1694436801388 0.00326509176262456 420
1694436801457 0.0011300853653057423 421
1694436801529 0.0047390884374130795 422
1694436801601 0.055604692097907624 423
1694436801669 0.14378525983050777 424
1694436801739 0.005473401257995399 425
1694436801810 0.39245143810001937 426
1694436801879 0.21192891285304674 427
1694436801947 0.0012372591921854838 428
1694436802021 0.03239824773915824 429
1694436802096 0.6751839810839201 430
1694436802165 0.20556149347818384 431
1694436802234 0.03344001400002943 432
1694436802305 0.06504843772686311 433
1694436802375 0.027684336897526057 434
1694436802447 0.008973205519911459 435
1694436802519 0.12456932697510399 436
1694436802589 0.06608618144938688 437
1694436802660 0.27303498958717326 438
1694436802732 0.5068766806643178 439
1694436802805 0.518598601498523 440
1694436802873 0.0008680169199873939 441
1694436802950 0.16107063144235312 442
1694436803021 0.9914541440338895 443
1694436803091 0.0013485876160055335 444
1694436803166 1.3830791980492472 445
1694436803237 0.037611095810270986 446
1694436803308 1.623089565800754e-06 447
1694436803377 0.036027159556351836 448
1694436803446 0.0003366573737290368 449
1694436803519 0.01129985674637269 450
1694436803589 0.23037724697186773 451
1694436803660 0.02133245944586868 452
1694436803729 1.0667022092167742 453
1694436803805 0.00459586332096146 454
1694436803875 0.00044369672870508335 455
1694436803947 0.041921984807031805 456
1694436804019 0.00431254460829886 457
1694436804090 0.01063128216603165 458
1694436804162 0.02709210390837963 459
1694436804231 0.00043531715554639034 460
1694436804300 0.0023317133698700066 461
1694436804371 0.05256047772497709 462
1694436804440 0.021407181192424674 463
1694436804510 0.006965559706478729 464
1694436804580 0.21915118910643264 465
1694436804653 0.21874138026541162 466
1694436804723 0.04966618434920876 467
1694436804792 0.007056133048496125 468
1694436804864 0.18895757741874095 469
1694436804934 0.00327087268181182 470
1694436805004 0.06654808969460041 471
1694436805074 0.07374365067083996 472
1694436805146 0.0057289392897611445 473
1694436805217 0.0034243099668253944 474
1694436805285 0.029411195315560416 475
1694436805359 4.006323060350803e-09 476
1694436805434 0.1772690558505758 477
1694436805506 0.02755964982737665 478
1694436805595 0.04968561307355217 479
1694436805666 0.014880883853532688 480
1694436805738 3.1343410869634005e-05 481
1694436805807 0.17231668221163166 482
1694436805877 0.020488228366710347 483
1694436805948 0.00834517950429457 484
1694436806021 0.21429331750157102 485
1694436806090 0.03521881904290744 486
1694436806161 0.055725356228873306 487
1694436806229 0.010866285451160045 488
1694436806299 0.14493489153789643 489
1694436806377 0.0007780558509440346 490
1694436806447 0.027507333096085083 491
1694436806515 0.13430539892537413 492
1694436806586 0.038931162879419764 493
1694436806656 9.617290421958003e-05 494
1694436806727 0.00046885956617389587 495
1694436806797 0.05180756631431391 496
1694436806869 2.694397595545959e-05 497
1694436806940 0.2878333717874149 498
1694436807009 0.016073570420422255 499
