1694428499122 169.03908926289097 0
1694428499137 169.03248413159017 1
1694428499151 169.02596028505604 2
1694428499165 169.01951660376702 3
1694428499179 169.01315198457652 4
1694428499193 169.00686534046588 5
1694428499208 169.00065560030077 6
1694428499224 168.99452170859178 7
1694428499238 168.98846262525817 8
1694428499255 168.98247732539562 9
1694428499272 168.97656479904722 10
1694428499290 168.97072405097845 11
1694428499305 168.96495410045506 12
1694428499319 168.95925398102474 13
1694428499335 168.9536227403019 14
1694428499348 168.94805943975615 15
1694428499363 168.94256315450315 16
1694428499377 168.93713297309995 17
1694428499391 168.93176799734218 18
1694428499405 168.9264673420651 19
1694428499418 168.9212301349478 20
1694428499434 168.9160555163196 21
1694428499447 168.91094263897048 22
1694428499462 168.90589066796332 23
1694428499476 168.90089878044995 24
1694428499494 168.89596616548954 25
1694428499508 168.89109202386976 26
1694428499521 168.88627556793068 27
1694428499536 168.8815160213918 28
1694428499550 168.87681261918098 29
1694428499564 168.8721646072666 30
1694428499578 168.86757124249206 31
1694428499592 168.86303179241276 32
1694428499606 168.85854553513556 33
1694428499619 168.85411175916096 34
1694428499634 168.8497297632273 35
1694428499648 168.84539885615763 36
1694428499662 168.84111835670882 37
1694428499675 168.83688759342292 38
1694428499689 168.83270590448097 39
1694428499702 168.82857263755866 40
1694428499720 168.82448714968484 41
1694428499736 168.82044880710143 42
1694428499752 168.81645698512605 43
1694428499770 168.81251106801656 44
1694428499789 168.8086104488374 45
1694428499807 168.80475452932856 46
1694428499824 168.8009427197758 47
1694428499844 168.79717443888364 48
1694428499863 168.79344911364964 49
1694428499879 168.7897661792409 50
1694428499893 168.78612507887246 51
1694428499907 168.7825252636874 52
1694428499920 168.77896619263893 53
1694428499935 168.77544733237414 54
1694428499950 168.77196815711955 55
1694428499964 168.76852814856858 56
1694428499978 168.7651267957703 57
1694428499992 168.76176359502048 58
1694428500010 168.75843804975383 59
1694428500030 168.75514967043782 60
1694428500049 168.7518979744688 61
1694428500070 168.7486824860687 62
1694428500092 168.7455027361842 63
1694428500111 168.74235826238677 64
1694428500134 168.73924860877477 65
1694428500157 168.7361733258766 66
1694428500177 168.7331319705555 67
1694428500199 168.73012410591593 68
1694428500217 168.72714930121114 69
1694428500240 168.7242071317522 70
1694428500261 168.72129717881856 71
1694428500284 168.71841902956984 72
1694428500307 168.71557227695885 73
1694428500328 168.7127565196462 74
1694428500350 168.70997136191608 75
1694428500373 168.70721641359316 76
1694428500395 168.704491289961 77
1694428500414 168.70179561168155 78
1694428500434 168.69912900471587 79
1694428500457 168.69649110024628 80
1694428500478 168.69388153459914 81
1694428500503 168.69129994916955 82
1694428500526 168.68874599034646 83
1694428500549 168.6862193094395 84
1694428500568 168.68371956260657 85
1694428500583 168.6812464107826 86
1694428500596 168.67879951960938 87
1694428500610 168.6763785593667 88
1694428500624 168.67398320490398 89
1694428500639 168.6716131355735 90
1694428500653 168.66926803516444 91
1694428500667 168.6669475918376 92
1694428500686 168.6646514980618 93
1694428500701 168.66237945055045 94
1694428500715 168.6601311501997 95
1694428500729 168.65790630202716 96
1694428500744 168.65570461511172 97
1694428500757 168.65352580253423 98
1694428500772 168.651369581319 99
1694428500787 168.64923567237628 100
1694428500803 168.64712380044574 101
1694428500817 168.64503369404036 102
1694428500831 168.6429650853916 103
1694428500845 168.64091771039529 104
1694428500859 168.6388913085581 105
1694428500873 168.63688562294533 106
1694428500887 168.6349004001287 107
1694428500901 168.63293539013583 108
1694428500916 168.63099034639973 109
1694428500930 168.6290650257095 110
1694428500943 168.6271591881616 111
1694428500960 168.6252725971118 112
1694428500978 168.62340501912803 113
1694428500993 168.6215562239439 114
1694428501007 168.61972598441255 115
1694428501022 168.61791407646186 116
1694428501036 168.61612027904977 117
1694428501050 168.6143443741205 118
1694428501064 168.61258614656145 119
1694428501079 168.61084538416057 120
1694428501097 168.60912187756472 121
1694428501112 168.60741542023814 122
1694428501127 168.6057258084221 123
1694428501141 168.6040528410947 124
1694428501155 168.60239631993153 125
1694428501170 168.60075604926678 126
1694428501183 168.59913183605516 127
1694428501197 168.59752348983406 128
1694428501212 168.59593082268643 129
1694428501226 168.59435364920444 130
1694428501240 168.59279178645318 131
1694428501255 168.5912450539354 132
1694428501269 168.58971327355658 133
1694428501283 168.58819626959038 134
1694428501297 168.5866938686447 135
1694428501311 168.5852058996285 136
1694428501325 168.58373219371882 137
1694428501339 168.5822725843282 138
1694428501354 168.58082690707292 139
1694428501368 168.5793949997416 140
1694428501382 168.57797670226398 141
1694428501396 168.57657185668066 142
1694428501410 168.575180307113 143
1694428501424 168.57380189973316 144
1694428501437 168.5724364827354 145
1694428501451 168.5710839063071 146
1694428501465 168.56974402260042 147
1694428501480 168.56841668570442 148
1694428501498 168.56710175161768 149
1694428501512 168.5657990782211 150
1694428501526 168.5645085252512 151
1694428501540 168.56322995427414 152
1694428501553 168.5619632286594 153
1694428501568 168.56070821355462 154
1694428501582 168.5594647758603 155
1694428501596 168.5582327842051 156
1694428501610 168.5570121089214 157
1694428501624 168.5558026220214 158
1694428501637 168.55460419717332 159
1694428501651 168.5534167096782 160
1694428501665 168.5522400364468 161
1694428501680 168.55107405597698 162
1694428501693 168.5499186483316 163
1694428501707 168.5487736951162 164
1694428501721 168.54763907945767 165
1694428501735 168.54651468598277 166
1694428501752 168.54540040079715 167
1694428501768 168.54429611146458 168
1694428501784 168.54320170698668 169
1694428501799 168.54211707778273 170
1694428501813 168.5410421156699 171
1694428501827 168.5399767138437 172
1694428501842 168.53892076685887 173
1694428501855 168.53787417061025 174
1694428501869 168.5368368223143 175
1694428501884 168.53580862049068 176
1694428501898 168.5347894649439 177
1694428501911 168.5337792567459 178
1694428501927 168.53277789821811 179
1694428501941 168.53178529291418 180
1694428501955 168.53080134560295 181
1694428501969 168.52982596225178 182
1694428501984 168.52885905000963 183
1694428501998 168.527900517191 184
1694428502011 168.5269502732597 185
1694428502025 168.52600822881303 186
1694428502039 168.5250742955661 187
1694428502055 168.52414838633655 188
1694428502068 168.5232304150292 189
1694428502082 168.52232029662127 190
1694428502097 168.5214179471474 191
1694428502110 168.52052328368543 192
1694428502124 168.5196362243419 193
1694428502138 168.51875668823794 194
1694428502152 168.51788459549545 195
1694428502166 168.5170198672233 196
1694428502180 168.51616242550404 197
1694428502194 168.5153121933803 198
1694428502213 168.51446909484198 199
1694428502230 168.5136330548131 200
1694428502248 168.51280399913924 201
1694428502262 168.5119818545749 202
1694428502276 168.51116654877112 203
1694428502291 168.5103580102634 204
1694428502305 168.50955616845965 205
1694428502319 168.50876095362827 206
1694428502333 168.50797229688658 207
1694428502347 168.50719013018934 208
1694428502360 168.50641438631735 209
1694428502374 168.50564499886636 210
1694428502388 168.504881902236 211
1694428502402 168.50412503161903 212
1694428502416 168.50337432299048 213
1694428502430 168.5026297130974 214
1694428502444 168.5018911394482 215
1694428502458 168.50115854030244 216
1694428502471 168.50043185466112 217
1694428502484 168.49971102225615 218
1694428502500 168.49899598354102 219
1694428502521 168.498286679681 220
1694428502535 168.49758305254358 221
1694428502548 168.496885044689 222
1694428502562 168.49619259936134 223
1694428502577 168.49550566047898 224
1694428502591 168.494824172626 225
1694428502605 168.49414808104308 226
1694428502618 168.49347733161878 227
1694428502633 168.49281187088113 228
1694428502647 168.49215164598888 229
1694428502662 168.49149660472347 230
1694428502675 168.4908466954804 231
1694428502689 168.49020186726148 232
1694428502704 168.4895620696665 233
1694428502718 168.48892725288567 234
1694428502732 168.4882973676915 235
1694428502746 168.48767236543145 236
1694428502760 168.48705219802014 237
1694428502774 168.48643681793192 238
1694428502790 168.48582617819358 239
1694428502804 168.4852202323773 240
1694428502819 168.48461893459302 241
1694428502836 168.48402223948196 242
1694428502852 168.48343010220924 243
1694428502871 168.4828424784573 244
1694428502885 168.482259324419 245
1694428502899 168.48168059679114 246
1694428502913 168.48110625276774 247
1694428502928 168.4805362500337 248
1694428502942 168.4799705467583 249
1694428502957 168.479409101589 250
1694428502971 168.47885187364534 251
1694428502984 168.47829882251256 252
1694428502999 168.477749908236 253
1694428503013 168.47720509131466 254
1694428503026 168.47666433269575 255
1694428503041 168.47612759376872 256
1694428503054 168.47559483635973 257
1694428503069 168.47506602272577 258
1694428503083 168.4745411155494 259
1694428503097 168.47402007793323 260
1694428503110 168.47350287339444 261
1694428503124 168.47298946585948 262
1694428503138 168.47247981965904 263
1694428503152 168.47197389952268 264
1694428503166 168.4714716705739 265
1694428503180 168.47097309832486 266
1694428503194 168.4704781486719 267
1694428503209 168.46998678789024 268
1694428503222 168.46949898262923 269
1694428503237 168.46901469990806 270
1694428503252 168.4685339071103 271
1694428503265 168.46805657198001 272
1694428503279 168.46758266261688 273
1694428503292 168.46711214747168 274
1694428503306 168.46664499534197 275
1694428503323 168.46618117536786 276
1694428503342 168.46572065702725 277
1694428503361 168.46526341013225 278
1694428503375 168.46480940482436 279
1694428503389 168.46435861157082 280
1694428503404 168.46391100116026 281
1694428503417 168.4634665446988 282
1694428503431 168.46302521360616 283
1694428503446 168.46258697961156 284
1694428503459 168.46215181475006 285
1694428503474 168.46171969135864 286
1694428503487 168.4612905820726 287
1694428503502 168.4608644598217 288
1694428503516 168.46044129782658 289
1694428503530 168.46002106959526 290
1694428503545 168.45960374891948 291
1694428503558 168.4591893098712 292
1694428503572 168.4587777267993 293
1694428503585 168.45836897432596 294
1694428503599 168.4579630273435 295
1694428503613 168.457559861011 296
1694428503627 168.4571594507509 297
1694428503641 168.45676177224613 298
1694428503658 168.4563668014365 299
1694428503672 168.4559745145159 300
1694428503687 168.45558488792904 301
1694428503701 168.45519789836848 302
1694428503715 168.45481352277162 303
1694428503729 168.45443173831757 304
1694428503742 168.45405252242452 305
1694428503757 168.45367585274664 306
1694428503771 168.4533017071712 307
1694428503785 168.45293006381593 308
1694428503799 168.45256090102615 309
1694428503813 168.45219419737197 310
1694428503826 168.4518299316457 311
1694428503840 168.4514680828592 312
1694428503854 168.45110863024118 313
1694428503868 168.45075155323448 314
1694428503882 168.45039683149386 315
1694428503897 168.4500444448832 316
1694428503911 168.44969437347305 317
1694428503927 168.44934659753824 318
1694428503946 168.44900109755537 319
1694428503967 168.4486578542006 320
1694428503990 168.448316848347 321
1694428504007 168.44797806106249 322
1694428504021 168.44764147360735 323
1694428504035 168.4473070674321 324
1694428504049 168.4469748241752 325
1694428504062 168.44664472566072 326
1694428504078 168.44631675389647 327
1694428504092 168.44599089107143 328
1694428504107 168.44566711955403 329
1694428504120 168.44534542188978 330
1694428504134 168.44502578079934 331
1694428504148 168.44470817917642 332
1694428504161 168.4443926000858 333
1694428504176 168.4440790267613 334
1694428504189 168.44376744260387 335
1694428504203 168.44345783117964 336
1694428504217 168.44315017621793 337
1694428504231 168.4428444616095 338
1694428504245 168.44254067140466 339
1694428504259 168.44223878981134 340
1694428504273 168.4419388011933 341
1694428504286 168.4416406900684 342
1694428504301 168.44134444110685 343
1694428504315 168.44105003912935 344
1694428504329 168.44075746910556 345
1694428504343 168.4404667161521 346
1694428504358 168.44017776553125 347
1694428504372 168.43989060264892 348
1694428504386 168.43960521305337 349
1694428504400 168.43932158243325 350
1694428504414 168.4390396966163 351
1694428504427 168.4387595415677 352
1694428504443 168.4384811033883 353
1694428504460 168.43820436831345 354
1694428504476 168.4379293227111 355
1694428504491 168.43765595308074 356
1694428504505 168.43738424605155 357
1694428504519 168.4371141883811 358
1694428504534 168.43684576695387 359
1694428504547 168.43657896878 360
1694428504560 168.4363137809936 361
1694428504574 168.4360501908517 362
1694428504588 168.4357881857324 363
1694428504602 168.43552775313418 364
1694428504616 168.43526888067396 365
1694428504630 168.4350115560861 366
1694428504644 168.43475576722116 367
1694428504658 168.43450150204433 368
1694428504672 168.43424874863445 369
1694428504685 168.43399749518255 370
1694428504700 168.43374772999084 371
1694428504714 168.4334994414712 372
1694428504727 168.43325261814437 373
1694428504741 168.43300724863818 374
1694428504755 168.43276332168708 375
1694428504768 168.43252082613046 376
1694428504783 168.43227975091168 377
1694428504797 168.43204008507695 378
1694428504812 168.43180181777413 379
1694428504826 168.43156493825185 380
1694428504840 168.43132943585812 381
1694428504854 168.43109530003943 382
1694428504867 168.4308625203397 383
1694428504881 168.43063108639916 384
1694428504896 168.4304009879534 385
1694428504910 168.4301722148322 386
1694428504924 168.42994475695855 387
1694428504937 168.42971860434795 388
1694428504951 168.42949374710696 389
1694428504967 168.42927017543252 390
1694428504980 168.42904787961095 391
1694428504995 168.4288268500169 392
1694428505008 168.42860707711253 393
1694428505023 168.42838855144652 394
1694428505041 168.42817126365318 395
1694428505058 168.42795520445142 396
1694428505074 168.42774036464414 397
1694428505089 168.427526735117 398
1694428505105 168.42731430683781 399
1694428505118 168.4271030708556 400
1694428505132 168.42689301829964 401
1694428505146 168.42668414037877 402
1694428505160 168.4264764283805 403
1694428505174 168.42626987367026 404
1694428505188 168.42606446769025 405
1694428505202 168.42586020195927 406
1694428505216 168.42565706807122 407
1694428505230 168.42545505769493 408
1694428505243 168.42525416257297 409
1694428505257 168.42505437452107 410
1694428505271 168.4248556854273 411
1694428505285 168.42465808725132 412
1694428505299 168.42446157202386 413
1694428505314 168.42426613184549 414
1694428505327 168.42407175888653 415
1694428505342 168.42387844538572 416
1694428505357 168.4236861836501 417
1694428505372 168.42349496605385 418
1694428505385 168.42330478503783 419
1694428505399 168.42311563310884 420
1694428505414 168.42292750283903 421
1694428505428 168.42274038686512 422
1694428505441 168.4225542778878 423
1694428505455 168.42236916867105 424
1694428505469 168.42218505204158 425
1694428505485 168.4220019208882 426
1694428505499 168.42181976816096 427
1694428505513 168.42163858687087 428
1694428505527 168.42145837008908 429
1694428505543 168.42127911094633 430
1694428505559 168.42110080263237 431
1694428505576 168.42092343839533 432
1694428505594 168.4207470115411 433
1694428505608 168.42057151543293 434
1694428505622 168.4203969434907 435
1694428505636 168.42022328919032 436
1694428505650 168.42005054606332 437
1694428505664 168.41987870769623 438
1694428505677 168.41970776773007 439
1694428505692 168.41953771985968 440
1694428505706 168.41936855783334 441
1694428505720 168.41920027545225 442
1694428505734 168.4190328665698 443
1694428505748 168.4188663250914 444
1694428505762 168.41870064497354 445
1694428505776 168.4185358202238 446
1694428505790 168.41837184489987 447
1694428505804 168.4182087131093 448
1694428505818 168.41804641900907 449
1694428505832 168.41788495680493 450
1694428505846 168.41772432075112 451
1694428505859 168.41756450514967 452
1694428505873 168.4174055043501 453
1694428505887 168.41724731274897 454
1694428505901 168.41708992478942 455
1694428505914 168.41693333496048 456
1694428505928 168.41677753779706 457
1694428505942 168.41662252787918 458
1694428505956 168.41646829983162 459
1694428505970 168.41631484832348 460
1694428505984 168.41616216806784 461
1694428505998 168.41601025382127 462
1694428506013 168.41585910038336 463
1694428506026 168.41570870259648 464
1694428506040 168.41555905534514 465
1694428506055 168.41541015355583 466
1694428506068 168.41526199219643 467
1694428506082 168.41511456627597 468
1694428506096 168.4149678708441 469
1694428506109 168.41482190099075 470
1694428506122 168.41467665184587 471
1694428506142 168.41453211857885 472
1694428506159 168.41438829639833 473
1694428506176 168.41424518055175 474
1694428506193 168.41410276632487 475
1694428506208 168.41396104904172 476
1694428506222 168.41382002406394 477
1694428506236 168.41367968679054 478
1694428506249 168.41354003265758 479
1694428506264 168.41340105713778 480
1694428506280 168.41326275574028 481
1694428506294 168.41312512401004 482
1694428506308 168.41298815752782 483
1694428506322 168.41285185190975 484
1694428506335 168.41271620280685 485
1694428506349 168.41258120590493 486
1694428506363 168.41244685692402 487
1694428506377 168.4123131516184 488
1694428506391 168.4121800857759 489
1694428506405 168.41204765521792 490
1694428506420 168.4119158557989 491
1694428506434 168.411784683406 492
1694428506448 168.41165413395916 493
1694428506461 168.41152420341024 494
1694428506475 168.41139488774326 495
1694428506489 168.41126618297375 496
1694428506504 168.41113808514856 497
1694428506517 168.41101059034568 498
1694428506532 168.41088369467388 499
