1694430799436 160.09344737152963 0
1694430799455 165.4008572591002 1
1694430799473 170.8847349916634 2
1694430799492 153.66353872010458 3
1694430799511 155.24236875225554 4
1694430799529 146.86758239620343 5
1694430799549 149.35735008426533 6
1694430799570 149.4077580098033 7
1694430799591 147.4695754578461 8
1694430799609 147.0770788488085 9
1694430799626 142.50953662968257 10
1694430799643 135.2241333279694 11
1694430799662 142.2215276880944 12
1694430799679 126.28011822630545 13
1694430799696 135.79470923475597 14
1694430799712 134.47626132107106 15
1694430799729 127.19701926040709 16
1694430799747 123.29197476918422 17
1694430799765 124.6892758481189 18
1694430799782 124.06443482262026 19
1694430799801 121.52851664403171 20
1694430799818 119.80015626428867 21
1694430799834 110.9558551221349 22
1694430799852 113.74052798556366 23
1694430799869 117.84354773131703 24
1694430799887 109.98165465401655 25
1694430799903 103.74705542277783 26
1694430799920 104.22738044768853 27
1694430799937 106.32475593772821 28
1694430799954 99.39864896246456 29
1694430799970 103.29197058397621 30
1694430799988 107.0457279666862 31
1694430800006 97.6310176746993 32
1694430800022 97.31898847297221 33
1694430800039 87.91648221947294 34
1694430800057 91.96562469562123 35
1694430800073 90.84770319913753 36
1694430800091 91.65392976812777 37
1694430800107 88.36426933293212 38
1694430800123 90.48754913929568 39
1694430800140 87.49764909453447 40
1694430800158 84.52663330274801 41
1694430800174 81.763509390055 42
1694430800191 79.0081699941799 43
1694430800208 78.8779466482126 44
1694430800225 83.49657907842331 45
1694430800241 83.62830197112385 46
1694430800259 78.85186248555974 47
1694430800276 76.0321573993807 48
1694430800293 77.12632517626818 49
1694430800311 70.71008614806959 50
1694430800331 71.94900365188344 51
1694430800350 73.19419577113625 52
1694430800367 67.16902615408455 53
1694430800384 68.23904177774526 54
1694430800401 70.52376246703466 55
1694430800417 69.20630986459051 56
1694430800434 62.72701558724685 57
1694430800451 64.74229878665251 58
1694430800468 61.948525866009675 59
1694430800486 61.846186097404875 60
1694430800503 63.799809656149364 61
1694430800520 59.87335408491571 62
1694430800539 61.68569763380337 63
1694430800558 57.768368818604365 64
1694430800577 56.385229915610765 65
1694430800596 56.802764038097806 66
1694430800614 56.04153284070115 67
1694430800630 53.77507531235559 68
1694430800647 53.36954683328549 69
1694430800665 55.4476935938318 70
1694430800681 51.16692305187876 71
1694430800697 51.13818412339192 72
1694430800714 53.234494824427465 73
1694430800731 49.53110809804232 74
1694430800748 48.46491215140172 75
1694430800765 47.49160813666971 76
1694430800782 49.717893322304214 77
1694430800799 47.03321792669597 78
1694430800816 45.67993657721538 79
1694430800833 44.91881903476161 80
1694430800849 43.99984637120455 81
1694430800866 43.81032495123923 82
1694430800883 45.140888977752084 83
1694430800900 45.10694590144879 84
1694430800916 38.90252648147119 85
1694430800933 40.804306294718124 86
1694430800950 39.05657273418602 87
1694430800967 38.703434084318495 88
1694430800984 40.606348566398104 89
1694430801001 37.175535696148145 90
1694430801018 40.38117129924446 91
1694430801035 36.79433248725798 92
1694430801051 36.10301098032532 93
1694430801068 35.34147982157524 94
1694430801086 36.65949342828974 95
1694430801103 35.54783603222698 96
1694430801121 34.33224844407776 97
1694430801138 34.492048609264344 98
1694430801154 34.3910807039735 99
1694430801172 30.59941416686065 100
1694430801189 32.136417447488014 101
1694430801206 34.25458070195824 102
1694430801222 33.10443036119103 103
1694430801239 30.025221394434915 104
1694430801256 29.285125434410027 105
1694430801273 31.787961398307903 106
1694430801290 31.817783363942038 107
1694430801306 31.66408794748877 108
1694430801323 29.251385684820598 109
1694430801340 27.56105026375638 110
1694430801356 25.24802603952 111
1694430801372 27.924632067289615 112
1694430801391 28.48340083952944 113
1694430801409 26.846227844557912 114
1694430801426 24.341379733967557 115
1694430801443 24.995621645422712 116
1694430801460 23.86065434438257 117
1694430801477 26.634643081009063 118
1694430801495 24.483447002455375 119
1694430801512 25.434462264896776 120
1694430801529 24.9350966345377 121
1694430801545 24.164280381406247 122
1694430801562 23.95039208938316 123
1694430801580 23.249321124453243 124
1694430801597 23.055531052120283 125
1694430801613 22.80459520341615 126
1694430801630 22.448326971872678 127
1694430801646 22.505309242994855 128
1694430801663 20.162585098991364 129
1694430801681 20.66225898976291 130
1694430801700 20.617683368708786 131
1694430801717 19.724672854349784 132
1694430801735 18.905646107730885 133
1694430801752 17.605063166967646 134
1694430801770 18.999168538631697 135
1694430801787 20.01687195970405 136
1694430801804 17.96047877449316 137
1694430801821 18.603988374342922 138
1694430801837 17.351305391228827 139
1694430801854 17.238542048675136 140
1694430801871 17.04116264108653 141
1694430801888 18.565556178802115 142
1694430801906 19.057868687621742 143
1694430801923 16.677470437226813 144
1694430801939 17.51460799777394 145
1694430801956 17.670156889467798 146
1694430801973 16.010091589968333 147
1694430801991 15.412564608274085 148
1694430802008 15.0400782585352 149
1694430802025 14.392901931603898 150
1694430802042 15.434369787935905 151
1694430802058 15.599664966998898 152
1694430802075 14.349884135327759 153
1694430802093 14.616923393383802 154
1694430802109 14.617763752654792 155
1694430802127 13.110781057903754 156
1694430802143 14.034915665375715 157
1694430802160 13.787115852468844 158
1694430802177 13.645005146399168 159
1694430802195 13.416563374842431 160
1694430802211 12.268570732389792 161
1694430802228 13.101554638510889 162
1694430802245 12.59591962973423 163
1694430802261 13.920426154157356 164
1694430802280 12.165811247342797 165
1694430802299 11.653393341053057 166
1694430802316 11.8154377036671 167
1694430802333 12.485083568017588 168
1694430802350 10.639182373604825 169
1694430802367 10.498827651393897 170
1694430802384 11.61419355980421 171
1694430802401 11.309211693215786 172
1694430802418 11.382270011514468 173
1694430802435 10.884796893184474 174
1694430802452 11.415067267091962 175
1694430802469 12.188643613024023 176
1694430802487 10.638897947179382 177
1694430802504 9.199484270033675 178
1694430802521 9.541338975963907 179
1694430802538 9.9695323724971 180
1694430802554 10.147067694631948 181
1694430802572 9.340150231568275 182
1694430802588 8.948211388010494 183
1694430802606 8.92951323449561 184
1694430802622 8.939004235279153 185
1694430802639 9.796964235184225 186
1694430802657 8.026097407508583 187
1694430802673 9.479659670754355 188
1694430802690 8.962345446529984 189
1694430802707 8.691587650729176 190
1694430802723 9.318859080542083 191
1694430802740 9.003231009969207 192
1694430802757 8.271337645133261 193
1694430802775 8.41687874137253 194
1694430802792 8.461980821257923 195
1694430802808 7.385549583062796 196
1694430802825 8.455999409778691 197
1694430802843 7.445939759862383 198
1694430802859 6.568911151196668 199
1694430802877 7.875155799651976 200
1694430802898 6.711753572357552 201
1694430802915 7.084672780252807 202
1694430802932 7.641713714660392 203
1694430802949 6.907900044835153 204
1694430802966 7.141609121482141 205
1694430802983 6.4088943477089995 206
1694430803000 6.6066477946785085 207
1694430803016 6.173180027232787 208
1694430803034 6.708146864414659 209
1694430803050 7.151852003453493 210
1694430803067 6.2055706960295405 211
1694430803085 5.80393224323545 212
1694430803102 6.054983170709827 213
1694430803117 6.348473826701862 214
1694430803134 6.6426386771765085 215
1694430803151 6.44627300938717 216
1694430803168 5.094055747049097 217
1694430803186 4.727528914637693 218
1694430803203 5.500392635461194 219
1694430803219 5.836625903022871 220
1694430803236 5.612633755784053 221
1694430803254 5.055885254146402 222
1694430803271 5.455595634113942 223
1694430803289 5.434450950031107 224
1694430803305 4.769604020786053 225
1694430803322 6.290118035440881 226
1694430803339 5.269592079594476 227
1694430803355 4.827490658544209 228
1694430803372 4.424918634405225 229
1694430803388 4.633946253531372 230
1694430803406 5.332321073125319 231
1694430803422 4.61824910367436 232
1694430803439 4.740956660483489 233
1694430803455 4.888753129579913 234
1694430803472 4.768274603748549 235
1694430803490 4.556303052842902 236
1694430803508 4.837497113397228 237
1694430803525 4.2675996002405405 238
1694430803542 4.427040189167815 239
1694430803559 4.078091860180439 240
1694430803577 3.632856431088353 241
1694430803594 4.459957064385957 242
1694430803610 4.678453002073378 243
1694430803627 4.01936506083226 244
1694430803643 4.043882697844601 245
1694430803661 4.438686282153055 246
1694430803678 4.011670208525506 247
1694430803696 3.9045328850202594 248
1694430803712 5.598023441723904 249
1694430803730 4.0006010573302335 250
1694430803747 3.5398718622961196 251
1694430803763 3.87316080293616 252
1694430803781 4.151196535483053 253
1694430803798 3.938396011450634 254
1694430803814 4.293156496479083 255
1694430803832 3.625501433292073 256
1694430803850 3.3602533336930196 257
1694430803867 3.3841273884789516 258
1694430803886 3.515184043781317 259
1694430803904 3.2272443648613747 260
1694430803922 3.358518217134512 261
1694430803939 3.0901328468594302 262
1694430803957 3.1720965117178888 263
1694430803974 2.9594967039982754 264
1694430803992 2.556993398679525 265
1694430804010 3.282892951832657 266
1694430804027 2.896853643982186 267
1694430804044 3.019867129652956 268
1694430804061 3.2098917798910693 269
1694430804078 3.2410373742683687 270
1694430804097 2.563032025343144 271
1694430804114 3.147675119651318 272
1694430804130 2.8069984075468417 273
1694430804147 3.0332086595608367 274
1694430804164 2.8515247628206652 275
1694430804181 2.7724443714325875 276
1694430804198 2.5947622418266927 277
1694430804215 2.844790803770518 278
1694430804233 2.861001090329442 279
1694430804249 3.2236170458133437 280
1694430804266 2.1663195829011803 281
1694430804282 2.512932098396323 282
1694430804301 2.4951880732795204 283
1694430804317 2.444876980969877 284
1694430804334 2.595613615428905 285
1694430804350 2.7228131775731734 286
1694430804366 2.1465367292122868 287
1694430804383 1.9462595783848469 288
1694430804401 2.2739706019209813 289
1694430804417 2.5168728054288545 290
1694430804434 2.406039490750764 291
1694430804451 2.21447068212819 292
1694430804467 2.4252573877093404 293
1694430804484 2.055072449794063 294
1694430804502 2.1487691652744023 295
1694430804518 2.493595157048978 296
1694430804535 2.2477852733020574 297
1694430804552 2.236448278129693 298
1694430804569 2.56705901768011 299
1694430804586 2.369745207459638 300
1694430804604 2.8769705148952025 301
1694430804620 2.3555362125097945 302
1694430804638 1.721893421497819 303
1694430804654 1.6481339132134718 304
1694430804671 2.189323710662399 305
1694430804689 2.0254923064864387 306
1694430804707 2.3000120885666844 307
1694430804723 1.5532715653006695 308
1694430804740 1.835860481689987 309
1694430804756 1.3390220155828665 310
1694430804773 1.8383877918779457 311
1694430804791 2.4530841217877226 312
1694430804809 2.0492123626355765 313
1694430804825 1.813610032913269 314
1694430804843 1.4934237844002396 315
1694430804860 1.9986236189076492 316
1694430804876 1.620418193281297 317
1694430804893 2.2420638839931315 318
1694430804910 1.704563706870635 319
1694430804926 1.6296906196407848 320
1694430804944 1.4753945417157275 321
1694430804961 1.5577823171329483 322
1694430804978 1.6740560812018983 323
1694430804995 1.7613763035757708 324
1694430805012 1.4379559110360915 325
1694430805028 1.873694812773929 326
1694430805046 1.6449814737882613 327
1694430805062 1.49419501161992 328
1694430805078 1.4185376665560026 329
1694430805096 1.6140619394082734 330
1694430805113 1.6742378122010617 331
1694430805131 1.4331384128685212 332
1694430805147 1.4230953519177194 333
1694430805163 1.3560930033288954 334
1694430805180 1.4015266694926072 335
1694430805198 1.2456356410762557 336
1694430805213 1.4611489471376446 337
1694430805230 1.5036382316329535 338
1694430805247 1.3685335378586332 339
1694430805266 1.3726487718660574 340
1694430805284 1.6837008254018428 341
1694430805301 1.352336648692322 342
1694430805319 1.214754219619246 343
1694430805335 1.4619151501226575 344
1694430805353 1.3148387642546047 345
1694430805369 1.3918766261763562 346
1694430805386 1.3327975401815364 347
1694430805403 1.182884270751067 348
1694430805420 1.307966905352343 349
1694430805437 1.202191102206353 350
1694430805453 1.2459224495420782 351
1694430805470 0.992740469508661 352
1694430805487 1.1043266626828012 353
1694430805505 1.3205398807112858 354
1694430805522 2.148736042805521 355
1694430805540 1.4651235948877275 356
1694430805556 0.9601387099951103 357
1694430805571 1.3028360922684556 358
1694430805588 1.1814681691511062 359
1694430805606 1.3027801886728303 360
1694430805622 1.1727416660100827 361
1694430805639 1.4229422207165074 362
1694430805656 1.0852978415582728 363
1694430805672 1.0907640782323593 364
1694430805690 1.2246222222472427 365
1694430805706 1.2450612178824632 366
1694430805723 1.1303421173738701 367
1694430805740 1.1354842286933011 368
1694430805756 1.444236766265559 369
1694430805772 1.025302939133387 370
1694430805790 0.9117265228162641 371
1694430805807 0.9359925731167591 372
1694430805823 1.0238822375074101 373
1694430805841 1.0394186934128193 374
1694430805858 1.1534380036089065 375
1694430805876 0.9562567547555828 376
1694430805894 0.7205559242295573 377
1694430805911 0.8996077387279263 378
1694430805929 1.0783401253314386 379
1694430805945 0.8225899881937419 380
1694430805962 0.8804918610613311 381
1694430805979 1.1499948455129136 382
1694430805997 1.018602007982377 383
1694430806014 1.2401721729695452 384
1694430806031 0.8347825420954956 385
1694430806047 0.8623154333201575 386
1694430806065 0.8798048528526481 387
1694430806081 0.7276623220459196 388
1694430806099 0.8241292927548663 389
1694430806116 1.160630713181678 390
1694430806133 0.8145082731353467 391
1694430806149 0.9392935720157342 392
1694430806166 1.3022054956224907 393
1694430806182 0.7290860696781297 394
1694430806200 0.7115830907116452 395
1694430806216 0.7524355090875786 396
1694430806234 0.8710799148398415 397
1694430806251 1.0933203293633837 398
1694430806268 0.7449396320336001 399
1694430806284 1.1270820238494657 400
1694430806301 0.7083742238192007 401
1694430806318 0.6300485230537467 402
1694430806336 0.8018405298702582 403
1694430806352 0.5137435981532082 404
1694430806368 0.8938427750694388 405
1694430806385 0.7850837824077898 406
1694430806402 0.5849119368992641 407
1694430806419 0.8216042479556221 408
1694430806437 0.8070596495119272 409
1694430806454 0.8341363296837765 410
1694430806471 0.6711221749373448 411
1694430806488 0.7099386254417508 412
1694430806505 0.7959288048988272 413
1694430806522 0.9179377090649253 414
1694430806540 0.7511953835496665 415
1694430806556 0.5524658222158937 416
1694430806573 0.6006837240553489 417
1694430806589 0.6614621012426735 418
1694430806607 0.7978255586948385 419
1694430806623 0.9378318107719332 420
1694430806640 0.6459850891410885 421
1694430806657 0.790866926321878 422
1694430806673 0.7184179942614247 423
1694430806690 0.886189777619906 424
1694430806707 0.8071121989046285 425
1694430806724 0.4407062976194374 426
1694430806741 0.7623500542760188 427
1694430806758 0.8700626148613829 428
1694430806775 0.7683299284071329 429
1694430806793 0.8446591614324771 430
1694430806811 0.758376761553626 431
1694430806827 0.7364649340886346 432
1694430806843 0.590495967492459 433
1694430806860 0.6011351043395295 434
1694430806877 0.6321729682757503 435
1694430806894 0.6065778465979749 436
1694430806912 0.6807854282891491 437
1694430806928 0.6546617493229417 438
1694430806946 0.7339408430576526 439
1694430806964 0.6140356787945598 440
1694430806981 0.8222717698822785 441
1694430806999 0.6791162139643412 442
1694430807016 0.8070750205695213 443
1694430807034 0.6336915862733594 444
1694430807051 0.42405745020741253 445
1694430807069 0.7545638931961948 446
1694430807085 0.6380224091148035 447
1694430807102 0.7189401092691325 448
1694430807120 0.5744079636536481 449
1694430807136 0.8484289654811537 450
1694430807152 0.5711778773461836 451
1694430807169 0.7547167037132531 452
1694430807186 0.33126902953243936 453
1694430807203 0.6100353201254584 454
1694430807221 0.576120002552943 455
1694430807238 0.6810519770698384 456
1694430807255 0.49583780223376267 457
1694430807270 0.524161459537512 458
1694430807287 0.4564741336658179 459
1694430807305 0.5641880746242192 460
1694430807323 0.8014254475481308 461
1694430807340 0.5012413280022892 462
1694430807357 0.5797330455662361 463
1694430807373 0.5452771410362389 464
1694430807390 0.6023652053364472 465
1694430807407 0.7593843178914843 466
1694430807424 0.6623401358699493 467
1694430807441 0.6937030159998067 468
1694430807457 0.7139140238099261 469
1694430807474 0.47251686609345617 470
1694430807492 0.4329321561679099 471
1694430807509 0.5643735449365033 472
1694430807527 0.4545766829597228 473
1694430807544 0.6578319182144502 474
1694430807561 0.5632795010822379 475
1694430807577 0.41695802417906036 476
1694430807595 0.45717865666402646 477
1694430807612 0.46617850686653617 478
1694430807629 0.4240762199429682 479
1694430807648 0.5190833796092054 480
1694430807665 0.5654604403956676 481
1694430807683 0.4237076889450087 482
1694430807699 0.4128487738259076 483
1694430807717 0.7675209997528495 484
1694430807733 0.4655912326736115 485
1694430807750 0.6784910208261768 486
1694430807766 0.40068195222341957 487
1694430807784 0.5592315723616592 488
1694430807802 0.6126808458465135 489
1694430807818 0.525009063068974 490
1694430807836 0.5354072642280147 491
1694430807852 0.42436253211389513 492
1694430807869 0.6656975687588538 493
1694430807886 0.6823677749146876 494
1694430807904 0.4470762013322682 495
1694430807921 0.5503141793416563 496
1694430807938 0.6381489249214936 497
1694430807955 0.62910070502585 498
1694430807971 0.4850357481177374 499
