1694428549491 162.6462200119153 0
1694428549506 168.6012012803101 1
1694428549522 167.77742346144842 2
1694428549538 168.43104113896507 3
1694428549553 174.89366204407366 4
1694428549567 165.82338847655947 5
1694428549582 169.2868778449843 6
1694428549597 163.06112291218724 7
1694428549611 169.88527908148677 8
1694428549626 169.88041478055942 9
1694428549641 168.6789240875146 10
1694428549657 171.52470700747566 11
1694428549672 168.87643509555946 12
1694428549687 168.25224881436165 13
1694428549702 171.94843017325988 14
1694428549716 183.90881598636557 15
1694428549731 171.4040239202586 16
1694428549746 169.3612027395115 17
1694428549761 173.78639484361435 18
1694428549775 165.51480997191697 19
1694428549792 179.89099937158412 20
1694428549807 167.13062367920358 21
1694428549825 167.3464047578886 22
1694428549846 179.15833209255382 23
1694428549863 165.29889937077274 24
1694428549878 186.45321621355816 25
1694428549892 169.18658050557715 26
1694428549907 169.04333694969418 27
1694428549922 170.26258776140725 28
1694428549936 168.42907300010384 29
1694428549951 165.89451129697358 30
1694428549966 169.61897980640876 31
1694428549981 175.28582372001912 32
1694428549996 168.6980050612763 33
1694428550010 163.83782283973096 34
1694428550025 168.69098741067214 35
1694428550044 165.7686391841439 36
1694428550061 169.09534330771174 37
1694428550075 168.93303384568327 38
1694428550091 175.73334795138993 39
1694428550105 165.81540302803958 40
1694428550120 169.04851862374113 41
1694428550134 165.9066972229238 42
1694428550149 173.2003719550457 43
1694428550164 164.8032779910714 44
1694428550178 164.35545211669526 45
1694428550192 170.22430156732895 46
1694428550207 169.28155294491808 47
1694428550222 169.0294151952725 48
1694428550239 165.80545798949697 49
1694428550256 169.30078185860503 50
1694428550274 162.2499299984987 51
1694428550295 164.95213265637227 52
1694428550312 162.22060306406442 53
1694428550332 172.19649168846635 54
1694428550353 179.02540052415344 55
1694428550373 168.9896753495737 56
1694428550395 171.9589477203257 57
1694428550411 169.39184662523667 58
1694428550425 170.6447868152405 59
1694428550440 166.08443731476208 60
1694428550455 164.8200661477646 61
1694428550469 166.38830126619632 62
1694428550484 171.51870579194718 63
1694428550499 166.95078813594043 64
1694428550513 170.42128507018722 65
1694428550528 173.63421743552726 66
1694428550543 168.21251700474068 67
1694428550558 162.54442503235296 68
1694428550572 171.44104576349997 69
1694428550587 162.8641043323198 70
1694428550602 170.4385668661109 71
1694428550616 173.0758147876938 72
1694428550631 169.77667302892505 73
1694428550646 164.16654332196137 74
1694428550661 167.10811108553375 75
1694428550675 168.2752105442714 76
1694428550690 171.01981910786859 77
1694428550704 168.11592568313247 78
1694428550719 165.39761673016386 79
1694428550734 167.43072127696274 80
1694428550749 172.65050779428702 81
1694428550763 167.17366442324456 82
1694428550778 169.162223073574 83
1694428550792 166.4644584650919 84
1694428550807 164.16951267870007 85
1694428550821 167.04987951359018 86
1694428550836 175.39625393026125 87
1694428550851 174.5524919647534 88
1694428550865 162.331825271893 89
1694428550880 168.45340741162073 90
1694428550895 170.88744481376287 91
1694428550911 166.50617187536116 92
1694428550929 160.93219707005386 93
1694428550948 170.76866315197705 94
1694428550968 160.97719588478074 95
1694428550987 169.64668269032285 96
1694428551001 168.78396980557113 97
1694428551016 174.43277531175582 98
1694428551031 172.64530679285647 99
1694428551046 169.89716748061343 100
1694428551061 168.38098867075968 101
1694428551076 170.7021948918668 102
1694428551090 162.83668554593552 103
1694428551105 167.6756092442844 104
1694428551121 167.0480009940763 105
1694428551135 167.54776001074688 106
1694428551150 167.41374522816957 107
1694428551165 164.28348015926937 108
1694428551180 162.31142195686922 109
1694428551195 162.67069442558585 110
1694428551210 168.0910348627729 111
1694428551225 168.3940979212464 112
1694428551240 168.9341702645811 113
1694428551254 172.10847186405974 114
1694428551268 165.69878637476953 115
1694428551283 173.6758963600277 116
1694428551299 180.50558521688407 117
1694428551314 162.11788505736058 118
1694428551329 167.7879240861328 119
1694428551343 171.3664593702043 120
1694428551357 165.32534078327845 121
1694428551372 166.47467988400555 122
1694428551386 166.07739069668114 123
1694428551401 172.239408850372 124
1694428551418 170.00653234467012 125
1694428551433 168.0593195140429 126
1694428551451 166.2087439039461 127
1694428551466 161.13343493715368 128
1694428551480 165.22883024228364 129
1694428551495 159.08209523246052 130
1694428551510 170.1813341747757 131
1694428551524 177.07588742959044 132
1694428551539 172.72011692484674 133
1694428551554 167.87815744568795 134
1694428551569 172.3430881408731 135
1694428551583 166.8057527079421 136
1694428551598 168.24944661489872 137
1694428551613 167.6318349163414 138
1694428551627 166.30105636906205 139
1694428551642 165.15016339196094 140
1694428551656 169.72318747830892 141
1694428551672 169.55828047929754 142
1694428551686 167.83322319843575 143
1694428551701 172.48719790800513 144
1694428551715 167.0222664644109 145
1694428551730 170.81922544445302 146
1694428551745 163.0538066383535 147
1694428551759 164.0951814057897 148
1694428551773 169.10723889143088 149
1694428551788 165.8140250702361 150
1694428551803 164.30560724947318 151
1694428551818 164.83280950103133 152
1694428551832 170.83638470548308 153
1694428551846 170.09599102157122 154
1694428551861 169.53216784791013 155
1694428551875 170.61057372230925 156
1694428551890 164.37859360257795 157
1694428551905 169.87129203467393 158
1694428551919 167.79852841457972 159
1694428551935 172.24309679493655 160
1694428551949 164.0086044075146 161
1694428551964 168.14567003677683 162
1694428551979 174.36386594227852 163
1694428551993 172.3300565180478 164
1694428552008 169.79153313411226 165
1694428552027 174.0180161157639 166
1694428552044 170.4219066790638 167
1694428552065 169.27592383053542 168
1694428552081 170.17968796621116 169
1694428552096 175.0568497421147 170
1694428552111 167.95822629264833 171
1694428552126 169.0286036573761 172
1694428552139 174.81428189035938 173
1694428552154 169.5963193842993 174
1694428552169 171.2441893826335 175
1694428552183 169.7105915105514 176
1694428552198 168.59529494394383 177
1694428552213 168.27426667000893 178
1694428552228 167.9800123195204 179
1694428552243 164.8536628562513 180
1694428552257 174.29104542313738 181
1694428552272 174.24195459411558 182
1694428552287 176.08485093437778 183
1694428552302 166.20540293957566 184
1694428552316 178.31978126165785 185
1694428552332 174.941876112765 186
1694428552346 166.79499755834834 187
1694428552361 173.96427792788293 188
1694428552376 168.84767547527426 189
1694428552390 168.73398167271714 190
1694428552405 174.0986192286239 191
1694428552421 166.35147587948015 192
1694428552435 164.69279674313688 193
1694428552449 169.05580729252264 194
1694428552463 167.11073419339314 195
1694428552479 175.5984917800286 196
1694428552493 164.75433463071766 197
1694428552510 169.93976618949597 198
1694428552526 167.72899836182526 199
1694428552540 172.62219366991079 200
1694428552558 160.46440863800623 201
1694428552579 172.07714749001136 202
1694428552595 171.89925399464778 203
1694428552610 173.3605778817344 204
1694428552624 166.3851948815462 205
1694428552638 177.64919452025063 206
1694428552655 172.26845911314967 207
1694428552669 163.3990523422289 208
1694428552684 168.47386148719374 209
1694428552698 167.1231384387788 210
1694428552713 165.53846171017716 211
1694428552728 175.01105869984002 212
1694428552743 168.69939020634342 213
1694428552758 168.13883922474653 214
1694428552773 166.28441436244307 215
1694428552787 160.45482283531214 216
1694428552802 171.5350785260943 217
1694428552817 168.65378213162072 218
1694428552832 165.23641832506516 219
1694428552847 168.91226660954575 220
1694428552861 168.43639726385615 221
1694428552876 175.99511160154444 222
1694428552891 169.91175957764582 223
1694428552905 170.4719702407112 224
1694428552920 173.0696611686041 225
1694428552935 165.64822372799708 226
1694428552949 171.17707904219574 227
1694428552964 168.55279760723278 228
1694428552978 172.2490213647562 229
1694428552994 169.33198416144043 230
1694428553008 169.10950076060104 231
1694428553023 174.27224136848318 232
1694428553037 170.83258772038184 233
1694428553053 173.92568428766953 234
1694428553073 166.971372104593 235
1694428553098 170.3934973217309 236
1694428553115 171.5115071167078 237
1694428553131 169.28246007522262 238
1694428553150 167.33545082652037 239
1694428553168 166.08106028316408 240
1694428553184 170.41091527475479 241
1694428553199 170.05219503949482 242
1694428553214 160.27186359292412 243
1694428553229 163.06231873165447 244
1694428553244 167.5291269117079 245
1694428553259 172.44997766695073 246
1694428553275 168.02266536705997 247
1694428553289 164.8056672364707 248
1694428553304 163.58415334203738 249
1694428553318 169.51165097756444 250
1694428553334 174.94644896171238 251
1694428553349 171.2779700463525 252
1694428553364 165.90587731288025 253
1694428553379 169.41663559815666 254
1694428553393 162.69653203231036 255
1694428553408 170.32921271889805 256
1694428553422 163.76686062651518 257
1694428553437 169.11007462422276 258
1694428553489 174.37988276733248 259
1694428553504 170.24892480771604 260
1694428553518 163.46057324200888 261
1694428553534 170.93757497487118 262
1694428553549 171.34964214104525 263
1694428553563 166.90497873570945 264
1694428553578 167.9665218476068 265
1694428553593 176.24755624320687 266
1694428553608 171.44090367541864 267
1694428553623 165.6035582222133 268
1694428553638 172.37368397293469 269
1694428553654 171.0778351264581 270
1694428553669 166.9982662855808 271
1694428553684 172.31945401614135 272
1694428553702 175.54394100331783 273
1694428553720 158.9314044137597 274
1694428553739 165.6587631230087 275
1694428553755 165.88308372399595 276
1694428553769 168.8239740006325 277
1694428553783 170.0260996069178 278
1694428553799 161.48237006314258 279
1694428553813 170.61562962941682 280
1694428553829 167.498422608505 281
1694428553844 179.20739931316 282
1694428553858 173.38181156942528 283
1694428553872 172.15802768533285 284
1694428553887 167.00319132472154 285
1694428553901 169.17048171190154 286
1694428553916 172.15482690029677 287
1694428553931 167.2020245150164 288
1694428553946 165.88555964141557 289
1694428553962 172.37247536312205 290
1694428553976 170.42227678168325 291
1694428553991 170.1940818092771 292
1694428554006 174.27948145510987 293
1694428554021 171.9782243051971 294
1694428554035 173.07209197627523 295
1694428554050 167.81496558208102 296
1694428554064 170.12054003252675 297
1694428554080 170.39414761582057 298
1694428554094 163.68218975828816 299
1694428554109 169.70426067982467 300
1694428554123 172.91449479938686 301
1694428554138 169.2221126659497 302
1694428554153 163.54990254357924 303
1694428554168 172.06845828996205 304
1694428554183 170.0226409105962 305
1694428554197 167.05073304884613 306
1694428554211 171.55614558342694 307
1694428554226 167.05136140996294 308
1694428554241 170.7121247685812 309
1694428554256 166.96917715161663 310
1694428554270 176.39584986081147 311
1694428554285 175.43032370975237 312
1694428554302 172.72302222913166 313
1694428554318 165.27381907332486 314
1694428554334 170.41770990853456 315
1694428554349 171.1156750721255 316
1694428554363 170.859245652464 317
1694428554379 169.89482248333738 318
1694428554393 170.12049130764765 319
1694428554409 169.38428909419943 320
1694428554422 163.16498599987594 321
1694428554438 169.94599075327827 322
1694428554453 164.91721310008646 323
1694428554467 171.1770335522177 324
1694428554481 171.52548070869543 325
1694428554497 169.22871556914433 326
1694428554511 165.39734232650466 327
1694428554525 164.33592778770574 328
1694428554541 182.14021239398608 329
1694428554556 163.63892150210708 330
1694428554571 167.09836361440873 331
1694428554587 163.08700434754545 332
1694428554601 160.5599177975996 333
1694428554616 168.05997125542862 334
1694428554630 175.22227057112818 335
1694428554647 171.5514217285127 336
1694428554661 175.40314158026555 337
1694428554676 168.71542323507785 338
1694428554692 162.00446252527414 339
1694428554709 168.1975570732922 340
1694428554724 166.781447719022 341
1694428554739 168.07043946646186 342
1694428554754 167.59125422751637 343
1694428554768 164.90777293222158 344
1694428554782 166.85204461538333 345
1694428554796 166.0873350320692 346
1694428554811 172.12677604111423 347
1694428554829 166.59613837121225 348
1694428554848 174.39921940458504 349
1694428554865 166.75901997151595 350
1694428554880 168.06903769946013 351
1694428554894 172.77134532445578 352
1694428554908 170.36997615570505 353
1694428554924 172.0876466678918 354
1694428554939 168.76397138795906 355
1694428554955 163.36959918262073 356
1694428554969 168.95999121839435 357
1694428554984 177.13869153083184 358
1694428554998 173.80774541084097 359
1694428555014 168.61838664157128 360
1694428555029 159.35556262985855 361
1694428555044 165.15373664631898 362
1694428555058 167.472983080442 363
1694428555072 174.24005661816315 364
1694428555087 167.3354388175097 365
1694428555103 173.02906893164908 366
1694428555117 166.15132123461237 367
1694428555132 162.0079893313417 368
1694428555147 165.40249553851535 369
1694428555162 163.75327369631833 370
1694428555176 163.064816988123 371
1694428555190 167.90226335464914 372
1694428555205 173.80984335491937 373
1694428555220 170.2697509928137 374
1694428555234 166.6653877614324 375
1694428555249 166.33204119894123 376
1694428555264 170.38378335249854 377
1694428555278 168.46245678948546 378
1694428555292 167.73427885063617 379
1694428555308 167.62182570575072 380
1694428555322 170.63456881590088 381
1694428555339 171.83397186637376 382
1694428555355 171.51056829285935 383
1694428555369 168.16215350003102 384
1694428555384 166.87111195059006 385
1694428555398 166.81751367437818 386
1694428555419 173.20762183990752 387
1694428555439 170.77956955171902 388
1694428555456 169.49489601801338 389
1694428555470 173.44275902455507 390
1694428555485 164.5044159256776 391
1694428555500 172.1532402820057 392
1694428555514 174.58072264244677 393
1694428555529 173.3325654539308 394
1694428555544 169.80886819166128 395
1694428555558 165.73206751738982 396
1694428555572 177.3774391560116 397
1694428555588 168.94185702493274 398
1694428555603 171.06425261269555 399
1694428555617 163.91009826173277 400
1694428555631 163.19290016939945 401
1694428555646 171.95139692419576 402
1694428555661 164.6554329128514 403
1694428555675 168.41844663087514 404
1694428555690 165.79542962063766 405
1694428555704 172.8713529272899 406
1694428555719 165.3708610286085 407
1694428555734 170.8254122472017 408
1694428555748 167.30272274065686 409
1694428555763 173.45462287261438 410
1694428555778 171.69864042874147 411
1694428555792 167.74643417541697 412
1694428555807 169.0956225334369 413
1694428555821 164.33006344827564 414
1694428555837 174.81703273517056 415
1694428555852 165.6250906345934 416
1694428555866 164.26198472870922 417
1694428555880 166.10804352545716 418
1694428555895 168.3275050463598 419
1694428555910 168.37418071974807 420
1694428555924 164.3867048802019 421
1694428555941 169.85490984448845 422
1694428555961 170.19406297438493 423
1694428555978 175.60247552370313 424
1694428555994 173.23955257440562 425
1694428556010 170.39514578382787 426
1694428556025 165.24186000628626 427
1694428556039 163.66695305135087 428
1694428556054 169.15066111643873 429
1694428556068 175.60005637260934 430
1694428556083 166.0160321738733 431
1694428556097 164.19598979217108 432
1694428556112 167.02884722996424 433
1694428556128 160.85173612232467 434
1694428556143 165.12655961252835 435
1694428556158 168.66796978943066 436
1694428556172 170.50352751601977 437
1694428556187 167.43463364480877 438
1694428556201 168.5237840167355 439
1694428556216 171.50522007429518 440
1694428556230 167.81733392727037 441
1694428556245 175.6752743125506 442
1694428556261 169.5343125640441 443
1694428556275 173.1766704820718 444
1694428556290 168.78610503789656 445
1694428556304 169.78996550180224 446
1694428556318 169.03929648967397 447
1694428556333 168.12002479816618 448
1694428556349 172.57849510828333 449
1694428556364 168.5837968943863 450
1694428556378 167.09084303486614 451
1694428556393 174.06590870803845 452
1694428556408 166.27200316812193 453
1694428556423 174.64671193692485 454
1694428556436 171.58549343128115 455
1694428556451 162.58756611908032 456
1694428556466 176.54888991384607 457
1694428556480 172.0442059354861 458
1694428556496 166.5980971360962 459
1694428556510 169.50547821757377 460
1694428556525 169.36334006122723 461
1694428556542 170.40092165592367 462
1694428556563 171.9838547537356 463
1694428556582 168.2095403375166 464
1694428556596 172.64510757317697 465
1694428556611 167.25179262670977 466
1694428556626 165.889140898506 467
1694428556641 165.53512340162186 468
1694428556656 163.0415909288911 469
1694428556671 169.46309737049776 470
1694428556686 162.6966453567223 471
1694428556701 171.5472368625617 472
1694428556715 165.88524046143195 473
1694428556729 176.1849242117701 474
1694428556744 167.94869124744702 475
1694428556759 169.37119814793888 476
1694428556773 158.4680900147607 477
1694428556788 170.49987866953435 478
1694428556803 169.1056834920495 479
1694428556817 171.73099977974502 480
1694428556831 168.09374515899094 481
1694428556847 172.29967429027326 482
1694428556862 163.4926463540105 483
1694428556877 162.09533749075294 484
1694428556891 167.09929850243685 485
1694428556906 173.62222191089236 486
1694428556921 172.79525015101234 487
1694428556936 164.9769712834725 488
1694428556951 166.68659105701798 489
1694428556966 167.7824236411217 490
1694428556982 160.83142160433664 491
1694428556995 168.29889514666414 492
1694428557010 171.44129924553582 493
1694428557025 174.69583826420038 494
1694428557040 163.9237228194614 495
1694428557055 166.18497297223868 496
1694428557072 171.92665835488006 497
1694428557092 167.28298733948765 498
1694428557112 170.18171108620376 499
