1694436413319 159.814077977763 0
1694436413337 159.4926435325105 1
1694436413354 159.2360575554415 2
1694436413371 158.97987546985436 3
1694436413387 158.7241096834127 4
1694436413404 158.4687595036925 5
1694436413423 158.21382424217347 6
1694436413439 157.95930321152068 7
1694436413461 157.705195725583 8
1694436413480 157.45150109939067 9
1694436413502 157.19821864915338 10
1694436413522 156.94534769225783 11
1694436413538 156.6928875472658 12
1694436413554 156.44083753391186 13
1694436413572 156.18919697310116 14
1694436413589 155.93796518690735 15
1694436413606 155.68714149857038 16
1694436413623 155.43672523249438 17
1694436413642 155.18671571424534 18
1694436413660 154.93711227054928 19
1694436413677 154.68791422928985 20
1694436413694 154.43912091950634 21
1694436413716 154.19073167139135 22
1694436413740 153.94274581628892 23
1694436413761 153.69516268669224 24
1694436413786 153.44798161624152 25
1694436413806 153.20120193972213 26
1694436413829 152.95482299306195 27
1694436413850 152.70884411332992 28
1694436413870 152.46326463873342 29
1694436413892 152.2180839086165 30
1694436413915 151.97330126345756 31
1694436413934 151.72891604486742 32
1694436413950 151.48492759558712 33
1694436413968 151.24133525948596 34
1694436413985 150.9981383815593 35
1694436414000 150.75533630792663 36
1694436414019 150.51292838582933 37
1694436414036 150.2709139636287 38
1694436414052 150.02929239080396 39
1694436414069 149.7880630179501 40
1694436414086 149.54722519677588 41
1694436414103 149.3067782801017 42
1694436414120 149.0667216218577 43
1694436414139 148.82705457708164 44
1694436414155 148.5877765019168 45
1694436414171 148.34888675361015 46
1694436414188 148.11038469051005 47
1694436414204 147.87226967206445 48
1694436414221 147.6345410588188 49
1694436414241 147.39719821241405 50
1694436414258 147.16024049558467 51
1694436414274 146.92366727215642 52
1694436414291 146.68747790704472 53
1694436414308 146.45167176625236 54
1694436414326 146.21624821686774 55
1694436414345 145.9812066270626 56
1694436414362 145.74654636609023 57
1694436414378 145.5122668042835 58
1694436414394 145.27836731305285 59
1694436414411 145.04484726488425 60
1694436414432 144.81170603333726 61
1694436414451 144.57894299304314 62
1694436414474 144.34655751970286 63
1694436414501 144.11454899008504 64
1694436414529 143.8829167820242 65
1694436414548 143.6516602744186 66
1694436414565 143.42077884722832 67
1694436414581 143.19027188147365 68
1694436414598 142.9601387592326 69
1694436414615 142.7303788636394 70
1694436414632 142.50099157888252 71
1694436414650 142.27197629020245 72
1694436414667 142.04333238389017 73
1694436414684 141.81505924728492 74
1694436414700 141.58715626877247 75
1694436414717 141.35962283778323 76
1694436414735 141.1324583447902 77
1694436414753 140.90566218130706 78
1694436414771 140.67923373988654 79
1694436414788 140.45317241411823 80
1694436414804 140.2274775986268 81
1694436414822 140.00214868907017 82
1694436414841 139.77718508213755 83
1694436414858 139.5525861755476 84
1694436414874 139.32835136804644 85
1694436414892 139.1044800594061 86
1694436414908 138.88097165042225 87
1694436414925 138.65782554291255 88
1694436414944 138.43504113971485 89
1694436414960 138.2126178446852 90
1694436414977 137.99055506269607 91
1694436414993 137.76885219963435 92
1694436415010 137.54750866239982 93
1694436415030 137.32652385890307 94
1694436415053 137.10589719806364 95
1694436415071 136.88562808980836 96
1694436415088 136.6657159450694 97
1694436415104 136.44616017578244 98
1694436415121 136.2269601948849 99
1694436415141 136.00811541631407 100
1694436415158 135.78962525500543 101
1694436415175 135.57148912689064 102
1694436415191 135.35370644889582 103
1694436415207 135.13627663893985 104
1694436415225 134.91919911593234 105
1694436415245 134.7024732997721 106
1694436415262 134.48609861134517 107
1694436415279 134.27007447252305 108
1694436415295 134.05440030616094 109
1694436415312 133.83907553609598 110
1694436415329 133.62409958714548 111
1694436415347 133.40947188510506 112
1694436415364 133.19519185674702 113
1694436415381 132.98125892981838 114
1694436415398 132.7676725330393 115
1694436415415 132.55443209610124 116
1694436415432 132.34153704966513 117
1694436415449 132.1289868253598 118
1694436415466 131.91678085578005 119
1694436415483 131.70491857448502 120
1694436415499 131.49339941599635 121
1694436415517 131.28222281579664 122
1694436415537 131.0713882103273 123
1694436415556 130.86089503698742 124
1694436415573 130.6507427341314 125
1694436415589 130.4409307410677 126
1694436415607 130.23145849805695 127
1694436415626 130.02232544631013 128
1694436415649 129.81353102798712 129
1694436415669 129.60507468619468 130
1694436415687 129.39695586498493 131
1694436415705 129.18917400935354 132
1694436415722 128.98172856523829 133
1694436415738 128.77461897951693 134
1694436415757 128.56784470000585 135
1694436415774 128.3614051754583 136
1694436415791 128.15529985556253 137
1694436415807 127.94952819094038 138
1694436415825 127.7440896331454 139
1694436415844 127.53898363466126 140
1694436415861 127.33420964890001 141
1694436415878 127.12976713020046 142
1694436415895 126.92565553382654 143
1694436415912 126.72187431596552 144
1694436415928 126.51842293372651 145
1694436415946 126.31530084513865 146
1694436415964 126.11250750914954 147
1694436415980 125.91004238562358 148
1694436415997 125.70790493534032 149
1694436416014 125.50609461999281 150
1694436416031 125.30461090218589 151
1694436416048 125.10345324543471 152
1694436416066 124.90262111416294 153
1694436416083 124.70211397370122 154
1694436416099 124.50193129028551 155
1694436416115 124.30207253105549 156
1694436416133 124.10253716405288 157
1694436416152 123.90332465821986 158
1694436416169 123.70443448339746 159
1694436416184 123.50586611032394 160
1694436416201 123.30761901063319 161
1694436416218 123.10969265685307 162
1694436416239 122.91208652240391 163
1694436416262 122.7148000815968 164
1694436416282 122.51783280963205 165
1694436416299 122.32118418259762 166
1694436416316 122.12485367746746 167
1694436416333 121.92884077209997 168
1694436416352 121.73314494523645 169
1694436416368 121.53776567649943 170
1694436416386 121.34270244639116 171
1694436416403 121.14795473629201 172
1694436416421 120.95352202845888 173
1694436416437 120.7594038060237 174
1694436416454 120.56559955299183 175
1694436416471 120.3721087542404 176
1694436416488 120.17893089551697 177
1694436416505 119.98606546343768 178
1694436416522 119.793511945486 179
1694436416539 119.60126983001099 180
1694436416557 119.40933860622577 181
1694436416573 119.21771776420609 182
1694436416590 119.02640679488857 183
1694436416606 118.83540519006948 184
1694436416624 118.64471244240288 185
1694436416640 118.4543280453993 186
1694436416658 118.2642514934241 187
1694436416674 118.07448228169608 188
1694436416691 117.88501990628576 189
1694436416707 117.69586386411402 190
1694436416724 117.50701365295055 191
1694436416740 117.31846877141223 192
1694436416759 117.13022871896183 193
1694436416776 116.94229299590629 194
1694436416792 116.75466110339532 195
1694436416809 116.56733254341988 196
1694436416827 116.38030681881071 197
1694436416848 116.19358343323677 198
1694436416868 116.0071618912038 199
1694436416885 115.82104169805278 200
1694436416902 115.63522235995858 201
1694436416919 115.44970338392821 202
1694436416935 115.26448427779962 203
1694436416952 115.0795645502401 204
1694436416969 114.89494371074471 205
1694436416986 114.71062126963501 206
1694436417002 114.52659673805742 207
1694436417020 114.34286962798181 208
1694436417036 114.1594394522001 209
1694436417055 113.9763057243247 210
1694436417072 113.79346795878705 211
1694436417089 113.61092567083628 212
1694436417105 113.42867837653768 213
1694436417122 113.24672559277118 214
1694436417139 113.06506683723005 215
1694436417157 112.88370162841936 216
1694436417175 112.70262948565454 217
1694436417191 112.52184992905998 218
1694436417209 112.34136247956756 219
1694436417225 112.16116665891528 220
1694436417241 111.98126198964572 221
1694436417259 111.80164799510473 222
1694436417278 111.62232419943989 223
1694436417295 111.44329012759921 224
1694436417312 111.26454530532962 225
1694436417329 111.08608925917558 226
1694436417345 110.90792151647767 227
1694436417362 110.73004160537118 228
1694436417379 110.55244905478472 229
1694436417395 110.37514339443877 230
1694436417415 110.1981241548443 231
1694436417435 110.02139086730138 232
1694436417453 109.84494306389779 233
1694436417472 109.66878027750757 234
1694436417488 109.49290204178975 235
1694436417505 109.31730789118677 236
1694436417522 109.14199736092331 237
1694436417540 108.9669699870047 238
1694436417558 108.79222530621568 239
1694436417575 108.61776285611903 240
1694436417592 108.44358217505403 241
1694436417608 108.26968280213534 242
1694436417625 108.09606427725136 243
1694436417643 107.9227261410631 244
1694436417662 107.74966793500259 245
1694436417679 107.57688920127177 246
1694436417695 107.4043894828409 247
1694436417712 107.23216832344733 248
1694436417730 107.0602252675941 249
1694436417746 106.88855986054863 250
1694436417766 106.71717164834126 251
1694436417782 106.54606017776415 252
1694436417799 106.37522499636957 253
1694436417816 106.20466565246892 254
1694436417834 106.03438169513115 255
1694436417850 105.86437267418147 256
1694436417868 105.69463814020015 257
1694436417885 105.52517764452104 258
1694436417903 105.35599073923028 259
1694436417920 105.187076977165 260
1694436417936 105.01843591191195 261
1694436417953 104.85006709780626 262
1694436417970 104.68197008993 263
1694436417987 104.51414444411103 264
1694436418003 104.34658971692149 265
1694436418023 104.17930546567668 266
1694436418046 104.01229124843358 267
1694436418064 103.84554662398972 268
1694436418082 103.67907115188169 269
1694436418099 103.51286439238395 270
1694436418115 103.34692590650762 271
1694436418132 103.18125525599889 272
1694436418149 103.0158520033381 273
1694436418167 102.85071571173813 274
1694436418183 102.6858459451433 275
1694436418199 102.52124226822805 276
1694436418216 102.3569042463956 277
1694436418233 102.1928314457767 278
1694436418250 102.02902343322839 279
1694436418267 101.86547977633263 280
1694436418285 101.7022000433952 281
1694436418301 101.53918380344417 282
1694436418318 101.3764306262289 283
1694436418334 101.21394008221854 284
1694436418352 101.05171174260099 285
1694436418370 100.88974517928143 286
1694436418387 100.7280399648812 287
1694436418403 100.56659567273651 288
1694436418420 100.40541187689713 289
1694436418436 100.24448815212526 290
1694436418453 100.08382407389406 291
1694436418471 99.9234192183867 292
1694436418487 99.76327316249487 293
1694436418505 99.60338548381768 294
1694436418521 99.44375576066032 295
1694436418538 99.2843835720329 296
1694436418555 99.12526849764919 297
1694436418574 98.96641011792534 298
1694436418592 98.80780801397876 299
1694436418615 98.64946176762676 300
1694436418637 98.49137096138543 301
1694436418655 98.33353517846835 302
1694436418675 98.17595400278543 303
1694436418692 98.01862701894161 304
1694436418708 97.86155381223566 305
1694436418725 97.70473396865913 306
1694436418741 97.5481670748948 307
1694436418758 97.39185271831589 308
1694436418777 97.23579048698444 309
1694436418793 97.07997996965042 310
1694436418810 96.92442075575039 311
1694436418828 96.76911243540627 312
1694436418844 96.61405459942422 313
1694436418860 96.45924683929341 314
1694436418878 96.30468874718481 315
1694436418895 96.15037991595008 316
1694436418912 95.9963199391202 317
1694436418929 95.84250841090451 318
1694436418945 95.6889449261894 319
1694436418961 95.53562908053708 320
1694436418982 95.38256047018453 321
1694436418998 95.2297386920422 322
1694436419015 95.07716334369297 323
1694436419032 94.92483402339084 324
1694436419049 94.77275033005976 325
1694436419066 94.62091186329265 326
1694436419083 94.46931822335 327
1694436419100 94.31796901115887 328
1694436419117 94.16686382831156 329
1694436419135 94.0160022770647 330
1694436419151 93.86538396033782 331
1694436419168 93.71500848171236 332
1694436419186 93.56487544543052 333
1694436419203 93.41498445639398 334
1694436419224 93.26533512016289 335
1694436419240 93.11592704295468 336
1694436419256 92.96675983164289 337
1694436419276 92.81783309375597 338
1694436419293 92.66914643747631 339
1694436419309 92.52069947163896 340
1694436419326 92.37249180573053 341
1694436419342 92.22452304988806 342
1694436419361 92.0767928148979 343
1694436419379 91.92930071219455 344
1694436419395 91.78204635385957 345
1694436419411 91.63502935262044 346
1694436419428 91.4882493218494 347
1694436419444 91.34170587556238 348
1694436419461 91.19539862841788 349
1694436419480 91.0493271957158 350
1694436419497 90.90349119339638 351
1694436419513 90.75789023803904 352
1694436419531 90.61252394686134 353
1694436419548 90.4673919377178 354
1694436419565 90.32249382909882 355
1694436419584 90.17782924012953 356
1694436419601 90.03339779056883 357
1694436419620 89.88919910080811 358
1694436419641 89.7452327918703 359
1694436419658 89.60149848540861 360
1694436419675 89.45799580370566 361
1694436419693 89.3147243696721 362
1694436419709 89.17168380684588 363
1694436419726 89.02887373939078 364
1694436419742 88.88629379209559 365
1694436419758 88.74394359037294 366
1694436419777 88.60182276025823 367
1694436419796 88.45993092840851 368
1694436419816 88.31826772210144 369
1694436419834 88.17683276923421 370
1694436419851 88.03562569832246 371
1694436419868 87.89464613849921 372
1694436419887 87.7538937195138 373
1694436419904 87.61336807173079 374
1694436419921 87.47306882612895 375
1694436419937 87.33299561430013 376
1694436419954 87.19314806844825 377
1694436419971 87.05352582138819 378
1694436419989 86.91412850654481 379
1694436420008 86.77495575795182 380
1694436420031 86.63600721025074 381
1694436420050 86.49728249868991 382
1694436420072 86.35878125912329 383
1694436420092 86.22050312800963 384
1694436420112 86.08244774241125 385
1694436420129 85.944614739993 386
1694436420145 85.80700375902138 387
1694436420162 85.66961443836334 388
1694436420179 85.53244641748522 389
1694436420196 85.3954993364519 390
1694436420212 85.25877283592558 391
1694436420229 85.12226655716483 392
1694436420246 84.98598014202355 393
1694436420262 84.84991323294993 394
1694436420279 84.71406547298542 395
1694436420297 84.5784365057638 396
1694436420315 84.44302597550993 397
1694436420332 84.307833527039 398
1694436420349 84.17285880575527 399
1694436420366 84.03810145765127 400
1694436420383 83.90356112930664 401
1694436420403 83.7692374678871 402
1694436420427 83.63513012114359 403
1694436420450 83.5012387374111 404
1694436420467 83.36756296560775 405
1694436420484 83.23410245523371 406
1694436420503 83.10085685637036 407
1694436420521 82.96782581967908 408
1694436420538 82.83500899640035 409
1694436420554 82.70240603835276 410
1694436420572 82.57001659793204 411
1694436420589 82.43784032810994 412
1694436420606 82.30587688243341 413
1694436420623 82.17412591502342 414
1694436420640 82.04258708057418 415
1694436420656 81.91126003435194 416
1694436420672 81.78014443219418 417
1694436420690 81.64923993050847 418
1694436420709 81.51854618627172 419
1694436420726 81.3880628570289 420
1694436420743 81.25778960089224 421
1694436420759 81.1277260765403 422
1694436420775 80.99787194321684 423
1694436420794 80.86822686072998 424
1694436420813 80.73879048945115 425
1694436420830 80.60956249031415 426
1694436420847 80.48054252481417 427
1694436420864 80.35173025500686 428
1694436420881 80.22312534350732 429
1694436420899 80.09472745348914 430
1694436420915 79.96653624868354 431
1694436420933 79.8385513933782 432
1694436420949 79.71077255241651 433
1694436420966 79.58319939119653 434
1694436420982 79.45583157567 435
1694436421004 79.32866877234153 436
1694436421022 79.20171064826744 437
1694436421042 79.07495687105495 438
1694436421059 78.94840710886125 439
1694436421075 78.82206103039248 440
1694436421092 78.69591830490282 441
1694436421111 78.56997860219354 442
1694436421132 78.4442415926121 443
1694436421152 78.31870694705113 444
1694436421173 78.19337433694758 445
1694436421193 78.06824343428174 446
1694436421215 77.94331391157633 447
1694436421239 77.81858544189552 448
1694436421257 77.69405769884406 449
1694436421276 77.56973035656637 450
1694436421293 77.4456030897455 451
1694436421313 77.3216755736023 452
1694436421330 77.19794748389455 453
1694436421348 77.07441849691585 454
1694436421369 76.95108828949492 455
1694436421386 76.8279565389945 456
1694436421406 76.7050229233106 457
1694436421425 76.58228712087141 458
1694436421442 76.45974881063657 459
1694436421463 76.33740767209606 460
1694436421484 76.21526338526952 461
1694436421507 76.09331563070516 462
1694436421530 75.9715640894789 463
1694436421551 75.85000844319353 464
1694436421571 75.7286483739777 465
1694436421590 75.60748356448518 466
1694436421612 75.48651369789376 467
1694436421631 75.36573845790446 468
1694436421651 75.24515752874072 469
1694436421668 75.12477059514735 470
1694436421686 75.00457734238968 471
1694436421707 74.88457745625273 472
1694436421727 74.76477062304029 473
1694436421746 74.64515652957401 474
1694436421764 74.52573486319254 475
1694436421782 74.40650531175058 476
1694436421801 74.28746756361814 477
1694436421821 74.16862130767949 478
1694436421842 74.04996623333246 479
1694436421862 73.93150203048732 480
1694436421879 73.8132283895662 481
1694436421898 73.69514500150198 482
1694436421916 73.57725155773751 483
1694436421932 73.45954775022476 484
1694436421949 73.34203327142386 485
1694436421966 73.22470781430236 486
1694436421983 73.10757107233425 487
1694436422001 72.99062273949914 488
1694436422018 72.87386251028146 489
1694436422037 72.7572900796694 490
1694436422053 72.64090514315434 491
1694436422070 72.52470739672972 492
1694436422086 72.40869653689039 493
1694436422102 72.29287226063157 494
1694436422119 72.1772342654481 495
1694436422137 72.06178224933373 496
1694436422153 71.9465159107799 497
1694436422170 71.8314349487752 498
1694436422186 71.71653906280447 499
