1694436622070 163.58341217839953 0
1694436622091 170.33647036256284 1
1694436622112 165.03002721043737 2
1694436622132 166.6556495919885 3
1694436622150 159.59067472936093 4
1694436622170 161.15441303709596 5
1694436622187 161.1269818624589 6
1694436622205 172.04304262006343 7
1694436622228 151.51673754056918 8
1694436622246 141.6440832736113 9
1694436622265 149.70586529925484 10
1694436622283 145.76456911048174 11
1694436622305 143.06201086739438 12
1694436622327 141.47103093617255 13
1694436622345 137.35168549817683 14
1694436622364 145.42012644391318 15
1694436622382 140.27866427221286 16
1694436622399 135.36931252974367 17
1694436622418 129.33239405251814 18
1694436622435 128.84123979165352 19
1694436622456 132.34505578911015 20
1694436622474 128.3358090215809 21
1694436622492 129.046235684284 22
1694436622509 122.97154216767522 23
1694436622527 125.8424934961727 24
1694436622547 127.00812657130119 25
1694436622572 122.1566607937576 26
1694436622593 111.11506582953861 27
1694436622614 118.5759925825768 28
1694436622637 117.76381375702181 29
1694436622661 112.9329365371157 30
1694436622684 118.6910898687019 31
1694436622707 113.68913659129716 32
1694436622724 109.89966525957799 33
1694436622742 110.24026073298863 34
1694436622762 114.43945209285344 35
1694436622780 104.6311375290613 36
1694436622797 104.19305098321762 37
1694436622815 102.34759229574242 38
1694436622833 99.52130652858095 39
1694436622850 97.51963706350709 40
1694436622869 100.80432456224783 41
1694436622886 100.20851066358851 42
1694436622904 95.93052730600961 43
1694436622921 97.19011942939356 44
1694436622940 96.77498914236551 45
1694436622960 89.96749870335296 46
1694436622978 94.65668261921466 47
1694436622996 89.42694501207697 48
1694436623014 93.31688075161985 49
1694436623031 84.75294270563386 50
1694436623048 89.29818803973198 51
1694436623069 87.62777964427154 52
1694436623086 85.88115908281189 53
1694436623104 83.30683037685743 54
1694436623121 78.15075522597796 55
1694436623139 82.78372222196069 56
1694436623156 76.66125202919194 57
1694436623176 78.85297472888435 58
1694436623193 77.91950340605715 59
1694436623213 78.50957944016291 60
1694436623236 78.91172728815918 61
1694436623254 75.53646205583895 62
1694436623286 74.58271559914927 63
1694436623314 74.07935792894908 64
1694436623336 77.84687716721042 65
1694436623354 71.41561849219869 66
1694436623373 69.60839908927987 67
1694436623392 69.65160310476307 68
1694436623409 68.49026480803023 69
1694436623427 68.77487068903697 70
1694436623445 66.69112922060057 71
1694436623464 64.41719539879892 72
1694436623482 61.63287240923591 73
1694436623499 67.7170452841167 74
1694436623517 64.24933146660535 75
1694436623534 63.161279738468856 76
1694436623553 64.3952323386553 77
1694436623573 62.418033731356005 78
1694436623591 61.11678029702332 79
1694436623608 57.8655329915343 80
1694436623627 58.504215645128525 81
1694436623644 57.50510163744921 82
1694436623664 58.00599231689207 83
1694436623682 57.92652558613354 84
1694436623700 54.156128350522025 85
1694436623718 55.4147701973191 86
1694436623735 53.76846906927274 87
1694436623753 56.37401352453924 88
1694436623773 51.39549500102978 89
1694436623789 50.98040111733606 90
1694436623807 54.80240707642377 91
1694436623825 51.41340328963896 92
1694436623846 51.08030818067986 93
1694436623868 46.720992772345035 94
1694436623889 45.07016618428431 95
1694436623906 51.76966197017338 96
1694436623925 48.648649091971826 97
1694436623942 48.75735685589667 98
1694436623960 44.86533986319857 99
1694436623980 44.25017920931436 100
1694436623997 41.13486219262728 101
1694436624016 43.49191502251883 102
1694436624033 43.985521190478245 103
1694436624051 44.37426424977617 104
1694436624070 43.70468176423417 105
1694436624088 42.28723307653901 106
1694436624106 42.643367097079214 107
1694436624124 43.65611132618245 108
1694436624141 40.43045803885879 109
1694436624158 40.72128845168023 110
1694436624178 39.8608046228077 111
1694436624195 39.890472758833006 112
1694436624213 38.4125364557475 113
1694436624231 39.27611858267015 114
1694436624248 39.08241892912686 115
1694436624267 36.99806611537358 116
1694436624285 36.343796587155055 117
1694436624304 36.58735846697918 118
1694436624322 35.5602900596855 119
1694436624339 34.82753847346744 120
1694436624357 34.95695970191218 121
1694436624376 35.488233681310206 122
1694436624393 34.964263027040595 123
1694436624411 33.77406620325658 124
1694436624429 33.629883084549654 125
1694436624446 32.76010794197826 126
1694436624465 31.402325131104213 127
1694436624483 33.20046943344558 128
1694436624504 31.21257675828383 129
1694436624525 32.29668147210305 130
1694436624543 30.40455386168176 131
1694436624560 31.692087492211165 132
1694436624580 29.20960796682842 133
1694436624598 31.11886700362666 134
1694436624616 30.59920740118036 135
1694436624634 30.85674143142732 136
1694436624651 29.973420121797542 137
1694436624669 28.01173140776357 138
1694436624688 28.033973857715043 139
1694436624705 27.334151538935767 140
1694436624722 23.984245781399668 141
1694436624740 28.2467981330384 142
1694436624758 26.85677815614139 143
1694436624777 27.28783847327543 144
1694436624794 26.65780409472106 145
1694436624812 24.72887790693116 146
1694436624830 25.322295943124196 147
1694436624848 24.289631124819643 148
1694436624865 23.51621003943169 149
1694436624883 25.68012877107159 150
1694436624901 22.883211318635905 151
1694436624919 23.086179322014324 152
1694436624937 23.352212918984492 153
1694436624955 22.627864669657942 154
1694436624975 22.396623522178775 155
1694436624993 22.37943624210975 156
1694436625012 22.592971459903502 157
1694436625029 22.69781860618713 158
1694436625047 21.168789109785504 159
1694436625067 19.745650765354075 160
1694436625088 21.66122992542312 161
1694436625108 21.075753019782614 162
1694436625125 20.350478850767292 163
1694436625142 21.69640992539589 164
1694436625159 19.659242982217656 165
1694436625180 20.9370000584991 166
1694436625197 20.705433225924445 167
1694436625215 17.79858094882767 168
1694436625232 17.92362503137561 169
1694436625250 18.51300149223037 170
1694436625267 16.61832989513928 171
1694436625287 17.501829013462803 172
1694436625304 17.35682988877876 173
1694436625323 17.556739032666997 174
1694436625340 18.889077376464286 175
1694436625358 16.97973553340811 176
1694436625376 18.58192880506849 177
1694436625393 17.51930173184612 178
1694436625412 15.514481010945106 179
1694436625429 17.330545994361987 180
1694436625447 15.029880088248351 181
1694436625464 16.147184759661265 182
1694436625482 15.34795221680756 183
1694436625501 15.514365091719927 184
1694436625518 14.497495968626767 185
1694436625537 14.516743701485884 186
1694436625554 16.340051949307203 187
1694436625572 13.800089346675446 188
1694436625590 14.566549718808915 189
1694436625607 14.030847714603349 190
1694436625625 13.493623752007707 191
1694436625642 13.494545155335107 192
1694436625660 13.12408927810671 193
1694436625677 14.577806640492401 194
1694436625696 13.060035157550702 195
1694436625716 13.726381430467871 196
1694436625736 14.160701185006696 197
1694436625753 12.004402619142587 198
1694436625770 12.23767317659635 199
1694436625789 11.987679198820175 200
1694436625807 12.292920225588361 201
1694436625826 13.539963697531224 202
1694436625844 12.748139348400105 203
1694436625861 12.7820953871797 204
1694436625879 12.171509528268484 205
1694436625898 11.608665985208162 206
1694436625916 11.967133148768058 207
1694436625933 12.24671299948291 208
1694436625951 10.877278942585408 209
1694436625968 11.282423270989032 210
1694436625988 11.549853282606152 211
1694436626005 11.583551292296088 212
1694436626023 10.46619464799873 213
1694436626040 10.923241353797453 214
1694436626058 10.294348082302529 215
1694436626076 9.57825763404276 216
1694436626094 9.722122523941122 217
1694436626113 9.974861969066927 218
1694436626131 9.203223196216939 219
1694436626148 9.418048323802415 220
1694436626165 10.001539164281581 221
1694436626183 8.836802839646976 222
1694436626203 8.958882399235751 223
1694436626221 9.356945950313769 224
1694436626238 10.148066967106184 225
1694436626256 8.577673438543822 226
1694436626274 9.091388262131336 227
1694436626294 9.145633958605407 228
1694436626319 8.465248399613113 229
1694436626341 8.677074431598376 230
1694436626360 9.036247079200827 231
1694436626377 7.325346042493274 232
1694436626397 8.142133768998795 233
1694436626415 8.020785354043717 234
1694436626432 7.4351454202492535 235
1694436626450 8.573061390027453 236
1694436626467 7.989076867816503 237
1694436626485 7.181664499782841 238
1694436626504 8.777876016852677 239
1694436626522 8.031163132100806 240
1694436626540 7.09071165301489 241
1694436626557 6.568668648359302 242
1694436626575 7.182333635229446 243
1694436626595 6.1790567501979465 244
1694436626613 6.868972961623809 245
1694436626630 6.450014284080301 246
1694436626648 6.59501471687112 247
1694436626666 6.7676182609522755 248
1694436626683 6.478160952014248 249
1694436626703 6.923088129729058 250
1694436626720 6.676572590524495 251
1694436626739 6.654227082912364 252
1694436626756 6.039073173481575 253
1694436626773 5.796041559786281 254
1694436626791 6.4959387156305315 255
1694436626809 6.66772078201287 256
1694436626828 6.496714392515537 257
1694436626846 5.685756193804721 258
1694436626863 5.696267810185588 259
1694436626880 5.668345074938683 260
1694436626901 5.474950766134371 261
1694436626922 5.789873315462347 262
1694436626940 4.930813733475594 263
1694436626957 5.8472996084740485 264
1694436626975 4.105145128827533 265
1694436626993 5.3482827773966335 266
1694436627011 4.77247834593087 267
1694436627029 5.410830878741257 268
1694436627047 4.958750137040335 269
1694436627064 5.315504328588952 270
1694436627083 5.06228519221947 271
1694436627102 5.082872699170777 272
1694436627119 5.107125195496705 273
1694436627137 4.582894063093221 274
1694436627154 4.203518751569525 275
1694436627172 4.808714363236887 276
1694436627189 4.891512929556138 277
1694436627210 4.272637811699006 278
1694436627229 3.7060318800602485 279
1694436627246 3.6929755832803726 280
1694436627264 4.4293871813185826 281
1694436627281 5.241737083290807 282
1694436627300 4.444426358975464 283
1694436627320 3.9461489616016707 284
1694436627339 3.8476595704563272 285
1694436627356 3.2191861212501496 286
1694436627373 4.509730111331085 287
1694436627391 3.8324266035910677 288
1694436627410 4.40590412344807 289
1694436627428 4.058698459632237 290
1694436627445 3.6272833673432534 291
1694436627464 3.0611743895211747 292
1694436627481 3.8624288288779764 293
1694436627501 3.5819008256839484 294
1694436627520 3.4053414819977936 295
1694436627540 3.123842635033633 296
1694436627560 3.74296165832142 297
1694436627577 3.1256667591543716 298
1694436627595 2.9921787720208743 299
1694436627615 3.2154050919696315 300
1694436627632 3.950426305150728 301
1694436627651 2.9692068078950906 302
1694436627668 3.088422188197492 303
1694436627685 3.223357823969193 304
1694436627703 2.836601477088865 305
1694436627721 3.610335464097323 306
1694436627739 3.2790693300023377 307
1694436627757 3.208223278629952 308
1694436627774 2.968061870700899 309
1694436627791 2.982265557543134 310
1694436627811 2.5425994130112515 311
1694436627830 3.0476750664426633 312
1694436627847 2.5142934454484958 313
1694436627865 3.258291429065795 314
1694436627883 2.2597613064992346 315
1694436627901 2.931168575222633 316
1694436627920 2.5562925692293277 317
1694436627938 2.9763045355930657 318
1694436627956 2.83255371146256 319
1694436627974 2.5393003516273294 320
1694436627992 2.654053503173574 321
1694436628011 2.0492335519459726 322
1694436628029 2.703814385049624 323
1694436628047 1.9657021981883886 324
1694436628064 2.541765880967771 325
1694436628081 2.145750888790509 326
1694436628099 2.3493454915896685 327
1694436628119 2.241334047546681 328
1694436628137 2.713072009555392 329
1694436628160 2.673746539742624 330
1694436628178 2.406892724351749 331
1694436628195 2.2244662969385716 332
1694436628213 1.8552960732415529 333
1694436628231 1.9089855676228988 334
1694436628249 2.127016027212363 335
1694436628266 1.9025005887293032 336
1694436628284 2.313028226711705 337
1694436628301 2.4792000371242535 338
1694436628320 1.5639355325559894 339
1694436628338 2.3556120985403863 340
1694436628355 2.0340339208940548 341
1694436628372 2.9100927740762055 342
1694436628389 1.7890214223340812 343
1694436628406 2.242190635361248 344
1694436628426 1.8794169843854756 345
1694436628444 2.014004994000038 346
1694436628461 1.5985520211999729 347
1694436628478 1.697516812350511 348
1694436628495 2.101319496136568 349
1694436628514 1.8492846241256413 350
1694436628533 1.4627496320635431 351
1694436628550 1.6466853189043082 352
1694436628568 1.9421628981130141 353
1694436628585 2.0987492285914233 354
1694436628604 1.593782996955669 355
1694436628623 2.16550297930678 356
1694436628640 1.6763730023446022 357
1694436628659 1.5595869289153075 358
1694436628677 1.6053707444967509 359
1694436628694 1.2588720769847315 360
1694436628712 1.6172628683018286 361
1694436628732 1.300841055138162 362
1694436628751 1.3521466901101606 363
1694436628774 1.652102172104591 364
1694436628792 1.8283236131341223 365
1694436628809 1.147376062727586 366
1694436628828 1.791620035329578 367
1694436628846 2.1109031484471084 368
1694436628864 1.8960735110303975 369
1694436628881 1.3206450111175303 370
1694436628898 1.6557877015889229 371
1694436628917 1.6239902101114014 372
1694436628935 1.3885521208312626 373
1694436628952 1.2408979362639498 374
1694436628971 1.4621467004054156 375
1694436628989 1.3203624246031873 376
1694436629006 1.4161161432422937 377
1694436629025 1.465457553865813 378
1694436629043 1.5479922289137698 379
1694436629061 1.6445434242722747 380
1694436629079 1.7075711327360492 381
1694436629098 1.249090024159967 382
1694436629116 1.3891374676746149 383
1694436629135 1.3502982740461638 384
1694436629153 1.6549102774570859 385
1694436629170 1.0996062019967134 386
1694436629187 1.5341263665501867 387
1694436629205 1.1947501236936002 388
1694436629224 1.0217582549034856 389
1694436629242 1.0602506346657257 390
1694436629259 0.9624015640385103 391
1694436629277 1.0759701353486868 392
1694436629294 1.0839858575182513 393
1694436629311 0.9553406781132473 394
1694436629329 1.3025047657267002 395
1694436629351 0.8462950681817524 396
1694436629372 1.1425432737873433 397
1694436629391 1.2509251634324148 398
1694436629410 0.9672376682488659 399
1694436629429 1.1857202260603616 400
1694436629447 0.8020577607983377 401
1694436629464 0.9624691368339789 402
1694436629481 0.624381025316623 403
1694436629499 0.8916393597554277 404
1694436629517 0.8912263654418038 405
1694436629536 0.8340580287154795 406
1694436629553 0.9631167440767271 407
1694436629571 0.7734437667114458 408
1694436629588 0.716808861299038 409
1694436629606 0.9750141744440841 410
1694436629623 1.0976899261460245 411
1694436629642 0.8018632265533056 412
1694436629659 0.6787545628619249 413
1694436629676 0.7495561634719176 414
1694436629693 0.8346245411329613 415
1694436629710 0.8886992179617249 416
1694436629730 0.7384982805922721 417
1694436629747 0.6217065336175179 418
1694436629765 0.574647692288225 419
1694436629782 0.9000631197208574 420
1694436629800 0.5395571341511489 421
1694436629817 1.1219802285664924 422
1694436629836 0.9859077480697636 423
1694436629854 0.7235530940446131 424
1694436629872 0.44929473267775866 425
1694436629889 0.7141228007406059 426
1694436629907 0.8446344335183547 427
1694436629924 1.1162815120568097 428
1694436629944 0.5308725745251422 429
1694436629966 0.8873838663519803 430
1694436629985 0.9074062169680986 431
1694436630003 0.6834820770856913 432
1694436630021 0.5300332945962506 433
1694436630040 0.6613977666439806 434
1694436630058 0.6374363786177091 435
1694436630076 0.7600180888888836 436
1694436630093 0.6482195013735136 437
1694436630111 0.8343965191662245 438
1694436630129 0.6972562060165155 439
1694436630147 0.8763400911763906 440
1694436630164 0.3940455906091666 441
1694436630182 0.4823435962100971 442
1694436630199 0.5388835764670593 443
1694436630217 0.5417013957975717 444
1694436630235 0.7523571123195484 445
1694436630253 0.5149002864649935 446
1694436630270 0.6247935067339082 447
1694436630288 0.44246989547578935 448
1694436630305 0.600797852158852 449
1694436630324 0.5086027305814259 450
1694436630343 0.5183551208354441 451
1694436630360 0.6258313694391646 452
1694436630379 0.7009109777290227 453
1694436630398 0.6454107981112538 454
1694436630415 0.5167966522566595 455
1694436630434 0.6685350209719355 456
1694436630452 0.5942767492463419 457
1694436630470 0.43519716214336335 458
1694436630487 0.7150798604867222 459
1694436630504 0.4736443590481211 460
1694436630523 0.556868702060229 461
1694436630542 0.3559299933505468 462
1694436630563 0.36568650800381236 463
1694436630582 0.5082710181538964 464
1694436630600 0.4681610540479836 465
1694436630618 0.5244248674616047 466
1694436630638 0.30663482389910757 467
1694436630656 0.4076251804204115 468
1694436630674 0.4025559051755862 469
1694436630691 0.32039232386586575 470
1694436630709 0.4586923906194801 471
1694436630727 0.41357569760239643 472
1694436630745 0.39875955270170543 473
1694436630762 0.2607312093012914 474
1694436630779 0.5568954002084016 475
1694436630798 0.34244647206997075 476
1694436630819 0.4138604272888299 477
1694436630846 0.30013265720193577 478
1694436630874 0.3346435219151629 479
1694436630897 0.4221603995529028 480
1694436630916 0.4359862538990838 481
1694436630939 0.24469776656613496 482
1694436630960 0.48947154577023466 483
1694436630980 0.3784529859851034 484
1694436631001 0.362192332295172 485
1694436631021 0.39471020710741234 486
1694436631039 0.4239881384254062 487
1694436631057 0.42904240361890567 488
1694436631075 0.2487840016255988 489
1694436631093 0.4017918561969422 490
1694436631110 0.2865580781118901 491
1694436631128 0.2881631691453642 492
1694436631148 0.2914924564581737 493
1694436631170 0.5105732424983436 494
1694436631193 0.2747363393071575 495
1694436631211 0.48172222645813056 496
1694436631228 0.284675293775617 497
1694436631249 0.3980854325887556 498
1694436631267 0.3040645550001497 499
