1694436492825 169.19669551054895 0
1694436492844 168.858161486651 1
1694436492861 168.58791744699988 2
1694436492880 168.31809286623167 3
1694436492897 168.04870065090174 4
1694436492915 167.77974010486537 5
1694436492934 167.5112105358203 6
1694436492952 167.24311125257566 7
1694436492969 166.9754415650505 8
1694436492989 166.70820078427224 9
1694436493006 166.44138822237477 10
1694436493022 166.17500319259662 11
1694436493038 165.90904500927937 12
1694436493055 165.64351298786562 13
1694436493071 165.3784064448974 14
1694436493090 165.11372469801432 15
1694436493107 164.84946706595196 16
1694436493123 164.5856328685398 17
1694436493142 164.32222142669974 18
1694436493159 164.05923206244418 19
1694436493177 163.7966640988744 20
1694436493195 163.53451686017863 21
1694436493211 163.27278967163053 22
1694436493229 163.01148185958718 23
1694436493252 162.75059275148755 24
1694436493274 162.49012167585065 25
1694436493293 162.2300679622738 26
1694436493309 161.97043094143095 27
1694436493326 161.71120994507092 28
1694436493343 161.45240430601558 29
1694436493359 161.19401335815837 30
1694436493377 160.93603643646213 31
1694436493399 160.67847287695798 32
1694436493420 160.42132201674312 33
1694436493438 160.16458319397918 34
1694436493458 159.90825574789076 35
1694436493479 159.65233901876348 36
1694436493504 159.3968323479424 37
1694436493527 159.1417350778302 38
1694436493549 158.88704655188548 39
1694436493572 158.6327661146214 40
1694436493592 158.37889311160342 41
1694436493612 158.12542688944802 42
1694436493634 157.87236679582082 43
1694436493654 157.61971217943508 44
1694436493671 157.36746239004967 45
1694436493689 157.1156167784679 46
1694436493707 156.8641746965352 47
1694436493724 156.61313549713805 48
1694436493742 156.36249853420202 49
1694436493758 156.11226316268986 50
1694436493776 155.86242873860047 51
1694436493796 155.61299461896655 52
1694436493813 155.36396016185338 53
1694436493831 155.11532472635702 54
1694436493848 154.86708767260257 55
1694436493863 154.61924836174262 56
1694436493881 154.37180615595562 57
1694436493899 154.12476041844408 58
1694436493917 153.87811051343317 59
1694436493939 153.63185580616877 60
1694436493958 153.38599566291603 61
1694436493975 153.1405294509577 62
1694436493995 152.89545653859253 63
1694436494012 152.65077629513343 64
1694436494030 152.4064880909061 65
1694436494046 152.16259129724722 66
1694436494065 151.91908528650296 67
1694436494087 151.67596943202727 68
1694436494110 151.4332431081802 69
1694436494132 151.19090569032642 70
1694436494148 150.94895655483353 71
1694436494165 150.7073950790705 72
1694436494182 150.46622064140587 73
1694436494200 150.2254326212064 74
1694436494218 149.9850303988354 75
1694436494235 149.7450133556509 76
1694436494253 149.50538087400435 77
1694436494269 149.26613233723884 78
1694436494286 149.0272671296877 79
1694436494303 148.7887846366725 80
1694436494320 148.550684244502 81
1694436494338 148.31296534047004 82
1694436494354 148.07562731285444 83
1694436494371 147.83866955091506 84
1694436494390 147.6020914448923 85
1694436494408 147.36589238600558 86
1694436494425 147.1300717664519 87
1694436494441 146.89462897940385 88
1694436494461 146.65956341900852 89
1694436494485 146.42487448038565 90
1694436494508 146.19056155962608 91
1694436494525 145.9566240537903 92
1694436494542 145.72306136090685 93
1694436494559 145.48987287997062 94
1694436494575 145.25705801094156 95
1694436494595 145.0246161547429 96
1694436494613 144.79254671325967 97
1694436494629 144.56084908933724 98
1694436494646 144.3295226867797 99
1694436494662 144.09856691034815 100
1694436494680 143.86798116575963 101
1694436494697 143.63776485968495 102
1694436494714 143.4079173997478 103
1694436494732 143.1784381945226 104
1694436494749 142.94932665353357 105
1694436494767 142.7205821872527 106
1694436494783 142.49220420709844 107
1694436494801 142.2641921254343 108
1694436494819 142.03654535556714 109
1694436494836 141.80926331174558 110
1694436494856 141.58234540915885 111
1694436494876 141.3557910639349 112
1694436494893 141.129599693139 113
1694436494911 140.90377071477235 114
1694436494928 140.6783035477705 115
1694436494946 140.4531976120017 116
1694436494962 140.2284523282657 117
1694436494980 140.004067118292 118
1694436494999 139.78004140473848 119
1694436495016 139.5563746111898 120
1694436495032 139.33306616215606 121
1694436495050 139.11011548307118 122
1694436495066 138.88752200029148 123
1694436495083 138.66528514109416 124
1694436495102 138.4434043336759 125
1694436495120 138.22187900715116 126
1694436495137 138.00070859155102 127
1694436495153 137.77989251782157 128
1694436495170 137.55943021782224 129
1694436495187 137.33932112432467 130
1694436495205 137.11956467101098 131
1694436495222 136.9001602924725 132
1694436495239 136.68110742420805 133
1694436495255 136.46240550262286 134
1694436495272 136.24405396502675 135
1694436495288 136.02605224963276 136
1694436495305 135.8083997955559 137
1694436495324 135.59109604281159 138
1694436495340 135.37414043231394 139
1694436495357 135.15753240587478 140
1694436495373 134.94127140620182 141
1694436495390 134.7253568768975 142
1694436495408 134.5097882624573 143
1694436495425 134.29456500826856 144
1694436495442 134.0796865606087 145
1694436495459 133.86515236664417 146
1694436495476 133.65096187442876 147
1694436495494 133.43711453290234 148
1694436495512 133.22360979188923 149
1694436495528 133.01044710209703 150
1694436495545 132.79762591511496 151
1694436495563 132.58514568341263 152
1694436495583 132.37300586033854 153
1694436495606 132.16120590011855 154
1694436495627 131.94974525785477 155
1694436495643 131.73862338952387 156
1694436495659 131.5278397519758 157
1694436495675 131.31739380293234 158
1694436495692 131.10728500098568 159
1694436495711 130.89751280559724 160
1694436495727 130.68807667709584 161
1694436495744 130.47897607667676 162
1694436495761 130.2702104664 163
1694436495778 130.0617793091891 164
1694436495796 129.85368206882973 165
1694436495815 129.6459182099681 166
1694436495832 129.4384871981099 167
1694436495848 129.23138849961867 168
1694436495866 129.02462158171448 169
1694436495882 128.81818591247264 170
1694436495899 128.6120809608222 171
1694436495917 128.40630619654465 172
1694436495935 128.20086109027253 173
1694436495951 127.99574511348807 174
1694436495968 127.79095773852183 175
1694436495987 127.58649843855133 176
1694436496007 127.38236668759963 177
1694436496024 127.17856196053408 178
1694436496041 126.97508373306488 179
1694436496057 126.77193148174374 180
1694436496074 126.56910468396254 181
1694436496094 126.366602817952 182
1694436496115 126.16442536278028 183
1694436496132 125.96257179835166 184
1694436496149 125.76104160540521 185
1694436496166 125.55983426551343 186
1694436496182 125.35894926108088 187
1694436496199 125.15838607534292 188
1694436496216 124.95814419236427 189
1694436496234 124.7582230970378 190
1694436496250 124.5586222750831 191
1694436496266 124.3593412130452 192
1694436496283 124.16037939829317 193
1694436496300 123.96173631901894 194
1694436496317 123.76341146423579 195
1694436496334 123.56540432377723 196
1694436496351 123.3677143882955 197
1694436496367 123.17034114926034 198
1694436496384 122.9732840989577 199
1694436496403 122.77654273048836 200
1694436496420 122.58011653776673 201
1694436496438 122.38400501551934 202
1694436496454 122.18820765928375 203
1694436496471 121.99272396540717 204
1694436496488 121.79755343104505 205
1694436496504 121.60269555416 206
1694436496523 121.40814983352023 207
1694436496538 121.21391576869851 208
1694436496555 121.0199928600707 209
1694436496571 120.82638060881452 210
1694436496588 120.63307851690826 211
1694436496605 120.44008608712953 212
1694436496623 120.24740282305382 213
1694436496639 120.0550282290535 214
1694436496656 119.86296181029626 215
1694436496672 119.67120307274392 216
1694436496688 119.47975152315126 217
1694436496707 119.28860666906463 218
1694436496724 119.09776801882067 219
1694436496741 118.90723508154512 220
1694436496760 118.71700736715148 221
1694436496783 118.5270843863398 222
1694436496804 118.33746565059535 223
1694436496822 118.14815067218744 224
1694436496839 117.9591389641681 225
1694436496855 117.77043004037081 226
1694436496872 117.58202341540928 227
1694436496888 117.39391860467622 228
1694436496906 117.20611512434199 229
1694436496924 117.0186124913535 230
1694436496940 116.83141022343273 231
1694436496957 116.64450783907581 232
1694436496973 116.45790485755145 233
1694436496989 116.27160079889994 234
1694436497007 116.08559518393172 235
1694436497025 115.89988753422628 236
1694436497042 115.71447737213092 237
1694436497058 115.52936422075938 238
1694436497075 115.34454760399073 239
1694436497091 115.16002704646819 240
1694436497111 114.97580207359769 241
1694436497128 114.79187221154687 242
1694436497145 114.60823698724376 243
1694436497161 114.42489592837546 244
1694436497176 114.24184856338714 245
1694436497193 114.05909442148061 246
1694436497210 113.87663303261327 247
1694436497228 113.69446392749676 248
1694436497244 113.51258663759577 249
1694436497260 113.33100069512697 250
1694436497277 113.14970563305765 251
1694436497295 112.96870098510449 252
1694436497319 112.78798628573254 253
1694436497340 112.60756107015385 254
1694436497358 112.42742487432626 255
1694436497374 112.24757723495239 256
1694436497391 112.06801768947821 257
1694436497407 111.88874577609197 258
1694436497425 111.70976103372303 259
1694436497442 111.5310630020406 260
1694436497460 111.35265122145252 261
1694436497476 111.17452523310423 262
1694436497492 110.99668457887742 263
1694436497509 110.81912880138894 264
1694436497529 110.64185744398957 265
1694436497546 110.4648700507628 266
1694436497563 110.28816616652384 267
1694436497579 110.11174533681823 268
1694436497595 109.93560710792073 269
1694436497613 109.75975102683422 270
1694436497631 109.5841766412885 271
1694436497648 109.40888349973899 272
1694436497665 109.2338711513658 273
1694436497683 109.05913914607235 274
1694436497701 108.88468703448432 275
1694436497721 108.71051436794849 276
1694436497737 108.53662069853152 277
1694436497753 108.36300557901886 278
1694436497770 108.18966856291352 279
1694436497788 108.01660920443501 280
1694436497804 107.8438270585181 281
1694436497824 107.67132168081172 282
1694436497841 107.49909262767783 283
1694436497858 107.32713945619021 284
1694436497874 107.1554617241333 285
1694436497891 106.98405899000127 286
1694436497907 106.81293081299651 287
1694436497926 106.64207675302887 288
1694436497947 106.47149637071426 289
1694436497966 106.30118922737365 290
1694436497984 106.13115488503185 291
1694436498000 105.96139290641646 292
1694436498017 105.79190285495669 293
1694436498036 105.62268429478223 294
1694436498053 105.45373679072219 295
1694436498068 105.28505990830388 296
1694436498084 105.11665321375175 297
1694436498101 104.94851627398623 298
1694436498119 104.78064865662267 299
1694436498137 104.61304992997019 300
1694436498153 104.44571966303052 301
1694436498170 104.27865742549693 302
1694436498186 104.1118627877532 303
1694436498202 103.9453353208723 304
1694436498221 103.77907459661557 305
1694436498238 103.61308018743128 306
1694436498255 103.44735166645383 307
1694436498272 103.2818886075025 308
1694436498289 103.11669058508026 309
1694436498305 102.95175717437293 310
1694436498324 102.78708795124786 311
1694436498341 102.62268249225282 312
1694436498358 102.45854037461517 313
1694436498374 102.29466117624047 314
1694436498390 102.13104447571155 315
1694436498406 101.96768985228731 316
1694436498424 101.80459688590186 317
1694436498442 101.64176515716309 318
1694436498458 101.47919424735193 319
1694436498474 101.31688373842107 320
1694436498491 101.15483321299385 321
1694436498509 100.99304225436337 322
1694436498532 100.83151044649125 323
1694436498552 100.6702373740066 324
1694436498574 100.50922262220497 325
1694436498599 100.34846577704731 326
1694436498620 100.18796642515872 327
1694436498642 100.02772415382766 328
1694436498659 99.86773855100468 329
1694436498676 99.70800920530141 330
1694436498693 99.54853570598952 331
1694436498709 99.38931764299966 332
1694436498727 99.23035460692034 333
1694436498745 99.071646188997 334
1694436498761 98.91319198113078 335
1694436498778 98.75499157587761 336
1694436498795 98.5970445664471 337
1694436498812 98.43935054670146 338
1694436498832 98.28190911115459 339
1694436498849 98.12471985497082 340
1694436498866 97.96778237396404 341
1694436498882 97.81109626459657 342
1694436498899 97.65466112397809 343
1694436498915 97.49847654986479 344
1694436498935 97.34254214065804 345
1694436498952 97.18685749540359 346
1694436498969 97.0314222137904 347
1694436498985 96.8762358961497 348
1694436499002 96.72129814345388 349
1694436499019 96.56660855731555 350
1694436499037 96.41216673998638 351
1694436499054 96.25797229435615 352
1694436499071 96.10402482395179 353
1694436499088 95.95032393293627 354
1694436499105 95.79686922610753 355
1694436499122 95.6436603088976 356
1694436499144 95.49069678737146 357
1694436499167 95.33797826822608 358
1694436499184 95.18550435878946 359
1694436499202 95.03327466701946 360
1694436499220 94.88128880150292 361
1694436499238 94.72954637145457 362
1694436499254 94.57804698671617 363
1694436499271 94.42679025775524 364
1694436499287 94.27577579566432 365
1694436499304 94.12500321215981 366
1694436499321 93.974472119581 367
1694436499339 93.82418213088911 368
1694436499356 93.67413285966623 369
1694436499374 93.52432392011438 370
1694436499390 93.37475492705447 371
1694436499408 93.22542549592532 372
1694436499425 93.07633524278268 373
1694436499442 92.9274837842982 374
1694436499460 92.77887073775851 375
1694436499476 92.63049572106416 376
1694436499493 92.48235835272871 377
1694436499509 92.33445825187762 378
1694436499526 92.18679503824742 379
1694436499545 92.03936833218462 380
1694436499563 91.89217775464475 381
1694436499579 91.74522292719143 382
1694436499596 91.59850347199537 383
1694436499612 91.45201901183331 384
1694436499630 91.30576917008723 385
1694436499648 91.15975357074313 386
1694436499665 91.01397183839035 387
1694436499682 90.8684235982203 388
1694436499698 90.72310847602579 389
1694436499716 90.57802609819976 390
1694436499739 90.4331760917346 391
1694436499758 90.28855808422098 392
1694436499776 90.14417170384701 393
1694436499792 90.0000165793972 394
1694436499809 89.85609234025155 395
1694436499827 89.71239861638462 396
1694436499845 89.56893503836449 397
1694436499863 89.42570123735184 398
1694436499880 89.2826968450991 399
1694436499897 89.13992149394927 400
1694436499913 88.99737481683525 401
1694436499930 88.85505644727866 402
1694436499948 88.71296601938904 403
1694436499965 88.57110316786283 404
1694436499982 88.42946752798247 405
1694436499999 88.2880587356154 406
1694436500017 88.1468764272132 407
1694436500034 88.00592023981059 408
1694436500052 87.86518981102454 409
1694436500068 87.72468477905328 410
1694436500085 87.58440478267542 411
1694436500101 87.44434946124895 412
1694436500118 87.3045184547104 413
1694436500135 87.16491140357385 414
1694436500154 87.02552794893002 415
1694436500171 86.88636773244531 416
1694436500187 86.74743039636093 417
1694436500204 86.60871558349193 418
1694436500220 86.47022293722634 419
1694436500237 86.33195210152417 420
1694436500257 86.19390272091654 421
1694436500273 86.05607444050477 422
1694436500290 85.91846690595942 423
1694436500308 85.78107976351941 424
1694436500327 85.64391265999112 425
1694436500345 85.50696524274743 426
1694436500365 85.37023715972684 427
1694436500382 85.23372805943256 428
1694436500399 85.09743759093166 429
1694436500416 84.96136540385402 430
1694436500433 84.82551114839153 431
1694436500452 84.68987447529722 432
1694436500469 84.55445503588426 433
1694436500486 84.41925248202512 434
1694436500502 84.28426646615068 435
1694436500519 84.1494966412493 436
1694436500535 84.01494266086591 437
1694436500554 83.8806041791012 438
1694436500571 83.74648085061061 439
1694436500588 83.61257233060356 440
1694436500605 83.47887827484244 441
1694436500622 83.34539833964185 442
1694436500638 83.21213218186756 443
1694436500657 83.0790794589358 444
1694436500674 82.94623982881222 445
1694436500690 82.8136129500111 446
1694436500707 82.68119848159444 447
1694436500724 82.54899608317106 448
1694436500740 82.41700541489578 449
1694436500760 82.2852261374685 450
1694436500777 82.1536579121333 451
1694436500794 82.02230040067762 452
1694436500811 81.89115326543137 453
1694436500829 81.76021616926607 454
1694436500846 81.62948877559388 455
1694436500863 81.49897074836693 456
1694436500880 81.36866175207626 457
1694436500896 81.23856145175105 458
1694436500913 81.10866951295776 459
1694436500932 80.97898560179922 460
1694436500955 80.8495093849138 461
1694436500973 80.72024052947454 462
1694436500990 80.5911787031883 463
1694436501006 80.46232357429491 464
1694436501023 80.33367481156627 465
1694436501040 80.20523208430552 466
1694436501059 80.0769950623463 467
1694436501076 79.94896341605164 468
1694436501093 79.82113681631334 469
1694436501109 79.69351493455105 470
1694436501126 79.5660974427114 471
1694436501142 79.4388840132671 472
1694436501160 79.31187431921634 473
1694436501177 79.18506803408158 474
1694436501194 79.05846483190899 475
1694436501210 78.93206438726753 476
1694436501228 78.80586637524802 477
1694436501245 78.67987047146248 478
1694436501263 78.55407635204307 479
1694436501280 78.4284836936415 480
1694436501296 78.30309217342796 481
1694436501313 78.1779014690905 482
1694436501331 78.05291125883403 483
1694436501349 77.9281212213796 484
1694436501368 77.80353103596343 485
1694436501385 77.67914038233637 486
1694436501401 77.55494894076269 487
1694436501418 77.43095639201955 488
1694436501435 77.30716241739609 489
1694436501452 77.1835666986925 490
1694436501470 77.0601689182194 491
1694436501486 76.93696875879685 492
1694436501503 76.81396590375361 493
1694436501522 76.69116003692633 494
1694436501542 76.5685508426587 495
1694436501560 76.4461380058006 496
1694436501577 76.32392121170741 497
1694436501593 76.2019001462391 498
1694436501610 76.08007449575942 499
