1694435869906 0.00011630884799773579 0
1694435869979 0.002314225244237225 1
1694435870067 0.001209310701035897 2
1694435870142 0.11876096316131679 3
1694435870216 0.11996408128518155 4
1694435870293 0.05928182386931259 5
1694435870366 0.22810573760613556 6
1694435870442 0.16773094776239048 7
1694435870534 0.21178344743064992 8
1694435870617 0.00045150841629576965 9
1694435870689 0.00793198704352203 10
1694435870764 0.012519389975930467 11
1694435870838 0.1265351060316704 12
1694435870911 0.12774192098858358 13
1694435870984 0.08585474481556957 14
1694435871073 0.0009154375431921226 15
1694435871149 0.027628888659315582 16
1694435871229 0.10142044290247249 17
1694435871303 0.006891939755197065 18
1694435871377 0.18542465672988942 19
1694435871454 0.05438513019553014 20
1694435871529 0.00013530250204767824 21
1694435871604 0.7015397963304334 22
1694435871677 0.016177809317031337 23
1694435871751 0.05536687664008971 24
1694435871823 0.07264845673879079 25
1694435871896 0.02195608103369158 26
1694435871971 0.011047516675855606 27
1694435872046 0.04708751537654279 28
1694435872125 0.08834562779274939 29
1694435872198 0.03245845133091848 30
1694435872271 0.2746302631269343 31
1694435872347 0.002999968287910363 32
1694435872422 0.08913912651520672 33
1694435872494 0.03590920815399993 34
1694435872569 0.00447445834371156 35
1694435872642 0.08708555579786155 36
1694435872715 0.022070492137226946 37
1694435872789 0.0005560917673109533 38
1694435872863 0.0033979193119896486 39
1694435872942 0.2134590162576774 40
1694435873015 0.041619563822997994 41
1694435873090 0.00044956384909661907 42
1694435873165 0.10920570323299253 43
1694435873244 0.11968785442841624 44
1694435873317 0.02172878402209263 45
1694435873390 0.1640607037697353 46
1694435873465 0.02054775874273409 47
1694435873541 1.095984345715433 48
1694435873614 0.013111127168020525 49
1694435873688 0.0039679112899022595 50
1694435873764 0.005806878079249874 51
1694435873840 0.01409000880931481 52
1694435873913 0.0006464635775671157 53
1694435873988 0.02119451035946738 54
1694435874061 0.01984171355107121 55
1694435874133 0.0001657952645432011 56
1694435874206 0.18473310447704208 57
1694435874279 0.13418428499663743 58
1694435874354 0.40918961407404425 59
1694435874427 0.055561646566195465 60
1694435874501 0.02161257426932381 61
1694435874576 0.008612978109476034 62
1694435874651 0.35913711174723834 63
1694435874727 0.004461302708035757 64
1694435874801 0.06905648199615533 65
1694435874875 0.2694527611356898 66
1694435874948 0.013228413289249582 67
1694435875021 0.006857669450468945 68
1694435875095 0.7309905382380886 69
1694435875169 0.13013609024620929 70
1694435875244 0.05398459090030827 71
1694435875320 0.009923967289313823 72
1694435875394 0.0593529441267066 73
1694435875470 0.034772796611999036 74
1694435875544 0.12793398087514013 75
1694435875619 0.204298835088094 76
1694435875693 0.13448708674900922 77
1694435875769 0.0020253039491945233 78
1694435875842 0.12334704796860835 79
1694435875916 0.05281753581910937 80
1694435875990 0.0910124017156709 81
1694435876065 0.00032831878080908863 82
1694435876138 0.2720716658525873 83
1694435876211 0.33024958235947066 84
1694435876286 0.14427055629215407 85
1694435876361 0.08328843036145835 86
1694435876435 0.20412220186563892 87
1694435876511 0.10645942467038773 88
1694435876585 0.003671671701852205 89
1694435876660 0.0930404823971089 90
1694435876733 0.000356808111912795 91
1694435876806 0.0011976448333766712 92
1694435876881 0.12667162603420487 93
1694435876954 0.1571701806822787 94
1694435877028 0.2912939835409532 95
1694435877102 0.05473042797479109 96
1694435877176 0.07263101600915989 97
1694435877253 0.3444122472125521 98
1694435877329 0.02811447299414464 99
1694435877405 0.0006181641226095746 100
1694435877481 0.05516203326380728 101
1694435877553 0.00045098671546013125 102
1694435877625 0.03644578413163134 103
1694435877699 0.7175756199639514 104
1694435877773 0.020313528637514115 105
1694435877846 0.19943863007207838 106
1694435877919 0.008117243031857598 107
1694435877993 0.014562760628082264 108
1694435878065 0.28517180383301405 109
1694435878141 0.056739322292661355 110
1694435878217 0.36090010770875636 111
1694435878296 0.007408365735958033 112
1694435878369 0.05614078285422278 113
1694435878444 0.15775996439994197 114
1694435878519 0.008826970163520907 115
1694435878593 0.18770141056036652 116
1694435878665 0.041864792709832066 117
1694435878738 0.32964657625903415 118
1694435878813 0.07357886673106881 119
1694435878887 0.08962047503018884 120
1694435878960 0.0007408004632083814 121
1694435879041 0.0051751349466698585 122
1694435879114 0.35717388030663766 123
1694435879189 4.632203862888617e-06 124
1694435879262 0.0018401423505783067 125
1694435879338 0.006691015857594932 126
1694435879412 0.002579359531675849 127
1694435879485 0.13903197932474862 128
1694435879559 0.07210709114354416 129
1694435879634 0.024654702478528957 130
1694435879709 0.0688768159118673 131
1694435879783 0.03321906707391166 132
1694435879858 0.10622825217694604 133
1694435879933 0.00394360272683982 134
1694435880010 0.006133666194348383 135
1694435880086 0.08377461361822304 136
1694435880162 0.20411219534711114 137
1694435880237 0.01271641140603552 138
1694435880314 0.5456151420974047 139
1694435880386 0.019142931325147713 140
1694435880464 0.11450950285418825 141
1694435880538 0.0014530023016779694 142
1694435880612 0.043857766420080456 143
1694435880688 0.000830624449575413 144
1694435880765 0.20539446136319794 145
1694435880842 0.8765339748968122 146
1694435880917 0.006218576743045711 147
1694435880990 0.18159972455167303 148
1694435881064 0.12992543265718612 149
1694435881137 0.09276244296178053 150
1694435881210 0.011015860736592947 151
1694435881284 0.0016613890932950675 152
1694435881358 0.002653923994761193 153
1694435881432 0.015937104438119704 154
1694435881506 0.8809798489970894 155
1694435881583 0.014682650603472966 156
1694435881659 0.14187931018893904 157
1694435881734 0.17760421711744234 158
1694435881807 0.0009622436504460599 159
1694435881881 0.15497114935866005 160
1694435881956 0.2888949009238299 161
1694435882029 0.0310226130620351 162
1694435882101 0.0009420201169720785 163
1694435882175 0.11256456322056453 164
1694435882249 0.041308520078162 165
1694435882322 0.05699729969230853 166
1694435882395 0.04209432124698836 167
1694435882472 0.7242566678777781 168
1694435882547 0.4279938094608947 169
1694435882620 0.012431871218679488 170
1694435882693 0.01624851863801827 171
1694435882767 0.00010951036493459197 172
1694435882842 0.0024831503892909254 173
1694435882915 0.0982801654583304 174
1694435882990 0.012144689830953815 175
1694435883065 0.09035218832152145 176
1694435883140 0.003411972177004293 177
1694435883213 0.00013064871213083794 178
1694435883287 0.014707374535910145 179
1694435883364 0.007370480105461383 180
1694435883439 0.10846720935566856 181
1694435883514 0.0006993690034614489 182
1694435883588 0.006298622298403869 183
1694435883666 0.0005911513622723204 184
1694435883741 0.012831378241693043 185
1694435883812 0.010328292660655297 186
1694435883888 0.05518607128395779 187
1694435883964 0.09299401754874925 188
1694435884040 0.02730341656894824 189
1694435884112 0.02060785100851791 190
1694435884186 0.05304203161860878 191
1694435884261 0.209491151832236 192
1694435884336 0.10078060737505358 193
1694435884408 0.010094551939808283 194
1694435884483 0.0005991169540128029 195
1694435884557 0.005582595851297472 196
1694435884631 0.12665757751309661 197
1694435884706 0.15676294995769507 198
1694435884782 1.600284254958599 199
1694435884855 0.00033316128687590856 200
1694435884928 0.056799220910330454 201
1694435885007 0.059266691421566195 202
1694435885082 0.022944171630732393 203
1694435885155 0.2597310491879946 204
1694435885229 0.18225088071030893 205
1694435885305 0.07571992235191764 206
1694435885380 0.2274844437144116 207
1694435885453 4.904013419835185e-05 208
1694435885525 1.049379581361768e-06 209
1694435885599 0.008982471169227487 210
1694435885672 9.55451125719468e-05 211
1694435885747 0.08654925215269921 212
1694435885820 0.0006349085652698045 213
1694435885896 0.33366363395705656 214
1694435885971 0.8212310857397844 215
1694435886043 0.01726145941613761 216
1694435886117 0.165837989346432 217
1694435886190 0.13214453705804094 218
1694435886264 0.0008677728309995103 219
1694435886336 0.49759823802794095 220
1694435886409 0.07881576379657464 221
1694435886485 0.12841271544054736 222
1694435886562 3.467140019854023e-05 223
1694435886633 0.07610511194074203 224
1694435886710 0.0789576417469854 225
1694435886786 0.00672937618896843 226
1694435886860 0.24048892989698112 227
1694435886931 0.0009020047684961116 228
1694435887005 0.6788518177822354 229
1694435887080 0.9103333255473982 230
1694435887153 0.07351626528192594 231
1694435887228 0.0856882073515067 232
1694435887303 0.25097774454004895 233
1694435887380 0.034223253445368036 234
1694435887452 0.0005768353625127142 235
1694435887527 0.03148918188550063 236
1694435887603 0.08126717869845236 237
1694435887678 6.179204816359199e-05 238
1694435887751 0.013437341519267156 239
1694435887825 0.009097251620615272 240
1694435887901 0.14249303494904567 241
1694435887976 0.001758691023676962 242
1694435888049 0.004001794231459907 243
1694435888122 0.31012570941944767 244
1694435888197 0.001068558748665562 245
1694435888272 0.21502696337300187 246
1694435888345 0.06785141677366392 247
1694435888427 0.4649505725814257 248
1694435888506 1.352009435291088 249
1694435888580 0.09654750441930805 250
1694435888653 8.173474834771465e-06 251
1694435888728 0.0005791389153383719 252
1694435888801 0.0032549788027784314 253
1694435888874 0.07213408466405587 254
1694435888948 0.5460124682972067 255
1694435889022 0.3617038667791029 256
1694435889096 0.21586565668926028 257
1694435889168 0.002328440702433995 258
1694435889242 0.0010576222137304184 259
1694435889319 0.1454126755419614 260
1694435889400 0.09807740338191927 261
1694435889473 0.26781653497969665 262
1694435889547 0.02102062855316782 263
1694435889622 0.005373261338148968 264
1694435889698 0.19448858286365017 265
1694435889770 0.0882694966330498 266
1694435889844 0.18456742376687874 267
1694435889917 0.26572774715527253 268
1694435889991 0.014688904508237313 269
1694435890064 0.009936884717380813 270
1694435890141 0.22921668554690627 271
1694435890216 0.37434795221920547 272
1694435890291 0.08673772878110961 273
1694435890365 0.01857446413066623 274
1694435890440 0.525664143109923 275
1694435890516 0.016801118985182932 276
1694435890588 0.08724434796297881 277
1694435890663 0.03112961534649899 278
1694435890738 0.01860809469968685 279
1694435890813 3.652505934839282e-08 280
1694435890886 0.013436183685802029 281
1694435890960 0.003107207078086909 282
1694435891037 0.015167622290856154 283
1694435891114 0.00040984947128211045 284
1694435891187 0.08805032472542608 285
1694435891262 0.16528852248064785 286
1694435891338 0.3319620997705684 287
1694435891413 0.40373623386304325 288
1694435891486 0.4034000076829407 289
1694435891560 0.0014734861028086362 290
1694435891634 0.07334600756731255 291
1694435891708 0.11890059824799838 292
1694435891782 0.07478573283491449 293
1694435891859 1.030789340911057 294
1694435891932 0.10637772869839593 295
1694435892007 6.53286783149517e-05 296
1694435892082 0.04318562694190869 297
1694435892156 0.06226021131871569 298
1694435892231 0.1911633213944725 299
1694435892304 0.47805165704672287 300
1694435892379 0.31345053111837123 301
1694435892453 0.023559813983474794 302
1694435892527 0.11185217596316502 303
1694435892599 0.41795661731544015 304
1694435892673 0.004387839035832541 305
1694435892746 0.0726928075523349 306
1694435892819 0.24369848159431845 307
1694435892892 0.06134279506295371 308
1694435892966 0.08016700446491358 309
1694435893041 0.197717836074726 310
1694435893113 0.000787489304259571 311
1694435893188 0.00039532097275226427 312
1694435893262 0.04335110311935043 313
1694435893339 0.0003037659897559133 314
1694435893410 0.23135401988070825 315
1694435893485 0.039635603636251154 316
1694435893572 0.025389179673102044 317
1694435893650 0.16106897262494482 318
1694435893723 0.1328956664720708 319
1694435893798 0.019077709899771502 320
1694435893871 0.001980656997291934 321
1694435893945 0.14767761522990056 322
1694435894017 3.215890218971216e-05 323
1694435894092 0.002612805245481568 324
1694435894164 0.17813656524449906 325
1694435894240 0.2830561838375903 326
1694435894323 0.3207529308886476 327
1694435894397 0.02556624648422494 328
1694435894474 0.1862191912993544 329
1694435894547 0.012184780918927662 330
1694435894619 0.05029464737505895 331
1694435894694 0.0295510184198508 332
1694435894769 0.08024561985082167 333
1694435894842 0.11579475683418801 334
1694435894915 0.05765768046219927 335
1694435894988 0.04517940828614073 336
1694435895061 0.03333515421559808 337
1694435895133 0.01775934206985921 338
1694435895207 0.09886077254759981 339
1694435895280 0.0004529790848046443 340
1694435895363 0.1697550124030314 341
1694435895435 0.27665225570143237 342
1694435895509 9.856639944684289e-05 343
1694435895585 0.009482635529773582 344
1694435895661 0.07342444985524343 345
1694435895735 0.13511528241758888 346
1694435895810 0.0002547441028380698 347
1694435895884 0.09038920245200906 348
1694435895959 0.11826126149383673 349
1694435896031 0.08250576934487051 350
1694435896104 0.2713810003236324 351
1694435896180 0.2390079090491633 352
1694435896259 0.002680875913147617 353
1694435896331 9.621371209510834e-05 354
1694435896406 9.542167071645222e-05 355
1694435896481 0.020686008100335978 356
1694435896554 0.011035393083658702 357
1694435896626 0.0145391897791567 358
1694435896702 0.017528656835155518 359
1694435896776 0.005229585759162056 360
1694435896848 0.018767137927626888 361
1694435896923 0.06788144228956972 362
1694435896997 0.09741685390960873 363
1694435897075 0.0048996667120744354 364
1694435897147 1.2325478798628868 365
1694435897221 0.04404634123141127 366
1694435897295 0.21040997375792234 367
1694435897369 0.002461708062220286 368
1694435897442 0.02009863576631769 369
1694435897515 0.38179026065118005 370
1694435897588 0.016259685114738444 371
1694435897662 0.00048621858731939387 372
1694435897734 0.0013469497784918604 373
1694435897808 0.2534178465171137 374
1694435897883 0.003925522527952188 375
1694435897964 0.18118030921341294 376
1694435898037 0.0009512372372823006 377
1694435898112 0.0911756703088218 378
1694435898187 0.002094839711241923 379
1694435898260 0.10267606030777592 380
1694435898333 0.0058671210734971505 381
1694435898408 0.03198185737278499 382
1694435898482 0.25915436377712536 383
1694435898556 0.36736857758048297 384
1694435898632 0.05969595053068776 385
1694435898727 0.6483683644210418 386
1694435898825 0.0062567375322485925 387
1694435898909 0.4433836599871853 388
1694435898991 0.11881605845473925 389
1694435899064 6.212517405005138e-06 390
1694435899138 0.250660153306657 391
1694435899213 0.08658811597616556 392
1694435899287 0.0567272458041899 393
1694435899362 0.01873257160655658 394
1694435899437 0.5015064166167692 395
1694435899513 0.2773176676797896 396
1694435899586 0.020755232966779783 397
1694435899665 0.008921741524893872 398
1694435899740 0.04493923780615114 399
1694435899815 0.009170707605802136 400
1694435899890 0.015002367823187724 401
1694435899963 0.6138985732252655 402
1694435900037 0.0002681573046161475 403
1694435900121 0.19750577237188727 404
1694435900196 0.00772608244307101 405
1694435900270 0.10305456256086344 406
1694435900345 0.019532207782644858 407
1694435900421 0.09734306421692825 408
1694435900498 4.11683956257623e-05 409
1694435900576 0.00427729878836277 410
1694435900650 0.0009915297577922685 411
1694435900726 0.05134119909990794 412
1694435900801 0.018143096039885478 413
1694435900873 0.10568973745000838 414
1694435900948 0.02526742488706271 415
1694435901024 0.0025148776491148613 416
1694435901097 0.0784699713129347 417
1694435901171 0.08085200352406625 418
1694435901245 0.13859611224350107 419
1694435901324 0.05793374870040008 420
1694435901408 0.0032544873227833824 421
1694435901481 1.3592968016051872 422
1694435901553 0.31650673424197934 423
1694435901630 0.015663348995381753 424
1694435901705 0.013885176802488608 425
1694435901777 0.0811071217997012 426
1694435901852 0.0033388732453265746 427
1694435901927 0.0005538617637056704 428
1694435902000 0.03755228988533307 429
1694435902073 6.440076438074374e-05 430
1694435902147 0.18663168035235977 431
1694435902225 0.01162895939761722 432
1694435902301 0.6134394680316955 433
1694435902374 0.06873639203150637 434
1694435902447 0.19799958997211356 435
1694435902522 0.0400613953639317 436
1694435902593 0.18713355580965219 437
1694435902669 0.015215140214158504 438
1694435902744 0.025449062027076457 439
1694435902819 0.19030139771187643 440
1694435902890 0.1402377771074706 441
1694435902965 0.8332341933556127 442
1694435903043 0.39592671856272305 443
1694435903119 0.07228896575391136 444
1694435903192 0.18913818394170262 445
1694435903266 0.04012281910137539 446
1694435903343 1.018865183134848 447
1694435903417 0.04241306307316736 448
1694435903490 0.05560623846998898 449
1694435903562 0.24659854418540575 450
1694435903637 0.06148475556584677 451
1694435903713 0.052699302137064356 452
1694435903786 2.9688229753449394e-05 453
1694435903860 0.005278424671646288 454
1694435903933 0.2500408046221574 455
1694435904009 0.5841962318642391 456
1694435904083 0.19853464027765358 457
1694435904158 0.10522614434880642 458
1694435904233 0.1206828903812801 459
1694435904306 0.18157705460479107 460
1694435904380 0.019965292479111756 461
1694435904452 1.8059548241801697 462
1694435904526 0.026212565189703475 463
1694435904600 0.04594827240742982 464
1694435904674 0.024271109248295734 465
1694435904748 0.1047289933444365 466
1694435904825 0.489869722167878 467
1694435904899 0.0007771752431740787 468
1694435904978 0.08514930900907945 469
1694435905053 0.2955654255773808 470
1694435905126 0.07732863469338597 471
1694435905200 0.0051518903635654105 472
1694435905272 0.26021705869524164 473
1694435905348 0.002748653223055899 474
1694435905421 0.017966980781095564 475
1694435905496 0.029455334178749 476
1694435905571 0.08983438026252498 477
1694435905646 0.3990298681204681 478
1694435905720 0.8291607422883599 479
1694435905793 0.4010650505120774 480
1694435905868 0.20382545088784718 481
1694435905943 0.03808554576715979 482
1694435906016 0.013868788827675406 483
1694435906088 0.029951212908455278 484
1694435906165 0.39806952126151207 485
1694435906239 0.02995298329545648 486
1694435906312 0.06235436965635566 487
1694435906387 0.014521709755560512 488
1694435906462 0.09088199508243294 489
1694435906534 0.18998787530302486 490
1694435906616 0.0888309787787959 491
1694435906689 0.6076202954796287 492
1694435906765 0.061522010223711766 493
1694435906837 0.00023547109812380044 494
1694435906914 0.11313809538793371 495
1694435906989 0.020154994553121787 496
1694435907065 0.0004829471236960457 497
1694435907138 0.09091783899092841 498
1694435907210 0.429847872660228 499
