1694432700235 169.19669551054895 0
1694432700252 168.858161486651 1
1694432700268 168.5896665545251 2
1694432700285 168.32123683891095 3
1694432700302 168.05323609473928 4
1694432700319 167.78566355949957 5
1694432700337 167.51851854771868 6
1694432700354 167.25180037500672 7
1694432700371 166.98550835807114 8
1694432700388 166.71964181471526 9
1694432700404 166.45420006383617 10
1694432700420 166.1891824254233 11
1694432700438 165.92458822055636 12
1694432700453 165.66041677140385 13
1694432700469 165.39666740122118 14
1694432700485 165.1333394343489 15
1694432700501 164.87043219621103 16
1694432700518 164.6079450133133 17
1694432700534 164.34587721324135 18
1694432700550 164.0842281246591 19
1694432700566 163.82299707730692 20
1694432700583 163.5621834019999 21
1694432700600 163.30178643062635 22
1694432700616 163.04180549614563 23
1694432700632 162.78223993258686 24
1694432700648 162.52308907504698 25
1694432700666 162.2643522596891 26
1694432700683 162.00602882374076 27
1694432700699 161.74811810549224 28
1694432700716 161.49061944429477 29
1694432700732 161.23353218055894 30
1694432700748 160.97685565575313 31
1694432700764 160.72058921240128 32
1694432700781 160.4647321940819 33
1694432700798 160.20928394542582 34
1694432700815 159.9542438121147 35
1694432700831 159.69961114087948 36
1694432700847 159.44538527949845 37
1694432700863 159.1915655767957 38
1694432700879 158.93815138263946 39
1694432700895 158.6851420479403 40
1694432700911 158.43253692464958 41
1694432700929 158.18033536575774 42
1694432700945 157.92853672529264 43
1694432700962 157.6771403583178 44
1694432700978 157.4261456209309 45
1694432700995 157.17555187026196 46
1694432701011 156.92535846447177 47
1694432701030 156.67556476275018 48
1694432701047 156.42617012531466 49
1694432701063 156.17717391340827 50
1694432701080 155.9285754892982 51
1694432701098 155.68037421627434 52
1694432701118 155.4325694586472 53
1694432701136 155.1851605817467 54
1694432701156 154.9381469519202 55
1694432701176 154.69152793653106 56
1694432701195 154.44530290395699 57
1694432701214 154.19947122358823 58
1694432701234 153.9540322658263 59
1694432701251 153.70898540208196 60
1694432701269 153.46433000477384 61
1694432701288 153.22006544732676 62
1694432701306 152.9761911041701 63
1694432701326 152.7327063507362 64
1694432701345 152.48961056345883 65
1694432701363 152.24690311977136 66
1694432701380 152.00458339810535 67
1694432701397 151.76265077788892 68
1694432701413 151.5211046395451 69
1694432701430 151.27994436449018 70
1694432701447 151.03916933513227 71
1694432701463 150.7987789348696 72
1694432701478 150.5587725480889 73
1694432701496 150.319149560164 74
1694432701513 150.0799093574539 75
1694432701529 149.8410513273015 76
1694432701545 149.602574858032 77
1694432701561 149.36447933895104 78
1694432701577 149.12676416034347 79
1694432701594 148.88942871347157 80
1694432701610 148.6524723905736 81
1694432701627 148.41589458486203 82
1694432701644 148.17969469052224 83
1694432701659 147.94387210271074 84
1694432701675 147.70842621755378 85
1694432701692 147.4733564321457 86
1694432701707 147.23866214454733 87
1694432701724 147.00434275378456 88
1694432701741 146.77039765984662 89
1694432701757 146.53682626368482 90
1694432701774 146.30362796721064 91
1694432701791 146.07080217329442 92
1694432701807 145.83834828576389 93
1694432701823 145.6062657094023 94
1694432701840 145.37455384994726 95
1694432701856 145.14321211408904 96
1694432701872 144.91223990946895 97
1694432701889 144.68163664467787 98
1694432701905 144.45140172925502 99
1694432701922 144.2215345736858 100
1694432701938 143.992034589401 101
1694432701954 143.76290118877463 102
1694432701969 143.53413378512303 103
1694432701986 143.30573179270266 104
1694432702002 143.07769462670927 105
1694432702020 142.85002170327593 106
1694432702038 142.62271243947163 107
1694432702056 142.3957662533 108
1694432702072 142.16918256369746 109
1694432702089 141.94296079053197 110
1694432702107 141.71710035460146 111
1694432702123 141.4916006776323 112
1694432702140 141.26646118227785 113
1694432702156 141.04168129211706 114
1694432702172 140.81726043165267 115
1694432702189 140.59319802631015 116
1694432702206 140.3694935024359 117
1694432702222 140.14614628729592 118
1694432702239 139.92315580907433 119
1694432702256 139.7005214968717 120
1694432702272 139.478242780704 121
1694432702288 139.25631909150064 122
1694432702304 139.03474986110336 123
1694432702321 138.81353452226452 124
1694432702337 138.59267250864585 125
1694432702354 138.3721632548169 126
1694432702370 138.1520061962535 127
1694432702387 137.9322007693364 128
1694432702404 137.71274641134983 129
1694432702420 137.49364256047997 130
1694432702438 137.27488865581367 131
1694432702454 137.05648413733667 132
1694432702469 136.8384284459325 133
1694432702487 136.6207210233809 134
1694432702503 136.40336131235637 135
1694432702519 136.1863487564267 136
1694432702536 135.96968280005166 137
1694432702553 135.75336288858145 138
1694432702569 135.53738846825524 139
1694432702585 135.32175898620005 140
1694432702601 135.10647389042876 141
1694432702617 134.8915326298393 142
1694432702634 134.67693465421274 143
1694432702650 134.46267941421218 144
1694432702667 134.24876636138123 145
1694432702684 134.03519494814248 146
1694432702700 133.8219646277964 147
1694432702716 133.60907485451958 148
1694432702732 133.3965250833635 149
1694432702748 133.18431477025314 150
1694432702765 132.97244337198552 151
1694432702782 132.76091034622826 152
1694432702800 132.5497151515184 153
1694432702816 132.33885724726065 154
1694432702832 132.12833609372635 155
1694432702849 131.91815115205173 156
1694432702865 131.70830188423696 157
1694432702881 131.4987877531443 158
1694432702897 131.289608222497 159
1694432702913 131.08076275687796 160
1694432702929 130.87225082172796 161
1694432702946 130.66407188334483 162
1694432702963 130.4562254088817 163
1694432702978 130.24871086634565 164
1694432702994 130.04152772459656 165
1694432703010 129.8346754533455 166
1694432703026 129.62815352315351 167
1694432703044 129.4219614054301 168
1694432703060 129.21609857243206 169
1694432703077 129.01056449726198 170
1694432703094 128.80535865386702 171
1694432703109 128.60048051703725 172
1694432703126 128.3959295624047 173
1694432703144 128.19170526644166 174
1694432703161 127.98780710645963 175
1694432703179 127.78423456060771 176
1694432703197 127.58098710787145 177
1694432703212 127.37806422807138 178
1694432703228 127.17546540186174 179
1694432703246 126.97319011072908 180
1694432703263 126.771237836991 181
1694432703279 126.56960806379483 182
1694432703295 126.3683002751161 183
1694432703311 126.16731395575746 184
1694432703328 125.96664859134728 185
1694432703345 125.76630366833821 186
1694432703361 125.56627867400594 187
1694432703378 125.36657309644794 188
1694432703394 125.16718642458203 189
1694432703410 124.96811814814511 190
1694432703426 124.76936775769191 191
1694432703444 124.57093474459349 192
1694432703460 124.37281860103617 193
1694432703475 124.17501882002007 194
1694432703492 123.97753489535775 195
1694432703508 123.78036632167314 196
1694432703524 123.58351259439996 197
1694432703540 123.38697320978062 198
1694432703557 123.19074766486482 199
1694432703573 122.99483545750829 200
1694432703590 122.7992360863715 201
1694432703606 122.60394905091833 202
1694432703623 122.4089738514149 203
1694432703640 122.21430998892802 204
1694432703657 122.01995696532425 205
1694432703673 121.82591428326833 206
1694432703690 121.63218144622208 207
1694432703706 121.43875795844295 208
1694432703722 121.24564332498295 209
1694432703738 121.05283705168722 210
1694432703755 120.86033864519278 211
1694432703772 120.66814761292733 212
1694432703788 120.47626346310791 213
1694432703804 120.28468570473964 214
1694432703820 120.0934138476145 215
1694432703837 119.90244740231 216
1694432703854 119.71178588018799 217
1694432703869 119.52142879339334 218
1694432703886 119.33137565485274 219
1694432703901 119.14162597827338 220
1694432703917 118.95217927814177 221
1694432703934 118.76303506972242 222
1694432703951 118.57419286905662 223
1694432703968 118.38565219296119 224
1694432703984 118.19741255902728 225
1694432704000 118.00947348561907 226
1694432704017 117.82183449187248 227
1694432704033 117.63449509769409 228
1694432704050 117.44745482375976 229
1694432704066 117.26071319151347 230
1694432704082 117.074269723166 231
1694432704099 116.88812394169385 232
1694432704115 116.70227537083787 233
1694432704131 116.51672353510206 234
1694432704149 116.3314679597524 235
1694432704165 116.14650817081562 236
1694432704181 115.96184369507795 237
1694432704197 115.77747406008379 238
1694432704213 115.59339879413479 239
1694432704229 115.40961742628832 240
1694432704246 115.22612948635644 241
1694432704263 115.04293450490465 242
1694432704279 114.86003201325065 243
1694432704296 114.67742154346311 244
1694432704313 114.49510262836057 245
1694432704329 114.31307480151017 246
1694432704345 114.13133759722639 247
1694432704362 113.94989055056998 248
1694432704378 113.76873319734662 249
1694432704394 113.58786507410589 250
1694432704410 113.4072857181399 251
1694432704426 113.22699466748222 252
1694432704443 113.04699146090667 253
1694432704459 112.86727563792603 254
1694432704476 112.687846738791 255
1694432704492 112.50870430448899 256
1694432704508 112.32984787674283 257
1694432704524 112.15127699800966 258
1694432704540 111.97299121147982 259
1694432704558 111.7949900610755 260
1694432704573 111.61727309144976 261
1694432704591 111.43983984798523 262
1694432704606 111.26268987679296 263
1694432704623 111.08582272471128 264
1694432704639 110.9092379393046 265
1694432704655 110.73293506886235 266
1694432704671 110.55691366239759 267
1694432704687 110.38117326964608 268
1694432704704 110.205713441065 269
1694432704720 110.03053372783184 270
1694432704736 109.8556336818432 271
1694432704753 109.68101285571366 272
1694432704769 109.50667080277464 273
1694432704786 109.3326070770732 274
1694432704804 109.158821233371 275
1694432704820 108.985312827143 276
1694432704836 108.81208141457648 277
1694432704853 108.63912655256969 278
1694432704869 108.466447798731 279
1694432704886 108.29404471137742 280
1694432704902 108.12191684953376 281
1694432704918 107.9500637729313 282
1694432704935 107.77848504200676 283
1694432704951 107.60718021790113 284
1694432704967 107.43614886245848 285
1694432704983 107.26539053822499 286
1694432704999 107.09490480844767 287
1694432705015 106.92469123707329 288
1694432705032 106.75474938874729 289
1694432705048 106.58507882881256 290
1694432705065 106.4156791233085 291
1694432705082 106.24654983896968 292
1694432705098 106.0776905432249 293
1694432705115 105.909100804196 294
1694432705131 105.74078019069675 295
1694432705148 105.57272827223171 296
1694432705164 105.40494461899523 297
1694432705180 105.23742880187024 298
1694432705196 105.07018039242715 299
1694432705212 104.90319896292281 300
1694432705228 104.7364840862994 301
1694432705244 104.5700353361832 302
1694432705260 104.40385228688366 303
1694432705276 104.23793451339229 304
1694432705294 104.07228159138141 305
1694432705309 103.90689309720321 306
1694432705326 103.74176860788864 307
1694432705343 103.57690770114627 308
1694432705360 103.41230995536114 309
1694432705376 103.24797494959387 310
1694432705393 103.08390226357942 311
1694432705409 102.92009147772607 312
1694432705425 102.75654217311427 313
1694432705442 102.59325393149567 314
1694432705459 102.43022633529193 315
1694432705475 102.26745896759375 316
1694432705491 102.10495141215974 317
1694432705507 101.94270325341527 318
1694432705523 101.78071407645162 319
1694432705539 101.61898346702469 320
1694432705556 101.45751101155403 321
1694432705573 101.29629629712177 322
1694432705590 101.13533891147155 323
1694432705605 100.97463844300745 324
1694432705622 100.81419448079292 325
1694432705639 100.65400661454984 326
1694432705656 100.49407443465724 327
1694432705672 100.33439753215045 328
1694432705689 100.17497549871989 329
1694432705705 100.0158079267102 330
1694432705721 99.856894409119 331
1694432705737 99.69823453959599 332
1694432705753 99.53982791244177 333
1694432705770 99.38167412260692 334
1694432705787 99.22377276569091 335
1694432705803 99.066123437941 336
1694432705819 98.90872573625134 337
1694432705836 98.75157925816173 338
1694432705853 98.5946836018568 339
1694432705870 98.4380383661648 340
1694432705886 98.28164315055672 341
1694432705903 98.12549755514513 342
1694432705919 97.96960118068317 343
1694432705935 97.81395362856367 344
1694432705951 97.65855450081783 345
1694432705970 97.50340340011454 346
1694432705987 97.3484999297591 347
1694432706003 97.1938436936923 348
1694432706019 97.03943429648943 349
1694432706035 96.88527134335914 350
1694432706052 96.73135444014257 351
1694432706069 96.57768319331227 352
1694432706085 96.42425720997115 353
1694432706102 96.2710760978515 354
1694432706118 96.11813946531403 355
1694432706134 95.9654469213468 356
1694432706149 95.81299807556418 357
1694432706165 95.66079253820597 358
1694432706182 95.50882992013625 359
1694432706198 95.35710983284253 360
1694432706215 95.2056318884346 361
1694432706231 95.05439569964363 362
1694432706246 94.90340087982112 363
1694432706261 94.752647042938 364
1694432706279 94.60213380358347 365
1694432706296 94.45186077696414 366
1694432706312 94.30182757890304 367
1694432706329 94.15203382583853 368
1694432706345 94.00247913482345 369
1694432706361 93.85316312352396 370
1694432706378 93.70408541021875 371
1694432706394 93.55524561379791 372
1694432706410 93.40664335376201 373
1694432706426 93.25827825022114 374
1694432706443 93.11014992389386 375
1694432706459 92.96225799610633 376
1694432706476 92.8146020887912 377
1694432706492 92.66718182448679 378
1694432706508 92.51999682633593 379
1694432706524 92.37304671808522 380
1694432706540 92.22633112408387 381
1694432706556 92.07984966928281 382
1694432706573 91.93360197923373 383
1694432706590 91.7875876800881 384
1694432706606 91.64180639859623 385
1694432706622 91.49625776210625 386
1694432706638 91.35094139856324 387
1694432706654 91.20585693650817 388
1694432706670 91.06100400507705 389
1694432706687 90.9163822339999 390
1694432706703 90.77199125359984 391
1694432706720 90.62783069479205 392
1694432706736 90.48390018908302 393
1694432706751 90.34019936856933 394
1694432706767 90.19672786593692 395
1694432706784 90.05348531446008 396
1694432706801 89.91047134800046 397
1694432706817 89.76768560100614 398
1694432706832 89.62512770851077 399
1694432706848 89.48279730613258 400
1694432706864 89.34069403007335 401
1694432706881 89.1988175171176 402
1694432706898 89.05716740463167 403
1694432706914 88.91574333056266 404
1694432706930 88.7745449334376 405
1694432706946 88.63357185236245 406
1694432706962 88.49282372702126 407
1694432706980 88.35230019767516 408
1694432706997 88.21200090516149 409
1694432707013 88.0719254908928 410
1694432707029 87.93207359685604 411
1694432707046 87.79244486561157 412
1694432707063 87.6530389402922 413
1694432707079 87.51385546460234 414
1694432707096 87.37489408281714 415
1694432707111 87.23615443978134 416
1694432707127 87.09763618090867 417
1694432707144 86.95933895218067 418
1694432707161 86.82126240014594 419
1694432707178 86.68340617191917 420
1694432707197 86.54576991518023 421
1694432707213 86.40835327817331 422
1694432707229 86.27115590970595 423
1694432707245 86.13417745914816 424
1694432707261 85.99741757643154 425
1694432707277 85.86087591204837 426
1694432707295 85.72455211705066 427
1694432707311 85.58844584304939 428
1694432707327 85.45255674221339 429
1694432707343 85.31688446726866 430
1694432707360 85.1814286714974 431
1694432707376 85.04618900873702 432
1694432707393 84.91116513337944 433
1694432707409 84.77635670037006 434
1694432707426 84.64176336520687 435
1694432707441 84.50738478393966 436
1694432707458 84.37322061316907 437
1694432707473 84.23927051004566 438
1694432707491 84.10553413226914 439
1694432707507 83.97201113808744 440
1694432707523 83.83870118629578 441
1694432707539 83.70560393623583 442
1694432707556 83.57271904779492 443
1694432707571 83.44004618140498 444
1694432707588 83.3075849980418 445
1694432707603 83.17533515922419 446
1694432707620 83.04329632701297 447
1694432707636 82.9114681640102 448
1694432707653 82.7798503333583 449
1694432707669 82.64844249873917 450
1694432707686 82.51724432437332 451
1694432707702 82.386255475019 452
1694432707718 82.25547561597135 453
1694432707735 82.12490441306159 454
1694432707751 81.99454153265604 455
1694432707767 81.86438664165536 456
1694432707784 81.73443940749371 457
1694432707800 81.60469949813773 458
1694432707817 81.47516658208595 459
1694432707832 81.34584032836767 460
1694432707850 81.21672040654231 461
1694432707865 81.0878064866984 462
1694432707883 80.95909823945286 463
1694432707900 80.83059533595015 464
1694432707916 80.7022974478613 465
1694432707932 80.57420424738314 466
1694432707948 80.44631540723753 467
1694432707963 80.31863060067037 468
1694432707980 80.1911495014509 469
1694432707997 80.06387178387074 470
1694432708012 79.93679712274317 471
1694432708029 79.80992519340214 472
1694432708046 79.68325567170163 473
1694432708062 79.55678823401468 474
1694432708077 79.43052255723252 475
1694432708094 79.3044583187639 476
1694432708110 79.17859519653418 477
1694432708127 79.0529328689844 478
1694432708144 78.92747101507058 479
1694432708159 78.80220931426292 480
1694432708176 78.6771474465448 481
1694432708193 78.55228509241222 482
1694432708208 78.4276219328727 483
1694432708225 78.30315764944459 484
1694432708242 78.17889192415636 485
1694432708257 78.05482443954553 486
1694432708274 77.93095487865811 487
1694432708291 77.8072829250476 488
1694432708307 77.68380826277429 489
1694432708324 77.56053057640435 490
1694432708342 77.43744955100908 491
1694432708358 77.31456487216415 492
1694432708375 77.19187622594868 493
1694432708392 77.06938329894449 494
1694432708408 76.94708577823528 495
1694432708424 76.82498335140585 496
1694432708440 76.70307570654127 497
1694432708456 76.58136253222608 498
1694432708473 76.4598435175435 499
