1694429496205 44.05543827521212 0
1694429496223 14.358151082228455 1
1694429496240 4.509079250085572 2
1694429496255 1.8939584354691394 3
1694429496271 0.9377707396190574 4
1694429496288 0.4719751221222996 5
1694429496304 0.4432972730132803 6
1694429496321 0.26764602618437494 7
1694429496337 0.36576948964299083 8
1694429496357 0.25421532434209965 9
1694429496374 0.3443647082025705 10
1694429496393 0.1751112248739355 11
1694429496411 0.3328137627919406 12
1694429496430 0.23405117820519347 13
1694429496450 0.2707515946028359 14
1694429496469 0.23029915803103357 15
1694429496488 0.2783069063949702 16
1694429496506 0.3069411359949865 17
1694429496522 0.2436430035100942 18
1694429496539 0.27144434104419446 19
1694429496556 0.29931056500272873 20
1694429496572 0.37849975450212997 21
1694429496588 0.27822670269325533 22
1694429496605 0.23272456616744222 23
1694429496622 0.2601017483330022 24
1694429496638 0.32675444556909233 25
1694429496656 0.1726454807925169 26
1694429496672 0.2694558220130309 27
1694429496687 0.2832002288867456 28
1694429496704 0.2636309309032514 29
1694429496720 0.31387570048988944 30
1694429496736 0.29409159833499443 31
1694429496753 0.34312046566945037 32
1694429496770 0.3467342607404517 33
1694429496786 0.2933801271568285 34
1694429496803 0.476563715254518 35
1694429496820 0.22660500872597003 36
1694429496837 0.25059623994814934 37
1694429496855 0.26362155200649134 38
1694429496871 0.318469901521474 39
1694429496887 0.2573729371576341 40
1694429496903 0.2821584420129127 41
1694429496919 0.31956066965241386 42
1694429496936 0.20100265087155064 43
1694429496953 0.27397562520605045 44
1694429496968 0.36275537224051846 45
1694429496984 0.1576202710643234 46
1694429497001 0.29693383373766535 47
1694429497017 0.5077222875350237 48
1694429497034 0.23376185774890956 49
1694429497051 0.2173110909713443 50
1694429497067 0.1821181961136681 51
1694429497083 0.36854198782676034 52
1694429497099 0.27426499967373935 53
1694429497117 0.28482823790561956 54
1694429497133 0.2323536226852459 55
1694429497150 0.316532949302455 56
1694429497166 0.28247568426240005 57
1694429497182 0.3042707625666106 58
1694429497200 0.23386787548384855 59
1694429497217 0.3606285101875977 60
1694429497233 0.25702797588056786 61
1694429497250 0.25266705803029643 62
1694429497266 0.24497667971340534 63
1694429497283 0.3769344262625263 64
1694429497299 0.21543859985713162 65
1694429497315 0.28587943324438925 66
1694429497331 0.269486506227831 67
1694429497349 0.16470329749896262 68
1694429497365 0.3307461419866404 69
1694429497388 0.2555000066665998 70
1694429497410 0.26749131699785206 71
1694429497427 0.2802758797479787 72
1694429497444 0.333361129944801 73
1694429497460 0.5342245829529048 74
1694429497476 0.3938135195885564 75
1694429497493 0.30555714226652914 76
1694429497511 0.4175551636648564 77
1694429497527 0.337831435381774 78
1694429497544 0.43308495507373707 79
1694429497560 0.2759681327006223 80
1694429497575 0.28139816960156827 81
1694429497593 0.25496543216292633 82
1694429497609 0.27510157332688806 83
1694429497625 0.29755589880534394 84
1694429497643 0.40375394057360703 85
1694429497660 0.18775971647601045 86
1694429497676 0.25517690427587375 87
1694429497692 0.32056717862144446 88
1694429497709 0.22465072774741304 89
1694429497724 0.2692102611961496 90
1694429497741 0.23546113577036626 91
1694429497758 0.4168327873177914 92
1694429497774 0.31358409971825735 93
1694429497790 0.30520152377049137 94
1694429497806 0.2757514167739794 95
1694429497822 0.24087034761620688 96
1694429497838 0.1793011180387461 97
1694429497855 0.35261556764319163 98
1694429497872 0.22830643956113253 99
1694429497890 0.24473010595306713 100
1694429497908 0.2726814707588433 101
1694429497925 0.2755964690916741 102
1694429497943 0.4475432712458618 103
1694429497960 0.48851899156507966 104
1694429497976 0.23821904456662363 105
1694429497995 0.24979748176872638 106
1694429498013 0.1741429067892355 107
1694429498029 0.22916491260677077 108
1694429498047 0.25958880154565206 109
1694429498063 0.21335969118305928 110
1694429498080 0.4371324704485929 111
1694429498096 0.22052075009073624 112
1694429498112 0.346510237427977 113
1694429498129 0.2487531680199536 114
1694429498146 0.4041609926034538 115
1694429498162 0.3237151704638656 116
1694429498179 0.35751781569863184 117
1694429498195 0.128533306555352 118
1694429498212 0.1348565784339451 119
1694429498228 0.5102025780809164 120
1694429498245 0.3873037087186608 121
1694429498262 0.34421032656046163 122
1694429498278 0.2556376650914743 123
1694429498295 0.32951090590929416 124
1694429498311 0.15789984633374068 125
1694429498327 0.30386167012450216 126
1694429498344 0.3395937476928796 127
1694429498361 0.28106034873989844 128
1694429498377 0.4518650309239434 129
1694429498394 0.3020452724438326 130
1694429498409 0.2779994218943064 131
1694429498426 0.46842762936575216 132
1694429498442 0.3041475063495498 133
1694429498458 0.32057027668168075 134
1694429498474 0.1838370149659183 135
1694429498490 0.5151249924649292 136
1694429498506 0.30280969363270144 137
1694429498522 0.2770475530638755 138
1694429498539 0.3094579757288665 139
1694429498556 0.1578297777314847 140
1694429498571 0.3456142828881839 141
1694429498589 0.2795594197943236 142
1694429498606 0.3182869101360346 143
1694429498622 0.21895107486347878 144
1694429498640 0.29185365074532005 145
1694429498658 0.2737816500855213 146
1694429498674 0.25988200147537566 147
1694429498690 0.35226289202709626 148
1694429498706 0.22420876281284766 149
1694429498723 0.3533785755593238 150
1694429498739 0.3480876642402742 151
1694429498755 0.126729243004322 152
1694429498772 0.2853127423905553 153
1694429498788 1.3319993619932393 154
1694429498806 0.2902000775337174 155
1694429498822 0.2721523540199389 156
1694429498838 0.3111780985123372 157
1694429498856 0.19358197406552313 158
1694429498872 0.22363829145672112 159
1694429498888 0.34986138149699403 160
1694429498905 0.33230627284490205 161
1694429498921 0.42689963130687075 162
1694429498937 0.2779627532028662 163
1694429498953 0.4157149818299873 164
1694429498970 0.2641441724124717 165
1694429498986 0.3360664370816309 166
1694429499003 0.29803147116214157 167
1694429499019 0.18866189042678233 168
1694429499035 0.325411649328914 169
1694429499051 0.35881160372798515 170
1694429499068 0.2750121350558578 171
1694429499085 0.2906715279832782 172
1694429499101 0.5556877405637833 173
1694429499117 0.2537599070241389 174
1694429499133 0.2705436573608011 175
1694429499150 0.32891221210693866 176
1694429499167 0.31626818701121306 177
1694429499185 0.3048938430638919 178
1694429499202 0.1506861551917849 179
1694429499218 0.44815476996482445 180
1694429499234 0.35013194294388794 181
1694429499251 0.319118305523716 182
1694429499268 0.43571459279179 183
1694429499284 0.3396547344083914 184
1694429499301 0.13242043811175314 185
1694429499317 0.2650137758505911 186
1694429499332 0.3848321821720623 187
1694429499349 0.22233611723982974 188
1694429499365 0.34682885957389836 189
1694429499381 0.2661051653504971 190
1694429499397 0.290798712706427 191
1694429499413 0.24001464916198098 192
1694429499429 0.22842609027324984 193
1694429499445 0.19897780748694335 194
1694429499461 0.38438914713793465 195
1694429499477 0.16658868661390208 196
1694429499494 0.41778927683921374 197
1694429499511 0.1581288940178261 198
1694429499526 0.27790496566704825 199
1694429499543 0.22927365907231506 200
1694429499560 0.20554182453725778 201
1694429499576 0.2943834857403285 202
1694429499593 0.28212794023900656 203
1694429499609 0.23329559257061525 204
1694429499624 0.32249146101067033 205
1694429499641 0.2904509981844482 206
1694429499658 0.37963069520501297 207
1694429499674 0.42152876147042606 208
1694429499691 0.40789002419864834 209
1694429499706 0.25216916576784937 210
1694429499723 0.5799941513073573 211
1694429499738 0.2183706835979993 212
1694429499756 0.28795016080036884 213
1694429499775 0.3459345432480752 214
1694429499793 0.35341003403618604 215
1694429499809 0.35485142132151043 216
1694429499825 0.14016008382217443 217
1694429499841 0.2848587312043243 218
1694429499859 0.22506964313321123 219
1694429499875 0.28698598162657774 220
1694429499892 0.24668323839627662 221
1694429499907 0.32811789540049635 222
1694429499923 0.2770184962923764 223
1694429499939 0.3828294180722343 224
1694429499954 0.20790351807251417 225
1694429499972 0.27851097893349286 226
1694429499988 0.19918296011090023 227
1694429500004 0.2524709220006703 228
1694429500020 0.19735082078781777 229
1694429500036 0.26476791426520874 230
1694429500051 0.20769034501799982 231
1694429500068 0.28160282677906306 232
1694429500086 0.2976618543495804 233
1694429500101 0.22955356369677712 234
1694429500117 0.2877928318631872 235
1694429500133 0.3608110183335976 236
1694429500149 0.5249444876323246 237
1694429500166 0.33349697404402256 238
1694429500183 0.3657535387239474 239
1694429500199 0.350234710005497 240
1694429500215 0.32114087101017424 241
1694429500231 0.3233339858047924 242
1694429500247 0.3152579608751628 243
1694429500263 0.3736778674848486 244
1694429500280 0.3270760433968261 245
1694429500297 0.6287644658446497 246
1694429500313 0.37336225146878765 247
1694429500330 0.19143959260012286 248
1694429500347 0.24982065473975995 249
1694429500365 0.34416394292925395 250
1694429500381 0.27976945324977615 251
1694429500398 0.22966782352914925 252
1694429500415 0.27252853620005474 253
1694429500431 0.40126556501520355 254
1694429500447 0.26471237825357535 255
1694429500464 0.30504300221277286 256
1694429500480 0.29758089692859835 257
1694429500496 0.3843651526849879 258
1694429500512 0.2724368698158999 259
1694429500528 0.3392954972944689 260
1694429500544 0.3913561803282463 261
1694429500562 0.23249966749096843 262
1694429500578 0.26857006288477064 263
1694429500594 0.21341235517881912 264
1694429500609 0.40824913472461255 265
1694429500626 0.3394650652759417 266
1694429500642 0.10658885732573252 267
1694429500659 0.44471479209518167 268
1694429500675 0.27086607310642036 269
1694429500691 0.2864598568730609 270
1694429500708 0.3838585331044028 271
1694429500724 0.4022315259654804 272
1694429500740 0.25744020425474934 273
1694429500757 0.25897518519205226 274
1694429500773 0.3677255247646826 275
1694429500789 0.20461451024271304 276
1694429500806 0.3892319816362782 277
1694429500822 0.43967760916549187 278
1694429500838 0.3301599914109147 279
1694429500854 0.287497031746122 280
1694429500871 0.32248196027235204 281
1694429500887 0.31781050122875854 282
1694429500903 0.3672557796403982 283
1694429500919 0.3973002499506964 284
1694429500936 0.49223601692533253 285
1694429500952 0.25593130274175285 286
1694429500969 0.41077000359504046 287
1694429500986 0.22722408395927 288
1694429501002 0.3435068373532169 289
1694429501018 0.21332857785963708 290
1694429501036 0.2689107700997437 291
1694429501051 0.24188580607969148 292
1694429501069 0.2835266233528572 293
1694429501085 0.20632091911936468 294
1694429501101 0.30445669472647074 295
1694429501118 0.35634546777617376 296
1694429501135 0.3314940345546078 297
1694429501151 0.32560275819429435 298
1694429501167 0.25130959224960575 299
1694429501185 0.3691051120451016 300
1694429501201 0.2277679685819271 301
1694429501217 0.25084830214372134 302
1694429501233 0.35911516246733505 303
1694429501249 0.4429528978683489 304
1694429501266 0.28068838100298976 305
1694429501283 0.2860333457899568 306
1694429501299 0.32644187819852377 307
1694429501316 0.24393038224291064 308
1694429501331 0.14715574901987913 309
1694429501347 0.18838791435070784 310
1694429501364 0.28386457029235146 311
1694429501381 0.25579442354126547 312
1694429501397 0.2340017664345743 313
1694429501413 0.2722696817784616 314
1694429501429 0.2574113231616494 315
1694429501445 0.24215217714979737 316
1694429501461 0.23494021960886477 317
1694429501478 0.20907838782065769 318
1694429501495 0.36800126924516513 319
1694429501511 0.3728645286788398 320
1694429501528 0.38248293019123614 321
1694429501544 0.4891209032606053 322
1694429501560 0.2703721581918284 323
1694429501578 0.2718426383723812 324
1694429501594 0.2226552650016055 325
1694429501610 0.30910823376097957 326
1694429501626 0.32450048000049436 327
1694429501642 0.23159718482172914 328
1694429501658 0.23429472338950794 329
1694429501675 0.18756250587558052 330
1694429501691 0.3060586944594821 331
1694429501707 0.2631451339138734 332
1694429501723 0.2819655649846714 333
1694429501739 0.44210037583287864 334
1694429501756 0.18457932339388838 335
1694429501773 0.26763840442829895 336
1694429501789 0.2920243959989324 337
1694429501806 0.24223528399499078 338
1694429501823 0.31942025608433894 339
1694429501838 0.40331684259988254 340
1694429501854 0.27224193347429 341
1694429501870 0.22676653902632368 342
1694429501887 0.2622971102643209 343
1694429501902 0.22938593266274235 344
1694429501919 0.33746768749446693 345
1694429501935 0.18495773996771744 346
1694429501950 0.4281516544943183 347
1694429501967 0.2583677752571692 348
1694429501983 0.2205066281397896 349
1694429502001 0.3137743305117127 350
1694429502016 0.28074420581777165 351
1694429502033 0.17211619657955785 352
1694429502049 0.30805421640779934 353
1694429502064 0.3344044234540232 354
1694429502080 0.17030264152663974 355
1694429502097 0.3892870077281209 356
1694429502115 0.448044258958278 357
1694429502131 0.28806235825456683 358
1694429502148 0.3286312150886074 359
1694429502164 0.33938358636568966 360
1694429502182 0.24951678473824385 361
1694429502198 0.48469354192868025 362
1694429502215 0.42553017920790487 363
1694429502230 0.25590372272318623 364
1694429502247 0.20298968176309845 365
1694429502263 0.29392466794809674 366
1694429502280 0.3070572734052284 367
1694429502297 0.39503538135953564 368
1694429502314 0.3363101706235289 369
1694429502330 0.4134634256885595 370
1694429502346 0.27422653678980763 371
1694429502362 0.4353578659284008 372
1694429502378 0.22590595562796387 373
1694429502395 0.514117055445365 374
1694429502411 0.18368392486083598 375
1694429502427 0.3633429752456009 376
1694429502443 0.29234903523947126 377
1694429502459 0.3808933155720767 378
1694429502475 0.14656774900723987 379
1694429502493 0.3818885263925838 380
1694429502509 0.2970436551670329 381
1694429502525 0.21601137731507847 382
1694429502541 0.22421369687612488 383
1694429502558 0.4257338661563414 384
1694429502573 0.31057392472215767 385
1694429502590 0.2979934279803009 386
1694429502607 0.3553157172566118 387
1694429502622 0.2533585045279469 388
1694429502639 0.2983940934204275 389
1694429502656 0.33110019589885603 390
1694429502674 0.38850978465796226 391
1694429502691 0.32067404134147426 392
1694429502708 0.4017226720387103 393
1694429502724 0.3983621210212916 394
1694429502740 0.28293179291017007 395
1694429502757 0.2459337382018607 396
1694429502773 0.30282355108911885 397
1694429502790 0.23492260890159364 398
1694429502806 0.2843247500257829 399
1694429502822 0.2587681130350453 400
1694429502838 0.3448888670017631 401
1694429502855 0.21920800670440643 402
1694429502870 0.17853272034075188 403
1694429502887 0.25183473862605493 404
1694429502903 0.29458603012237267 405
1694429502919 0.4078052553212658 406
1694429502936 0.27029664330317427 407
1694429502951 0.2568385206250252 408
1694429502967 0.3434703873067127 409
1694429502983 0.3969233680415973 410
1694429503001 0.24875465307048789 411
1694429503016 0.21568365861412117 412
1694429503033 0.3965850502173736 413
1694429503050 0.2946333341170977 414
1694429503066 0.18608067444281784 415
1694429503083 0.182646426910271 416
1694429503100 0.26364379648702885 417
1694429503116 0.25752174616455586 418
1694429503132 0.30064066230826075 419
1694429503148 0.2670053979728127 420
1694429503165 0.33893755326387526 421
1694429503181 0.3171706403155031 422
1694429503198 0.29329694016363134 423
1694429503214 0.3096913678275331 424
1694429503230 0.32911488158576013 425
1694429503248 0.34079254822083654 426
1694429503265 0.37408818927284615 427
1694429503282 0.32173497613762303 428
1694429503299 0.32836734486290264 429
1694429503315 0.23812153634897262 430
1694429503332 0.22603838050537187 431
1694429503349 0.3117758628539395 432
1694429503364 0.2665221414675763 433
1694429503380 0.32851359719856343 434
1694429503397 0.16228744824285157 435
1694429503414 0.24622793715636213 436
1694429503430 0.45551477297029846 437
1694429503445 0.23707332274399806 438
1694429503461 0.5410402659428638 439
1694429503477 0.31233971245078446 440
1694429503493 0.25387330491815835 441
1694429503510 0.37948102977808956 442
1694429503526 0.3528725191692062 443
1694429503542 0.3457629069935114 444
1694429503559 0.37735364632246277 445
1694429503575 0.20395491606425295 446
1694429503592 0.3628141845525058 447
1694429503608 0.31816893086636605 448
1694429503624 0.2393639364964518 449
1694429503640 0.2712716757234387 450
1694429503658 0.16107235044727206 451
1694429503674 0.28366724754549316 452
1694429503691 0.3556400224360787 453
1694429503707 0.22841642496987563 454
1694429503724 0.2659926442971184 455
1694429503740 0.3978754583738596 456
1694429503757 0.3304009726548039 457
1694429503773 0.2453606034069981 458
1694429503790 0.19476441405856343 459
1694429503807 0.3215533299315085 460
1694429503823 0.2479240546663444 461
1694429503840 0.25772391247211984 462
1694429503857 0.5703311433524165 463
1694429503874 0.33607828628852826 464
1694429503891 0.4168212872916647 465
1694429503908 0.32560378805644047 466
1694429503924 0.295170989759038 467
1694429503939 0.24150840398601273 468
1694429503956 0.26557765922375853 469
1694429503971 0.2914906569304128 470
1694429503988 0.19932874949934273 471
1694429504005 0.29971726397460713 472
1694429504021 0.311215339585926 473
1694429504037 0.3153579096771723 474
1694429504053 0.4068432348606702 475
1694429504070 0.217362307386704 476
1694429504087 0.4302797311489458 477
1694429504102 0.3426825746947874 478
1694429504119 0.24370012680295122 479
1694429504135 0.11907855290984169 480
1694429504151 0.24260011876521737 481
1694429504167 0.25812404002138584 482
1694429504184 0.25539637346589245 483
1694429504201 0.2277359525749351 484
1694429504217 0.1680889076673209 485
1694429504232 0.2686570534006886 486
1694429504248 0.23933806083535572 487
1694429504264 0.2348690002080777 488
1694429504281 0.22478664460174783 489
1694429504297 0.3626028708417576 490
1694429504314 0.2909034012306152 491
1694429504330 0.2819222053728631 492
1694429504346 0.2590915663122512 493
1694429504363 0.36078299081627574 494
1694429504379 0.17697497505410656 495
1694429504394 0.2641849127552558 496
1694429504412 0.202263834303286 497
1694429504429 0.5781687918898762 498
1694429504446 0.4528827038742765 499
