1694436481217 169.03908926289094 0
1694436481235 165.67168281796347 1
1694436481252 163.03551352616844 2
1694436481269 160.4400222199287 3
1694436481288 157.88591918596916 4
1694436481304 155.37254059589168 5
1694436481322 152.89923599872063 6
1694436481339 150.46536536173488 7
1694436481356 148.07029890793328 8
1694436481376 145.71341695061383 9
1694436481393 143.39410973066788 10
1694436481410 141.11177725653104 11
1694436481427 138.8658291467476 12
1694436481444 136.65568447510367 13
1694436481460 134.48077161828712 14
1694436481479 132.3405281060313 15
1694436481497 130.23440047370133 16
1694436481514 128.16184411728221 17
1694436481536 126.1223231507289 18
1694436481556 124.11531026563874 19
1694436481579 122.14028659320745 20
1694436481604 120.19674156843142 21
1694436481624 118.2841727965179 22
1694436481647 116.40208592146749 23
1694436481667 114.54999449679207 24
1694436481690 112.72741985833306 25
1694436481707 110.93389099914532 26
1694436481725 109.16894444641223 27
1694436481741 107.43212414035851 28
1694436481759 105.7229813151275 29
1694436481778 104.04107438159073 30
1694436481795 102.38596881205774 31
1694436481811 100.75723702685447 32
1694436481833 99.15445828273984 33
1694436481850 97.57721856313006 34
1694436481866 96.02511047010056 35
1694436481884 94.49773311813684 36
1694436481901 92.99469202960479 37
1694436481917 91.5155990319128 38
1694436481935 90.06007215633723 39
1694436481952 88.62773553848461 40
1694436481969 87.21821932036293 41
1694436481988 85.83115955403613 42
1694436482008 84.46619810683558 43
1694436482025 83.12298256810308 44
1694436482043 81.80116615744018 45
1694436482059 80.50040763443936 46
1694436482077 79.22037120987237 47
1694436482095 77.96072645831245 48
1694436482112 76.72114823216644 49
1694436482129 75.50131657709393 50
1694436482146 74.300916648791 51
1694436482163 73.11963863111566 52
1694436482180 71.9571776555338 53
1694436482196 70.8132337218635 54
1694436482213 69.68751162029675 55
1694436482230 68.57972085467777 56
1694436482247 67.48957556701747 57
1694436482263 66.41679446322354 58
1694436482279 65.36110074002694 59
1694436482297 64.3222220130848 60
1694436482313 63.299890246240835 61
1694436482330 62.293841681924405 62
1694436482347 61.3038167726695 63
1694436482366 60.3295601137358 64
1694436482389 59.370820376813484 65
1694436482409 58.42735024479451 66
1694436482426 57.498906347592836 67
1694436482443 56.585249198996515 68
1694436482460 55.6861431345352 69
1694436482478 54.801356250346146 70
1694436482495 53.930660343022865 71
1694436482512 53.07383085043034 72
1694436482529 52.230646793471124 73
1694436482546 51.400890718786854 74
1694436482563 50.58434864238026 75
1694436482581 49.780809994142466 76
1694436482598 48.99006756327097 77
1694436482615 48.21191744456413 78
1694436482632 47.446158985577604 79
1694436482649 46.692594734629175 80
1694436482666 45.95103038963777 81
1694436482683 45.221274747783646 82
1694436482702 44.50313965597619 83
1694436482720 43.79643996211635 84
1694436482742 43.10099346714083 85
1694436482759 42.41662087783541 86
1694436482777 41.74314576040513 87
1694436482796 41.080394494788685 88
1694436482812 40.42819622970564 89
1694436482828 39.78638283842408 90
1694436482847 39.15478887523728 91
1694436482864 38.53325153263804 92
1694436482881 37.92161059917932 93
1694436482899 37.3197084180101 94
1694436482917 36.727389846075624 95
1694436482933 36.1445022139713 96
1694436482950 35.57089528643966 97
1694436482967 35.006421223500176 98
1694436482983 34.4509345422016 99
1694436483001 33.90429207898667 100
1694436483019 33.36635295265976 101
1694436483035 32.83697852794723 102
1694436483052 32.316032379641356 103
1694436483069 31.803380257318157 104
1694436483086 31.29889005062005 105
1694436483104 30.802431755094215 106
1694436483121 30.313877438577688 107
1694436483137 29.83310120812036 108
1694436483153 29.35997917743735 109
1694436483170 28.894389434882072 110
1694436483189 28.436212011931868 111
1694436483206 27.98532885217765 112
1694436483227 27.541623780809672 113
1694436483245 27.10498247459149 114
1694436483264 26.675292432314038 115
1694436483280 26.252442945722304 116
1694436483299 25.836325070907016 117
1694436483316 25.426831600153662 118
1694436483334 25.023857034241814 119
1694436483352 24.627297555187248 120
1694436483369 24.237050999419864 121
1694436483387 23.853016831390445 122
1694436483404 23.475096117599346 123
1694436483421 23.103191501040218 124
1694436483438 22.73720717605236 125
1694436483454 22.377048863574913 126
1694436483471 22.022623786796586 127
1694436483489 21.673840647194456 128
1694436483507 21.330609600955626 129
1694436483524 20.992842235775914 130
1694436483540 20.660451548028828 131
1694436483557 20.333351920299684 132
1694436483574 20.01145909927843 133
1694436483591 19.69469017400572 134
1694436483609 19.382963554466517 135
1694436483627 19.076198950525523 136
1694436483643 18.77431735119924 137
1694436483661 18.477241004258907 138
1694436483677 18.184893396159456 139
1694436483695 17.897199232288653 140
1694436483713 17.61408441753199 141
1694436483729 17.335476037147796 142
1694436483746 17.061302337947684 143
1694436483762 16.791492709777582 144
1694436483779 16.525977667294452 145
1694436483796 16.26468883203388 146
1694436483814 16.00755891476403 147
1694436483831 15.75452169812131 148
1694436483849 15.50551201952318 149
1694436483868 15.260465754353806 150
1694436483887 15.019319799418051 151
1694436483909 14.782012056659608 152
1694436483927 14.548481417138975 153
1694436483946 14.318667745267202 154
1694436483963 14.092511863291184 155
1694436483980 13.869955536026685 156
1694436483998 13.650941455834898 157
1694436484015 13.435413227838753 158
1694436484031 13.223315355375206 159
1694436484048 13.014593225679613 160
1694436484065 12.80919309579856 161
1694436484082 12.607062078727417 162
1694436484100 12.408148129769168 163
1694436484116 12.212400033110738 164
1694436484133 12.019767388613658 165
1694436484150 11.830200598815281 166
1694436484166 11.643650856137535 167
1694436484183 11.46007013029964 168
1694436484203 11.27941115593163 169
1694436484219 11.101627420385514 170
1694436484236 10.926673151740765 171
1694436484254 10.754503307001224 172
1694436484270 10.585073560480208 173
1694436484287 10.41834029237092 174
1694436484304 10.254260577499101 175
1694436484321 10.092792174255125 176
1694436484337 9.933893513702527 177
1694436484354 9.777523688860331 178
1694436484371 9.623642444156191 179
1694436484388 9.47221016504783 180
1694436484406 9.323187867809912 181
1694436484430 9.176537189483753 182
1694436484451 9.032220377987425 183
1694436484470 8.890200282383377 184
1694436484487 8.750440343301406 185
1694436484506 8.612904583514204 186
1694436484523 8.477557598663253 187
1694436484540 8.344364548132555 188
1694436484556 8.213291146067858 189
1694436484573 8.08430365253909 190
1694436484590 7.957368864843679 191
1694436484608 7.832454108948482 192
1694436484625 7.709527231068263 193
1694436484642 7.588556589378237 194
1694436484659 7.469511045858927 195
1694436484676 7.352359958270877 196
1694436484692 7.2370731722573876 197
1694436484711 7.123621013573075 198
1694436484728 7.01197428043632 199
1694436484745 6.90210423600368 200
1694436484762 6.7939826009641555 201
1694436484778 6.687581546251577 202
1694436484795 6.582873685873105 203
1694436484813 6.479832069852061 204
1694436484831 6.378430177283192 205
1694436484848 6.278641909498701 206
1694436484864 6.1804415833431205 207
1694436484881 6.083803924555369 208
1694436484897 5.98870406125636 209
1694436484916 5.8951175175402994 210
1694436484933 5.803020207168175 211
1694436484950 5.712388427361706 212
1694436484967 5.623198852696264 213
1694436484983 5.5354285290910274 214
1694436484999 5.449054867894962 215
1694436485019 5.364055640067038 216
1694436485036 5.280408970449152 217
1694436485057 5.198093332130362 218
1694436485076 5.117087540900861 219
1694436485098 5.037370749794393 220
1694436485117 4.9589224437175865 221
1694436485133 4.881722434164839 222
1694436485150 4.8057508540174965 223
1694436485167 4.730988152425813 224
1694436485184 4.657415089772494 225
1694436485200 4.585012732716492 226
1694436485219 4.513762449315757 227
1694436485235 4.443645904227687 228
1694436485252 4.374645053986076 229
1694436485269 4.30674214235324 230
1694436485285 4.239919695746302 231
1694436485302 4.174160518736224 232
1694436485319 4.1094476896186345 233
1694436485336 4.045764556055182 234
1694436485353 3.983094730784332 235
1694436485371 3.921422087400472 236
1694436485388 3.8607307562002964 237
1694436485405 3.801005120095344 238
1694436485424 3.74222981058965 239
1694436485439 3.684389703821452 240
1694436485456 3.6274699166679887 241
1694436485473 3.571455802912323 242
1694436485490 3.51633294947124 243
1694436485507 3.4620871726832023 244
1694436485524 3.4087045146554953 245
1694436485541 3.356171239669469 246
1694436485558 3.304473830643138 247
1694436485575 3.25359898565006 248
1694436485591 3.203533614493677 249
1694436485612 3.154264835336251 250
1694436485632 3.1057799713814287 251
1694436485650 3.0580665476097324 252
1694436485667 3.0111122875659753 253
1694436485683 2.9649051101978805 254
1694436485700 2.9194331267450595 255
1694436485720 2.8746846376774946 256
1694436485736 2.8306481296828436 257
1694436485752 2.7873122727016977 258
1694436485768 2.7446659170100216 259
1694436485785 2.702698090348157 260
1694436485802 2.6613979950954336 261
1694436485821 2.6207550054898836 262
1694436485838 2.5807586648921568 263
1694436485855 2.54139868309306 264
1694436485872 2.502664933663958 265
1694436485889 2.4645474513493557 266
1694436485905 2.4270364295010483 267
1694436485925 2.39012221755309 268
1694436485942 2.3537953185369966 269
1694436485959 2.31804638663651 270
1694436485975 2.2828662247813196 271
1694436485991 2.2482457822790924 272
1694436486008 2.214176152485202 273
1694436486025 2.180648570509579 274
1694436486042 2.1476544109600852 275
1694436486059 2.1151851857218147 276
1694436486075 2.083232541771749 277
1694436486091 2.0517882590282235 278
1694436486108 2.0208442482346585 279
1694436486127 1.9903925488769376 280
1694436486143 1.9604253271339995 281
1694436486160 1.9309348738610372 282
1694436486175 1.9019136026048324 283
1694436486193 1.8733540476506663 284
1694436486209 1.845248862100351 285
1694436486229 1.8175908159808611 286
1694436486248 1.7903727943830565 287
1694436486270 1.7635877956301054 288
1694436486286 1.7372289294749912 289
1694436486302 1.711289415326782 290
1694436486321 1.6857625805051157 291
1694436486338 1.6606418585224827 292
1694436486354 1.635920787393855 293
1694436486371 1.6115930079732335 294
1694436486387 1.587652262316691 295
1694436486404 1.564092392071466 296
1694436486422 1.5409073368907031 297
1694436486440 1.5180911328734488 298
1694436486457 1.4956379110294735 299
1694436486474 1.4735418957685433 300
1694436486489 1.4517974034137315 301
1694436486506 1.4303988407384174 302
1694436486525 1.409340703526573 303
1694436486541 1.3886175751559724 304
1694436486558 1.3682241252039458 305
1694436486574 1.3481551080753487 306
1694436486591 1.3284053616523772 307
1694436486607 1.3089698059658519 308
1694436486625 1.289843441887688 309
1694436486642 1.2710213498441698 310
1694436486658 1.252498688549706 311
1694436486675 1.23427069376075 312
1694436486691 1.216332677049557 313
1694436486708 1.198680024597468 314
1694436486727 1.1813081960073946 315
1694436486744 1.1642127231352248 316
1694436486761 1.1473892089398072 317
1694436486778 1.1308333263512858 318
1694436486794 1.1145408171574005 319
1694436486816 1.0985074909075543 320
1694436486834 1.0827292238343178 321
1694436486856 1.0672019577920981 322
1694436486874 1.051921699212706 323
1694436486891 1.0368845180775503 324
1694436486906 1.0220865469061946 325
1694436486925 1.007523979761022 326
1694436486941 0.9931930712677333 327
1694436486958 0.979090135651442 328
1694436486975 0.9652115457881232 329
1694436486991 0.951553732271144 330
1694436487007 0.9381131824926812 331
1694436487026 0.9248864397397248 332
1694436487042 0.911870102304507 333
1694436487058 0.8990608226090719 334
1694436487074 0.8864553063437973 335
1694436487091 0.874050311619602 336
1694436487108 0.8618426481336872 337
1694436487128 0.849829176348513 338
1694436487144 0.8380068066838962 339
1694436487161 0.8263724987219095 340
1694436487177 0.8149232604245027 341
1694436487193 0.8036561473635173 342
1694436487211 0.7925682619629955 343
1694436487230 0.7816567527535404 344
1694436487246 0.7709188136385433 345
1694436487263 0.7603516831720877 346
1694436487280 0.7499526438483547 347
1694436487296 0.7397190214023391 348
1694436487313 0.7296481841216899 349
1694436487331 0.7197375421695115 350
1694436487348 0.7099845469179381 351
1694436487365 0.7003866902923245 352
1694436487382 0.6909415041258666 353
1694436487399 0.6816465595245016 354
1694436487417 0.6724994662419073 355
1694436487437 0.6634978720644666 356
1694436487460 0.6546394622060079 357
1694436487480 0.6459219587121819 358
1694436487496 0.6373431198743136 359
1694436487512 0.628900739652608 360
1694436487531 0.620592647108508 361
1694436487548 0.6124167058460948 362
1694436487565 0.6043708134623919 363
1694436487582 0.5964529010064071 364
1694436487598 0.5886609324467881 365
1694436487616 0.580992904147948 366
1694436487633 0.5734468443545356 367
1694436487652 0.5660208126841013 368
1694436487670 0.5587128996278572 369
1694436487687 0.5515212260593487 370
1694436487705 0.54444394275099 371
1694436487721 0.5374792298982547 372
1694436487738 0.5306252966514683 373
1694436487756 0.5238803806550348 374
1694436487772 0.5172427475940086 375
1694436487790 0.5107106907478713 376
1694436487807 0.5042825305514265 377
1694436487823 0.4979566141626613 378
1694436487842 0.4917313150375151 379
1694436487860 0.485605032511384 380
1694436487877 0.47957619138731433 381
1694436487894 0.473643241530726 382
1694436487911 0.4678046574706085 383
1694436487927 0.4620589380070447 384
1694436487947 0.45640460582499653 385
1694436487964 0.4508402071142231 386
1694436487980 0.44536431119526826 387
1694436487999 0.43997551015136954 388
1694436488018 0.434672418466262 389
1694436488036 0.429453672667714 390
1694436488054 0.4243179309767611 391
1694436488071 0.419263872962505 392
1694436488088 0.41429019920241494 393
1694436488104 0.40939563094803466 394
1694436488120 0.40457890979601013 395
1694436488137 0.39983879736434425 396
1694436488155 0.39517407497382073 397
1694436488172 0.39058354333448037 398
1694436488189 0.38606602223710085 399
1694436488205 0.38162035024957675 400
1694436488223 0.37724538441813515 401
1694436488240 0.37293999997330757 402
1694436488257 0.36870309004058216 403
1694436488274 0.36453356535565856 404
1694436488290 0.36043035398423146 405
1694436488307 0.35639240104623804 406
1694436488324 0.3524186684444925 407
1694436488343 0.34850813459764135 408
1694436488359 0.3446597941773622 409
1694436488376 0.34087265784975473 410
1694436488393 0.3371457520208361 411
1694436488409 0.33347811858609405 412
1694436488426 0.329868814684026 413
1694436488445 0.326316912453591 414
1694436488461 0.3228214987955384 415
1694436488478 0.3193816751375166 416
1694436488494 0.3159965572029291 417
1694436488511 0.31266527478347206 418
1694436488529 0.30938697151528466 419
1694436488548 0.30616080465866397 420
1694436488565 0.3029859448812872 421
1694436488582 0.29986157604488134 422
1694436488599 0.2967868949952909 423
1694436488617 0.29376111135588284 424
1694436488640 0.29078344732423916 425
1694436488660 0.2878531374720873 426
1694436488677 0.28496942854841445 427
1694436488695 0.28213157928571325 428
1694436488710 0.27933886020930887 429
1694436488728 0.2765905534497269 430
1694436488745 0.27388595255804216 431
1694436488763 0.2712243623241613 432
1694436488781 0.26860509859801157 433
1694436488797 0.26602748811355487 434
1694436488813 0.26349086831562707 435
1694436488830 0.2609945871895042 436
1694436488849 0.25853800309320696 437
1694436488865 0.25612048459245795 438
1694436488884 0.2537414102982729 439
1694436488901 0.251400168707124 440
1694436488919 0.24909615804366997 441
1694436488936 0.2468287861059615 442
1694436488953 0.24459747011313282 443
1694436488971 0.24240163655550004 444
1694436488988 0.24024072104705516 445
1694436489004 0.23811416818030384 446
1694436489021 0.236021431383414 447
1694436489038 0.2339619727796343 448
1694436489056 0.23193526304895337 449
1694436489073 0.22994078129196063 450
1694436489090 0.2279780148958683 451
1694436489106 0.2260464594026731 452
1694436489123 0.22414561837940758 453
1694436489139 0.22227500329046507 454
1694436489158 0.2204341333719464 455
1694436489175 0.21862253550801258 456
1694436489192 0.2168397441092035 457
1694436489211 0.2150853009926944 458
1694436489232 0.21335875526445292 459
1694436489250 0.21165966320327614 460
1694436489267 0.2099875881466689 461
1694436489284 0.2083421003785445 462
1694436489300 0.2067227770187027 463
1694436489317 0.20512920191407596 464
1694436489334 0.20356096553169775 465
1694436489352 0.2020176648533818 466
1694436489370 0.20049890327206893 467
1694436489386 0.1990042904898316 468
1694436489405 0.19753344241749857 469
1694436489422 0.1960859810758677 470
1694436489438 0.1946615344985076 471
1694436489457 0.19325973663609147 472
1694436489474 0.19188022726225726 473
1694436489491 0.19052265188097164 474
1694436489507 0.18918666163536116 475
1694436489524 0.18787191321799204 476
1694436489541 0.18657806878258756 477
1694436489559 0.18530479585714116 478
1694436489577 0.1840517672584144 479
1694436489594 0.18281866100779778 480
1694436489609 0.18160516024850615 481
1694436489626 0.180410953164098 482
1694436489643 0.17923573289828001 483
1694436489661 0.17807919747600331 484
1694436489679 0.1769410497258015 485
1694436489695 0.17582099720337116 486
1694436489711 0.1747187521163646 487
1694436489729 0.1736340312503843 488
1694436489746 0.17256655589614964 489
1694436489765 0.17151605177782495 490
1694436489782 0.1704822489824906 491
1694436489800 0.16946488189072784 492
1694436489820 0.1684636891083183 493
1694436489837 0.1674784133990227 494
1694436489858 0.16650880161843468 495
1694436489876 0.16555460464888153 496
1694436489892 0.16461557733536325 497
1694436489909 0.16369147842251403 498
1694436489927 0.16278207049256188 499
