1694432616510 166.23577302238243 0
1694432616528 165.90359197249407 1
1694432616544 165.63842227463368 2
1694432616559 165.37366608203428 3
1694432616576 165.10933613724453 4
1694432616593 164.84543174486535 5
1694432616609 164.58195221337488 6
1694432616629 164.31889685239256 7
1694432616646 164.05626497267778 8
1694432616662 163.79405588612784 9
1694432616679 163.53226890577614 10
1694432616696 163.27090334579026 11
1694432616712 163.00995852146985 12
1694432616728 162.74943374924493 13
1694432616744 162.48932834667386 14
1694432616760 162.2296416324414 15
1694432616776 161.97037292635684 16
1694432616794 161.7115215493521 17
1694432616811 161.45308682347985 18
1694432616828 161.1950680719115 19
1694432616845 160.9374646189353 20
1694432616864 160.68027578995472 21
1694432616885 160.4235009114862 22
1694432616903 160.1671393111574 23
1694432616921 159.9111903177053 24
1694432616942 159.65565326097453 25
1694432616960 159.40052747191504 26
1694432616979 159.14581228258064 27
1694432616998 158.891507026127 28
1694432617016 158.63761103680963 29
1694432617035 158.38412364998217 30
1694432617052 158.1310442020946 31
1694432617072 157.87837203069122 32
1694432617091 157.62610647440874 33
1694432617111 157.37424687297468 34
1694432617127 157.12279256720532 35
1694432617144 156.87174289900392 36
1694432617159 156.62109721135886 37
1694432617175 156.37085484834182 38
1694432617194 156.12101515510597 39
1694432617211 155.871577477884 40
1694432617230 155.62254116398648 41
1694432617246 155.37390556179992 42
1694432617262 155.125670020785 43
1694432617278 154.87783389147467 44
1694432617296 154.6303965254724 45
1694432617311 154.3833572754504 46
1694432617327 154.13671549514768 47
1694432617343 153.89047053936838 48
1694432617359 153.6446217639799 49
1694432617375 153.39916852591114 50
1694432617392 153.15411018315064 51
1694432617408 152.9094460947448 52
1694432617424 152.66517562079613 53
1694432617440 152.4212981224615 54
1694432617458 152.17781296195014 55
1694432617474 151.93471950252223 56
1694432617491 151.6920171084867 57
1694432617508 151.4497051451998 58
1694432617524 151.20778297906313 59
1694432617540 150.96624997752195 60
1694432617555 150.7251055090634 61
1694432617572 150.48434894321466 62
1694432617589 150.24397965054138 63
1694432617605 150.0039970026457 64
1694432617622 149.7644003721647 65
1694432617640 149.52518913276847 66
1694432617658 149.28636265915847 67
1694432617673 149.0479203270658 68
1694432617691 148.80986151324944 69
1694432617707 148.57218559549435 70
1694432617723 148.33489195261 71
1694432617740 148.09797996442853 72
1694432617756 147.86144901180293 73
1694432617772 147.62529847660548 74
1694432617789 147.38952774172586 75
1694432617805 147.15413619106957 76
1694432617822 146.91912320955612 77
1694432617837 146.68448818311734 78
1694432617853 146.45023049869576 79
1694432617869 146.21634954424272 80
1694432617884 145.98284470871684 81
1694432617902 145.74971538208223 82
1694432617918 145.5169609553068 83
1694432617935 145.28458082036062 84
1694432617952 145.0525743702141 85
1694432617969 144.8209409988365 86
1694432617987 144.58968010119398 87
1694432618004 144.35879107324817 88
1694432618021 144.12827331195442 89
1694432618037 143.89812621525994 90
1694432618053 143.66834918210242 91
1694432618069 143.4389416124081 92
1694432618085 143.2099029070903 93
1694432618102 142.98123246804766 94
1694432618118 142.75292969816243 95
1694432618134 142.5249940012989 96
1694432618150 142.29742478230165 97
1694432618166 142.07022144699408 98
1694432618182 141.84338340217653 99
1694432618199 141.61691005562474 100
1694432618216 141.39080081608824 101
1694432618231 141.16505509328871 102
1694432618247 140.93967229791818 103
1694432618264 140.7146518416376 104
1694432618279 140.4899931370751 105
1694432618296 140.2656955978244 106
1694432618314 140.04175863844313 107
1694432618330 139.8181816744512 108
1694432618346 139.59496412232934 109
1694432618362 139.37210539951724 110
1694432618378 139.14960492441205 111
1694432618395 138.92746211636688 112
1694432618413 138.70567639568893 113
1694432618429 138.48424718363816 114
1694432618446 138.26317390242545 115
1694432618463 138.04245597521114 116
1694432618479 137.82209282610344 117
1694432618496 137.60208388015667 118
1694432618513 137.3824285633699 119
1694432618530 137.16312630268519 120
1694432618546 136.94417652598597 121
1694432618562 136.72557866209573 122
1694432618578 136.50733214077607 123
1694432618595 136.28943639272535 124
1694432618611 136.07189084957713 125
1694432618627 135.8546949438984 126
1694432618644 135.63784810918827 127
1694432618661 135.4213497798761 128
1694432618677 135.2051993913202 129
1694432618694 134.98939637980624 130
1694432618710 134.77394018254543 131
1694432618727 134.5588302376733 132
1694432618744 134.34406598424792 133
1694432618760 134.1296468622484 134
1694432618776 133.9155723125735 135
1694432618793 133.70184177703973 136
1694432618810 133.4884546983802 137
1694432618826 133.2754105202428 138
1694432618843 133.06270868718883 139
1694432618859 132.85034864469125 140
1694432618876 132.63832983913358 141
1694432618892 132.42665171780774 142
1694432618909 132.21531372891315 143
1694432618926 132.00431532155469 144
1694432618944 131.79365594574148 145
1694432618962 131.58333505238542 146
1694432618982 131.37335209329936 147
1694432618999 131.1637065211959 148
1694432619016 130.9543977896856 149
1694432619034 130.7454253532757 150
1694432619051 130.53678866736857 151
1694432619068 130.32848718826008 152
1694432619085 130.12052037313816 153
1694432619100 129.9128876800815 154
1694432619118 129.7055885680576 155
1694432619134 129.49862249692183 156
1694432619149 129.29198892741547 157
1694432619166 129.0856873211645 158
1694432619182 128.87971714067803 159
1694432619199 128.67407784934676 160
1694432619216 128.46876891144163 161
1694432619232 128.26378979211225 162
1694432619248 128.05913995738538 163
1694432619264 127.85481887416358 164
1694432619281 127.6508260102237 165
1694432619297 127.44716083421531 166
1694432619315 127.24382281565943 167
1694432619331 127.04081142494687 168
1694432619347 126.83812613333684 169
1694432619364 126.63576641295562 170
1694432619379 126.43373173679491 171
1694432619396 126.23202157871043 172
1694432619412 126.03063541342063 173
1694432619428 125.82957271650496 174
1694432619444 125.62883296440272 175
1694432619460 125.4284156344114 176
1694432619476 125.22832020468533 177
1694432619492 125.02854615423425 178
1694432619509 124.82909296292183 179
1694432619525 124.62996011146434 180
1694432619543 124.43114708142902 181
1694432619560 124.23265335523291 182
1694432619576 124.03447841614124 183
1694432619592 123.83662174826604 184
1694432619608 123.6390828365648 185
1694432619626 123.4418611668389 186
1694432619641 123.24495622573244 187
1694432619660 123.04836750073056 188
1694432619676 122.85209448015821 189
1694432619692 122.65613665317863 190
1694432619709 122.46049350979209 191
1694432619725 122.2651645408343 192
1694432619740 122.07014923797514 193
1694432619758 121.87544709371728 194
1694432619773 121.6810576013947 195
1694432619791 121.4869802551713 196
1694432619806 121.29321455003956 197
1694432619823 121.09975998181916 198
1694432619840 120.90661604715558 199
1694432619855 120.71378224351866 200
1694432619870 120.5212580692013 201
1694432619888 120.32904302331801 202
1694432619903 120.13713660580363 203
1694432619920 119.94553831741187 204
1694432619936 119.75424765971397 205
1694432619953 119.56326413509731 206
1694432619969 119.37258724676411 207
1694432619986 119.18221649872997 208
1694432620003 118.99215139582263 209
1694432620018 118.80239144368045 210
1694432620036 118.6129361487512 211
1694432620052 118.42378501829069 212
1694432620068 118.23493756036125 213
1694432620087 118.04639328383064 214
1694432620105 117.8581516983705 215
1694432620124 117.67021231445513 216
1694432620144 117.48257464336001 217
1694432620163 117.29523819716063 218
1694432620182 117.10820248873101 219
1694432620202 116.92146703174244 220
1694432620221 116.73503134066215 221
1694432620240 116.5488949307519 222
1694432620260 116.36305731806681 223
1694432620279 116.17751801945379 224
1694432620299 115.99227655255048 225
1694432620318 115.80733243578376 226
1694432620339 115.62268518836848 227
1694432620359 115.4383343303061 228
1694432620377 115.2542793823835 229
1694432620393 115.07051986617151 230
1694432620410 114.88705530402372 231
1694432620427 114.7038852190751 232
1694432620444 114.5210091352407 233
1694432620462 114.33842657721445 234
1694432620477 114.15613707046766 235
1694432620493 113.9741401412479 236
1694432620509 113.79243531657765 237
1694432620525 113.61102212425295 238
1694432620542 113.4299000928422 239
1694432620559 113.24906875168482 240
1694432620576 113.0685276308899 241
1694432620592 112.88827626133506 242
1694432620608 112.70831417466503 243
1694432620625 112.52864090329048 244
1694432620641 112.34925598038664 245
1694432620657 112.17015893989209 246
1694432620673 111.99134931650744 247
1694432620690 111.81282664569414 248
1694432620709 111.63459046367313 249
1694432620727 111.45664030742358 250
1694432620744 111.27897571468164 251
1694432620761 111.10159622393918 252
1694432620777 110.92450137444256 253
1694432620794 110.74769070619134 254
1694432620810 110.57116375993691 255
1694432620828 110.3949200771815 256
1694432620844 110.21895920017668 257
1694432620860 110.04328067192222 258
1694432620875 109.86788403616488 259
1694432620891 109.692768837397 260
1694432620907 109.51793462085548 261
1694432620923 109.34338093252036 262
1694432620940 109.16910731911366 263
1694432620956 108.99511332809811 264
1694432620972 108.821398507676 265
1694432620989 108.64796240678778 266
1694432621005 108.47480457511101 267
1694432621021 108.30192456305899 268
1694432621038 108.12932192177965 269
1694432621054 107.9569962031542 270
1694432621071 107.78494695979607 271
1694432621088 107.61317374504951 272
1694432621104 107.4416761129885 273
1694432621120 107.27045361841546 274
1694432621137 107.09950581686014 275
1694432621153 106.92883226457822 276
1694432621168 106.75843251855032 277
1694432621184 106.58830613648065 278
1694432621201 106.41845267679587 279
1694432621217 106.24887169864375 280
1694432621233 106.07956276189219 281
1694432621250 105.91052542712791 282
1694432621266 105.7417592556552 283
1694432621282 105.57326380949476 284
1694432621298 105.40503865138261 285
1694432621314 105.23708334476872 286
1694432621330 105.06939745381594 287
1694432621346 104.9019805433988 288
1694432621363 104.73483217910233 289
1694432621379 104.56795192722079 290
1694432621396 104.40133935475662 291
1694432621412 104.23499402941916 292
1694432621429 104.06891551962352 293
1694432621445 103.9031033944894 294
1694432621461 103.73755722383994 295
1694432621477 103.57227657820047 296
1694432621494 103.40726102879741 297
1694432621510 103.2425101475571 298
1694432621526 103.07802350710462 299
1694432621543 102.91380068076262 300
1694432621560 102.74984124255018 301
1694432621575 102.58614476718161 302
1694432621591 102.42271083006537 303
1694432621607 102.25953900730285 304
1694432621623 102.09662887568719 305
1694432621640 101.93398001270226 306
1694432621657 101.77159199652137 307
1694432621672 101.60946440600615 308
1694432621688 101.44759682070551 309
1694432621704 101.28598882085439 310
1694432621721 101.12463998737259 311
1694432621737 100.96354990186383 312
1694432621754 100.80271814661434 313
1694432621769 100.6421443045919 314
1694432621786 100.48182795944473 315
1694432621803 100.3217686955002 316
1694432621819 100.16196609776384 317
1694432621835 100.00241975191818 318
1694432621851 99.84312924432163 319
1694432621867 99.68409416200726 320
1694432621884 99.52531409268185 321
1694432621901 99.36678862472465 322
1694432621918 99.20851734718624 323
1694432621934 99.05049984978756 324
1694432621952 98.89273572291862 325
1694432621968 98.7352245576375 326
1694432621984 98.57796594566925 327
1694432622000 98.42095947940467 328
1694432622016 98.26420475189933 329
1694432622032 98.10770135687241 330
1694432622049 97.95144888870557 331
1694432622065 97.79544694244191 332
1694432622081 97.63969511378482 333
1694432622098 97.48419299909692 334
1694432622114 97.32894019539894 335
1694432622130 97.17393630036865 336
1694432622147 97.01918091233972 337
1694432622164 96.86467363030071 338
1694432622179 96.71041405389396 339
1694432622195 96.5564017834144 340
1694432622211 96.4026364198086 341
1694432622228 96.24911756467365 342
1694432622245 96.09584482025609 343
1694432622261 95.94281778945073 344
1694432622277 95.79003607579972 345
1694432622293 95.63749928349141 346
1694432622309 95.48520701735926 347
1694432622326 95.33315888288077 348
1694432622342 95.18135448617647 349
1694432622359 95.02979343400881 350
1694432622375 94.87847533378105 351
1694432622391 94.72739979353629 352
1694432622407 94.57656642195634 353
1694432622423 94.42597482836071 354
1694432622440 94.27562462270548 355
1694432622456 94.12551541558234 356
1694432622472 93.97564681821746 357
1694432622488 93.82601844247044 358
1694432622505 93.67662990083332 359
1694432622522 93.52748080642945 360
1694432622539 93.37857077301257 361
1694432622556 93.22989941496557 362
1694432622573 93.08146634729965 363
1694432622590 92.93327118565311 364
1694432622605 92.78531354629047 365
1694432622621 92.63759304610127 366
1694432622637 92.49010930259915 367
1694432622656 92.3428619339208 368
1694432622672 92.19585055882483 369
1694432622688 92.04907479669089 370
1694432622705 91.90253426751853 371
1694432622721 91.75622859192623 372
1694432622737 91.6101573911503 373
1694432622754 91.46432028704395 374
1694432622770 91.31871690207619 375
1694432622786 91.17334685933092 376
1694432622802 91.02820978250577 377
1694432622818 90.88330529591114 378
1694432622835 90.73863302446928 379
1694432622851 90.59419259371305 380
1694432622868 90.44998362978517 381
1694432622884 90.30600575943706 382
1694432622900 90.1622586100278 383
1694432622916 90.01874180952328 384
1694432622931 89.87545498649501 385
1694432622948 89.73239777011929 386
1694432622965 89.58956979017603 387
1694432622981 89.44697067704791 388
1694432622998 89.30460006171931 389
1694432623014 89.16245757577533 390
1694432623031 89.02054285140072 391
1694432623047 88.87885552137905 392
1694432623063 88.73739521909151 393
1694432623081 88.59616157851616 394
1694432623098 88.45515423422671 395
1694432623114 88.31437282139166 396
1694432623130 88.17381697577336 397
1694432623147 88.03348633372687 398
1694432623164 87.89338053219913 399
1694432623180 87.75349920872789 400
1694432623197 87.61384200144077 401
1694432623212 87.4744085490543 402
1694432623229 87.33519849087288 403
1694432623244 87.19621146678787 404
1694432623261 87.05744711727664 405
1694432623276 86.91890508340147 406
1694432623293 86.78058500680874 407
1694432623308 86.64248652972789 408
1694432623325 86.50460929497041 409
1694432623341 86.36695294592897 410
1694432623358 86.22951712657643 411
1694432623373 86.09230148146484 412
1694432623389 85.95530565572452 413
1694432623405 85.81852929506306 414
1694432623422 85.68197204576444 415
1694432623437 85.54563355468802 416
1694432623453 85.4095134692676 417
1694432623469 85.27361143751051 418
1694432623486 85.13792710799653 419
1694432623503 85.00246012987715 420
1694432623519 84.86721015287443 421
1694432623535 84.73217682728021 422
1694432623551 84.59735980395503 423
1694432623568 84.46275873432732 424
1694432623584 84.32837327039235 425
1694432623600 84.19420306471139 426
1694432623616 84.06024777041067 427
1694432623633 83.92650704118057 428
1694432623650 83.79298053127457 429
1694432623667 83.65966789550839 430
1694432623684 83.52656878925906 431
1694432623701 83.39368286846393 432
1694432623716 83.26100978961985 433
1694432623733 83.12854920978211 434
1694432623749 82.99630078656365 435
1694432623766 82.86426417813408 436
1694432623782 82.73243904321872 437
1694432623798 82.60082504109775 438
1694432623815 82.46942183160532 439
1694432623831 82.33822907512844 440
1694432623847 82.20724643260634 441
1694432623863 82.0764735655294 442
1694432623880 81.94591013593819 443
1694432623897 81.81555580642275 444
1694432623913 81.6854102401215 445
1694432623929 81.55547310072042 446
1694432623945 81.42574405245216 447
1694432623961 81.29622276009502 448
1694432623977 81.16690888897226 449
1694432623995 81.03780210495098 450
1694432624011 80.9089020744414 451
1694432624028 80.7802084643958 452
1694432624044 80.65172094230778 453
1694432624061 80.52343917621126 454
1694432624078 80.3953628346796 455
1694432624094 80.26749158682483 456
1694432624111 80.13982510229654 457
1694432624126 80.01236305128118 458
1694432624142 79.88510510450114 459
1694432624159 79.75805093321377 460
1694432624175 79.63120020921063 461
1694432624191 79.5045526048165 462
1694432624206 79.37810779288853 463
1694432624222 79.25186544681543 464
1694432624239 79.12582524051652 465
1694432624256 78.99998684844081 466
1694432624273 78.87434994556628 467
1694432624290 78.74891420739884 468
1694432624306 78.62367930997162 469
1694432624322 78.49864492984393 470
1694432624338 78.37381074410055 471
1694432624354 78.24917643035072 472
1694432624371 78.1247416667274 473
1694432624388 78.00050613188635 474
1694432624403 77.87646950500526 475
1694432624420 77.75263146578287 476
1694432624435 77.62899169443823 477
1694432624451 77.50554987170962 478
1694432624469 77.38230567885395 479
1694432624484 77.2592587976457 480
1694432624501 77.13640891037623 481
1694432624517 77.01375569985278 482
1694432624533 76.8912988493977 483
1694432624550 76.76903804284761 484
1694432624566 76.64697296455249 485
1694432624583 76.52510329937492 486
1694432624599 76.40342873268916 487
1694432624616 76.28194895038037 488
1694432624631 76.1606636388437 489
1694432624647 76.03957248498348 490
1694432624664 75.9186751762124 491
1694432624681 75.79797140045065 492
1694432624697 75.67746084612513 493
1694432624713 75.55714320216852 494
1694432624729 75.43701815801853 495
1694432624746 75.31708540361703 496
1694432624763 75.19734462940927 497
1694432624780 75.07779552634295 498
1694432624796 74.95843778586747 499
