1694429379264 180.978161616145 0
1694429379281 180.9418464728944 1
1694429379298 180.91280076238468 2
1694429379314 180.88375965242514 3
1694429379330 180.8547232933194 4
1694429379345 180.82569168427935 5
1694429379362 180.79666482452 6
1694429379378 180.76764271325666 7
1694429379399 180.7386253497046 8
1694429379418 180.7096127330793 9
1694429379436 180.68060486259637 10
1694429379452 180.65160173747165 11
1694429379466 180.62260335692093 12
1694429379484 180.59360972016023 13
1694429379501 180.56462082640567 14
1694429379518 180.53563667487356 15
1694429379535 180.50665726478027 16
1694429379551 180.47768259534232 17
1694429379568 180.44871266577636 18
1694429379584 180.4197474752992 19
1694429379600 180.39078702312773 20
1694429379616 180.36183130847905 21
1694429379632 180.33288033057028 22
1694429379648 180.30393408861872 23
1694429379664 180.27499258184187 24
1694429379680 180.24605580945726 25
1694429379697 180.2171237706826 26
1694429379714 180.1881964647357 27
1694429379729 180.15927389083456 28
1694429379746 180.1303560481972 29
1694429379762 180.10144293604188 30
1694429379778 180.072534553587 31
1694429379796 180.04363090005097 32
1694429379813 180.01473197465242 33
1694429379828 179.98583777661008 34
1694429379845 179.95694830514282 35
1694429379860 179.92806355946965 36
1694429379875 179.89918353880972 37
1694429379892 179.87030824238224 38
1694429379910 179.84143766940664 39
1694429379926 179.81257181910246 40
1694429379944 179.78371069068925 41
1694429379961 179.7548542833869 42
1694429379979 179.72600259641527 43
1694429379996 179.69715562899435 44
1694429380014 179.66831338034442 45
1694429380033 179.63947584968568 46
1694429380051 179.6106430362386 47
1694429380068 179.58181493922376 48
1694429380086 179.5529915578618 49
1694429380105 179.52417289137355 50
1694429380122 179.49535893897996 51
1694429380139 179.46654969990212 52
1694429380158 179.43774517336124 53
1694429380174 179.40894535857862 54
1694429380191 179.3801502547757 55
1694429380208 179.35135986117422 56
1694429380224 179.32257417699577 57
1694429380240 179.29379320146217 58
1694429380255 179.26501693379555 59
1694429380271 179.23624537321788 60
1694429380287 179.20747851895155 61
1694429380303 179.17871637021878 62
1694429380319 179.14995892624214 63
1694429380335 179.12120618624428 64
1694429380351 179.0924581494479 65
1694429380367 179.06371481507597 66
1694429380383 179.03497618235144 67
1694429380401 179.00624225049748 68
1694429380418 178.97751301873737 69
1694429380434 178.94878848629455 70
1694429380449 178.92006865239244 71
1694429380464 178.89135351625484 72
1694429380480 178.86264307710547 73
1694429380496 178.8339373341683 74
1694429380513 178.80523628666728 75
1694429380529 178.77653993382674 76
1694429380545 178.74784827487085 77
1694429380561 178.71916130902414 78
1694429380579 178.69047903551115 79
1694429380596 178.66180145355656 80
1694429380614 178.63312856238522 81
1694429380631 178.60446036122204 82
1694429380646 178.57579684929215 83
1694429380662 178.54713802582077 84
1694429380677 178.51848389003325 85
1694429380693 178.48983444115504 86
1694429380709 178.4611896784117 87
1694429380725 178.43254960102897 88
1694429380742 178.40391420823278 89
1694429380757 178.37528349924906 90
1694429380774 178.34665747330388 91
1694429380789 178.3180361296236 92
1694429380806 178.2894194674345 93
1694429380822 178.2608074859631 94
1694429380837 178.23220018443607 95
1694429380853 178.2035975620801 96
1694429380870 178.17499961812214 97
1694429380886 178.14640635178918 98
1694429380902 178.11781776230833 99
1694429380918 178.08923384890696 100
1694429380934 178.06065461081238 101
1694429380950 178.03208004725212 102
1694429380966 178.0035101574539 103
1694429380981 177.97494494064546 104
1694429380997 177.94638439605475 105
1694429381014 177.9178285229098 106
1694429381030 177.88927732043877 107
1694429381045 177.86073078786993 108
1694429381062 177.8321889244318 109
1694429381078 177.80365172935285 110
1694429381094 177.7751192018618 111
1694429381110 177.74659134118747 112
1694429381126 177.7180681465588 113
1694429381142 177.68954961720488 114
1694429381158 177.66103575235488 115
1694429381174 177.63252655123816 116
1694429381189 177.60402201308412 117
1694429381205 177.57552213712236 118
1694429381221 177.54702692258263 119
1694429381237 177.51853636869475 120
1694429381253 177.4900504746887 121
1694429381269 177.46156923979453 122
1694429381286 177.43309266324255 123
1694429381301 177.40462074426298 124
1694429381317 177.3761534820865 125
1694429381334 177.34769087594353 126
1694429381349 177.31923292506485 127
1694429381365 177.29077962868143 128
1694429381381 177.26233098602412 129
1694429381397 177.23388699632412 130
1694429381413 177.2054476588127 131
1694429381431 177.17701297272117 132
1694429381447 177.14858293728105 133
1694429381463 177.12015755172402 134
1694429381479 177.0917368152818 135
1694429381495 177.06332072718627 136
1694429381511 177.0349092866695 137
1694429381527 177.0065024929636 138
1694429381542 176.97810034530076 139
1694429381558 176.94970284291352 140
1694429381574 176.92130998503436 141
1694429381590 176.8929217708959 142
1694429381607 176.8645381997309 143
1694429381623 176.83615927077233 144
1694429381638 176.8077849832532 145
1694429381654 176.77941533640671 146
1694429381670 176.75105032946612 147
1694429381687 176.72268996166486 148
1694429381703 176.69433423223646 149
1694429381720 176.66598314041462 150
1694429381736 176.63763668543314 151
1694429381753 176.6092948665259 152
1694429381769 176.58095768292702 153
1694429381784 176.55262513387066 154
1694429381799 176.52429721859116 155
1694429381815 176.4959739363229 156
1694429381831 176.4676552863005 157
1694429381847 176.43934126775866 158
1694429381863 176.41103187993215 159
1694429381879 176.38272712205594 160
1694429381895 176.35442699336514 161
1694429381911 176.32613149309492 162
1694429381927 176.29784062048063 163
1694429381943 176.2695543747577 164
1694429381959 176.24127275516176 165
1694429381975 176.21299576092846 166
1694429381990 176.18472339129372 167
1694429382006 176.15645564549345 168
1694429382022 176.12819252276373 169
1694429382038 176.09993402234085 170
1694429382054 176.0716801434611 171
1694429382069 176.04343088536098 172
1694429382086 176.0151862472771 173
1694429382102 175.98694622844613 174
1694429382118 175.95871082810498 175
1694429382134 175.93048004549064 176
1694429382150 175.90225387984023 177
1694429382166 175.87403233039092 178
1694429382183 175.8458153963801 179
1694429382199 175.81760307704528 180
1694429382216 175.78939537162412 181
1694429382233 175.76119227935428 182
1694429382249 175.73299379947366 183
1694429382265 175.7047999312203 184
1694429382281 175.6766106738323 185
1694429382296 175.64842602654792 186
1694429382312 175.62024598860546 187
1694429382329 175.59207055924352 188
1694429382346 175.5638997377007 189
1694429382361 175.53573352321575 190
1694429382377 175.50757191502754 191
1694429382393 175.47941491237518 192
1694429382409 175.45126251449767 193
1694429382425 175.42311472063437 194
1694429382441 175.39497153002463 195
1694429382456 175.366832941908 196
1694429382472 175.33869895552408 197
1694429382487 175.31056957011268 198
1694429382503 175.28244478491365 199
1694429382521 175.25432459916706 200
1694429382536 175.2262090121131 201
1694429382551 175.19809802299193 202
1694429382567 175.169991631044 203
1694429382584 175.14188983550991 204
1694429382600 175.11379263563026 205
1694429382615 175.08570003064582 206
1694429382632 175.05761201979752 207
1694429382649 175.02952860232637 208
1694429382665 175.00144977747354 209
1694429382681 174.97337554448038 210
1694429382696 174.94530590258822 211
1694429382713 174.91724085103863 212
1694429382729 174.88918038907326 213
1694429382746 174.86112451593397 214
1694429382762 174.8330732308626 215
1694429382777 174.8050265331012 216
1694429382793 174.776984421892 217
1694429382809 174.74894689647724 218
1694429382827 174.72091395609934 219
1694429382842 174.69288560000092 220
1694429382860 174.66486182742457 221
1694429382876 174.63684263761314 222
1694429382891 174.60882802980953 223
1694429382908 174.5808180032568 224
1694429382924 174.55281255719817 225
1694429382941 174.52481169087687 226
1694429382956 174.4968154035364 227
1694429382972 174.46882369442028 228
1694429382988 174.44083656277215 229
1694429383004 174.41285400783593 230
1694429383020 174.38487602885547 231
1694429383036 174.35690262507484 232
1694429383053 174.32893379573824 233
1694429383068 174.30096954008997 234
1694429383084 174.27300985737446 235
1694429383101 174.2450547468363 236
1694429383117 174.21710420772018 237
1694429383134 174.18915823927085 238
1694429383149 174.16121684073332 239
1694429383164 174.13328001135264 240
1694429383181 174.105347750374 241
1694429383197 174.07742005704264 242
1694429383212 174.04949693060414 243
1694429383228 174.02157837030396 244
1694429383244 173.99366437538785 245
1694429383260 173.9657549451016 246
1694429383276 173.93785007869116 247
1694429383292 173.9099497754026 248
1694429383308 173.8820540344821 249
1694429383324 173.854162855176 250
1694429383340 173.82627623673076 251
1694429383357 173.79839417839293 252
1694429383373 173.77051667940916 253
1694429383389 173.74264373902636 254
1694429383404 173.71477535649146 255
1694429383421 173.68691153105144 256
1694429383437 173.65905226195358 257
1694429383454 173.6311975484452 258
1694429383470 173.60334738977375 259
1694429383485 173.57550178518676 260
1694429383501 173.54766073393196 261
1694429383517 173.51982423525715 262
1694429383534 173.4919922884103 263
1694429383550 173.4641648926395 264
1694429383565 173.4363420471929 265
1694429383581 173.40852375131888 266
1694429383597 173.38071000426584 267
1694429383612 173.35290080528236 268
1694429383628 173.3250961536172 269
1694429383644 173.29729604851912 270
1694429383661 173.26950048923703 271
1694429383677 173.24170947502012 272
1694429383693 173.2139230051175 273
1694429383708 173.1861410787785 274
1694429383724 173.1583636952526 275
1694429383740 173.13059085378939 276
1694429383756 173.10282255363848 277
1694429383772 173.07505879404977 278
1694429383788 173.0472995742732 279
1694429383803 173.01954489355884 280
1694429383819 172.99179475115687 281
1694429383836 172.9640491463176 282
1694429383851 172.93630807829155 283
1694429383868 172.90857154632914 284
1694429383883 172.88083954968124 285
1694429383899 172.85311208759856 286
1694429383914 172.8253891593321 287
1694429383930 172.79767076413287 288
1694429383946 172.76995690125213 289
1694429383963 172.74224756994118 290
1694429383980 172.7145427694514 291
1694429383997 172.68684249903447 292
1694429384013 172.65914675794198 293
1694429384029 172.63145554542584 294
1694429384046 172.60376886073794 295
1694429384062 172.5760867031303 296
1694429384077 172.54840907185516 297
1694429384093 172.52073596616484 298
1694429384109 172.4930673853118 299
1694429384125 172.46540332854858 300
1694429384140 172.4377437951278 301
1694429384156 172.4100887843024 302
1694429384172 172.3824382953252 303
1694429384187 172.3547923274493 304
1694429384203 172.32715087992796 305
1694429384218 172.2995139520144 306
1694429384235 172.27188154296206 307
1694429384251 172.24425365202453 308
1694429384267 172.21663027845548 309
1694429384283 172.1890114215087 310
1694429384298 172.16139708043815 311
1694429384314 172.13378725449783 312
1694429384330 172.10618194294196 313
1694429384346 172.07858114502488 314
1694429384362 172.05098486000094 315
1694429384377 172.02339308712476 316
1694429384393 171.99580582565096 317
1694429384408 171.9682230748343 318
1694429384423 171.9406448339298 319
1694429384439 171.91307110219248 320
1694429384455 171.88550187887748 321
1694429384472 171.85793716324008 322
1694429384487 171.83037695453575 323
1694429384503 171.80282125201998 324
1694429384520 171.77527005494855 325
1694429384538 171.74772336257706 326
1694429384555 171.72018117416155 327
1694429384570 171.69264348895805 328
1694429384587 171.6651103062227 329
1694429384605 171.63758162521174 330
1694429384623 171.6100574451817 331
1694429384643 171.58253776538896 332
1694429384662 171.5550225850903 333
1694429384681 171.52751190354246 334
1694429384700 171.5000057200023 335
1694429384720 171.4725040337269 336
1694429384738 171.44500684397335 337
1694429384755 171.417514149999 338
1694429384771 171.39002595106123 339
1694429384787 171.3625422464175 340
1694429384803 171.3350630353255 341
1694429384818 171.30758831704298 342
1694429384834 171.28011809082787 343
1694429384850 171.25265235593815 344
1694429384866 171.22519111163194 345
1694429384881 171.19773435716755 346
1694429384897 171.17028209180333 347
1694429384913 171.1428343147978 348
1694429384929 171.1153910254096 349
1694429384945 171.08795222289743 350
1694429384961 171.06051790652026 351
1694429384977 171.033088075537 352
1694429384993 171.00566272920685 353
1694429385008 170.978241866789 354
1694429385024 170.9508254875429 355
1694429385041 170.92341359072796 356
1694429385057 170.89600617560382 357
1694429385073 170.8686032414302 358
1694429385089 170.841204787467 359
1694429385104 170.81381081297425 360
1694429385122 170.78642131721196 361
1694429385139 170.75903629944045 362
1694429385155 170.73165575892 363
1694429385173 170.70427969491112 364
1694429385188 170.67690810667443 365
1694429385203 170.64954099347068 366
1694429385219 170.6221783545606 367
1694429385234 170.5948201892053 368
1694429385251 170.56746649666582 369
1694429385266 170.54011727620335 370
1694429385282 170.51277252707925 371
1694429385297 170.485432248555 372
1694429385313 170.45809643989213 373
1694429385329 170.4307651003524 374
1694429385345 170.40343822919763 375
1694429385362 170.3761158256898 376
1694429385378 170.34879788909092 377
1694429385393 170.32148441866323 378
1694429385408 170.29417541366908 379
1694429385424 170.2668708733709 380
1694429385440 170.23957079703115 381
1694429385457 170.21227518391265 382
1694429385472 170.18498403327823 383
1694429385489 170.1576973443907 384
1694429385504 170.13041511651318 385
1694429385520 170.1031373489089 386
1694429385536 170.07586404084108 387
1694429385551 170.04859519157318 388
1694429385568 170.0213308003688 389
1694429385584 169.9940708664915 390
1694429385600 169.96681538920524 391
1694429385616 169.93956436777373 392
1694429385632 169.91231780146114 393
1694429385649 169.8850756895316 394
1694429385665 169.8578380312494 395
1694429385681 169.8306048258789 396
1694429385697 169.8033760726847 397
1694429385714 169.77615177093142 398
1694429385730 169.7489319198838 399
1694429385747 169.7217165188068 400
1694429385764 169.69450556696535 401
1694429385780 169.66729906362465 402
1694429385795 169.64009700804996 403
1694429385811 169.61289939950663 404
1694429385827 169.58570623726018 405
1694429385843 169.55851752057626 406
1694429385860 169.53133324872059 407
1694429385876 169.50415342095906 408
1694429385891 169.47697803655765 409
1694429385906 169.4498070947825 410
1694429385923 169.4226405948998 411
1694429385940 169.39547853617597 412
1694429385956 169.36832091787747 413
1694429385972 169.3411677392709 414
1694429385988 169.31401899962296 415
1694429386004 169.28687469820053 416
1694429386020 169.25973483427057 417
1694429386036 169.2325994071002 418
1694429386052 169.20546841595657 419
1694429386068 169.17834186010708 420
1694429386084 169.15121973881915 421
1694429386099 169.12410205136038 422
1694429386115 169.09698879699846 423
1694429386131 169.06987997500124 424
1694429386147 169.0427755846366 425
1694429386163 169.01567562517272 426
1694429386179 168.9885800958776 427
1694429386194 168.96148899601977 428
1694429386211 168.9344023248675 429
1694429386226 168.9073200816894 430
1694429386242 168.88024226575416 431
1694429386261 168.85316887633059 432
1694429386278 168.82609991268754 433
1694429386294 168.79903537409413 434
1694429386310 168.77197525981947 435
1694429386326 168.74491956913286 436
1694429386342 168.71786830130367 437
1694429386358 168.6908214556015 438
1694429386375 168.66377903129592 439
1694429386390 168.63674102765677 440
1694429386406 168.60970744395382 441
1694429386422 168.58267827945727 442
1694429386438 168.5556535334371 443
1694429386454 168.52863320516363 444
1694429386470 168.5016172939072 445
1694429386486 168.47460579893837 446
1694429386502 168.4475987195277 447
1694429386519 168.42059605494592 448
1694429386536 168.39359780446395 449
1694429386552 168.3666039673527 450
1694429386568 168.33961454288334 451
1694429386584 168.31262953032706 452
1694429386601 168.28564892895525 453
1694429386617 168.25867273803937 454
1694429386632 168.2317009568509 455
1694429386648 168.20473358466168 456
1694429386664 168.17777062074347 457
1694429386679 168.15081206436827 458
1694429386696 168.12385791480813 459
1694429386711 168.09690817133523 460
1694429386728 168.06996283322195 461
1694429386743 168.04302189974058 462
1694429386759 168.01608537016386 463
1694429386776 167.98915324376438 464
1694429386792 167.9622255198149 465
1694429386807 167.9353021975884 466
1694429386823 167.9083832763579 467
1694429386839 167.88146875539655 468
1694429386856 167.8545586339777 469
1694429386873 167.82765291137466 470
1694429386890 167.800751586861 471
1694429386905 167.77385465971037 472
1694429386921 167.7469621291965 473
1694429386937 167.72007399459335 474
1694429386953 167.69319025517484 475
1694429386969 167.6663109102152 476
1694429386985 167.6394359589886 477
1694429387001 167.6125654007694 478
1694429387017 167.58569923483213 479
1694429387033 167.55883746045143 480
1694429387049 167.531980076902 481
1694429387065 167.50512708345866 482
1694429387081 167.4782784793964 483
1694429387098 167.45143426399034 484
1694429387113 167.42459443651575 485
1694429387129 167.3977589962478 486
1694429387145 167.3709279424621 487
1694429387161 167.3441012744341 488
1694429387177 167.3172789914396 489
1694429387193 167.29046109275438 490
1694429387209 167.26364757765444 491
1694429387224 167.23683844541569 492
1694429387239 167.21003369531442 493
1694429387256 167.18323332662692 494
1694429387272 167.1564373386296 495
1694429387287 167.12964573059895 496
1694429387303 167.10285850181168 497
1694429387319 167.07607565154458 498
1694429387335 167.04929717907453 499
