1694429532499 157.8988492889442 0
1694429532516 137.95962903283404 1
1694429532532 120.51328619298492 2
1694429532548 106.8762538541669 3
1694429532565 92.1070371887292 4
1694429532581 79.42678440568639 5
1694429532600 69.77307807136918 6
1694429532619 60.83318765238478 7
1694429532643 57.08606169805209 8
1694429532668 46.728061743840904 9
1694429532691 43.45023378620014 10
1694429532715 37.29742471932593 11
1694429532737 32.62831083885236 12
1694429532756 29.59937073971062 13
1694429532773 27.06923937829746 14
1694429532790 24.393729572234804 15
1694429532807 22.325866229338903 16
1694429532825 19.24989120083219 17
1694429532843 14.753093919825954 18
1694429532861 13.00527799301034 19
1694429532879 12.55879989389887 20
1694429532896 11.813992607804183 21
1694429532914 9.837349834084847 22
1694429532931 8.786894328559203 23
1694429532948 8.437187497837137 24
1694429532965 7.04683508796307 25
1694429532982 5.793828484208697 26
1694429532999 5.364146766697324 27
1694429533020 5.432751188451297 28
1694429533040 3.9870453644770967 29
1694429533060 3.838789296631087 30
1694429533078 4.108940754033351 31
1694429533097 3.8022251956901587 32
1694429533113 2.9747071681725012 33
1694429533130 3.008664849165441 34
1694429533147 2.860454410540766 35
1694429533163 2.3264868857604264 36
1694429533181 1.8599394070465032 37
1694429533197 1.947805558249614 38
1694429533214 2.135303629527713 39
1694429533231 1.0184366135831837 40
1694429533248 1.3333344869711097 41
1694429533265 1.3208356561108563 42
1694429533282 1.0125900447476794 43
1694429533299 1.0046299154951106 44
1694429533316 1.2381436527241487 45
1694429533333 1.20075161016608 46
1694429533350 0.9559672011183523 47
1694429533367 1.1749511967138047 48
1694429533383 0.8466773441448294 49
1694429533400 0.7896916853969836 50
1694429533419 0.8035610203840015 51
1694429533435 0.7333454821275293 52
1694429533452 0.4851434717501766 53
1694429533469 0.515623839454995 54
1694429533487 0.7874258146671265 55
1694429533504 0.5457505764039151 56
1694429533520 0.5314848875544687 57
1694429533537 0.8286032727533345 58
1694429533554 0.5469798820106929 59
1694429533570 0.47292964974209234 60
1694429533588 0.4618908887898151 61
1694429533605 0.5600067920240297 62
1694429533623 0.443030480705437 63
1694429533640 0.4277440174961146 64
1694429533659 0.29762378785618804 65
1694429533677 0.30095874637009334 66
1694429533695 0.36672811731333566 67
1694429533713 0.3985812589857015 68
1694429533730 0.40756834730994923 69
1694429533748 0.31514651757302914 70
1694429533765 0.35647034081473816 71
1694429533782 0.36661244686937783 72
1694429533798 0.5029212822680048 73
1694429533815 0.4042388411385877 74
1694429533832 0.3844097566649401 75
1694429533849 0.3147439343906043 76
1694429533866 0.49522326275956624 77
1694429533884 0.2811906059837213 78
1694429533900 0.4687380127311604 79
1694429533917 0.3741727115166679 80
1694429533933 0.3461613107382166 81
1694429533951 0.3322034893983278 82
1694429533968 0.4465358849640032 83
1694429533985 0.22219555262877042 84
1694429534002 0.47074952207189114 85
1694429534019 0.3650138023824154 86
1694429534037 0.24696779726568274 87
1694429534054 0.25219783515515487 88
1694429534072 0.4078310007110601 89
1694429534090 0.3598581030568613 90
1694429534107 0.4089132822086396 91
1694429534123 0.3432920571586248 92
1694429534141 0.2426735279740005 93
1694429534158 0.23609220511008133 94
1694429534176 0.27869695605410555 95
1694429534194 0.3056316635567467 96
1694429534212 0.4336831582206574 97
1694429534229 0.32496775784017873 98
1694429534248 0.3144110015012505 99
1694429534267 0.17064225025580695 100
1694429534286 0.35794459179439364 101
1694429534305 0.16241671509125655 102
1694429534325 0.45221583612706395 103
1694429534345 0.3095388538539628 104
1694429534364 0.32627889266660925 105
1694429534382 0.22290799663185354 106
1694429534398 0.2935982229529414 107
1694429534415 0.3347838584217568 108
1694429534431 0.3208093645636046 109
1694429534448 0.21410107474716766 110
1694429534464 0.21592716959660557 111
1694429534481 0.2586481357290091 112
1694429534499 0.36435835503618497 113
1694429534515 0.2765241843442505 114
1694429534532 0.18811091791389314 115
1694429534550 0.17823736141823548 116
1694429534568 0.24403413555042933 117
1694429534586 0.3710690936371563 118
1694429534604 0.30626207763348046 119
1694429534622 0.34018472099517777 120
1694429534638 0.21201568725224518 121
1694429534656 0.3111418068211688 122
1694429534673 0.22147883174277666 123
1694429534691 0.3082707999846535 124
1694429534708 0.24633047476639217 125
1694429534726 0.2425103548427776 126
1694429534744 0.37702112314482006 127
1694429534762 0.4648780177941982 128
1694429534779 0.3070120915490747 129
1694429534796 0.23118346125093256 130
1694429534814 0.3086707554435817 131
1694429534832 0.12852620181212213 132
1694429534850 0.34353653898719216 133
1694429534866 0.39480104583481773 134
1694429534886 0.4050677405878371 135
1694429534904 0.11976976767183434 136
1694429534921 0.4001611152179469 137
1694429534936 0.27283651483522336 138
1694429534953 0.36721774791381 139
1694429534970 0.29063132711395145 140
1694429534987 0.21412839422469715 141
1694429535004 0.22293258492625964 142
1694429535020 0.2401267016222166 143
1694429535037 0.29721092060700516 144
1694429535055 0.19132014718073212 145
1694429535072 0.11772303518076631 146
1694429535089 0.3191770886865967 147
1694429535107 0.4061303856146787 148
1694429535123 0.1553061984123155 149
1694429535141 0.2662251494507226 150
1694429535157 0.3278397996819586 151
1694429535174 0.3027941371400863 152
1694429535191 0.20746965388674635 153
1694429535208 0.3267024055890437 154
1694429535225 0.3973926484099733 155
1694429535241 0.14258153360270753 156
1694429535257 0.511066242337294 157
1694429535274 0.21255470731961693 158
1694429535292 0.4708896404636437 159
1694429535309 0.2898122555101694 160
1694429535326 0.32084485637158144 161
1694429535343 0.3087184133243252 162
1694429535360 0.28220224000723915 163
1694429535377 0.27297830225183217 164
1694429535394 0.29378233047373276 165
1694429535411 0.23081797687924738 166
1694429535427 0.22028637091526776 167
1694429535443 0.31917694273379277 168
1694429535461 0.2957928961569453 169
1694429535478 0.2450071014200975 170
1694429535495 0.31647732284620317 171
1694429535513 0.29296415876215504 172
1694429535530 0.307665762114025 173
1694429535546 0.3212840515391155 174
1694429535563 0.23053371836631056 175
1694429535580 0.41454627653426757 176
1694429535598 0.2113433258441016 177
1694429535614 0.35957957355106973 178
1694429535630 0.285091956229452 179
1694429535648 0.19485292577649288 180
1694429535665 0.5523347473552305 181
1694429535681 0.3418327879857598 182
1694429535699 0.3627942140196924 183
1694429535717 0.33930272374857406 184
1694429535733 0.3211609794037172 185
1694429535750 0.27789260663779386 186
1694429535767 0.24682187022085095 187
1694429535784 0.24324023160794142 188
1694429535801 0.2213535463008189 189
1694429535818 0.3026124230245776 190
1694429535835 0.235546988015008 191
1694429535852 0.31255971033459773 192
1694429535869 0.30963705258065594 193
1694429535886 0.37713247432506813 194
1694429535902 0.25298870076009117 195
1694429535920 0.38422581147567764 196
1694429535937 0.36125160865619926 197
1694429535954 0.2762783024712675 198
1694429535971 0.2868314820511772 199
1694429535987 0.3464438916891076 200
1694429536004 0.28819969650370936 201
1694429536020 0.2813618560313517 202
1694429536038 0.38477587207729086 203
1694429536057 0.20507554343478554 204
1694429536074 0.3115957960612396 205
1694429536091 0.2514754290271005 206
1694429536108 0.3425543998836647 207
1694429536125 0.3048213984628216 208
1694429536142 0.269254370639075 209
1694429536158 0.2440987355512017 210
1694429536174 0.38253878558789023 211
1694429536191 0.19734408310901155 212
1694429536210 0.29052603337709876 213
1694429536227 0.3422407176739852 214
1694429536245 0.3661858397714513 215
1694429536263 0.38918377046848435 216
1694429536281 0.39865037853213275 217
1694429536298 0.2822580632383845 218
1694429536315 0.4116342579575443 219
1694429536333 0.2222617596530682 220
1694429536351 0.34818157099209995 221
1694429536368 0.25378331224503275 222
1694429536385 0.3370949913220641 223
1694429536402 0.22048685503482143 224
1694429536419 0.27179962294087995 225
1694429536436 0.28403414351906614 226
1694429536455 0.2058647367502771 227
1694429536472 0.5263445805816958 228
1694429536489 0.39133326362708015 229
1694429536506 0.24490752691032647 230
1694429536524 0.355066372227648 231
1694429536541 0.4792163207357734 232
1694429536557 0.32612711287147184 233
1694429536574 0.20846031797305636 234
1694429536591 0.3529730480600752 235
1694429536608 0.28811431437583834 236
1694429536626 0.19999771327800261 237
1694429536645 0.19924909423705445 238
1694429536665 0.3084451365813084 239
1694429536683 0.28599593921256516 240
1694429536700 0.2240390108569265 241
1694429536718 0.24826662823101525 242
1694429536735 0.29902118379465226 243
1694429536752 0.24027675488439557 244
1694429536769 0.19349062288759994 245
1694429536785 0.20855764216368186 246
1694429536803 0.33566082826231547 247
1694429536820 0.35103578667617674 248
1694429536838 0.21747632208366596 249
1694429536855 0.21595066191055853 250
1694429536872 0.2290354246014567 251
1694429536888 0.3333962710095369 252
1694429536906 0.22116557040277104 253
1694429536924 0.13087989050029775 254
1694429536941 0.2731457871184637 255
1694429536957 0.2937860593482872 256
1694429536975 0.2622042550993177 257
1694429536992 0.26128815014386386 258
1694429537008 0.3439204256908999 259
1694429537025 0.2906535881682673 260
1694429537042 0.3386550744476503 261
1694429537059 0.26001398059491254 262
1694429537075 0.24196700896619652 263
1694429537093 0.16068967175572407 264
1694429537109 0.3661473590762778 265
1694429537126 0.39545845214072256 266
1694429537144 0.29549800460235737 267
1694429537161 0.30834258599721726 268
1694429537177 0.26668341340448004 269
1694429537195 0.36045350918237556 270
1694429537212 0.24765409491126844 271
1694429537229 0.33099579659163375 272
1694429537246 0.3709086009205319 273
1694429537263 0.5313950119664224 274
1694429537281 0.29856891229438226 275
1694429537298 0.2981949554353056 276
1694429537315 0.29916629946434614 277
1694429537332 0.34583551248088135 278
1694429537348 0.22684496154699504 279
1694429537365 0.41882098353689795 280
1694429537382 0.39130123157413477 281
1694429537399 0.270892734592866 282
1694429537416 0.2821178971318696 283
1694429537433 0.2616347267109268 284
1694429537450 0.47320147214604985 285
1694429537467 0.43580859697581387 286
1694429537484 0.4056898148255956 287
1694429537500 0.21427334922444946 288
1694429537517 0.23915404151644976 289
1694429537535 0.3921834330486768 290
1694429537552 0.1829289970716195 291
1694429537568 0.22572321982242843 292
1694429537584 0.2688991945481957 293
1694429537600 0.11875313157014498 294
1694429537618 0.22465845598419237 295
1694429537635 0.4306320271008972 296
1694429537652 0.2435850869174125 297
1694429537668 0.17286042351901626 298
1694429537685 0.21804824466588113 299
1694429537702 0.6194993389984121 300
1694429537719 0.28570731266739263 301
1694429537736 0.4181879161689141 302
1694429537753 0.2648539125439086 303
1694429537770 0.40052926624952434 304
1694429537788 0.3591272564838834 305
1694429537805 0.3285871437028954 306
1694429537822 0.32606578795035757 307
1694429537841 0.31818853402049746 308
1694429537859 0.4193158803831373 309
1694429537877 0.24896559269693755 310
1694429537894 0.21914110554611357 311
1694429537911 0.2777815634626191 312
1694429537928 0.21126196823281693 313
1694429537945 0.31533697165902014 314
1694429537962 0.37625778746784316 315
1694429537979 0.2692588508626317 316
1694429537997 0.29479143567740645 317
1694429538015 0.3054228890308207 318
1694429538032 0.26484024218691965 319
1694429538049 0.28924697591209847 320
1694429538067 0.2991587977418034 321
1694429538083 0.38545014764462693 322
1694429538100 0.20278559336346236 323
1694429538118 0.3184395490695176 324
1694429538134 0.209705578468512 325
1694429538151 0.3564859978550213 326
1694429538167 0.29303688665057787 327
1694429538184 0.19984525232426723 328
1694429538201 0.266327033023261 329
1694429538218 0.4293611677980222 330
1694429538234 0.3222090269841269 331
1694429538250 0.27753016318391177 332
1694429538268 0.2123737131989469 333
1694429538284 0.33261650385934294 334
1694429538303 0.3398026853045367 335
1694429538319 0.30267655278150973 336
1694429538337 0.17837862877254995 337
1694429538353 0.19782329323968223 338
1694429538371 0.21326770663849867 339
1694429538389 0.3465358675435787 340
1694429538406 0.2582405213199597 341
1694429538425 0.3119307376287855 342
1694429538444 0.36349508783664 343
1694429538462 0.30632335191626303 344
1694429538480 0.36926141804891394 345
1694429538498 0.3867970857452061 346
1694429538515 0.1805484229095759 347
1694429538534 0.3076068345704072 348
1694429538551 0.35232801079094395 349
1694429538568 0.36514581998234125 350
1694429538584 0.29548841278570653 351
1694429538601 0.2741596849088008 352
1694429538617 0.2580031198115023 353
1694429538634 0.19893502638561378 354
1694429538653 0.3117566673509651 355
1694429538669 0.22796454656879958 356
1694429538687 0.2556868421957704 357
1694429538704 0.3582141441816279 358
1694429538721 0.38495220684017034 359
1694429538739 0.31298422119623315 360
1694429538756 0.22158438655179125 361
1694429538773 0.2621409192867846 362
1694429538789 0.1574817574077127 363
1694429538805 0.3147572937759899 364
1694429538822 0.2581106414252647 365
1694429538839 0.2685252218911954 366
1694429538855 0.36123756068032087 367
1694429538873 0.447930628816035 368
1694429538889 0.17424206234639322 369
1694429538906 0.3591761250986605 370
1694429538923 0.4666116320176749 371
1694429538940 0.3843161523380079 372
1694429538957 0.2179930032280896 373
1694429538974 0.22410459460547597 374
1694429538991 0.18839084050955232 375
1694429539008 0.29007168896053565 376
1694429539026 0.4341549959798164 377
1694429539043 0.18480618489195616 378
1694429539060 0.16049165928891546 379
1694429539077 0.34937209828223476 380
1694429539093 0.3798693077338716 381
1694429539110 0.3546801461444571 382
1694429539128 0.2937862711421894 383
1694429539146 0.3263790706895993 384
1694429539163 0.24913449809649052 385
1694429539179 0.28486686210981765 386
1694429539196 0.200461056680781 387
1694429539214 0.4351264944828172 388
1694429539231 0.3769555106448664 389
1694429539247 0.22220603310592227 390
1694429539264 0.2131555047922045 391
1694429539281 0.230155642452827 392
1694429539297 0.4852316861713715 393
1694429539314 0.35717196604516355 394
1694429539331 0.38246039257533376 395
1694429539348 0.2120614026037688 396
1694429539365 0.36077196424534524 397
1694429539381 0.2996070261883377 398
1694429539398 0.3868881197082132 399
1694429539414 0.2727092770527994 400
1694429539432 0.3325605891410626 401
1694429539448 0.2554050620372051 402
1694429539465 0.4515643882013464 403
1694429539482 0.2519985642938112 404
1694429539498 0.32072442761447506 405
1694429539516 0.37376403357781285 406
1694429539533 0.41337395280766215 407
1694429539549 0.4027567667135843 408
1694429539566 0.22289832988332572 409
1694429539582 0.34144202994664996 410
1694429539600 0.3136524876630822 411
1694429539617 0.3273663531031134 412
1694429539634 0.31911532204111576 413
1694429539651 0.23285703979710876 414
1694429539668 0.1925553876290668 415
1694429539685 0.5016142350139802 416
1694429539702 0.44522156101657234 417
1694429539719 0.2364867323213744 418
1694429539736 0.2833324895004209 419
1694429539753 0.28858651409710584 420
1694429539770 0.2170091765847954 421
1694429539787 0.3100717467128379 422
1694429539803 0.2814350734037369 423
1694429539820 0.26371146365739634 424
1694429539837 0.2237407196424343 425
1694429539854 0.25796154344222644 426
1694429539871 0.3085284098806746 427
1694429539888 0.39286488148688126 428
1694429539905 0.22182709683455507 429
1694429539922 0.3096625327005394 430
1694429539939 0.23711541981333942 431
1694429539955 0.3460273424655389 432
1694429539972 0.12131053686746478 433
1694429539989 0.1810393238586875 434
1694429540006 0.1829385311442086 435
1694429540025 0.26570254653390873 436
1694429540043 0.33439989373489176 437
1694429540062 0.2816762296802433 438
1694429540080 0.2605522252700723 439
1694429540099 0.2765513434324927 440
1694429540116 0.27307085286468774 441
1694429540133 0.2495641953433084 442
1694429540150 0.31843497839937934 443
1694429540168 0.2881310321036434 444
1694429540185 0.4911858323511323 445
1694429540202 0.2875622529816099 446
1694429540219 0.4267571725537062 447
1694429540235 0.22509550149093108 448
1694429540253 0.3168799395036717 449
1694429540269 0.26461603477431855 450
1694429540289 0.3407969088936191 451
1694429540306 0.29434763793545965 452
1694429540323 0.20959065410633682 453
1694429540340 0.33824063375065794 454
1694429540357 0.20815606716851637 455
1694429540374 0.3030230734208605 456
1694429540391 0.2764520740237359 457
1694429540407 0.3591707841251238 458
1694429540424 0.27413036816938957 459
1694429540441 0.4292520758897462 460
1694429540458 0.13039611069539567 461
1694429540474 0.38861982181580146 462
1694429540490 0.32180594003285323 463
1694429540507 0.33297161983759055 464
1694429540525 0.2729966579336866 465
1694429540541 0.20039755573337775 466
1694429540558 0.39444478676640815 467
1694429540575 0.24502950605748208 468
1694429540593 0.22883236228187107 469
1694429540609 0.39858673503224484 470
1694429540625 0.33476643763954594 471
1694429540642 0.3480109272999141 472
1694429540659 0.2937677006990177 473
1694429540675 0.42707974396731857 474
1694429540692 0.21252716551746437 475
1694429540709 0.2939548248600379 476
1694429540725 0.21628625823305228 477
1694429540742 0.31893406107697136 478
1694429540759 0.39764764993631757 479
1694429540776 0.41607915110653115 480
1694429540794 0.46017627056636623 481
1694429540811 0.24505013583006713 482
1694429540828 0.2159653008485765 483
1694429540845 0.35997685188404915 484
1694429540862 0.29429327197677085 485
1694429540879 0.28471465168349436 486
1694429540895 0.3143631730268943 487
1694429540912 0.24246955164372344 488
1694429540929 0.2944219624696648 489
1694429540945 0.42341043074457224 490
1694429540962 0.42191181720294196 491
1694429540980 0.2514951981273836 492
1694429540997 0.26501761960083814 493
1694429541014 0.3483030359626757 494
1694429541031 0.4387624032758997 495
1694429541048 0.2074553068928447 496
1694429541065 0.2565498233466699 497
1694429541082 0.2909140799799901 498
1694429541098 0.4038785051745761 499
