1694428467239 168.89967544445548 0
1694428467254 168.81724791776088 1
1694428467268 168.74652412816513 2
1694428467283 168.6857756592696 3
1694428467297 168.633533306953 4
1694428467311 168.5885479342037 5
1694428467325 168.54975725700274 6
1694428467343 168.5162576611883 7
1694428467358 168.48728028692904 8
1694428467372 168.46217073336126 9
1694428467387 168.4403718342596 10
1694428467402 168.4214090389897 11
1694428467417 168.40487800370636 12
1694428467431 168.39043405772912 13
1694428467445 168.37778326089085 14
1694428467459 168.36667481079016 15
1694428467472 168.3568945954631 16
1694428467486 168.3482597180178 17
1694428467502 168.34061384609177 18
1694428467516 168.33382326131186 19
1694428467530 168.32777350286716 20
1694428467544 168.32236651536283 21
1694428467558 168.31751822473987 22
1694428467571 168.31315647760013 23
1694428467587 168.3092192890718 24
1694428467604 168.3056533526634 25
1694428467618 168.30241277260365 26
1694428467632 168.29945798514566 27
1694428467647 168.2967548403863 28
1694428467661 168.2942738204568 29
1694428467675 168.29198937358944 30
1694428467690 168.28987934666623 31
1694428467709 168.28792450147958 32
1694428467726 168.2861081021681 33
1694428467743 168.28441556318086 34
1694428467762 168.28283414872956 35
1694428467782 168.28135271604995 36
1694428467800 168.2799614959507 37
1694428467820 168.2786519051088 38
1694428467840 168.2774163854032 39
1694428467858 168.27624826628568 40
1694428467874 168.27514164678814 41
1694428467888 168.27409129427508 42
1694428467902 168.27309255748176 43
1694428467916 168.27214129174752 44
1694428467931 168.27123379466406 45
1694428467944 168.2703667506252 46
1694428467962 168.2695371829876 47
1694428467976 168.26874241274592 48
1694428467990 168.26798002278568 49
1694428468004 168.26724782691784 50
1694428468017 168.26654384301384 51
1694428468033 168.2658662696633 52
1694428468048 168.26521346585676 53
1694428468063 168.26458393327366 54
1694428468076 168.26397630081215 55
1694428468092 168.2633893110532 56
1694428468106 168.26282180839448 57
1694428468119 168.26227272862764 58
1694428468133 168.26174108976556 59
1694428468147 168.2612259839528 60
1694428468163 168.2607265703172 61
1694428468179 168.2602420686393 62
1694428468198 168.25977175373458 63
1694428468212 168.25931495045813 64
1694428468225 168.25887102925222 65
1694428468240 168.25843940217064 66
1694428468254 168.25801951932016 67
1694428468268 168.25761086567013 68
1694428468282 168.25721295818457 69
1694428468296 168.25682534324022 70
1694428468310 168.25644759429716 71
1694428468324 168.25607930979268 72
1694428468338 168.25572011123427 73
1694428468354 168.25536964146877 74
1694428468367 168.25502756310973 75
1694428468381 168.2546935571049 76
1694428468395 168.25436732143 77
1694428468408 168.25404856989567 78
1694428468424 168.25373703105546 79
1694428468437 168.25343244720568 80
1694428468452 168.25313457346735 81
1694428468466 168.25284317694312 82
1694428468480 168.25255803594112 83
1694428468493 168.25227893926032 84
1694428468507 168.2520056855311 85
1694428468521 168.2517380826067 86
1694428468536 168.25147594700044 87
1694428468550 168.25121910336506 88
1694428468563 168.25096738401027 89
1694428468576 168.2507206284554 90
1694428468592 168.2504786830144 91
1694428468606 168.25024140041006 92
1694428468620 168.25000863941534 93
1694428468634 168.24978026451973 94
1694428468650 168.24955614561821 95
1694428468664 168.24933615772156 96
1694428468679 168.2491201806859 97
1694428468692 168.2489080989603 98
1694428468706 168.24869980135068 99
1694428468719 168.24849518079935 100
1694428468735 168.24829413417856 101
1694428468751 168.248096562097 102
1694428468765 168.24790236871866 103
1694428468778 168.24771146159273 104
1694428468792 168.24752375149416 105
1694428468806 168.24733915227375 106
1694428468825 168.24715758071736 107
1694428468840 168.24697895641313 108
1694428468857 168.24680320162702 109
1694428468874 168.2466302411853 110
1694428468888 168.24646000236365 111
1694428468902 168.24629241478277 112
1694428468915 168.24612741030975 113
1694428468930 168.24596492296493 114
1694428468944 168.24580488883376 115
1694428468960 168.24564724598358 116
1694428468980 168.24549193438463 117
1694428468994 168.24533889583557 118
1694428469009 168.24518807389242 119
1694428469023 168.2450394138014 120
1694428469037 168.2448928624354 121
1694428469052 168.24474836823302 122
1694428469066 168.24460588114135 123
1694428469080 168.244465352561 124
1694428469094 168.24432673529384 125
1694428469109 168.2441899834935 126
1694428469123 168.2440550526181 127
1694428469137 168.2439218993848 128
1694428469150 168.24379048172696 129
1694428469164 168.24366075875287 130
1694428469178 168.24353269070647 131
1694428469192 168.24340623892954 132
1694428469206 168.24328136582594 133
1694428469220 168.24315803482702 134
1694428469234 168.2430362103587 135
1694428469248 168.24291585780963 136
1694428469262 168.2427969435011 137
1694428469277 168.24267943465762 138
1694428469296 168.2425632993791 139
1694428469310 168.24244850661407 140
1694428469324 168.24233502613362 141
1694428469339 168.24222282850664 142
1694428469356 168.24211188507604 143
1694428469370 168.24200216793548 144
1694428469384 168.24189364990752 145
1694428469397 168.24178630452187 146
1694428469412 168.24168010599507 147
1694428469426 168.24157502921062 148
1694428469440 168.24147104969967 149
1694428469454 168.24136814362248 150
1694428469468 168.24126628775085 151
1694428469482 168.2411654594505 152
1694428469495 168.2410656366645 153
1694428469509 168.24096679789736 154
1694428469522 168.240868922199 155
1694428469536 168.24077198915012 156
1694428469550 168.24067597884718 157
1694428469564 168.2405808718885 158
1694428469578 168.2404866493606 159
1694428469592 168.24039329282468 160
1694428469606 168.240300784304 161
1694428469620 168.24020910627132 162
1694428469634 168.24011824163688 163
1694428469648 168.24002817373656 164
1694428469662 168.23993888632072 165
1694428469676 168.23985036354296 166
1694428469694 168.23976258994966 167
1694428469708 168.23967555046923 168
1694428469722 168.2395892304025 169
1694428469735 168.2395036154126 170
1694428469749 168.2394186915155 171
1694428469763 168.23933444507097 172
1694428469777 168.23925086277336 173
1694428469791 168.23916793164298 174
1694428469805 168.23908563901782 175
1694428469819 168.23900397254488 176
1694428469832 168.23892292017268 177
1694428469847 168.23884247014314 178
1694428469861 168.2387626109841 179
1694428469875 168.23868333150196 180
1694428469890 168.23860462077454 181
1694428469905 168.23852646814413 182
1694428469923 168.23844886321072 183
1694428469939 168.23837179582543 184
1694428469952 168.23829525608394 185
1694428469967 168.23821923432055 186
1694428469982 168.23814372110172 187
1694428469995 168.23806870722066 188
1694428470009 168.237994183691 189
1694428470023 168.2379201417417 190
1694428470037 168.23784657281132 191
1694428470051 168.23777346854277 192
1694428470065 168.23770082077814 193
1694428470079 168.23762862155374 194
1694428470095 168.23755686309508 195
1694428470111 168.2374855378122 196
1694428470124 168.23741463829498 197
1694428470138 168.23734415730866 198
1694428470152 168.23727408778927 199
1694428470166 168.2372044228396 200
1694428470180 168.2371351557248 201
1694428470194 168.23706627986837 202
1694428470207 168.23699778884827 203
1694428470222 168.23692967639295 204
1694428470235 168.23686193637758 205
1694428470249 168.23679456282053 206
1694428470262 168.23672754987953 207
1694428470278 168.23666089184843 208
1694428470292 168.23659458315373 209
1694428470306 168.23652861835123 210
1694428470320 168.23646299212274 211
1694428470335 168.23639769927325 212
1694428470349 168.23633273472743 213
1694428470364 168.23626809352697 214
1694428470381 168.23620377082747 215
1694428470398 168.2361397618959 216
1694428470414 168.2360760621075 217
1694428470428 168.2360126669431 218
1694428470443 168.2359495719869 219
1694428470457 168.23588677292346 220
1694428470471 168.23582426553546 221
1694428470484 168.23576204570114 222
1694428470498 168.23570010939204 223
1694428470512 168.23563845267063 224
1694428470526 168.23557707168806 225
1694428470541 168.23551596268192 226
1694428470557 168.23545512197433 227
1694428470570 168.23539454596946 228
1694428470584 168.23533423115194 229
1694428470598 168.23527417408457 230
1694428470612 168.23521437140647 231
1694428470627 168.2351548198312 232
1694428470641 168.235095516145 233
1694428470654 168.23503645720496 234
1694428470668 168.23497763993714 235
1694428470682 168.2349190613351 236
1694428470696 168.23486071845812 237
1694428470711 168.23480260842953 238
1694428470725 168.23474472843532 239
1694428470739 168.23468707572235 240
1694428470753 168.23462964759713 241
1694428470768 168.2345724414241 242
1694428470781 168.23451545462436 243
1694428470795 168.23445868467434 244
1694428470809 168.23440212910427 245
1694428470822 168.234345785497 246
1694428470836 168.2342896514866 247
1694428470851 168.23423372475727 248
1694428470865 168.234178003042 249
1694428470879 168.23412248412126 250
1694428470893 168.23406716582218 251
1694428470907 168.23401204601717 252
1694428470921 168.23395712262274 253
1694428470935 168.23390239359867 254
1694428470949 168.23384785694682 255
1694428470964 168.23379351071011 256
1694428470979 168.23373935297147 257
1694428470996 168.23368538185306 258
1694428471010 168.23363159551508 259
1694428471030 168.23357799215506 260
1694428471044 168.23352457000672 261
1694428471058 168.2334713273394 262
1694428471072 168.23341826245692 263
1694428471086 168.23336537369684 264
1694428471099 168.23331265942974 265
1694428471114 168.23326011805827 266
1694428471128 168.23320774801653 267
1694428471142 168.2331555477691 268
1694428471156 168.2331035158106 269
1694428471170 168.2330516506647 270
1694428471184 168.2329999508835 271
1694428471197 168.232948415047 272
1694428471211 168.23289704176224 273
1694428471225 168.23284582966264 274
1694428471239 168.23279477740752 275
1694428471253 168.2327438836815 276
1694428471266 168.23269314719366 277
1694428471280 168.23264256667704 278
1694428471294 168.23259214088833 279
1694428471308 168.232541868607 280
1694428471322 168.23249174863477 281
1694428471335 168.23244177979535 282
1694428471350 168.23239196093363 283
1694428471365 168.23234229091523 284
1694428471379 168.23229276862617 285
1694428471392 168.2322433929723 286
1694428471406 168.2321941628787 287
1694428471420 168.23214507728937 288
1694428471433 168.2320961351668 289
1694428471448 168.23204733549153 290
1694428471462 168.2319986772615 291
1694428471477 168.23195015949207 292
1694428471494 168.2319017812151 293
1694428471512 168.23185354147896 294
1694428471527 168.23180543934808 295
1694428471541 168.23175747390243 296
1694428471555 168.23170964423718 297
1694428471569 168.23166194946245 298
1694428471583 168.23161438870298 299
1694428471596 168.2315669610975 300
1694428471610 168.2315196657989 301
1694428471624 168.2314725019735 302
1694428471639 168.23142546880084 303
1694428471653 168.23137856547336 304
1694428471666 168.23133179119628 305
1694428471679 168.2312851451871 306
1694428471693 168.23123862667535 307
1694428471707 168.2311922349024 308
1694428471721 168.23114596912117 309
1694428471735 168.23109982859575 310
1694428471749 168.23105381260123 311
1694428471763 168.23100792042356 312
1694428471777 168.23096215135914 313
1694428471791 168.23091650471454 314
1694428471804 168.2308709798065 315
1694428471818 168.23082557596155 316
1694428471832 168.23078029251573 317
1694428471846 168.23073512881447 318
1694428471860 168.23069008421243 319
1694428471875 168.23064515807317 320
1694428471888 168.230600349769 321
1694428471902 168.23055565868077 322
1694428471916 168.2305110841978 323
1694428471930 168.23046662571744 324
1694428471944 168.23042228264518 325
1694428471959 168.23037805439427 326
1694428471973 168.23033394038558 327
1694428471987 168.2302899400476 328
1694428472000 168.23024605281597 329
1694428472014 168.23020227813362 330
1694428472028 168.23015861545036 331
1694428472044 168.23011506422299 332
1694428472058 168.2300716239149 333
1694428472073 168.23002829399613 334
1694428472090 168.229985073943 335
1694428472105 168.22994196323828 336
1694428472122 168.22989896137076 337
1694428472136 168.2298560678353 338
1694428472150 168.2298132821326 339
1694428472164 168.22977060376914 340
1694428472177 168.22972803225713 341
1694428472191 168.22968556711413 342
1694428472205 168.22964320786315 343
1694428472218 168.22960095403258 344
1694428472232 168.22955880515593 345
1694428472247 168.2295167607717 346
1694428472260 168.22947482042352 347
1694428472274 168.22943298365976 348
1694428472288 168.22939125003361 349
1694428472302 168.2293496191028 350
1694428472316 168.22930809042987 351
1694428472330 168.22926666358157 352
1694428472344 168.22922533812923 353
1694428472358 168.2291841136484 354
1694428472372 168.22914298971884 355
1694428472386 168.22910196592437 356
1694428472400 168.229061041853 357
1694428472413 168.22902021709658 358
1694428472427 168.2289794912509 359
1694428472441 168.22893886391552 360
1694428472455 168.2288983346938 361
1694428472468 168.22885790319268 362
1694428472482 168.2288175690227 363
1694428472496 168.22877733179797 364
1694428472510 168.22873719113602 365
1694428472524 168.22869714665774 366
1694428472537 168.2286571979874 367
1694428472552 168.22861734475245 368
1694428472565 168.2285775865836 369
1694428472583 168.2285379231147 370
1694428472601 168.2284983539826 371
1694428472619 168.22845887882718 372
1694428472635 168.2284194972914 373
1694428472650 168.228380209021 374
1694428472663 168.22834101366465 375
1694428472677 168.2283019108737 376
1694428472691 168.22826290030252 377
1694428472705 168.2282239816079 378
1694428472720 168.22818515444933 379
1694428472734 168.2281464184891 380
1694428472747 168.2281077733919 381
1694428472761 168.22806921882494 382
1694428472775 168.2280307544579 383
1694428472789 168.22799237996296 384
1694428472803 168.22795409501464 385
1694428472817 168.22791589928977 386
1694428472831 168.2278777924676 387
1694428472845 168.2278397742295 388
1694428472859 168.2278018442592 389
1694428472873 168.2277640022425 390
1694428472887 168.22772624786745 391
1694428472901 168.22768858082418 392
1694428472915 168.22765100080485 393
1694428472929 168.22761350750386 394
1694428472943 168.22757610061737 395
1694428472958 168.2275387798437 396
1694428472972 168.22750154488313 397
1694428472985 168.22746439543766 398
1694428473000 168.22742733121143 399
1694428473014 168.22739035191034 400
1694428473028 168.22735345724212 401
1694428473042 168.22731664691628 402
1694428473055 168.22727992064412 403
1694428473075 168.22724327813873 404
1694428473089 168.22720671911492 405
1694428473103 168.22717024328912 406
1694428473116 168.22713385037954 407
1694428473131 168.22709754010603 408
1694428473145 168.22706131219 409
1694428473161 168.22702516635437 410
1694428473178 168.22698910232393 411
1694428473197 168.22695311982477 412
1694428473212 168.2269172185846 413
1694428473226 168.2268813983326 414
1694428473240 168.2268456587996 415
1694428473254 168.22680999971766 416
1694428473268 168.22677442082056 417
1694428473282 168.22673892184315 418
1694428473296 168.22670350252213 419
1694428473310 168.22666816259522 420
1694428473324 168.2266329018018 421
1694428473338 168.22659771988236 422
1694428473352 168.22656261657892 423
1694428473366 168.22652759163472 424
1694428473380 168.22649264479432 425
1694428473394 168.22645777580362 426
1694428473408 168.22642298440982 427
1694428473422 168.22638827036118 428
1694428473436 168.22635363340743 429
1694428473451 168.2263190732994 430
1694428473464 168.22628458978923 431
1694428473478 168.2262501826302 432
1694428473492 168.22621585157668 433
1694428473506 168.2261815963844 434
1694428473519 168.22614741681014 435
1694428473533 168.22611331261177 436
1694428473547 168.22607928354844 437
1694428473561 168.22604532938036 438
1694428473575 168.22601144986868 439
1694428473589 168.22597764477595 440
1694428473603 168.22594391386554 441
1694428473618 168.225910256902 442
1694428473632 168.225876673651 443
1694428473646 168.2258431638791 444
1694428473662 168.22580972735403 445
1694428473677 168.2257763638445 446
1694428473696 168.22574307312019 447
1694428473713 168.2257098549519 448
1694428473729 168.2256767091113 449
1694428473743 168.22564363537109 450
1694428473757 168.225610633505 451
1694428473771 168.22557770328768 452
1694428473785 168.22554484449472 453
1694428473799 168.2255120569027 454
1694428473813 168.2254793402891 455
1694428473827 168.2254466944323 456
1694428473841 168.22541411911172 457
1694428473859 168.22538161410762 458
1694428473875 168.22534917920112 459
1694428473889 168.2253168141743 460
1694428473903 168.22528451881007 461
1694428473917 168.22525229289235 462
1694428473930 168.2252201362058 463
1694428473944 168.22518804853595 464
1694428473959 168.2251560296693 465
1694428473973 168.22512407939305 466
1694428473987 168.2250921974954 467
1694428474000 168.22506038376525 468
1694428474014 168.22502863799244 469
1694428474027 168.22499695996754 470
1694428474042 168.224965349482 471
1694428474056 168.22493380632807 472
1694428474070 168.22490233029876 473
1694428474083 168.22487092118794 474
1694428474097 168.22483957879027 475
1694428474111 168.2248083029011 476
1694428474125 168.2247770933167 477
1694428474139 168.22474594983402 478
1694428474153 168.22471487225076 479
1694428474167 168.22468386036545 480
1694428474182 168.2246529139774 481
1694428474195 168.22462203288657 482
1694428474209 168.2245912168937 483
1694428474223 168.22456046580035 484
1694428474237 168.22452977940867 485
1694428474250 168.22449915752173 486
1694428474267 168.22446859994315 487
1694428474282 168.22443810647738 488
1694428474299 168.22440767692953 489
1694428474315 168.2243773111054 490
1694428474329 168.2243470088116 491
1694428474343 168.22431676985536 492
1694428474357 168.22428659404463 493
1694428474371 168.22425648118804 494
1694428474384 168.22422643109488 495
1694428474399 168.22419644357524 496
1694428474415 168.22416651843974 497
1694428474429 168.2241366554998 498
1694428474443 168.2241068545674 499
