1694435585535 32.0903221589149 0
1694435585554 6.500840064274448 1
1694435585572 1.5677893087632284 2
1694435585590 0.43274530968342045 3
1694435585608 0.20545036548987097 4
1694435585625 0.1979175449629294 5
1694435585645 0.17947498982182666 6
1694435585664 0.06605466200936037 7
1694435585683 0.17432156152767944 8
1694435585702 0.08083539236790586 9
1694435585720 0.08530635272659606 10
1694435585737 0.11305961666741526 11
1694435585755 0.06281282483571707 12
1694435585773 0.08234973279343182 13
1694435585792 0.09930102256515619 14
1694435585810 0.06987036141854923 15
1694435585828 0.2203677829550031 16
1694435585848 0.11296538170913255 17
1694435585865 0.15426403639427114 18
1694435585883 0.13512209930309405 19
1694435585901 0.17386934437181195 20
1694435585919 0.1451105408678144 21
1694435585936 0.0945547421207518 22
1694435585958 0.23734422746212264 23
1694435585984 0.07663570285452706 24
1694435586003 0.14744319259209396 25
1694435586020 0.12171968409926708 26
1694435586037 0.07484302228902527 27
1694435586055 0.07109172682063039 28
1694435586073 0.1676731702639264 29
1694435586093 0.10227363401426268 30
1694435586111 0.07598858988891742 31
1694435586128 0.03617368684578985 32
1694435586145 0.06925151448375892 33
1694435586163 0.05719149541018136 34
1694435586183 0.22189257107676444 35
1694435586204 0.16051506351177708 36
1694435586227 0.08544499502506343 37
1694435586247 0.0185170612428216 38
1694435586267 0.08693464103555049 39
1694435586288 0.08674770154196644 40
1694435586311 0.04764829755123152 41
1694435586332 0.12972495080395005 42
1694435586354 0.1587363253222715 43
1694435586377 0.09995757006282613 44
1694435586402 0.08791728144812236 45
1694435586421 0.18117699737225715 46
1694435586447 0.044610895774857696 47
1694435586469 0.09190290996356983 48
1694435586492 0.0909848387268409 49
1694435586513 0.06552419019926473 50
1694435586531 0.16659655347757268 51
1694435586548 0.14596120443125682 52
1694435586567 0.13539485775956098 53
1694435586586 0.1466088927935494 54
1694435586604 0.17986165210552452 55
1694435586622 0.04842818186707793 56
1694435586641 0.14550187764467318 57
1694435586668 0.14954719444285083 58
1694435586695 0.05533259605187824 59
1694435586718 0.13386080529623462 60
1694435586736 0.02969107406127262 61
1694435586753 0.15952376873437163 62
1694435586771 0.0646911346157945 63
1694435586790 0.15821967651237204 64
1694435586808 0.09239988155800982 65
1694435586826 0.0992656943659215 66
1694435586844 0.16660314635280765 67
1694435586863 0.08715455423334252 68
1694435586880 0.14821314667315563 69
1694435586900 0.10626314958903663 70
1694435586918 0.09645755053992748 71
1694435586937 0.2480302959929846 72
1694435586960 0.06227140619489002 73
1694435586984 0.10456728300489423 74
1694435587005 0.09602037643929613 75
1694435587023 0.06422151653123638 76
1694435587042 0.17261081325020872 77
1694435587059 0.21630257054016583 78
1694435587077 0.06956210947022198 79
1694435587096 0.04026385706983949 80
1694435587114 0.10660870858397316 81
1694435587131 0.19453558039962857 82
1694435587149 0.09100175092972014 83
1694435587166 0.073220791373402 84
1694435587184 0.07929138419382915 85
1694435587202 0.11465817111097598 86
1694435587221 0.14817560619833106 87
1694435587238 0.13248975531894208 88
1694435587255 0.08481352813801747 89
1694435587273 0.20264220924283283 90
1694435587294 0.08228086979742552 91
1694435587316 0.07850435409618708 92
1694435587335 0.12641800212233173 93
1694435587353 0.17007311280431311 94
1694435587370 0.11573058007705213 95
1694435587389 0.051505606687112605 96
1694435587408 0.19868905577111776 97
1694435587425 0.09245922558001565 98
1694435587443 0.08790254091063009 99
1694435587461 0.11738969128802686 100
1694435587479 0.036549627004243156 101
1694435587499 0.1098553329130664 102
1694435587518 0.15205644726284126 103
1694435587535 0.1446034304256851 104
1694435587552 0.1308348185335574 105
1694435587570 0.0735446730917156 106
1694435587590 0.10534060259892934 107
1694435587610 0.12683036323581787 108
1694435587628 0.09072739445127985 109
1694435587646 0.1772870658056698 110
1694435587664 0.10627150943732212 111
1694435587681 0.08290114675967694 112
1694435587700 0.062147645009724535 113
1694435587721 0.15468448544164184 114
1694435587739 0.05900575725421035 115
1694435587757 0.09201702774491752 116
1694435587775 0.08384456428954076 117
1694435587795 0.13966936135689295 118
1694435587813 0.12807293187615992 119
1694435587831 0.11239734190896473 120
1694435587849 0.08391936435402979 121
1694435587868 0.031869240768462016 122
1694435587886 0.11202399126103484 123
1694435587904 0.04826313575567946 124
1694435587922 0.07690203288066969 125
1694435587939 0.05263434577635719 126
1694435587960 0.08740999226930672 127
1694435587979 0.08592802337932004 128
1694435587998 0.062072719969552506 129
1694435588016 0.08187371785015336 130
1694435588034 0.06686249152268038 131
1694435588051 0.06714335310532896 132
1694435588068 0.12023591032908519 133
1694435588085 0.09136133378906529 134
1694435588105 0.061269750133175184 135
1694435588122 0.046781695774560136 136
1694435588140 0.12840597202623 137
1694435588158 0.12176553654980118 138
1694435588175 0.07589320019838441 139
1694435588194 0.09239129734678088 140
1694435588214 0.0641898952810718 141
1694435588232 0.06676397396353068 142
1694435588249 0.07619543965816199 143
1694435588266 0.07997987514439682 144
1694435588284 0.06881710034642381 145
1694435588303 0.05934891426962831 146
1694435588321 0.18571972135122827 147
1694435588339 0.07029484780475105 148
1694435588356 0.1068842160562575 149
1694435588373 0.05980539210177553 150
1694435588390 0.04278032737761915 151
1694435588411 0.10600139483215358 152
1694435588429 0.16326916951068876 153
1694435588449 0.1699783863931417 154
1694435588473 0.14367187093356928 155
1694435588493 0.07089340592809526 156
1694435588512 0.12579230502192795 157
1694435588530 0.24526710281988165 158
1694435588547 0.09096946894443433 159
1694435588565 0.25505567701397547 160
1694435588583 0.142086902039459 161
1694435588600 0.13130322855922558 162
1694435588619 0.05538405332191193 163
1694435588636 0.11601835821088255 164
1694435588655 0.26746733346112295 165
1694435588673 0.08496434938237578 166
1694435588691 0.21494274509954922 167
1694435588710 0.07916951105047232 168
1694435588729 0.1214174624730905 169
1694435588746 0.17059068623440177 170
1694435588763 0.220221470060674 171
1694435588780 0.08092166814944199 172
1694435588798 0.1288274122503345 173
1694435588818 0.06329970982479091 174
1694435588835 0.1036479823031379 175
1694435588852 0.23276774194796968 176
1694435588870 0.12196866081478015 177
1694435588887 0.08430528336869744 178
1694435588905 0.10340131510526696 179
1694435588923 0.08154426667988526 180
1694435588940 0.12041635200518487 181
1694435588959 0.10048827074598422 182
1694435588980 0.187601360056451 183
1694435588999 0.1387506177865428 184
1694435589018 0.061084881168091076 185
1694435589036 0.04095379409777927 186
1694435589054 0.08077433795686514 187
1694435589071 0.06175956562365439 188
1694435589090 0.05085320014654272 189
1694435589109 0.19389104913358285 190
1694435589127 0.060039922605833254 191
1694435589145 0.12444099152140141 192
1694435589162 0.0926224801201572 193
1694435589179 0.15213301020738346 194
1694435589196 0.10468212653966821 195
1694435589216 0.25263446411205753 196
1694435589234 0.0677296202432549 197
1694435589253 0.042292742690628715 198
1694435589270 0.12622860561500623 199
1694435589287 0.07065004379141455 200
1694435589306 0.07067737302591741 201
1694435589325 0.09210507140758947 202
1694435589342 0.09604517567982211 203
1694435589360 0.10923478251770043 204
1694435589378 0.044004540073952395 205
1694435589396 0.17769629851883195 206
1694435589415 0.16026955591186973 207
1694435589433 0.07046260498209987 208
1694435589451 0.15553718861172997 209
1694435589469 0.08448142448835926 210
1694435589487 0.12504258064018375 211
1694435589505 0.0300395640214905 212
1694435589524 0.0991723218813861 213
1694435589541 0.12037775378775842 214
1694435589558 0.08649087891391685 215
1694435589576 0.09415272925952732 216
1694435589594 0.0653181732975921 217
1694435589612 0.13807328381430808 218
1694435589633 0.06582143357255747 219
1694435589655 0.11296886996956713 220
1694435589673 0.12435755538057645 221
1694435589690 0.1298909596339879 222
1694435589707 0.12610358937497043 223
1694435589726 0.18938936998671216 224
1694435589745 0.049509862727905626 225
1694435589762 0.05997896405776741 226
1694435589779 0.19799076599693421 227
1694435589797 0.07178834032825827 228
1694435589817 0.08973949682570484 229
1694435589835 0.0935540024414417 230
1694435589853 0.0743279555303867 231
1694435589871 0.043019762089533044 232
1694435589889 0.34209895343333774 233
1694435589906 0.030070888989544874 234
1694435589926 0.12157161188430621 235
1694435589942 0.17406113164043793 236
1694435589960 0.10319683405888676 237
1694435589979 0.15878606028035575 238
1694435589996 0.07238982633778916 239
1694435590015 0.11369303527005449 240
1694435590034 0.09450833039953375 241
1694435590051 0.1319876996423249 242
1694435590069 0.13689553778577815 243
1694435590085 0.09749053721375213 244
1694435590102 0.0786198633005053 245
1694435590121 0.11717253770923823 246
1694435590139 0.12085627848805865 247
1694435590156 0.08537825118657237 248
1694435590174 0.10487555112666909 249
1694435590192 0.04086486092080866 250
1694435590209 0.07352251948334503 251
1694435590231 0.11190130964074767 252
1694435590251 0.05852880594439706 253
1694435590269 0.06018955584423387 254
1694435590286 0.13148771855902538 255
1694435590305 0.09900727655457899 256
1694435590325 0.10102758347747798 257
1694435590343 0.15837649413824753 258
1694435590360 0.11090280538699646 259
1694435590377 0.1119995899961532 260
1694435590395 0.13796393837382 261
1694435590412 0.19402083625600045 262
1694435590432 0.1460291622682787 263
1694435590450 0.042576771343598045 264
1694435590468 0.13662552793653962 265
1694435590486 0.09390051191437886 266
1694435590504 0.11965854015918213 267
1694435590522 0.09499778328593812 268
1694435590541 0.043603637969246746 269
1694435590558 0.09092352901215676 270
1694435590575 0.06169750121392269 271
1694435590593 0.22285636533040867 272
1694435590611 0.14070058039511868 273
1694435590629 0.08980627850595427 274
1694435590647 0.12767866022019175 275
1694435590664 0.12732200861112228 276
1694435590681 0.14175435657890276 277
1694435590699 0.10962285404991247 278
1694435590717 0.07390085861218872 279
1694435590736 0.07838312944128979 280
1694435590754 0.028433091131281514 281
1694435590772 0.17048968104511636 282
1694435590790 0.0313442460561923 283
1694435590807 0.14347476738312534 284
1694435590829 0.1060370965264953 285
1694435590850 0.14711185366564633 286
1694435590871 0.08015878201977815 287
1694435590888 0.09604479515233298 288
1694435590906 0.1900702448999732 289
1694435590925 0.06558057412590187 290
1694435590943 0.1187104728430081 291
1694435590960 0.188001611984721 292
1694435590979 0.13025984143409355 293
1694435590997 0.0784841422911503 294
1694435591015 0.073455149812137 295
1694435591034 0.0698892580731124 296
1694435591052 0.06829368892304932 297
1694435591069 0.11415922139224664 298
1694435591086 0.13604864813130013 299
1694435591104 0.1368425238411441 300
1694435591121 0.09857205748343524 301
1694435591141 0.15912850118802996 302
1694435591159 0.1583581428596498 303
1694435591175 0.09704143425751664 304
1694435591193 0.07635841924059338 305
1694435591211 0.12510744324828632 306
1694435591230 0.10799961076447605 307
1694435591249 0.11293501568468203 308
1694435591266 0.08152414356322302 309
1694435591283 0.16381469321330622 310
1694435591301 0.167420580503833 311
1694435591319 0.2132663674274733 312
1694435591338 0.05548985081135138 313
1694435591356 0.1706754101965407 314
1694435591373 0.04163750597435832 315
1694435591391 0.11826041375263999 316
1694435591409 0.08152241328028345 317
1694435591427 0.20465018235987698 318
1694435591450 0.11689540981026796 319
1694435591471 0.0505955161401705 320
1694435591489 0.08639581784316872 321
1694435591507 0.09822132988714195 322
1694435591526 0.059020853926712004 323
1694435591545 0.1773930114015788 324
1694435591562 0.06912962066678859 325
1694435591580 0.08628729924079438 326
1694435591597 0.13477577533232413 327
1694435591615 0.07710354544672131 328
1694435591635 0.21099778213936604 329
1694435591652 0.1786540240661217 330
1694435591670 0.11737029129558267 331
1694435591687 0.06529155001605329 332
1694435591706 0.12314316790910784 333
1694435591724 0.10780608315320948 334
1694435591744 0.03951171335061637 335
1694435591762 0.052385874713487775 336
1694435591779 0.1253088639930565 337
1694435591797 0.14293662784719804 338
1694435591815 0.16182645507471682 339
1694435591832 0.05981165425433122 340
1694435591851 0.17490183824558914 341
1694435591868 0.05995364207001063 342
1694435591887 0.12089207876715458 343
1694435591904 0.09413831778262642 344
1694435591923 0.09042048393215753 345
1694435591943 0.11167182762183965 346
1694435591961 0.18030641128114971 347
1694435591979 0.2113126515034038 348
1694435591998 0.20524662899472973 349
1694435592015 0.10662439675875224 350
1694435592033 0.14946656926390142 351
1694435592054 0.0689062052430255 352
1694435592076 0.07682933109309638 353
1694435592094 0.15100792281493775 354
1694435592112 0.07606609418358236 355
1694435592129 0.21979702923988811 356
1694435592149 0.10297289817821935 357
1694435592166 0.1620803436547011 358
1694435592184 0.09839503806634996 359
1694435592201 0.05231024966561926 360
1694435592218 0.11655439948096886 361
1694435592236 0.1556281597928965 362
1694435592256 0.14899925582722323 363
1694435592273 0.182630964671777 364
1694435592290 0.062321852242502876 365
1694435592308 0.06369983410421728 366
1694435592326 0.20446916010302307 367
1694435592345 0.10812364381142371 368
1694435592363 0.09184308449116653 369
1694435592380 0.05175001795430355 370
1694435592398 0.15149059158767778 371
1694435592416 0.07783084244236436 372
1694435592433 0.04516215612187273 373
1694435592453 0.042518317660635775 374
1694435592471 0.11951277179606137 375
1694435592490 0.11329444270511166 376
1694435592507 0.16969429357036606 377
1694435592526 0.05865942749405796 378
1694435592544 0.12226112705299055 379
1694435592562 0.18768070670511025 380
1694435592579 0.07042504445197258 381
1694435592597 0.07609409877311854 382
1694435592615 0.1466443619426361 383
1694435592632 0.09775333258280705 384
1694435592652 0.10922762804139244 385
1694435592673 0.36589093665006084 386
1694435592698 0.04440211696580343 387
1694435592716 0.08815351820707358 388
1694435592734 0.18545921322361023 389
1694435592753 0.08191344557393039 390
1694435592771 0.09354594120031423 391
1694435592788 0.23518424022912834 392
1694435592805 0.08492616089704044 393
1694435592823 0.11428851221551625 394
1694435592842 0.11980281761575971 395
1694435592860 0.08850090800740544 396
1694435592876 0.07987470396672877 397
1694435592895 0.051758410991215045 398
1694435592912 0.10004903610574498 399
1694435592930 0.09061696625745803 400
1694435592948 0.0930051265312141 401
1694435592966 0.12065630489764177 402
1694435592985 0.06817070091696052 403
1694435593002 0.11695740453433832 404
1694435593021 0.06289695893829246 405
1694435593038 0.1365055001579993 406
1694435593056 0.1336665842159034 407
1694435593074 0.058643491060164234 408
1694435593091 0.2082287953411495 409
1694435593109 0.07153423587569921 410
1694435593128 0.06993310574137462 411
1694435593147 0.12447902395961671 412
1694435593166 0.1999839962867252 413
1694435593183 0.192220398196036 414
1694435593200 0.09820649307037108 415
1694435593218 0.19810999272336874 416
1694435593234 0.11853821141445506 417
1694435593254 0.08971077875139342 418
1694435593274 0.37812210711656047 419
1694435593296 0.11076448191720854 420
1694435593318 0.2268974609265786 421
1694435593335 0.11124642746876637 422
1694435593354 0.0840830099013946 423
1694435593372 0.04828392415234777 424
1694435593389 0.04745107620427531 425
1694435593406 0.11083770946935383 426
1694435593424 0.23134600410823425 427
1694435593441 0.03589710444465434 428
1694435593461 0.026257530045553534 429
1694435593480 0.06993771359209784 430
1694435593497 0.09978077064171988 431
1694435593515 0.1369725922422929 432
1694435593532 0.14929276019279353 433
1694435593550 0.06662082217749647 434
1694435593570 0.2022470721350961 435
1694435593589 0.07816795418466937 436
1694435593606 0.37809326161035545 437
1694435593624 0.08970845817933637 438
1694435593642 0.14956046625633207 439
1694435593661 0.07658286288628384 440
1694435593678 0.08021007341342637 441
1694435593695 0.07183136559645875 442
1694435593713 0.1253375254777656 443
1694435593730 0.12888602722477083 444
1694435593748 0.15880242334054354 445
1694435593769 0.05838724053151996 446
1694435593786 0.0648052938855831 447
1694435593804 0.1414042420056298 448
1694435593823 0.10521170652732971 449
1694435593840 0.16544854655771712 450
1694435593858 0.08784507895920746 451
1694435593876 0.08412952998304543 452
1694435593898 0.06819891806726305 453
1694435593919 0.10386693247217671 454
1694435593937 0.10995061827986732 455
1694435593956 0.04976504242829044 456
1694435593976 0.15103129164003287 457
1694435593993 0.04124862099622994 458
1694435594011 0.0881818939086129 459
1694435594029 0.15127122040993116 460
1694435594046 0.11896532321818955 461
1694435594066 0.08638808522907426 462
1694435594084 0.07443295231051401 463
1694435594101 0.09700066869856235 464
1694435594119 0.11586148230977858 465
1694435594136 0.11865371257989395 466
1694435594154 0.09795356445989112 467
1694435594173 0.11360998235684891 468
1694435594190 0.04028228855327864 469
1694435594208 0.11118465722627813 470
1694435594227 0.0804409481750669 471
1694435594244 0.2936316905586551 472
1694435594264 0.08448099850186368 473
1694435594282 0.10464097328762365 474
1694435594299 0.09403670003719714 475
1694435594318 0.15042237235233485 476
1694435594335 0.10836567756706669 477
1694435594353 0.10029891163865727 478
1694435594371 0.03960075440694351 479
1694435594388 0.12162076207669585 480
1694435594406 0.059448143147246384 481
1694435594424 0.11984882228424157 482
1694435594441 0.09153351409266908 483
1694435594460 0.09655118699531377 484
1694435594479 0.08933835341713288 485
1694435594498 0.11017042573741556 486
1694435594519 0.07361776616993906 487
1694435594537 0.2198360557018896 488
1694435594555 0.06266619210283156 489
1694435594574 0.11948255332346759 490
1694435594592 0.13881810913707812 491
1694435594610 0.1312089247910189 492
1694435594627 0.07948857236359654 493
1694435594645 0.13898206247852304 494
1694435594663 0.1332241737002847 495
1694435594680 0.06558356995757632 496
1694435594697 0.11295257914838167 497
1694435594715 0.17925033367167456 498
1694435594732 0.0500017203753529 499
