1694436442990 172.60244473946912 0
1694436443008 172.56777472515202 1
1694436443025 172.5400447519579 2
1694436443043 172.51231913089413 3
1694436443058 172.484598001687 4
1694436443075 172.45688136359453 5
1694436443091 172.42916921587747 6
1694436443111 172.401461557797 7
1694436443128 172.37375838861416 8
1694436443151 172.34605970759029 9
1694436443173 172.31836551398675 10
1694436443196 172.29067580706504 11
1694436443216 172.26299058608691 12
1694436443238 172.23530985031402 13
1694436443262 172.20763359900835 14
1694436443281 172.17996183143188 15
1694436443304 172.1522945468468 16
1694436443326 172.12463174451537 17
1694436443344 172.09697342370004 18
1694436443360 172.0693195836633 19
1694436443377 172.04167022366772 20
1694436443395 172.01402534297623 21
1694436443413 171.98638494085162 22
1694436443430 171.95874901655702 23
1694436443447 171.9311175693555 24
1694436443463 171.90349059851042 25
1694436443480 171.8758681032851 26
1694436443497 171.84825008294308 27
1694436443514 171.82063653674808 28
1694436443536 171.79302746396385 29
1694436443557 171.7654228638543 30
1694436443574 171.73782273568344 31
1694436443591 171.71022707871543 32
1694436443610 171.68263589221462 33
1694436443628 171.6550491754453 34
1694436443648 171.6274669276721 35
1694436443667 171.59988914815963 36
1694436443683 171.5723158361726 37
1694436443701 171.54474699097608 38
1694436443719 171.51718261183495 39
1694436443736 171.48962269801444 40
1694436443755 171.46206724877985 41
1694436443771 171.43451626339657 42
1694436443790 171.40696974113004 43
1694436443809 171.37942768124606 44
1694436443826 171.3518900830103 45
1694436443844 171.3243569456887 46
1694436443861 171.2968282685473 47
1694436443878 171.26930405085227 48
1694436443895 171.2417842918698 49
1694436443913 171.2142689908664 50
1694436443931 171.18675814710855 51
1694436443948 171.1592517598629 52
1694436443965 171.13174982839624 53
1694436443982 171.10425235197545 54
1694436443999 171.07675932986757 55
1694436444017 171.04927076133978 56
1694436444034 171.02178664565923 57
1694436444051 170.99430698209352 58
1694436444067 170.96683176991 59
1694436444083 170.93936100837638 60
1694436444100 170.91189469676047 61
1694436444118 170.8844328343301 62
1694436444136 170.85697542035334 63
1694436444158 170.82952245409834 64
1694436444176 170.80207393483332 65
1694436444193 170.77462986182667 66
1694436444211 170.74719023434696 67
1694436444228 170.71975505166282 68
1694436444245 170.692324313043 69
1694436444262 170.6648980177564 70
1694436444279 170.63747616507206 71
1694436444296 170.61005875425906 72
1694436444314 170.58264578458667 73
1694436444332 170.55523725532433 74
1694436444352 170.5278331657415 75
1694436444373 170.50043351510783 76
1694436444390 170.4730383026931 77
1694436444406 170.4456475277672 78
1694436444423 170.4182611896001 79
1694436444440 170.3908792874619 80
1694436444456 170.363501820623 81
1694436444472 170.33612878835356 82
1694436444489 170.30876018992427 83
1694436444505 170.2813960246057 84
1694436444524 170.25403629166857 85
1694436444541 170.22668099038376 86
1694436444557 170.19933012002232 87
1694436444574 170.1719836798553 88
1694436444590 170.14464166915397 89
1694436444607 170.1173040871897 90
1694436444625 170.08997093323399 91
1694436444642 170.06264220655848 92
1694436444657 170.03531790643487 93
1694436444675 170.00799803213508 94
1694436444691 169.98068258293105 95
1694436444708 169.95337155809483 96
1694436444725 169.92606495689878 97
1694436444742 169.89876277861518 98
1694436444758 169.87146502251656 99
1694436444776 169.8441716878755 100
1694436444793 169.8168827739647 101
1694436444809 169.78959828005705 102
1694436444828 169.76231820542552 103
1694436444847 169.73504254934318 104
1694436444868 169.70777131108332 105
1694436444887 169.68050448991923 106
1694436444904 169.65324208512436 107
1694436444923 169.62598409597237 108
1694436444938 169.5987305217369 109
1694436444956 169.57148136169184 110
1694436444973 169.54423661511117 111
1694436444990 169.51699628126892 112
1694436445006 169.48976035943934 113
1694436445023 169.46252884889674 114
1694436445040 169.43530174891555 115
1694436445058 169.4080790587704 116
1694436445074 169.380860777736 117
1694436445091 169.35364690508712 118
1694436445107 169.32643744009872 119
1694436445133 169.29923238204591 120
1694436445158 169.27203173020385 121
1694436445175 169.24483548384785 122
1694436445192 169.2176436422534 123
1694436445209 169.19045620469595 124
1694436445227 169.16327317045133 125
1694436445244 169.13609453879525 126
1694436445261 169.10892030900368 127
1694436445278 169.08175048035267 128
1694436445295 169.05458505211837 129
1694436445312 169.0274240235771 130
1694436445331 169.0002673940053 131
1694436445348 168.9731151626795 132
1694436445366 168.94596732887638 133
1694436445382 168.9188238918727 134
1694436445399 168.8916848509454 135
1694436445416 168.8645502053715 136
1694436445434 168.83741995442816 137
1694436445450 168.81029409739267 138
1694436445468 168.78317263354245 139
1694436445484 168.75605556215504 140
1694436445505 168.72894288250805 141
1694436445524 168.7018345938792 142
1694436445542 168.67473069554651 143
1694436445559 168.64763118678792 144
1694436445575 168.62053606688158 145
1694436445592 168.59344533510574 146
1694436445609 168.56635899073882 147
1694436445627 168.53927703305928 148
1694436445643 168.51219946134583 149
1694436445660 168.48512627487713 150
1694436445676 168.45805747293213 151
1694436445694 168.43099305478975 152
1694436445710 168.40393301972918 153
1694436445728 168.37687736702964 154
1694436445745 168.34982609597043 155
1694436445761 168.32277920583113 156
1694436445779 168.2957366958913 157
1694436445796 168.26869856543067 158
1694436445812 168.24166481372913 159
1694436445833 168.21463544006662 160
1694436445850 168.1876104437232 161
1694436445867 168.1605898239792 162
1694436445882 168.1335735801148 163
1694436445899 168.10656171141065 164
1694436445916 168.0795542171472 165
1694436445934 168.05255109660519 166
1694436445950 168.02555234906546 167
1694436445968 167.99855797380897 168
1694436445983 167.97156797011678 169
1694436445999 167.94458233727008 170
1694436446016 167.9176010745502 171
1694436446035 167.89062418123856 172
1694436446052 167.86365165661675 173
1694436446069 167.83668349996643 174
1694436446089 167.8097197105694 175
1694436446109 167.78276028770762 176
1694436446127 167.7558052306631 177
1694436446144 167.72885453871797 178
1694436446161 167.7019082111547 179
1694436446178 167.67496624725547 180
1694436446193 167.64802864630298 181
1694436446211 167.6210954075798 182
1694436446227 167.5941665303688 183
1694436446244 167.56724201395275 184
1694436446261 167.54032185761477 185
1694436446279 167.513406060638 186
1694436446296 167.48649462230566 187
1694436446313 167.45958754190113 188
1694436446330 167.432684818708 189
1694436446349 167.40578645200983 190
1694436446366 167.3788924410904 191
1694436446383 167.3520027852335 192
1694436446402 167.3251174837233 193
1694436446418 167.2982365358437 194
1694436446435 167.27135994087908 195
1694436446453 167.24448769811383 196
1694436446470 167.2176198068323 197
1694436446487 167.19075626631917 198
1694436446504 167.1638970758591 199
1694436446519 167.13704223473704 200
1694436446537 167.11019174223787 201
1694436446556 167.0833455976467 202
1694436446573 167.05650380024875 203
1694436446589 167.02966634932932 204
1694436446606 167.00283324417387 205
1694436446623 166.97600448406803 206
1694436446641 166.9491800682974 207
1694436446657 166.9223599961478 208
1694436446674 166.89554426690526 209
1694436446695 166.8687328798557 210
1694436446716 166.8419258342854 211
1694436446734 166.81512312948067 212
1694436446754 166.78832476472786 213
1694436446770 166.7615307393135 214
1694436446787 166.73474105252433 215
1694436446805 166.70795570364703 216
1694436446821 166.68117469196858 217
1694436446839 166.65439801677599 218
1694436446856 166.62762567735635 219
1694436446873 166.600857672997 220
1694436446890 166.5740940029853 221
1694436446906 166.54733466660875 222
1694436446923 166.520579663155 223
1694436446940 166.49382899191173 224
1694436446957 166.46708265216685 225
1694436446973 166.44034064320837 226
1694436446990 166.41360296432438 227
1694436447006 166.38686961480315 228
1694436447023 166.36014059393298 229
1694436447040 166.33341590100235 230
1694436447058 166.30669553529987 231
1694436447075 166.27997949611424 232
1694436447091 166.25326778273427 233
1694436447109 166.22656039444902 234
1694436447126 166.1998573305474 235
1694436447144 166.17315859031874 236
1694436447161 166.14646417305235 237
1694436447178 166.11977407803755 238
1694436447195 166.09308830456405 239
1694436447211 166.0664068519214 240
1694436447228 166.03972971939945 241
1694436447244 166.01305690628814 242
1694436447263 165.98638841187747 243
1694436447285 165.95972423545763 244
1694436447306 165.93306437631887 245
1694436447324 165.9064088337516 246
1694436447341 165.87975760704637 247
1694436447361 165.85311069549377 248
1694436447377 165.82646809838462 249
1694436447395 165.79982981500973 250
1694436447412 165.77319584466017 251
1694436447428 165.74656618662698 252
1694436447446 165.7199408402015 253
1694436447464 165.693319804675 254
1694436447481 165.66670307933902 255
1694436447496 165.64009066348515 256
1694436447513 165.61348255640507 257
1694436447529 165.58687875739068 258
1694436447549 165.56027926573393 259
1694436447567 165.53368408072686 260
1694436447584 165.5070932016617 261
1694436447600 165.48050662783075 262
1694436447619 165.4539243585265 263
1694436447635 165.42734639304152 264
1694436447653 165.4007727306684 265
1694436447671 165.3742033707 266
1694436447687 165.34763831242927 267
1694436447703 165.3210775551492 268
1694436447720 165.29452109815296 269
1694436447737 165.26796894073382 270
1694436447754 165.2414210821852 271
1694436447771 165.21487752180064 272
1694436447788 165.18833825887376 273
1694436447805 165.1618032926983 274
1694436447822 165.13527262256815 275
1694436447839 165.1087462477773 276
1694436447857 165.08222416761993 277
1694436447875 165.05570638139017 278
1694436447896 165.02919288838245 279
1694436447916 165.00268368789125 280
1694436447934 164.97617877921115 281
1694436447953 164.94967816163685 282
1694436447970 164.9231818344632 283
1694436447987 164.89668979698516 284
1694436448004 164.8702020484978 285
1694436448021 164.84371858829633 286
1694436448037 164.817239415676 287
1694436448057 164.7907645299323 288
1694436448073 164.7642939303608 289
1694436448090 164.7378276162571 290
1694436448107 164.71136558691705 291
1694436448123 164.68490784163654 292
1694436448140 164.6584543797116 293
1694436448160 164.63200520043839 294
1694436448176 164.60556030311315 295
1694436448193 164.57911968703232 296
1694436448209 164.55268335149233 297
1694436448226 164.52625129578985 298
1694436448243 164.49982351922162 299
1694436448261 164.47340002108453 300
1694436448276 164.4469808006755 301
1694436448293 164.42056585729168 302
1694436448311 164.3941551902303 303
1694436448328 164.36774879878863 304
1694436448345 164.34134668226423 305
1694436448363 164.31494883995458 306
1694436448380 164.28855527115743 307
1694436448396 164.2621659751706 308
1694436448413 164.235780951292 309
1694436448431 164.2094001988197 310
1694436448447 164.18302371705187 311
1694436448467 164.15665150528682 312
1694436448487 164.1302835628229 313
1694436448505 164.1039198889587 314
1694436448523 164.07756048299285 315
1694436448540 164.05120534422414 316
1694436448558 164.0248544719514 317
1694436448575 163.99850786547367 318
1694436448591 163.97216552409006 319
1694436448609 163.9458274470998 320
1694436448625 163.9194936338023 321
1694436448642 163.89316408349694 322
1694436448662 163.86683879548346 323
1694436448679 163.84051776906148 324
1694436448696 163.81420100353085 325
1694436448712 163.78788849819153 326
1694436448729 163.7615802523436 327
1694436448746 163.7352762652873 328
1694436448765 163.7089765363228 329
1694436448782 163.68268106475062 330
1694436448798 163.65638984987135 331
1694436448816 163.6301028909855 332
1694436448833 163.60382018739404 333
1694436448849 163.57754173839777 334
1694436448869 163.5512675432977 335
1694436448886 163.524997601395 336
1694436448902 163.49873191199094 337
1694436448919 163.47247047438685 338
1694436448936 163.44621328788426 339
1694436448953 163.41996035178477 340
1694436448971 163.3937116653901 341
1694436448987 163.3674672280021 342
1694436449004 163.34122703892277 343
1694436449021 163.3149910974541 344
1694436449037 163.28875940289842 345
1694436449054 163.26253195455797 346
1694436449075 163.23630875173524 347
1694436449094 163.21008979373272 348
1694436449112 163.1838750798531 349
1694436449128 163.15766460939923 350
1694436449145 163.13145838167398 351
1694436449163 163.10525639598035 352
1694436449179 163.07905865162155 353
1694436449196 163.0528651479008 354
1694436449213 163.0266758841215 355
1694436449230 163.00049085958716 356
1694436449246 162.97431007360137 357
1694436449264 162.9481335254679 358
1694436449281 162.9219612144906 359
1694436449298 162.89579313997342 360
1694436449314 162.8696293012205 361
1694436449331 162.84346969753594 362
1694436449348 162.8173143282242 363
1694436449367 162.79116319258958 364
1694436449384 162.7650162899368 365
1694436449400 162.73887361957043 366
1694436449417 162.71273518079528 367
1694436449433 162.6866009729163 368
1694436449450 162.6604709952385 369
1694436449468 162.63434524706707 370
1694436449485 162.6082237277072 371
1694436449501 162.58210643646436 372
1694436449517 162.55599337264394 373
1694436449533 162.52988453555167 374
1694436449550 162.50377992449327 375
1694436449568 162.47767953877457 376
1694436449585 162.4515833777015 377
1694436449602 162.42549144058023 378
1694436449619 162.39940372671697 379
1694436449636 162.373320235418 380
1694436449659 162.3472409659897 381
1694436449677 162.3211659177388 382
1694436449694 162.2950950899718 383
1694436449711 162.2690284819956 384
1694436449727 162.2429660931171 385
1694436449744 162.21690792264332 386
1694436449760 162.1908539698814 387
1694436449779 162.16480423413861 388
1694436449795 162.1387587147223 389
1694436449812 162.11271741094004 390
1694436449830 162.08668032209937 391
1694436449847 162.06064744750807 392
1694436449865 162.034618786474 393
1694436449881 162.00859433830504 394
1694436449898 161.98257410230937 395
1694436449915 161.95655807779517 396
1694436449931 161.93054626407073 397
1694436449947 161.90453866044456 398
1694436449965 161.87853526622507 399
1694436449982 161.85253608072102 400
1694436449998 161.82654110324123 401
1694436450015 161.80055033309455 402
1694436450032 161.77456376959003 403
1694436450049 161.7485814120368 404
1694436450067 161.72260325974406 405
1694436450084 161.69662931202126 406
1694436450101 161.67065956817785 407
1694436450118 161.64469402752346 408
1694436450140 161.61873268936776 409
1694436450168 161.59277555302063 410
1694436450191 161.56682261779204 411
1694436450210 161.540873882992 412
1694436450233 161.51492934793075 413
1694436450253 161.48898901191862 414
1694436450275 161.46305287426597 415
1694436450295 161.4371209342833 416
1694436450319 161.4111931912814 417
1694436450338 161.38526964457097 418
1694436450357 161.35935029346288 419
1694436450376 161.33343513726817 420
1694436450394 161.30752417529797 421
1694436450411 161.28161740686346 422
1694436450428 161.25571483127604 423
1694436450445 161.22981644784716 424
1694436450461 161.20392225588841 425
1694436450480 161.17803225471155 426
1694436450496 161.15214644362834 427
1694436450513 161.1262648219507 428
1694436450529 161.10038738899073 429
1694436450546 161.07451414406063 430
1694436450563 161.04864508647262 431
1694436450582 161.02278021553911 432
1694436450598 160.99691953057263 433
1694436450615 160.97106303088592 434
1694436450633 160.94521071579152 435
1694436450649 160.91936258460245 436
1694436450666 160.89351863663168 437
1694436450684 160.86767887119228 438
1694436450700 160.84184328759744 439
1694436450718 160.81601188516055 440
1694436450735 160.79018466319502 441
1694436450751 160.76436162101444 442
1694436450768 160.73854275793252 443
1694436450785 160.712728073263 444
1694436450802 160.6869175663198 445
1694436450820 160.66111123641693 446
1694436450837 160.63530908286862 447
1694436450857 160.60951110498908 448
1694436450876 160.58371730209265 449
1694436450895 160.5579276734939 450
1694436450911 160.5321422185074 451
1694436450929 160.50636093644786 452
1694436450946 160.48058382663015 453
1694436450963 160.4548108883692 454
1694436450982 160.4290421209801 455
1694436450998 160.4032775237781 456
1694436451014 160.37751709607835 457
1694436451032 160.3517608371964 458
1694436451048 160.32600874644774 459
1694436451065 160.30026082314805 460
1694436451084 160.27451706661307 461
1694436451102 160.24877747615872 462
1694436451119 160.22304205110095 463
1694436451135 160.1973107907559 464
1694436451152 160.17158369443976 465
1694436451168 160.14586076146898 466
1694436451188 160.1201419911599 467
1694436451205 160.09442738282917 468
1694436451222 160.0687169357935 469
1694436451238 160.04301064936962 470
1694436451255 160.01730852287454 471
1694436451271 159.99161055562524 472
1694436451290 159.96591674693892 473
1694436451306 159.9402270961328 474
1694436451325 159.91454160252428 475
1694436451341 159.88886026543088 476
1694436451358 159.8631830841702 477
1694436451376 159.83751005806002 478
1694436451394 159.81184118641815 479
1694436451410 159.7861764685625 480
1694436451428 159.76051590381124 481
1694436451445 159.73485949148255 482
1694436451464 159.70920723089466 483
1694436451484 159.6835591213661 484
1694436451503 159.65791516221532 485
1694436451520 159.632275352761 486
1694436451536 159.60663969232198 487
1694436451553 159.58100818021703 488
1694436451570 159.55538081576523 489
1694436451589 159.52975759828567 490
1694436451606 159.5041385270976 491
1694436451624 159.47852360152032 492
1694436451640 159.4529128208734 493
1694436451657 159.42730618447627 494
1694436451674 159.4017036916487 495
1694436451693 159.37610534171046 496
1694436451710 159.3505111339815 497
1694436451726 159.3249210677819 498
1694436451743 159.2993351424317 499
