1694429078384 128.02169646959544 0
1694429078453 138.87438709209465 1
1694429078519 358.68027085679523 2
1694429078587 124.23783242404272 3
1694429078656 454.5044584633847 4
1694429078723 225.09429924576446 5
1694429078791 214.48158165451486 6
1694429078859 158.8343342500939 7
1694429078927 289.56800010803624 8
1694429079000 104.23027031566568 9
1694429079068 174.54219863729642 10
1694429079135 262.95915943559675 11
1694429079203 371.31302473622475 12
1694429079271 208.31996348511052 13
1694429079338 255.95425252668923 14
1694429079407 36.083244484061495 15
1694429079476 210.96995744259962 16
1694429079549 104.13813939061579 17
1694429079617 149.6616669443648 18
1694429079685 192.52422643639073 19
1694429079754 215.29699332884346 20
1694429079823 176.55518144489264 21
1694429079891 272.3033278973219 22
1694429079959 347.2489619314055 23
1694429080028 147.48278745881677 24
1694429080095 108.78060201821872 25
1694429080162 230.1979721968913 26
1694429080230 101.91714502616925 27
1694429080299 181.6909892222892 28
1694429080366 329.6637186704858 29
1694429080434 133.73473654129654 30
1694429080501 112.78607953376759 31
1694429080570 150.177872059811 32
1694429080641 198.0685095417066 33
1694429080709 195.66448621242193 34
1694429080776 142.44969217810177 35
1694429080844 212.21862186956068 36
1694429080911 140.05560379638294 37
1694429080979 143.43965300276832 38
1694429081048 193.26469760456297 39
1694429081116 191.2393546251481 40
1694429081185 198.4714961395357 41
1694429081252 12.644105995640196 42
1694429081320 140.95060510612097 43
1694429081388 245.086472026498 44
1694429081456 138.35671440226795 45
1694429081525 186.93403490879564 46
1694429081593 198.97878462234883 47
1694429081661 208.47723681532415 48
1694429081730 231.32259476395 49
1694429081797 146.67155823290392 50
1694429081865 156.4364606634403 51
1694429081934 132.18169560952762 52
1694429082001 191.16060897043636 53
1694429082068 127.37099400659918 54
1694429082136 113.16238648996418 55
1694429082204 175.42692382730948 56
1694429082273 138.13793066919436 57
1694429082340 160.30853711462407 58
1694429082409 69.72519779475864 59
1694429082478 166.49429749204168 60
1694429082546 71.65044089158141 61
1694429082614 213.6853697277388 62
1694429082683 175.20578173013914 63
1694429082753 111.85259390786894 64
1694429082820 258.4974665055816 65
1694429082887 152.49891545327256 66
1694429082954 250.79385033945897 67
1694429083023 111.5839417271963 68
1694429083091 142.12371834221105 69
1694429083158 215.89887542739157 70
1694429083226 171.44391531278308 71
1694429083295 145.80497094637803 72
1694429083363 116.45394513197714 73
1694429083430 157.2544539740699 74
1694429083497 185.62757129127456 75
1694429083566 159.2916260626948 76
1694429083633 180.67538379731423 77
1694429083702 184.24044501632866 78
1694429083771 148.71650715252446 79
1694429083838 152.35481747724407 80
1694429083906 188.22973209771285 81
1694429083974 91.5837697191457 82
1694429084042 122.41086284642121 83
1694429084110 96.9778479294527 84
1694429084177 174.17482551174663 85
1694429084245 68.40701789573939 86
1694429084314 172.3282758632585 87
1694429084381 313.6142622449845 88
1694429084449 223.9498806023159 89
1694429084517 63.21133772977996 90
1694429084585 132.12702477482125 91
1694429084652 179.85463390304938 92
1694429084721 165.09446460889887 93
1694429084790 220.9450441107333 94
1694429084858 79.64204431831904 95
1694429084928 148.50645682764412 96
1694429084995 120.18360809631824 97
1694429085062 134.803102486525 98
1694429085130 336.60468988982694 99
1694429085197 139.10712637413567 100
1694429085265 229.90246560805218 101
1694429085333 333.4143015963019 102
1694429085400 166.90469406358716 103
1694429085468 87.22271769133212 104
1694429085536 214.84301374677213 105
1694429085604 140.89128916488517 106
1694429085672 128.9495139255111 107
1694429085739 65.86191986285527 108
1694429085807 202.52462639074753 109
1694429085874 126.71930052281662 110
1694429085942 162.99365355032174 111
1694429086011 179.71739337476112 112
1694429086078 2.804496666756324 113
1694429086146 290.24714669044124 114
1694429086214 23.19531403861457 115
1694429086281 170.37805481084882 116
1694429086350 112.70168965485051 117
1694429086419 174.4855465021594 118
1694429086487 235.2410110328404 119
1694429086555 263.89825128684225 120
1694429086622 213.26686093901336 121
1694429086689 40.59289593472179 122
1694429086759 19.275207376984405 123
1694429086826 303.2769166301533 124
1694429086894 68.17768292242197 125
1694429086962 244.97309438441198 126
1694429087029 269.8495150642052 127
1694429087097 156.84032255174859 128
1694429087166 87.3824096593209 129
1694429087233 101.45662496227398 130
1694429087302 83.95269510114206 131
1694429087369 32.17205308560009 132
1694429087437 151.30151109732307 133
1694429087505 349.4373617416283 134
1694429087573 167.74080711253134 135
1694429087641 68.5223659283175 136
1694429087708 50.61924271924957 137
1694429087778 108.81181801284949 138
1694429087846 86.50794608019713 139
1694429087914 50.35684959334923 140
1694429087982 79.40439443640913 141
1694429088051 145.4357674903351 142
1694429088120 150.97544453956766 143
1694429088187 222.22953814645078 144
1694429088257 310.18932894221945 145
1694429088325 492.8332469542253 146
1694429088392 406.9696365330186 147
1694429088461 84.7590132443934 148
1694429088529 67.07372658218573 149
1694429088597 159.92300759715562 150
1694429088664 115.08801901280553 151
1694429088731 256.4867234123421 152
1694429088800 367.9493503081052 153
1694429088869 159.28702082828752 154
1694429088937 120.52240513211694 155
1694429089005 264.54622644716443 156
1694429089072 113.64870263606826 157
1694429089140 169.16509564048476 158
1694429089205 328.07437661599937 159
1694429089273 97.9416750868667 160
1694429089340 231.25144575845843 161
1694429089408 199.5864234649394 162
1694429089475 164.80939586632135 163
1694429089544 173.023745367735 164
1694429089611 173.25157740745408 165
1694429089680 186.5092286027519 166
1694429089747 167.03243854520346 167
1694429089814 195.06532507977815 168
1694429089881 259.0593470957124 169
1694429089950 228.8147231587196 170
1694429090017 176.2044854683163 171
1694429090085 126.30522119819105 172
1694429090156 248.9921181602095 173
1694429090224 116.18230357977166 174
1694429090292 293.30835849519036 175
1694429090361 185.24761280346502 176
1694429090428 128.1426297042394 177
1694429090496 271.8834249170714 178
1694429090563 135.46318878548047 179
1694429090630 97.95366557544911 180
1694429090697 26.865153788731952 181
1694429090766 135.49700670778392 182
1694429090833 332.2166779541039 183
1694429090902 135.10902628880547 184
1694429090970 126.06745138174064 185
1694429091037 6.055648615341975 186
1694429091105 216.25553624560314 187
1694429091172 176.30414847332494 188
1694429091240 154.15223235666735 189
1694429091306 57.4854175302211 190
1694429091373 199.03272883771172 191
1694429091442 129.44646376137803 192
1694429091510 91.65501937801125 193
1694429091577 245.67474861401124 194
1694429091645 138.97941815678 195
1694429091713 162.9597958401809 196
1694429091781 261.7214873212202 197
1694429091848 109.37783563425843 198
1694429091914 157.645182275412 199
1694429091982 139.38161026724453 200
1694429092050 117.6603148365432 201
1694429092119 122.14827090301023 202
1694429092186 265.20361065121705 203
1694429092253 232.13607077944062 204
1694429092320 96.70541873349607 205
1694429092387 92.18958739143585 206
1694429092455 186.0407243696791 207
1694429092524 192.16157354111274 208
1694429092592 177.99401574239386 209
1694429092659 156.7147701037645 210
1694429092727 237.95536002012165 211
1694429092795 185.4477322876339 212
1694429092863 183.27536567215205 213
1694429092931 291.7398849399329 214
1694429092997 452.58918201663676 215
1694429093065 219.97160748787462 216
1694429093133 62.93902011427283 217
1694429093200 145.10762658601698 218
1694429093268 146.1282030944529 219
1694429093336 81.20573042229691 220
1694429093403 208.74174490029728 221
1694429093471 156.56541558332518 222
1694429093538 64.42958785697186 223
1694429093607 359.07274790222897 224
1694429093674 166.03404686421504 225
1694429093742 70.98657472472166 226
1694429093809 371.6600712699693 227
1694429093876 205.31339892140403 228
1694429093944 158.27295726090742 229
1694429094011 76.04354197952514 230
1694429094078 249.25115583958404 231
1694429094145 161.31627699649584 232
1694429094213 198.27136586815368 233
1694429094280 341.1931407836738 234
1694429094347 167.83161697536528 235
1694429094414 130.93727576580378 236
1694429094481 144.63415820618204 237
1694429094549 117.24924120052832 238
1694429094618 139.8805224224784 239
1694429094685 202.70956937553828 240
1694429094756 118.50545513829556 241
1694429094824 191.51452214345235 242
1694429094891 167.04972936900361 243
1694429094958 281.88214746934784 244
1694429095025 102.21216538562528 245
1694429095093 55.35820387888373 246
1694429095159 201.06531922300243 247
1694429095227 137.46135901236616 248
1694429095294 137.75977060273073 249
1694429095362 185.0347223927453 250
1694429095429 190.04380774607034 251
1694429095498 126.6262480539541 252
1694429095566 41.86906033563781 253
1694429095633 179.50319676895262 254
1694429095702 166.7078184660537 255
1694429095769 120.37985516851334 256
1694429095838 350.02070609322357 257
1694429095905 171.78578671402173 258
1694429095972 11.329914378823442 259
1694429096040 186.01969399407042 260
1694429096108 151.59551731032582 261
1694429096175 345.6006746377005 262
1694429096242 169.72492385048278 263
1694429096309 272.51672201444893 264
1694429096376 205.876474449724 265
1694429096444 107.5734865142492 266
1694429096510 301.42291965036253 267
1694429096578 189.74210077528835 268
1694429096645 650.545319424728 269
1694429096713 305.3666284391262 270
1694429096780 197.81882573363535 271
1694429096847 424.4957189854551 272
1694429096914 174.57846032886263 273
1694429096981 230.42727898145625 274
1694429097049 183.42126249900497 275
1694429097116 284.4019736396496 276
1694429097183 150.92371872193323 277
1694429097251 196.81359012136403 278
1694429097318 329.2926061887033 279
1694429097386 152.42379170761043 280
1694429097453 190.4521715033092 281
1694429097521 73.74578170847279 282
1694429097589 114.19517866178101 283
1694429097658 150.963839928935 284
1694429097726 49.65552849113342 285
1694429097794 60.20853169045658 286
1694429097861 132.9892605879258 287
1694429097928 407.07636509503845 288
1694429097995 233.639888943017 289
1694429098063 165.48228190310212 290
1694429098130 196.40544646111232 291
1694429098197 57.97633962997614 292
1694429098264 101.04800551810787 293
1694429098332 148.5223285890999 294
1694429098399 139.8916361912579 295
1694429098466 238.63459820864873 296
1694429098533 168.1597002152418 297
1694429098601 61.34696975728715 298
1694429098668 233.79789926596212 299
1694429098737 166.70529970291287 300
1694429098804 337.96265568773237 301
1694429098871 56.35634539636619 302
1694429098938 168.19203194762656 303
1694429099005 217.8386688110861 304
1694429099072 149.36975248599563 305
1694429099138 262.4157612837515 306
1694429099210 132.4478575246186 307
1694429099277 63.94801152338602 308
1694429099343 148.46919846503067 309
1694429099411 495.88677680941726 310
1694429099478 236.8176063474862 311
1694429099545 45.923822762180045 312
1694429099612 150.27576990464428 313
1694429099679 74.28136144020976 314
1694429099748 217.92754941404007 315
1694429099815 188.90557344242413 316
1694429099883 184.68857315332778 317
1694429099951 1086.1854432106913 318
1694429100018 224.695442426081 319
1694429100087 165.89176835000956 320
1694429100154 12.684271903495459 321
1694429100221 129.2965920109736 322
1694429100288 188.92886936977231 323
1694429100357 201.4667442409762 324
1694429100425 169.92514228021858 325
1694429100491 248.78654507178484 326
1694429100559 131.13309195807105 327
1694429100628 73.01932975291724 328
1694429100695 185.39089886187563 329
1694429100763 180.60777513376004 330
1694429100830 104.02928500324253 331
1694429100898 297.68285701022654 332
1694429100966 198.49737540303553 333
1694429101034 90.10486525980279 334
1694429101102 209.5768347235005 335
1694429101170 53.70749014609191 336
1694429101236 149.00830905178006 337
1694429101303 150.77263620074126 338
1694429101371 191.98612687880905 339
1694429101438 210.14303795421776 340
1694429101506 94.99092463957018 341
1694429101574 64.16267376381064 342
1694429101641 119.20781903857807 343
1694429101708 214.17591968891742 344
1694429101776 200.02739937140748 345
1694429101842 42.64571890280789 346
1694429101909 62.36261045742737 347
1694429101978 191.64382670788666 348
1694429102045 139.54315686149894 349
1694429102112 116.32470205699074 350
1694429102180 96.29927842329705 351
1694429102246 271.82202352849583 352
1694429102313 76.36436403537037 353
1694429102381 165.92505410437425 354
1694429102449 39.58512217740846 355
1694429102516 210.61063534486684 356
1694429102584 199.405308785008 357
1694429102652 181.40531451817586 358
1694429102719 91.96728910714629 359
1694429102787 177.1735824104743 360
1694429102855 186.03754604660162 361
1694429102923 241.1658942292086 362
1694429102990 180.38076327127146 363
1694429103056 121.9974766399794 364
1694429103124 123.26831959929916 365
1694429103192 98.79445713456603 366
1694429103258 203.30737549777962 367
1694429103325 223.13854356485655 368
1694429103393 98.9793133014554 369
1694429103459 408.54313035948513 370
1694429103527 129.0071993125373 371
1694429103595 112.71688372918827 372
1694429103663 347.58844346429385 373
1694429103730 163.37742025658136 374
1694429103798 242.44474456249654 375
1694429103866 132.50520605984255 376
1694429103933 112.711502004064 377
1694429104001 209.21044665707782 378
1694429104068 164.60769754183852 379
1694429104135 142.46162786777748 380
1694429104204 238.51029338645674 381
1694429104271 665.2566466524853 382
1694429104337 121.75826848306161 383
1694429104405 27.399834564803115 384
1694429104472 277.9276746602311 385
1694429104539 276.08377685849143 386
1694429104607 175.30325494306373 387
1694429104674 153.93455851988057 388
1694429104742 211.58853685810143 389
1694429104810 173.77719981501474 390
1694429104877 45.82779109671148 391
1694429104946 303.21993091282735 392
1694429105013 195.9815488737635 393
1694429105081 126.50235015135269 394
1694429105147 152.55425228038484 395
1694429105215 216.71760911839988 396
1694429105282 152.48484624590634 397
1694429105350 143.0035054360523 398
1694429105418 222.1670085447397 399
1694429105487 246.25791365559323 400
1694429105554 165.18896571408123 401
1694429105621 69.1867124464211 402
1694429105691 135.80467866057373 403
1694429105758 78.43235130721834 404
1694429105827 295.2845131426036 405
1694429105895 166.95580993678766 406
1694429105962 183.18826341110602 407
1694429106030 74.46372103167494 408
1694429106097 112.9014317817753 409
1694429106164 132.79089055135316 410
1694429106232 189.8569544297217 411
1694429106299 79.5736523767121 412
1694429106366 219.48164069067047 413
1694429106434 350.3624082480846 414
1694429106502 54.65533287836297 415
1694429106569 140.03486955573638 416
1694429106638 171.47272490222863 417
1694429106705 175.3965928713209 418
1694429106773 269.4496102028194 419
1694429106841 213.35869326727078 420
1694429106908 146.14967259114374 421
1694429106975 203.3356337783122 422
1694429107044 321.7422970858204 423
1694429107111 11.962746017658548 424
1694429107178 172.35825362251958 425
1694429107246 111.0409207990967 426
1694429107314 175.43003425945952 427
1694429107380 633.686092167384 428
1694429107448 289.0376702263879 429
1694429107516 166.98825446313552 430
1694429107583 172.74966104422268 431
1694429107651 121.81017807596494 432
1694429107719 174.91218528042918 433
1694429107785 214.9803377111461 434
1694429107854 67.39103314100069 435
1694429107922 128.4777334586928 436
1694429107989 2.7488306652275565 437
1694429108057 247.37399516861382 438
1694429108123 177.53639815151064 439
1694429108190 252.14086947214759 440
1694429108258 224.55721215404836 441
1694429108328 156.2141011469701 442
1694429108396 207.5947247112515 443
1694429108462 115.34786203369661 444
1694429108530 226.0537857025035 445
1694429108598 227.5612160748796 446
1694429108665 97.23390857101795 447
1694429108733 198.18132792358736 448
1694429108802 9.965498730755225 449
1694429108869 166.47018423815604 450
1694429108937 49.9132737162096 451
1694429109005 186.84401828751666 452
1694429109071 54.60746647649384 453
1694429109140 160.2351010908272 454
1694429109212 153.42448120959116 455
1694429109278 221.80470003824755 456
1694429109347 184.57299751529897 457
1694429109413 11.685251180851264 458
1694429109480 101.99304543372608 459
1694429109547 157.79899039084293 460
1694429109616 273.4822185135698 461
1694429109683 149.48696927279667 462
1694429109759 149.8211301191056 463
1694429109828 262.5641032226797 464
1694429109896 189.5198979888384 465
1694429109964 53.979064044580326 466
1694429110030 125.79352220999999 467
1694429110098 85.90358448759795 468
1694429110166 108.90703882854598 469
1694429110234 76.11958110327849 470
1694429110301 136.9511244952109 471
1694429110368 87.81244436234296 472
1694429110437 191.05683812820058 473
1694429110503 118.4740444873452 474
1694429110572 145.62667280889025 475
1694429110639 206.75232898166408 476
1694429110709 152.92979991533159 477
1694429110776 133.75348172414886 478
1694429110843 40.32181783454308 479
1694429110912 203.2835554087657 480
1694429110980 150.31595447374562 481
1694429111047 200.70924637337285 482
1694429111114 228.40130722702057 483
1694429111182 187.1954992959842 484
1694429111249 293.97697610005406 485
1694429111318 93.31927166625626 486
1694429111384 20.387418883110037 487
1694429111452 156.94329122895886 488
1694429111520 317.47126043078083 489
1694429111587 87.32103503896289 490
1694429111655 166.19426699847517 491
1694429111724 156.76775173223223 492
1694429111792 205.3246659640072 493
1694429111859 215.18498895742596 494
1694429111927 260.9231917380564 495
1694429111994 266.8915922144144 496
1694429112062 180.1063743427366 497
1694429112130 436.98670222500454 498
1694429112197 185.02142936540105 499
