1694427560935 169.03908926289097 0
1694427560951 169.03248413159014 1
1694427560967 169.02726990895547 2
1694427560982 169.0221052662216 3
1694427560997 169.01699129729172 4
1694427561013 169.01192744288755 5
1694427561029 169.00691315253474 6
1694427561044 169.0019478821835 7
1694427561059 168.99703109413468 8
1694427561075 168.99216225696304 9
1694427561091 168.98734084544176 10
1694427561110 168.98256634046757 11
1694427561125 168.97783822898705 12
1694427561141 168.9731560039238 13
1694427561156 168.96851916410628 14
1694427561172 168.9639272141969 15
1694427561187 168.95937966462168 16
1694427561202 168.95487603150087 17
1694427561219 168.9504158365804 18
1694427561235 168.94599860716423 19
1694427561251 168.94162387604757 20
1694427561266 168.93729118145066 21
1694427561281 168.93300006695375 22
1694427561297 168.92875008143238 23
1694427561312 168.92454077899401 24
1694427561328 168.92037171891513 25
1694427561344 168.91624246557888 26
1694427561360 168.91215258841405 27
1694427561375 168.90810166183434 28
1694427561391 168.90408926517856 29
1694427561408 168.90011498265142 30
1694427561423 168.8961784032652 31
1694427561441 168.89227912078215 32
1694427561458 168.88841673365746 33
1694427561474 168.8845908449829 34
1694427561492 168.88080106243137 35
1694427561510 168.87704699820188 36
1694427561529 168.87332826896545 37
1694427561546 168.86964449581134 38
1694427561563 168.8659953041943 39
1694427561579 168.8623803238823 40
1694427561594 168.85879918890473 41
1694427561609 168.85525153750157 42
1694427561625 168.85173701207296 43
1694427561641 168.84825525912936 44
1694427561656 168.84480592924245 45
1694427561671 168.84138867699667 46
1694427561686 168.83800316094107 47
1694427561702 168.83464904354202 48
1694427561716 168.83132599113645 49
1694427561732 168.82803367388556 50
1694427561747 168.82477176572914 51
1694427561763 168.82153994434063 52
1694427561778 168.81833789108225 53
1694427561793 168.81516529096123 54
1694427561808 168.8120218325863 55
1694427561825 168.80890720812468 56
1694427561843 168.80582111325964 57
1694427561858 168.80276324714868 58
1694427561874 168.79973331238207 59
1694427561888 168.7967310149419 60
1694427561904 168.79375606416193 61
1694427561918 168.7908081726873 62
1694427561933 168.78788705643547 63
1694427561950 168.78499243455713 64
1694427561965 168.7821240293976 65
1694427561981 168.77928156645925 66
1694427561996 168.77646477436343 67
1694427562010 168.77367338481383 68
1694427562027 168.77090713255967 69
1694427562042 168.76816575535952 70
1694427562058 168.7654489939456 71
1694427562074 168.76275659198842 72
1694427562090 168.760088296062 73
1694427562106 168.75744385560935 74
1694427562128 168.7548230229085 75
1694427562148 168.7522255530388 76
1694427562164 168.74965120384783 77
1694427562180 168.7470997359183 78
1694427562195 168.74457091253615 79
1694427562210 168.74206449965808 80
1694427562225 168.73958026588014 81
1694427562242 168.73711798240637 82
1694427562258 168.7346774230182 83
1694427562273 168.73225836404362 84
1694427562288 168.7298605843272 85
1694427562303 168.72748386520053 86
1694427562320 168.7251279904525 87
1694427562335 168.72279274630054 88
1694427562350 168.7204779213618 89
1694427562366 168.71818330662487 90
1694427562381 168.71590869542166 91
1694427562396 168.71365388339996 92
1694427562411 168.71141866849612 93
1694427562427 168.70920285090773 94
1694427562441 168.70700623306743 95
1694427562458 168.70482861961625 96
1694427562473 168.70266981737774 97
1694427562487 168.7005296353321 98
1694427562503 168.69840788459118 99
1694427562519 168.69630437837284 100
1694427562535 168.6942189319768 101
1694427562551 168.69215136275952 102
1694427562566 168.69010149011058 103
1694427562581 168.68806913542838 104
1694427562597 168.68605412209683 105
1694427562612 168.68405627546193 106
1694427562627 168.68207542280857 107
1694427562642 168.68011139333805 108
1694427562658 168.67816401814545 109
1694427562673 168.6762331301975 110
1694427562689 168.67431856431054 111
1694427562704 168.67242015712898 112
1694427562719 168.67053774710365 113
1694427562734 168.668671174471 114
1694427562749 168.666820281232 115
1694427562764 168.6649849111313 116
1694427562780 168.66316490963726 117
1694427562795 168.6613601239215 118
1694427562809 168.65957040283908 119
1694427562825 168.6577955969088 120
1694427562841 168.65603555829387 121
1694427562856 168.65429014078256 122
1694427562873 168.65255919976937 123
1694427562888 168.65084259223624 124
1694427562903 168.64914017673408 125
1694427562918 168.6474518133643 126
1694427562934 168.6457773637611 127
1694427562949 168.6441166910733 128
1694427562965 168.64246965994676 129
1694427562980 168.64083613650715 130
1694427562995 168.63921598834253 131
1694427563011 168.63760908448643 132
1694427563027 168.63601529540108 133
1694427563042 168.63443449296074 134
1694427563059 168.63286655043532 135
1694427563074 168.6313113424742 136
1694427563089 168.62976874509025 137
1694427563105 168.628238635644 138
1694427563119 168.62672089282788 139
1694427563134 168.62521539665104 140
1694427563149 168.6237220284239 141
1694427563165 168.62224067074314 142
1694427563181 168.62077120747682 143
1694427563195 168.61931352374967 144
1694427563210 168.6178675059286 145
1694427563225 168.61643304160813 146
1694427563240 168.6150100195966 147
1694427563257 168.61359832990183 148
1694427563272 168.61219786371728 149
1694427563286 168.61080851340859 150
1694427563301 168.60943017249986 151
1694427563317 168.60806273566035 152
1694427563333 168.60670609869135 153
1694427563348 168.6053601585131 154
1694427563364 168.60402481315177 155
1694427563379 168.60269996172698 156
1694427563394 168.60138550443915 157
1694427563409 168.60008134255685 158
1694427563424 168.59878737840484 159
1694427563440 168.59750351535183 160
1694427563456 168.59622965779835 161
1694427563472 168.5949657111651 162
1694427563487 168.5937115818811 163
1694427563501 168.59246717737236 164
1694427563517 168.59123240605018 165
1694427563534 168.59000717730004 166
1694427563548 168.5887914014704 167
1694427563564 168.58758498986157 168
1694427563579 168.58638785471507 169
1694427563595 168.58519990920271 170
1694427563610 168.58402106741593 171
1694427563625 168.58285124435542 172
1694427563641 168.58169035592059 173
1694427563657 168.58053831889947 174
1694427563673 168.57939505095854 175
1694427563689 168.5782604706326 176
1694427563703 168.577134497315 177
1694427563718 168.5760170512479 178
1694427563734 168.5749080535125 179
1694427563748 168.57380742601947 180
1694427563765 168.57271509149976 181
1694427563780 168.571630973495 182
1694427563795 168.57055499634836 183
1694427563811 168.56948708519565 184
1694427563827 168.56842716595614 185
1694427563842 168.56737516532365 186
1694427563857 168.56633101075792 187
1694427563873 168.56529463047582 188
1694427563888 168.5642659534428 189
1694427563903 168.56324490936453 190
1694427563919 168.56223142867836 191
1694427563933 168.56122544254518 192
1694427563948 168.5602268828411 193
1694427563965 168.55923568214973 194
1694427563980 168.55825177375365 195
1694427563995 168.55727509162702 196
1694427564010 168.55630557042755 197
1694427564024 168.55534314548885 198
1694427564041 168.55438775281272 199
1694427564056 168.55343932906186 200
1694427564071 168.55249781155229 201
1694427564087 168.55156313824594 202
1694427564103 168.5506352477436 203
1694427564117 168.5497140792775 204
1694427564133 168.54879957270458 205
1694427564147 168.54789166849898 206
1694427564165 168.5469903077457 207
1694427564180 168.54609543213317 208
1694427564197 168.54520698394714 209
1694427564212 168.54432490606337 210
1694427564228 168.54344914194147 211
1694427564243 168.5425796356182 212
1694427564258 168.54171633170105 213
1694427564274 168.54085917536193 214
1694427564288 168.54000811233072 215
1694427564303 168.5391630888893 216
1694427564318 168.53832405186517 217
1694427564334 168.5374909486255 218
1694427564350 168.53666372707102 219
1694427564365 168.53584233563035 220
1694427564381 168.53502672325374 221
1694427564395 168.53421683940763 222
1694427564411 168.53341263406872 223
1694427564426 168.53261405771846 224
1694427564441 168.53182106133724 225
1694427564456 168.5310335963991 226
1694427564471 168.53025161486613 227
1694427564486 168.52947506918315 228
1694427564502 168.52870391227228 229
1694427564516 168.52793809752762 230
1694427564532 168.52717757881044 231
1694427564548 168.52642231044345 232
1694427564564 168.5256722472061 233
1694427564580 168.52492734432943 234
1694427564595 168.52418755749105 235
1694427564610 168.52345284281046 236
1694427564625 168.52272315684374 237
1694427564640 168.52199845657935 238
1694427564655 168.52127869943283 239
1694427564671 168.52056384324237 240
1694427564686 168.5198538462643 241
1694427564702 168.51914866716825 242
1694427564717 168.51844826503273 243
1694427564733 168.51775259934072 244
1694427564748 168.51706162997516 245
1694427564764 168.5163753172146 246
1694427564781 168.51569362172896 247
1694427564795 168.51501650457513 248
1694427564811 168.5143439271928 249
1694427564826 168.51367585140042 250
1694427564842 168.51301223939078 251
1694427564857 168.51235305372728 252
1694427564872 168.51169825733962 253
1694427564888 168.51104781352007 254
1694427564904 168.51040168591925 255
1694427564918 168.50975983854252 256
1694427564934 168.5091222357459 257
1694427564950 168.5084888422325 258
1694427564965 168.5078596230486 259
1694427564981 168.50723454357995 260
1694427564997 168.50661356954814 261
1694427565012 168.50599666700697 262
1694427565027 168.50538380233894 263
1694427565042 168.50477494225152 264
1694427565057 168.50417005377378 265
1694427565073 168.503569104253 266
1694427565089 168.50297206135093 267
1694427565104 168.50237889304094 268
1694427565119 168.50178956760408 269
1694427565134 168.50120405362625 270
1694427565149 168.5006223199946 271
1694427565165 168.50004433589447 272
1694427565180 168.49947007080624 273
1694427565195 168.4988994945021 274
1694427565210 168.49833257704285 275
1694427565225 168.49776928877483 276
1694427565241 168.4972096003272 277
1694427565257 168.49665348260842 278
1694427565272 168.49610090680355 279
1694427565287 168.49555184437136 280
1694427565304 168.49500626704125 281
1694427565319 168.4944641468105 282
1694427565336 168.49392545594125 283
1694427565351 168.49339016695802 284
1694427565365 168.49285825264454 285
1694427565381 168.49232968604124 286
1694427565396 168.49180444044245 287
1694427565411 168.49128248939374 288
1694427565426 168.4907638066893 289
1694427565442 168.4902483663692 290
1694427565458 168.48973614271696 291
1694427565474 168.48922711025682 292
1694427565488 168.48872124375123 293
1694427565504 168.48821851819852 294
1694427565519 168.48771890883015 295
1694427565534 168.4872223911085 296
1694427565549 168.4867289407243 297
1694427565564 168.4862385335942 298
1694427565580 168.48575114585853 299
1694427565596 168.485266753879 300
1694427565611 168.4847853342361 301
1694427565626 168.48430686372714 302
1694427565642 168.4838313193638 303
1694427565656 168.48335867836988 304
1694427565672 168.48288891817924 305
1694427565688 168.4824220164334 306
1694427565703 168.48195795097962 307
1694427565718 168.48149669986856 308
1694427565733 168.48103824135225 309
1694427565748 168.48058255388193 310
1694427565764 168.48012961610615 311
1694427565779 168.4796794068685 312
1694427565794 168.47923190520586 313
1694427565809 168.4787870903461 314
1694427565824 168.4783449417063 315
1694427565839 168.47790543889076 316
1694427565856 168.4774685616891 317
1694427565871 168.47703429007422 318
1694427565888 168.47660260420056 319
1694427565904 168.47617348440212 320
1694427565919 168.47574691119073 321
1694427565934 168.47532286525416 322
1694427565950 168.47490132745423 323
1694427565965 168.47448227882518 324
1694427565981 168.47406570057188 325
1694427565995 168.47365157406793 326
1694427566010 168.47323988085412 327
1694427566026 168.47283060263658 328
1694427566042 168.47242372128528 329
1694427566057 168.47201921883206 330
1694427566071 168.47161707746938 331
1694427566088 168.47121727954828 332
1694427566103 168.47081980757707 333
1694427566118 168.47042464421958 334
1694427566133 168.4700317722936 335
1694427566148 168.46964117476938 336
1694427566163 168.46925283476804 337
1694427566179 168.46886673556003 338
1694427566194 168.4684828605637 339
1694427566210 168.4681011933437 340
1694427566225 168.46772171760958 341
1694427566240 168.46734441721418 342
1694427566256 168.46696927615255 343
1694427566271 168.46659627856008 344
1694427566287 168.46622540871147 345
1694427566302 168.46585665101895 346
1694427566317 168.46548999003127 347
1694427566332 168.4651254104321 348
1694427566347 168.46476289703872 349
1694427566363 168.46440243480083 350
1694427566377 168.46404400879905 351
1694427566393 168.46368760424355 352
1694427566409 168.4633332064731 353
1694427566424 168.46298080095343 354
1694427566439 168.46263037327623 355
1694427566456 168.4622819091576 356
1694427566472 168.46193539443715 357
1694427566488 168.46159081507662 358
1694427566504 168.46124815715862 359
1694427566520 168.46090740688544 360
1694427566534 168.46056855057802 361
1694427566549 168.46023157467462 362
1694427566564 168.45989646572977 363
1694427566579 168.45956321041294 364
1694427566595 168.45923179550763 365
1694427566610 168.4589022079102 366
1694427566625 168.45857443462867 367
1694427566640 168.45824846278163 368
1694427566655 168.45792427959728 369
1694427566670 168.45760187241217 370
1694427566685 168.45728122867047 371
1694427566702 168.4569623359224 372
1694427566717 168.45664518182372 373
1694427566732 168.45632975413434 374
1694427566746 168.45601604071754 375
1694427566761 168.4557040295388 376
1694427566776 168.45539370866481 377
1694427566792 168.45508506626277 378
1694427566807 168.4547780905989 379
1694427566822 168.454472770038 380
1694427566837 168.45416909304214 381
1694427566852 168.45386704816997 382
1694427566868 168.45356662407553 383
1694427566884 168.45326780950754 384
1694427566899 168.4529705933084 385
1694427566915 168.4526749644134 386
1694427566930 168.4523809118496 387
1694427566945 168.45208842473505 388
1694427566960 168.4517974922781 389
1694427566976 168.45150810377635 390
1694427566992 168.4512202486157 391
1694427567008 168.45093391626975 392
1694427567023 168.45064909629886 393
1694427567040 168.45036577834924 394
1694427567055 168.45008395215223 395
1694427567070 168.44980360752345 396
1694427567085 168.44952473436203 397
1694427567101 168.44924732264982 398
1694427567116 168.44897136245058 399
1694427567132 168.4486968439091 400
1694427567147 168.4484237572507 401
1694427567162 168.44815209278022 402
1694427567177 168.44788184088134 403
1694427567193 168.44761299201593 404
1694427567208 168.4473455367232 405
1694427567224 168.447079465619 406
1694427567238 168.4468147693951 407
1694427567253 168.4465514388185 408
1694427567270 168.4462894647308 409
1694427567285 168.44602883804728 410
1694427567301 168.4457695497564 411
1694427567316 168.4455115909191 412
1694427567331 168.44525495266805 413
1694427567347 168.44499962620696 414
1694427567363 168.44474560281003 415
1694427567378 168.4444928738213 416
1694427567393 168.44424143065388 417
1694427567409 168.44399126478928 418
1694427567424 168.44374236777705 419
1694427567439 168.44349473123378 420
1694427567453 168.44324834684286 421
1694427567468 168.4430032063535 422
1694427567484 168.4427593015803 423
1694427567499 168.4425166244028 424
1694427567515 168.44227516676455 425
1694427567530 168.4420349206728 426
1694427567545 168.4417958781976 427
1694427567560 168.44155803147183 428
1694427567576 168.44132137268988 429
1694427567593 168.4410858941075 430
1694427567609 168.44085158804126 431
1694427567625 168.44061844686792 432
1694427567640 168.44038646302366 433
1694427567656 168.44015562900404 434
1694427567671 168.43992593736297 435
1694427567687 168.43969738071246 436
1694427567703 168.43946995172195 437
1694427567718 168.43924364311792 438
1694427567732 168.43901844768322 439
1694427567748 168.4387943582567 440
1694427567764 168.4385713677327 441
1694427567779 168.43834946906034 442
1694427567794 168.43812865524333 443
1694427567809 168.43790891933935 444
1694427567825 168.43769025445937 445
1694427567840 168.43747265376746 446
1694427567855 168.43725611048026 447
1694427567871 168.43704061786642 448
1694427567886 168.43682616924602 449
1694427567903 168.4366127579905 450
1694427567919 168.4364003775218 451
1694427567934 168.4361890213121 452
1694427567949 168.43597868288333 453
1694427567964 168.43576935580685 454
1694427567980 168.4355610337027 455
1694427567995 168.43535371023953 456
1694427568011 168.435147379134 457
1694427568027 168.43494203415025 458
1694427568042 168.43473766909977 459
1694427568056 168.4345342778406 460
1694427568072 168.4343318542773 461
1694427568088 168.4341303923603 462
1694427568104 168.43392988608554 463
1694427568119 168.43373032949413 464
1694427568134 168.43353171667192 465
1694427568150 168.43333404174905 466
1694427568167 168.4331372988997 467
1694427568185 168.4329414823416 468
1694427568200 168.43274658633558 469
1694427568216 168.4325526051855 470
1694427568231 168.4323595332374 471
1694427568246 168.43216736487955 472
1694427568260 168.43197609454194 473
1694427568276 168.43178571669586 474
1694427568291 168.43159622585358 475
1694427568306 168.431407616568 476
1694427568322 168.43121988343242 477
1694427568338 168.4310330210799 478
1694427568353 168.43084702418327 479
1694427568368 168.4306618874544 480
1694427568384 168.43047760564428 481
1694427568399 168.43029417354234 482
1694427568415 168.4301115859763 483
1694427568430 168.4299298378118 484
1694427568445 168.42974892395213 485
1694427568460 168.42956883933783 486
1694427568475 168.42938957894626 487
1694427568491 168.4292111377916 488
1694427568507 168.42903351092434 489
1694427568522 168.4288566934308 490
1694427568537 168.4286806804333 491
1694427568553 168.42850546708934 492
1694427568568 168.42833104859164 493
1694427568583 168.42815742016768 494
1694427568599 168.4279845770796 495
1694427568614 168.42781251462344 496
1694427568630 168.4276412281296 497
1694427568645 168.42747071296188 498
1694427568661 168.42730096451743 499
