1694438349814 161.25981113898646 0
1694438349833 161.22752883324202 1
1694438349849 161.19525301288533 2
1694438349866 161.1629836766056 3
1694438349883 161.13072082309216 4
1694438349902 161.0984644510347 5
1694438349919 161.06621455912315 6
1694438349938 161.03397114604772 7
1694438349956 161.00173421049885 8
1694438349974 160.9695037511673 9
1694438349992 160.93727976674413 10
1694438350009 160.9050622559205 11
1694438350027 160.87285121738805 12
1694438350045 160.84064664983853 13
1694438350062 160.80844855196403 14
1694438350080 160.77625692245692 15
1694438350097 160.7440717600098 16
1694438350115 160.71189306331553 17
1694438350135 160.67972083106727 18
1694438350152 160.64755506195843 19
1694438350168 160.61539575468274 20
1694438350185 160.58324290793408 21
1694438350203 160.55109652040676 22
1694438350220 160.51895659079517 23
1694438350238 160.48682311779407 24
1694438350255 160.45469610009857 25
1694438350274 160.42257553640383 26
1694438350291 160.39046142540553 27
1694438350309 160.3583537657994 28
1694438350327 160.3262525562816 29
1694438350344 160.29415779554841 30
1694438350365 160.2620694822965 31
1694438350384 160.22998761522277 32
1694438350403 160.19791219302434 33
1694438350422 160.16584321439868 34
1694438350441 160.1337806780434 35
1694438350460 160.1017245826565 36
1694438350480 160.06967492693624 37
1694438350501 160.03763170958106 38
1694438350521 160.00559492928977 39
1694438350538 159.97356458476133 40
1694438350556 159.94154067469503 41
1694438350573 159.90952319779046 42
1694438350591 159.8775121527474 43
1694438350608 159.84550753826602 44
1694438350626 159.81350935304658 45
1694438350644 159.78151759578975 46
1694438350662 159.74953226519636 47
1694438350678 159.7175533599677 48
1694438350696 159.685580878805 49
1694438350714 159.65361482041004 50
1694438350732 159.62165518348476 51
1694438350748 159.5897019667314 52
1694438350765 159.55775516885242 53
1694438350783 159.52581478855058 54
1694438350801 159.49388082452884 55
1694438350818 159.4619532754905 56
1694438350836 159.43003214013913 57
1694438350853 159.39811741717853 58
1694438350870 159.3662091053127 59
1694438350888 159.33430720324614 60
1694438350907 159.30241170968324 61
1694438350926 159.27052262332907 62
1694438350942 159.23863994288863 63
1694438350960 159.2067636670674 64
1694438350984 159.17489379457098 65
1694438351002 159.14303032410533 66
1694438351019 159.1111732543766 67
1694438351037 159.07932258409136 68
1694438351055 159.04747831195624 69
1694438351072 159.01564043667824 70
1694438351089 158.98380895696462 71
1694438351108 158.9519838715229 72
1694438351125 158.92016517906086 73
1694438351143 158.88835287828655 74
1694438351160 158.8565469679083 75
1694438351177 158.82474744663463 76
1694438351194 158.79295431317445 77
1694438351211 158.76116756623676 78
1694438351229 158.72938720453104 79
1694438351249 158.69761322676686 80
1694438351266 158.66584563165415 81
1694438351282 158.63408441790304 82
1694438351300 158.60232958422398 83
1694438351318 158.57058112932762 84
1694438351335 158.53883905192495 85
1694438351352 158.5071033507272 86
1694438351369 158.47537402444576 87
1694438351386 158.4436510717925 88
1694438351403 158.41193449147931 89
1694438351421 158.3802242822186 90
1694438351439 158.34852044272273 91
1694438351455 158.3168229717046 92
1694438351472 158.28513186787725 93
1694438351489 158.25344712995408 94
1694438351507 158.22176875664852 95
1694438351528 158.19009674667456 96
1694438351546 158.15843109874623 97
1694438351564 158.12677181157798 98
1694438351581 158.0951188838844 99
1694438351598 158.06347231438042 100
1694438351617 158.03183210178116 101
1694438351634 158.0001982448021 102
1694438351651 157.96857074215893 103
1694438351668 157.9369495925676 104
1694438351686 157.9053347947443 105
1694438351703 157.87372634740555 106
1694438351721 157.84212424926807 107
1694438351738 157.81052849904881 108
1694438351756 157.77893909546515 109
1694438351772 157.74735603723457 110
1694438351791 157.71577932307488 111
1694438351809 157.6842089517041 112
1694438351827 157.65264492184053 113
1694438351845 157.62108723220285 114
1694438351862 157.58953588150985 115
1694438351879 157.5579908684806 116
1694438351896 157.5264521918345 117
1694438351915 157.49491985029115 118
1694438351933 157.46339384257053 119
1694438351950 157.43187416739266 120
1694438351968 157.40036082347802 121
1694438351985 157.36885380954735 122
1694438352003 157.3373531243215 123
1694438352020 157.30585876652168 124
1694438352037 157.27437073486942 125
1694438352055 157.24288902808635 126
1694438352075 157.21141364489452 127
1694438352093 157.1799445840162 128
1694438352110 157.14848184417383 129
1694438352127 157.1170254240902 130
1694438352145 157.08557532248835 131
1694438352162 157.05413153809155 132
1694438352178 157.0226940696234 133
1694438352196 156.9912629158077 134
1694438352213 156.9598380753685 135
1694438352231 156.9284195470302 136
1694438352249 156.8970073295173 137
1694438352266 156.86560142155477 138
1694438352283 156.83420182186762 139
1694438352300 156.80280852918128 140
1694438352318 156.77142154222142 141
1694438352335 156.7400408597139 142
1694438352353 156.70866648038492 143
1694438352369 156.67729840296084 144
1694438352386 156.6459366261684 145
1694438352404 156.61458114873454 146
1694438352421 156.58323196938647 147
1694438352439 156.55188908685165 148
1694438352455 156.5205524998578 149
1694438352472 156.48922220713288 150
1694438352489 156.45789820740518 151
1694438352507 156.4265804994032 152
1694438352524 156.3952690818557 153
1694438352542 156.3639639534917 154
1694438352559 156.3326651130405 155
1694438352576 156.3013725592316 156
1694438352593 156.2700862907949 157
1694438352610 156.23880630646036 158
1694438352628 156.2075326049584 159
1694438352645 156.17626518501953 160
1694438352663 156.1450040453747 161
1694438352680 156.11374918475485 162
1694438352697 156.08250060189152 163
1694438352717 156.05125829551625 164
1694438352734 156.02002226436093 165
1694438352754 155.98879250715765 166
1694438352771 155.95756902263892 167
1694438352789 155.92635180953735 168
1694438352807 155.89514086658588 169
1694438352824 155.86393619251766 170
1694438352842 155.8327377860662 171
1694438352859 155.8015456459651 172
1694438352876 155.77035977094835 173
1694438352894 155.73918015975025 174
1694438352911 155.70800681110515 175
1694438352929 155.67683972374783 176
1694438352946 155.64567889641336 177
1694438352962 155.6145243278369 178
1694438352979 155.583376016754 179
1694438352997 155.55223396190044 180
1694438353014 155.5210981620122 181
1694438353032 155.4899686158256 182
1694438353050 155.45884532207725 183
1694438353067 155.42772827950384 184
1694438353084 155.39661748684247 185
1694438353101 155.36551294283052 186
1694438353118 155.3344146462055 187
1694438353136 155.30332259570528 188
1694438353153 155.27223679006795 189
1694438353169 155.2411572280319 190
1694438353187 155.21008390833566 191
1694438353204 155.17901682971817 192
1694438353222 155.14795599091852 193
1694438353241 155.1169013906761 194
1694438353259 155.08585302773056 195
1694438353277 155.05481090082185 196
1694438353295 155.02377500869005 197
1694438353312 154.99274535007564 198
1694438353329 154.96172192371927 199
1694438353347 154.93070472836186 200
1694438353365 154.89969376274462 201
1694438353381 154.868689025609 202
1694438353400 154.8376905156967 203
1694438353417 154.80669823174966 204
1694438353435 154.7757121725101 205
1694438353452 154.7447323367205 206
1694438353469 154.71375872312365 207
1694438353486 154.6827913304625 208
1694438353504 154.65183015748025 209
1694438353522 154.6208752029205 210
1694438353539 154.589926465527 211
1694438353556 154.55898394404363 212
1694438353574 154.52804763721483 213
1694438353591 154.4971175437851 214
1694438353608 154.46619366249917 215
1694438353625 154.4352759921021 216
1694438353644 154.40436453133927 217
1694438353662 154.37345927895615 218
1694438353680 154.34256023369858 219
1694438353697 154.31166739431268 220
1694438353714 154.2807807595447 221
1694438353732 154.2499003281413 222
1694438353749 154.21902609884933 223
1694438353766 154.1881580704158 224
1694438353785 154.15729624158809 225
1694438353802 154.1264406111139 226
1694438353820 154.09559117774097 227
1694438353837 154.06474794021756 228
1694438353855 154.0339108972919 229
1694438353872 154.00308004771276 230
1694438353891 153.97225539022892 231
1694438353909 153.9414369235896 232
1694438353928 153.91062464654422 233
1694438353945 153.87981855784236 234
1694438353962 153.84901865623397 235
1694438353981 153.81822494046924 236
1694438353998 153.78743740929858 237
1694438354017 153.75665606147268 238
1694438354033 153.72588089574245 239
1694438354051 153.6951119108591 240
1694438354068 153.6643491055741 241
1694438354086 153.63359247863914 242
1694438354104 153.60284202880615 243
1694438354120 153.57209775482733 244
1694438354139 153.5413596554552 245
1694438354156 153.5106277294425 246
1694438354173 153.4799019755421 247
1694438354191 153.44918239250737 248
1694438354208 153.41846897909173 249
1694438354225 153.38776173404887 250
1694438354242 153.35706065613292 251
1694438354259 153.326365744098 252
1694438354276 153.29567699669872 253
1694438354294 153.2649944126898 254
1694438354310 153.2343179908262 255
1694438354328 153.2036477298633 256
1694438354347 153.17298362855655 257
1694438354364 153.14232568566175 258
1694438354381 153.11167389993494 259
1694438354398 153.08102827013246 260
1694438354415 153.05038879501075 261
1694438354432 153.0197554733267 262
1694438354450 152.98912830383728 263
1694438354470 152.95850728529987 264
1694438354488 152.927892416472 265
1694438354507 152.8972836961115 266
1694438354524 152.86668112297642 267
1694438354541 152.83608469582504 268
1694438354558 152.80549441341603 269
1694438354575 152.77491027450816 270
1694438354592 152.74433227786054 271
1694438354610 152.7137604222325 272
1694438354627 152.68319470638363 273
1694438354644 152.65263512907376 274
1694438354662 152.62208168906298 275
1694438354679 152.59153438511171 276
1694438354697 152.56099321598046 277
1694438354713 152.53045818043017 278
1694438354730 152.49992927722192 279
1694438354747 152.46940650511704 280
1694438354765 152.43888986287723 281
1694438354782 152.40837934926427 282
1694438354801 152.3778749630404 283
1694438354817 152.3473767029679 284
1694438354835 152.31688456780938 285
1694438354853 152.28639855632787 286
1694438354871 152.25591866728638 287
1694438354890 152.22544489944835 288
1694438354908 152.19497725157734 289
1694438354926 152.16451572243736 290
1694438354944 152.13406031079253 291
1694438354962 152.10361101540718 292
1694438354979 152.07316783504606 293
1694438354996 152.04273076847403 294
1694438355013 152.01229981445627 295
1694438355030 151.98187497175815 296
1694438355048 151.95145623914536 297
1694438355066 151.9210436153838 298
1694438355084 151.89063709923968 299
1694438355105 151.86023668947936 300
1694438355122 151.82984238486958 301
1694438355138 151.79945418417722 302
1694438355156 151.76907208616947 303
1694438355173 151.7386960896138 304
1694438355192 151.7083261932778 305
1694438355208 151.67796239592946 306
1694438355226 151.64760469633694 307
1694438355244 151.6172530932687 308
1694438355261 151.58690758549344 309
1694438355278 151.55656817178007 310
1694438355296 151.5262348508978 311
1694438355313 151.49590762161606 312
1694438355330 151.46558648270457 313
1694438355348 151.43527143293323 314
1694438355365 151.40496247107228 315
1694438355382 151.37465959589215 316
1694438355400 151.3443628061636 317
1694438355417 151.31407210065746 318
1694438355432 151.283787478145 319
1694438355451 151.25350893739773 320
1694438355469 151.22323647718727 321
1694438355486 151.19297009628562 322
1694438355504 151.16270979346498 323
1694438355521 151.13245556749783 324
1694438355538 151.1022074171568 325
1694438355556 151.07196534121496 326
1694438355573 151.0417293384454 327
1694438355590 151.0114994076217 328
1694438355608 150.98127554751753 329
1694438355624 150.9510577569068 330
1694438355641 150.92084603456385 331
1694438355660 150.890640379263 332
1694438355678 150.86044078977903 333
1694438355696 150.8302472648869 334
1694438355714 150.80005980336185 335
1694438355731 150.76987840397933 336
1694438355749 150.73970306551504 337
1694438355766 150.709533786745 338
1694438355783 150.67937056644536 339
1694438355802 150.64921340339262 340
1694438355818 150.61906229636344 341
1694438355835 150.58891724413493 342
1694438355854 150.5587782454842 343
1694438355871 150.5286452991887 344
1694438355888 150.49851840402619 345
1694438355906 150.4683975587746 346
1694438355923 150.43828276221222 347
1694438355941 150.40817401311747 348
1694438355959 150.37807131026904 349
1694438355976 150.3479746524459 350
1694438355993 150.31788403842737 351
1694438356011 150.28779946699277 352
1694438356028 150.2577209369219 353
1694438356045 150.22764844699472 354
1694438356063 150.19758199599136 355
1694438356080 150.16752158269242 356
1694438356098 150.1374672058785 357
1694438356116 150.10741886433058 358
1694438356132 150.07737655682996 359
1694438356150 150.04734028215796 360
1694438356168 150.0173100390964 361
1694438356187 149.98728582642715 362
1694438356204 149.95726764293244 363
1694438356220 149.92725548739483 364
1694438356237 149.8972493585969 365
1694438356256 149.86724925532164 366
1694438356276 149.83725517635224 367
1694438356295 149.80726712047215 368
1694438356312 149.7772850864651 369
1694438356330 149.747309073115 370
1694438356347 149.71733907920606 371
1694438356366 149.68737510352273 372
1694438356383 149.6574171448497 373
1694438356400 149.62746520197192 374
1694438356417 149.59751927367455 375
1694438356434 149.56757935874305 376
1694438356452 149.53764545596312 377
1694438356470 149.50771756412064 378
1694438356487 149.47779568200187 379
1694438356505 149.44787980839317 380
1694438356522 149.4179699420812 381
1694438356540 149.38806608185303 382
1694438356559 149.35816822649565 383
1694438356576 149.3282763747966 384
1694438356594 149.2983905255435 385
1694438356611 149.2685106775243 386
1694438356628 149.2386368295271 387
1694438356644 149.2087689803404 388
1694438356663 149.17890712875283 389
1694438356680 149.14905127355325 390
1694438356698 149.11920141353087 391
1694438356715 149.08935754747512 392
1694438356732 149.0595196741755 393
1694438356750 149.0296877924221 394
1694438356767 148.99986190100492 395
1694438356784 148.9700419987144 396
1694438356801 148.94022808434124 397
1694438356818 148.91042015667625 398
1694438356835 148.88061821451055 399
1694438356854 148.85082225663558 400
1694438356874 148.82103228184295 401
1694438356892 148.79124828892455 402
1694438356910 148.7614702766724 403
1694438356927 148.73169824387898 404
1694438356945 148.7019321893369 405
1694438356962 148.6721721118389 406
1694438356980 148.6424180101783 407
1694438356998 148.61266988314824 408
1694438357015 148.5829277295424 409
1694438357032 148.5531915481547 410
1694438357049 148.52346133777914 411
1694438357066 148.4937370972101 412
1694438357083 148.46401882524214 413
1694438357101 148.4343065206701 414
1694438357118 148.4046001822891 415
1694438357135 148.37489980889444 416
1694438357151 148.34520539928167 417
1694438357169 148.3155169522466 418
1694438357187 148.28583446658533 419
1694438357205 148.2561579410942 420
1694438357222 148.22648737456964 421
1694438357239 148.1968227658086 422
1694438357256 148.16716411360804 423
1694438357273 148.13751141676528 424
1694438357291 148.10786467407786 425
1694438357309 148.0782238843435 426
1694438357326 148.04858904636032 427
1694438357343 148.01896015892657 428
1694438357360 147.98933722084072 429
1694438357378 147.95972023090164 430
1694438357396 147.93010918790824 431
1694438357412 147.9005040906598 432
1694438357429 147.87090493795588 433
1694438357445 147.84131172859617 434
1694438357464 147.81172446138072 435
1694438357482 147.78214313510966 436
1694438357502 147.75256774858354 437
1694438357519 147.7229983006031 438
1694438357537 147.6934347899693 439
1694438357554 147.6638772154834 440
1694438357572 147.6343255759468 441
1694438357589 147.60477987016122 442
1694438357607 147.57524009692864 443
1694438357625 147.54570625505121 444
1694438357642 147.51617834333146 445
1694438357660 147.48665636057194 446
1694438357678 147.4571403055757 447
1694438357695 147.4276301771459 448
1694438357714 147.3981259740859 449
1694438357732 147.36862769519942 450
1694438357749 147.33913533929038 451
1694438357767 147.30964890516287 452
1694438357787 147.28016839162134 453
1694438357807 147.2506937974704 454
1694438357824 147.22122512151495 455
1694438357842 147.19176236256013 456
1694438357859 147.16230551941132 457
1694438357878 147.1328545908741 458
1694438357895 147.1034095757544 459
1694438357912 147.07397047285826 460
1694438357930 147.04453728099202 461
1694438357948 147.01510999896234 462
1694438357966 146.98568862557605 463
1694438357984 146.9562731596402 464
1694438358001 146.92686359996208 465
1694438358019 146.89745994534934 466
1694438358036 146.86806219460976 467
1694438358054 146.8386703465514 468
1694438358072 146.80928439998252 469
1694438358091 146.7799043537117 470
1694438358108 146.7505302065477 471
1694438358126 146.72116195729959 472
1694438358144 146.69179960477663 473
1694438358161 146.6624431477883 474
1694438358179 146.63309258514442 475
1694438358197 146.60374791565496 476
1694438358214 146.57440913813016 477
1694438358230 146.54507625138052 478
1694438358248 146.51574925421673 479
1694438358265 146.48642814544985 480
1694438358283 146.45711292389103 481
1694438358301 146.42780358835174 482
1694438358318 146.39850013764368 483
1694438358335 146.3692025705788 484
1694438358352 146.33991088596932 485
1694438358370 146.31062508262764 486
1694438358386 146.28134515936642 487
1694438358405 146.2520711149986 488
1694438358422 146.22280294833735 489
1694438358439 146.19354065819604 490
1694438358456 146.16428424338832 491
1694438358475 146.13503370272812 492
1694438358492 146.1057890350295 493
1694438358510 146.07655023910684 494
1694438358526 146.04731731377476 495
1694438358544 146.01809025784812 496
1694438358562 145.98886907014207 497
1694438358579 145.95965374947187 498
1694438358598 145.9304442946531 499
