1694430779182 140.7422184967868 0
1694430779200 126.54574317524057 1
1694430779217 107.01923647176353 2
1694430779234 87.066093769087 3
1694430779251 79.77382514232656 4
1694430779268 65.86367970166809 5
1694430779285 53.98227773680884 6
1694430779302 44.947827235524095 7
1694430779319 38.19298585057577 8
1694430779337 33.96294264713155 9
1694430779354 29.636387452397578 10
1694430779372 24.93043744097195 11
1694430779390 21.503452505984008 12
1694430779406 18.1825961515359 13
1694430779422 16.443984476095363 14
1694430779439 14.518101411369825 15
1694430779457 10.698137867118296 16
1694430779474 9.89821927028956 17
1694430779492 9.138343152262433 18
1694430779510 7.156987170619089 19
1694430779529 7.161559256347039 20
1694430779546 6.164763863012893 21
1694430779564 5.53480396441379 22
1694430779584 4.502946291486949 23
1694430779603 3.5837625545514187 24
1694430779622 3.3754815693903732 25
1694430779641 2.9286295314673927 26
1694430779659 2.2863423458513332 27
1694430779680 1.755911777185163 28
1694430779697 2.6524950922705535 29
1694430779715 2.1414657961004457 30
1694430779732 1.8703614335290413 31
1694430779749 1.5579278317633667 32
1694430779766 1.541928184761974 33
1694430779785 1.2089863718704077 34
1694430779801 1.8811041842421257 35
1694430779818 1.105248144861498 36
1694430779836 1.2044184605435926 37
1694430779852 1.0110619117536974 38
1694430779868 0.8658462606211147 39
1694430779886 0.8751351609346614 40
1694430779903 0.6148127808323766 41
1694430779919 0.687499568870349 42
1694430779936 0.6330545459067535 43
1694430779953 0.6296013477599789 44
1694430779970 0.5399440689485163 45
1694430779988 0.46743721547801587 46
1694430780007 0.5281582164746838 47
1694430780026 0.4698506717387252 48
1694430780046 0.24025202236180637 49
1694430780065 0.34667289979493227 50
1694430780084 0.3465802930521215 51
1694430780101 0.46995878897461124 52
1694430780117 0.3678286202421088 53
1694430780134 0.5160903210431078 54
1694430780151 0.3063479617341499 55
1694430780168 0.22562786891868242 56
1694430780185 0.3411474483384909 57
1694430780202 0.3173896362305018 58
1694430780219 0.3240659754140346 59
1694430780236 0.46607574498466214 60
1694430780253 0.3748031943001301 61
1694430780270 0.46217782880835945 62
1694430780288 0.48491513696245553 63
1694430780305 1.4145792702252034 64
1694430780321 0.2512345429065016 65
1694430780340 0.273106499546701 66
1694430780360 0.4417711686830535 67
1694430780381 0.4055012977976227 68
1694430780401 0.17903599403847656 69
1694430780418 0.3004423496113617 70
1694430780435 0.2823929452495372 71
1694430780452 0.30590523173911927 72
1694430780468 0.24886409789801792 73
1694430780485 0.38487112742688456 74
1694430780502 0.3867958184139052 75
1694430780519 0.24782922783460742 76
1694430780536 0.36747633697296056 77
1694430780552 0.4551928141936036 78
1694430780569 0.5296535201657181 79
1694430780587 0.2946912537797581 80
1694430780604 0.33143041432526255 81
1694430780621 0.3673034416966742 82
1694430780638 0.351162962374384 83
1694430780655 0.27072712237074875 84
1694430780674 0.3172395781084049 85
1694430780692 0.21060237375490468 86
1694430780710 0.3074848761591581 87
1694430780727 0.3464800384102085 88
1694430780744 0.3100328424952757 89
1694430780761 0.3329177694867879 90
1694430780777 0.24939327523798677 91
1694430780795 0.3032590425064433 92
1694430780811 0.24316177085090646 93
1694430780828 0.3498116206325011 94
1694430780845 0.2592097314390773 95
1694430780861 0.2822171591694718 96
1694430780879 0.25552801518136276 97
1694430780895 0.4572443051923033 98
1694430780911 0.27700688892774633 99
1694430780928 0.3230601519157484 100
1694430780948 0.4193292131563285 101
1694430780966 0.28686090632075817 102
1694430780986 0.2561600616080841 103
1694430781003 0.4249177442327679 104
1694430781023 0.32704659697332733 105
1694430781041 0.3377439029450079 106
1694430781060 0.39150035116734916 107
1694430781077 0.27193279717043 108
1694430781095 0.2731685281686364 109
1694430781112 0.4022166074313906 110
1694430781128 0.33427726265617935 111
1694430781145 0.3625393067268786 112
1694430781161 0.11154552362731451 113
1694430781179 0.28105819192820286 114
1694430781198 0.2723733499465561 115
1694430781215 0.29412142173893197 116
1694430781232 0.33495548543031944 117
1694430781250 0.44772615037368124 118
1694430781268 0.4564595104863927 119
1694430781287 0.24334090732210686 120
1694430781307 0.4540967678799972 121
1694430781325 0.24306262001669948 122
1694430781343 0.22637048489455774 123
1694430781361 0.34650354585132265 124
1694430781380 0.360807251828485 125
1694430781405 0.37798401912187546 126
1694430781423 0.26244605034517293 127
1694430781445 0.258561424834502 128
1694430781466 0.24436483550444005 129
1694430781484 0.5802273786347348 130
1694430781503 0.41763773269893295 131
1694430781524 0.35469824141246675 132
1694430781543 0.22188942283590368 133
1694430781561 0.2834657350866653 134
1694430781579 0.36895103668699697 135
1694430781599 0.2497629809604255 136
1694430781616 0.2929527515749782 137
1694430781634 0.3043854292735105 138
1694430781651 0.36921254339300885 139
1694430781670 0.322346695912554 140
1694430781689 0.2843248193596037 141
1694430781707 0.23408712583581165 142
1694430781728 0.2315381377489279 143
1694430781748 0.24370511870046196 144
1694430781766 0.15034384495927436 145
1694430781785 0.24091878036429448 146
1694430781804 0.19210443819161224 147
1694430781822 0.32304289699485883 148
1694430781841 0.42740330245708247 149
1694430781859 0.39044294697689447 150
1694430781876 0.21478402817930511 151
1694430781894 0.25520367385055825 152
1694430781911 0.2203240310049143 153
1694430781931 0.2899784763966201 154
1694430781949 0.1953754013587303 155
1694430781967 0.22598364094501805 156
1694430781984 0.2749777602841738 157
1694430782003 0.2814509470116298 158
1694430782021 0.19845595681165834 159
1694430782042 0.20657736080864977 160
1694430782060 0.24634757467173823 161
1694430782078 0.29085592482786954 162
1694430782097 0.36630665935908663 163
1694430782114 0.219044222054417 164
1694430782131 0.3995396968035282 165
1694430782149 0.2748713502118204 166
1694430782167 0.18430883031780135 167
1694430782187 0.33704530059349125 168
1694430782206 0.20252058565842 169
1694430782224 0.3948426324531108 170
1694430782242 0.2669585655940648 171
1694430782260 0.18732573374066822 172
1694430782278 0.20980418767002293 173
1694430782298 0.29387457949282086 174
1694430782315 0.36548482453725173 175
1694430782332 0.28508225787598745 176
1694430782349 0.18307991730998288 177
1694430782365 0.450526444775737 178
1694430782382 0.38270803465348113 179
1694430782399 0.24266794546581952 180
1694430782415 0.3285823554542861 181
1694430782432 0.36417656728085845 182
1694430782449 0.37493897864158765 183
1694430782466 0.457708111048548 184
1694430782484 0.4204671684814382 185
1694430782500 0.3466412855581549 186
1694430782518 0.46928731667127926 187
1694430782535 0.24708353364875194 188
1694430782551 0.3436764171992662 189
1694430782568 0.20496745295541294 190
1694430782585 0.37988201106727076 191
1694430782603 0.35507595273646525 192
1694430782620 0.17425500337987868 193
1694430782636 0.5734064614486922 194
1694430782653 0.3066043475227289 195
1694430782669 0.406594893018002 196
1694430782685 0.4999841305919223 197
1694430782703 0.29771087413619085 198
1694430782720 0.4573686228147256 199
1694430782737 0.4301863037532324 200
1694430782753 0.23620114424168023 201
1694430782770 0.3179653863528172 202
1694430782788 0.26093755381143524 203
1694430782805 0.41416616762248254 204
1694430782821 0.20985774464102655 205
1694430782840 0.3671482069397248 206
1694430782856 0.2257787960410726 207
1694430782873 0.267959525473975 208
1694430782891 0.40901656439431705 209
1694430782909 0.39103563142474534 210
1694430782926 0.2573985171098215 211
1694430782942 0.3425591996141322 212
1694430782959 0.3428034980460274 213
1694430782975 0.301805388065028 214
1694430782994 0.3000194661214919 215
1694430783011 0.3437144341943976 216
1694430783027 0.25869461328972865 217
1694430783045 0.3299130418991538 218
1694430783061 0.37323605651454866 219
1694430783078 0.2520795090469729 220
1694430783096 0.2648560050229067 221
1694430783112 0.21332847833739071 222
1694430783129 0.4210867216413097 223
1694430783145 0.31997253603165515 224
1694430783163 0.1671357386102401 225
1694430783180 0.2944503069764951 226
1694430783197 0.4013489990689493 227
1694430783214 0.2842599611073557 228
1694430783230 0.23431446784240226 229
1694430783247 0.46103021515473436 230
1694430783263 0.2885203505086243 231
1694430783281 0.4526209094064913 232
1694430783298 0.32235628377941056 233
1694430783315 0.3163086241751429 234
1694430783332 0.25668409909209705 235
1694430783349 0.28418297692412314 236
1694430783366 0.23500558469207816 237
1694430783384 0.3267673719297717 238
1694430783402 0.4260938631600641 239
1694430783420 0.3747931924848796 240
1694430783436 0.2351242454151577 241
1694430783453 0.2836441914485334 242
1694430783470 0.2508534132037124 243
1694430783487 0.41838650692589585 244
1694430783505 0.30844800367445185 245
1694430783523 0.1916257179940247 246
1694430783539 0.22051938445189426 247
1694430783555 0.2581120571355617 248
1694430783571 0.27660875410274194 249
1694430783589 0.5472185910753636 250
1694430783606 0.35579322606474195 251
1694430783623 0.47258376675583147 252
1694430783639 0.25945851922350976 253
1694430783657 0.21318913533641443 254
1694430783673 0.3734569830466053 255
1694430783690 0.41576454070742297 256
1694430783708 0.47425008549890685 257
1694430783725 0.2776562945950721 258
1694430783742 0.3504516326302015 259
1694430783759 0.3478374876888692 260
1694430783775 0.20260208309581934 261
1694430783793 0.27619115169894976 262
1694430783810 0.23738003359108314 263
1694430783827 0.38436155703990943 264
1694430783845 0.2571027869733916 265
1694430783862 0.24472020063858776 266
1694430783878 0.26440478142914664 267
1694430783896 0.2356290769437599 268
1694430783913 0.49778071095728516 269
1694430783931 0.3303045956842783 270
1694430783947 0.27098167391433414 271
1694430783964 0.25532346645412257 272
1694430783981 0.3432798714116715 273
1694430783998 0.23616634508618675 274
1694430784016 0.28660402008383706 275
1694430784034 0.22221553853206183 276
1694430784051 0.40426497248584725 277
1694430784069 0.19298763405578256 278
1694430784086 0.19920523529377424 279
1694430784102 0.3415139903702825 280
1694430784120 0.3759749814939655 281
1694430784136 0.26026250493936576 282
1694430784153 0.27595649730011773 283
1694430784170 0.2730617155012956 284
1694430784186 0.3436925914010436 285
1694430784204 0.2512849016968116 286
1694430784221 0.4901906745360701 287
1694430784238 0.2820338520925088 288
1694430784255 0.20756014473963025 289
1694430784271 0.24885078699032312 290
1694430784289 0.19727261148408623 291
1694430784305 0.3105692434611896 292
1694430784323 0.2646207666750561 293
1694430784340 0.2665620574019922 294
1694430784356 0.2528646581749076 295
1694430784373 0.24130883148068996 296
1694430784390 0.24319222301170515 297
1694430784407 0.29110820610223753 298
1694430784425 0.2676403129810084 299
1694430784442 0.25664411614094007 300
1694430784458 0.22830885101002998 301
1694430784475 0.31369572265216145 302
1694430784491 0.38622564951095156 303
1694430784508 0.3322696934751591 304
1694430784526 0.2635721494888216 305
1694430784543 0.45123609223394906 306
1694430784559 0.4179963509404615 307
1694430784575 0.28952768202295687 308
1694430784596 0.49034201595913934 309
1694430784614 0.2676001243354163 310
1694430784631 0.3292307824282345 311
1694430784648 0.2874835463198796 312
1694430784665 0.24183155417048355 313
1694430784682 0.16550503969381508 314
1694430784699 0.44305430408043767 315
1694430784715 0.2446971081141557 316
1694430784733 0.423341278055618 317
1694430784749 0.5349643405275321 318
1694430784766 0.3146728884643766 319
1694430784783 0.33488779008109804 320
1694430784800 0.43734053250432775 321
1694430784817 0.4683532965216762 322
1694430784834 0.30296870770788503 323
1694430784851 0.22889017299213266 324
1694430784868 0.30255914940995904 325
1694430784885 0.27863020214532835 326
1694430784902 0.33880623781183805 327
1694430784919 0.223818598226049 328
1694430784936 0.25099219043493487 329
1694430784953 0.1838224919926069 330
1694430784970 0.23811314395630623 331
1694430784987 0.31782347557582513 332
1694430785004 0.4006568429542766 333
1694430785021 0.20503083820741153 334
1694430785038 0.2770397803779107 335
1694430785054 0.3743105678835183 336
1694430785071 0.3483012465253932 337
1694430785088 0.24692488524169626 338
1694430785105 0.350480649169241 339
1694430785123 0.36539306926127 340
1694430785139 0.3646629866182017 341
1694430785156 0.4101447751915482 342
1694430785173 0.29343288778624194 343
1694430785190 0.25421129839253453 344
1694430785207 0.2205828119387053 345
1694430785225 0.4092732835935407 346
1694430785243 0.11239088110005069 347
1694430785259 0.3424812430729061 348
1694430785276 0.4529379545066167 349
1694430785293 0.2362849552296616 350
1694430785310 0.26342603130753073 351
1694430785328 0.25544688285548534 352
1694430785344 0.23936484099743888 353
1694430785362 0.38465333085292475 354
1694430785380 0.28892337862205686 355
1694430785397 0.3218975269749164 356
1694430785413 0.2480544373029653 357
1694430785430 0.2959641651190742 358
1694430785447 0.42854144097469865 359
1694430785463 0.2657280306759446 360
1694430785481 0.39966678593847843 361
1694430785498 0.16421094832481095 362
1694430785514 0.23564875377253186 363
1694430785532 0.25912826268735123 364
1694430785549 0.2834044286407971 365
1694430785566 0.42222808844091675 366
1694430785582 0.3708104873251846 367
1694430785599 0.2921469409169558 368
1694430785616 0.3402117095288766 369
1694430785634 0.20848526704769593 370
1694430785651 0.3843129257723397 371
1694430785668 0.3743057890756397 372
1694430785684 0.254432265771509 373
1694430785702 0.3631636297716231 374
1694430785718 0.2150281476889821 375
1694430785735 0.3028028072565393 376
1694430785752 0.32343233266749366 377
1694430785769 0.39161385036420476 378
1694430785786 0.3721995002946515 379
1694430785804 0.24181142043354428 380
1694430785822 0.16902549997076693 381
1694430785840 0.21649427513602415 382
1694430785857 0.49864134452477904 383
1694430785872 0.24875763636000073 384
1694430785890 0.23570353924342125 385
1694430785907 0.29510695663617087 386
1694430785924 0.19524858638419243 387
1694430785943 0.24928637436315793 388
1694430785959 0.350049550236393 389
1694430785976 0.26743888942185184 390
1694430785994 0.4357419279159013 391
1694430786010 0.28526873503277067 392
1694430786027 0.3985131528956861 393
1694430786044 0.19309750334929027 394
1694430786060 0.26737974632590505 395
1694430786077 0.4066643998285015 396
1694430786094 0.42092821566109256 397
1694430786110 0.2097461359102546 398
1694430786127 0.2757891351026521 399
1694430786146 0.29462906120134047 400
1694430786162 0.3749626035363189 401
1694430786179 0.3003171532834413 402
1694430786196 0.35655361672285046 403
1694430786212 0.35476340500082737 404
1694430786230 0.3910088309746055 405
1694430786246 0.3385119354812959 406
1694430786264 0.34237817131827514 407
1694430786281 0.31688432863393484 408
1694430786298 0.3575791776311737 409
1694430786313 0.29612374191256274 410
1694430786330 0.284335180393225 411
1694430786348 1.2311373193080717 412
1694430786364 0.53916621682677 413
1694430786381 0.34386800215427266 414
1694430786399 0.2922184250911055 415
1694430786417 0.20487237742475253 416
1694430786434 0.3177107537120388 417
1694430786451 0.41160143879286404 418
1694430786468 0.3037087166255522 419
1694430786485 0.21379483277708333 420
1694430786502 0.3664984280724277 421
1694430786519 0.31903078631097304 422
1694430786535 0.29023198050902355 423
1694430786552 0.4106589799511858 424
1694430786569 0.3368712399053756 425
1694430786586 0.35951793495134904 426
1694430786603 0.2299995564864071 427
1694430786620 0.5353798175194777 428
1694430786637 0.2510233793151703 429
1694430786654 0.19992671027544287 430
1694430786671 0.23447695208119618 431
1694430786687 0.288224233463481 432
1694430786705 0.378684761886419 433
1694430786721 0.2339109887984175 434
1694430786739 0.21284169517506754 435
1694430786755 0.4600451807356872 436
1694430786772 0.26000748940416846 437
1694430786789 0.2557496925279325 438
1694430786804 0.2739624445167721 439
1694430786822 0.27483982345762714 440
1694430786839 0.23144039114828388 441
1694430786856 0.3409903776420684 442
1694430786872 0.2529563993764726 443
1694430786889 0.2235631617470531 444
1694430786906 0.3249393901762727 445
1694430786925 0.1991755742021876 446
1694430786942 0.14910488928869975 447
1694430786959 0.5310540883540492 448
1694430786976 0.3615746220642634 449
1694430786995 0.24912073987498912 450
1694430787013 0.3637628695498881 451
1694430787030 0.3005385839971591 452
1694430787047 0.280461731157574 453
1694430787064 0.47828781578779844 454
1694430787080 0.2500311298421908 455
1694430787097 0.3473735052716012 456
1694430787115 0.5600604626904551 457
1694430787131 0.3169386247684392 458
1694430787148 0.38177391375793057 459
1694430787165 0.39396923444167004 460
1694430787183 0.5074017892171582 461
1694430787200 0.30188458640641075 462
1694430787216 0.3693740354145606 463
1694430787234 0.3732337655883239 464
1694430787250 0.18137611634170767 465
1694430787267 0.2872978186356144 466
1694430787285 0.4774752160527855 467
1694430787301 0.44095616579758196 468
1694430787319 0.34117192709697347 469
1694430787336 0.5552553586340581 470
1694430787353 0.26065969396142025 471
1694430787369 0.3986069901649549 472
1694430787386 0.48274132499400774 473
1694430787403 0.23488457571327767 474
1694430787420 0.2866105114334737 475
1694430787436 0.2563512355372262 476
1694430787454 0.3439881710681602 477
1694430787471 0.27797433710995334 478
1694430787488 0.33976337059396383 479
1694430787505 0.4242001464750248 480
1694430787522 0.3204190652778852 481
1694430787540 0.2501415661172522 482
1694430787556 0.19916019664359122 483
1694430787573 0.3066881530776757 484
1694430787594 0.22923785639327657 485
1694430787611 0.278543438785786 486
1694430787628 0.24705535082937372 487
1694430787646 0.3102591875357067 488
1694430787663 0.30292753429815183 489
1694430787680 0.3792639669944259 490
1694430787697 0.29212876185484976 491
1694430787715 0.37891096414287073 492
1694430787731 0.25463364724304044 493
1694430787749 0.30771233815077303 494
1694430787766 0.24681887752663725 495
1694430787783 0.3018306088163598 496
1694430787800 0.2912886456175296 497
1694430787817 0.3979176022286875 498
1694430787835 0.35294862457449316 499
