1694428541783 165.6432953845269 0
1694428541799 166.09995318245134 1
1694428541817 164.07720643634462 2
1694428541831 167.85028190464428 3
1694428541846 167.39262826361238 4
1694428541861 171.74608669692626 5
1694428541876 167.09683427086904 6
1694428541890 165.97756419710683 7
1694428541905 171.96281598682702 8
1694428541919 171.53664871619677 9
1694428541935 171.88541010828098 10
1694428541951 170.50306535619703 11
1694428541966 172.88037284919503 12
1694428541987 166.88326193667493 13
1694428542007 171.94863547156413 14
1694428542024 170.7439700201251 15
1694428542044 169.56065343842172 16
1694428542064 171.64500914240324 17
1694428542082 164.4596570481338 18
1694428542103 162.73909577988897 19
1694428542122 161.47763985533302 20
1694428542144 165.82992215280325 21
1694428542160 168.8602369809107 22
1694428542175 169.1427247462964 23
1694428542189 166.4293747252622 24
1694428542204 166.03193821785115 25
1694428542219 166.60801135740823 26
1694428542233 170.08972919402186 27
1694428542252 169.66706710773647 28
1694428542268 165.60533114742321 29
1694428542283 168.8994488273316 30
1694428542297 169.5340347744828 31
1694428542312 171.78271119812234 32
1694428542326 167.29210683716087 33
1694428542341 178.06659851345538 34
1694428542355 176.84762032701744 35
1694428542370 170.76753686131502 36
1694428542386 170.1747411039655 37
1694428542401 173.63095237000329 38
1694428542421 168.85048513420793 39
1694428542438 160.32347439750265 40
1694428542453 168.26546701078905 41
1694428542468 166.4787366233223 42
1694428542482 174.14788458655602 43
1694428542498 165.94849233601488 44
1694428542512 166.38141055093203 45
1694428542527 169.76592026621643 46
1694428542541 167.97090330055812 47
1694428542555 170.89726666402947 48
1694428542570 165.18759410445531 49
1694428542584 162.31110461569529 50
1694428542599 169.91216441060647 51
1694428542613 169.29852248029403 52
1694428542628 162.3701296855598 53
1694428542647 168.58884717960342 54
1694428542671 173.14206185495814 55
1694428542696 167.2909629650997 56
1694428542719 170.84334072623548 57
1694428542738 165.10788931358758 58
1694428542754 170.50654126670364 59
1694428542768 169.18877048963216 60
1694428542783 169.7147185731089 61
1694428542798 170.71274203967414 62
1694428542813 171.21991482361955 63
1694428542828 171.6852206336322 64
1694428542843 168.9298507762651 65
1694428542858 169.17566327171852 66
1694428542873 164.80027433990512 67
1694428542888 165.64585156087352 68
1694428542903 168.17441185242993 69
1694428542919 170.93979366156347 70
1694428542935 168.11636797039756 71
1694428542951 164.90472586349665 72
1694428542972 167.95156338699528 73
1694428542990 164.6549208074679 74
1694428543005 167.81180404989922 75
1694428543020 168.83650331840846 76
1694428543036 173.1312897909665 77
1694428543051 173.23999547807625 78
1694428543068 171.04616738877735 79
1694428543084 166.1569388646594 80
1694428543100 162.5772255544284 81
1694428543119 171.13934169286784 82
1694428543138 166.48919085346552 83
1694428543155 168.99821708908263 84
1694428543170 172.35528803455415 85
1694428543184 171.34789639251673 86
1694428543199 163.05039923150326 87
1694428543214 167.3479503855082 88
1694428543229 168.32645830805964 89
1694428543244 163.38086310511247 90
1694428543259 165.39836909044487 91
1694428543274 168.91082464856945 92
1694428543288 173.91591705257702 93
1694428543303 172.12317375966708 94
1694428543318 165.2400863085777 95
1694428543333 163.70121804596698 96
1694428543347 172.65970052045745 97
1694428543361 170.26800443048504 98
1694428543376 169.27726545477836 99
1694428543391 166.84594969274335 100
1694428543406 176.26597411976164 101
1694428543420 162.29482611666126 102
1694428543435 171.49724434553755 103
1694428543449 169.16192971434708 104
1694428543463 167.2178662099747 105
1694428543478 174.60647410057751 106
1694428543493 172.6434400114953 107
1694428543508 173.87036768615886 108
1694428543523 171.0887715025589 109
1694428543539 166.06752419393231 110
1694428543553 166.13084272514877 111
1694428543572 171.67946903794518 112
1694428543589 171.61003529314073 113
1694428543606 170.89943690957674 114
1694428543621 168.7770390806543 115
1694428543636 167.61903738238172 116
1694428543651 167.16798466621074 117
1694428543666 167.67918330440406 118
1694428543681 173.3384503370835 119
1694428543696 169.43918085168846 120
1694428543710 166.8174010859289 121
1694428543725 169.5849515526438 122
1694428543741 170.90453496666166 123
1694428543756 164.8655217816271 124
1694428543771 165.4779137076318 125
1694428543786 169.77903163632277 126
1694428543800 167.44648293716077 127
1694428543815 168.17576980367429 128
1694428543829 165.41606410456492 129
1694428543845 167.74602035947623 130
1694428543859 172.1893289864482 131
1694428543874 160.71967030074174 132
1694428543888 170.0997898644787 133
1694428543903 170.3869799775993 134
1694428543918 173.75462532951582 135
1694428543933 169.25308052372492 136
1694428543947 169.65378141979343 137
1694428543962 165.6814366779738 138
1694428543977 171.80218697074454 139
1694428543993 171.06252870439212 140
1694428544009 171.89194510568154 141
1694428544023 167.5703686338398 142
1694428544038 168.2227552848386 143
1694428544052 169.81668037484968 144
1694428544067 166.0896078027954 145
1694428544082 167.65218293883396 146
1694428544097 164.14672565527619 147
1694428544112 168.70505764795007 148
1694428544127 167.21051148714068 149
1694428544141 173.77575588204573 150
1694428544156 167.70372498877282 151
1694428544170 165.51654003156722 152
1694428544185 166.75948120554267 153
1694428544200 169.46578040617678 154
1694428544217 168.2731512028516 155
1694428544235 165.58772739572035 156
1694428544253 170.3054180578893 157
1694428544268 159.66660859572443 158
1694428544283 161.009861967395 159
1694428544298 169.28835949134853 160
1694428544312 174.6158271031043 161
1694428544328 164.0713365409897 162
1694428544342 171.33877371950172 163
1694428544357 164.54643777833385 164
1694428544372 168.42871969922118 165
1694428544386 160.98608513406035 166
1694428544401 167.62038804301253 167
1694428544416 176.98039634016385 168
1694428544431 169.28010895139147 169
1694428544445 170.124401994814 170
1694428544460 163.20872635363426 171
1694428544475 173.33105160217625 172
1694428544490 176.650002650837 173
1694428544505 169.5102179758936 174
1694428544521 171.69956811620014 175
1694428544537 164.93584886962748 176
1694428544552 169.43187072419923 177
1694428544567 167.7570081600078 178
1694428544582 171.74597193494068 179
1694428544597 166.24690289605397 180
1694428544611 165.35642607058773 181
1694428544626 168.89978535969388 182
1694428544640 170.89065773968963 183
1694428544655 172.8178806467096 184
1694428544670 176.82597940431558 185
1694428544685 171.26958343665677 186
1694428544700 170.79523595722733 187
1694428544716 166.1851512763366 188
1694428544731 162.40631376260984 189
1694428544746 172.4764111935931 190
1694428544762 169.17172414361156 191
1694428544776 163.44718952851585 192
1694428544791 170.4206286592799 193
1694428544806 167.6201010079604 194
1694428544820 172.17968156094108 195
1694428544835 171.57683004167725 196
1694428544850 170.33207029004868 197
1694428544864 164.97568858584813 198
1694428544878 157.03477226138062 199
1694428544894 170.59172270036044 200
1694428544908 169.1463144151139 201
1694428544924 174.2122646396539 202
1694428544939 165.50379524314278 203
1694428544954 170.35705345293468 204
1694428544968 163.97391740807709 205
1694428544984 168.6954364436126 206
1694428544998 170.92988733973675 207
1694428545013 173.1178734131251 208
1694428545028 165.02355819536638 209
1694428545043 174.2827585962266 210
1694428545058 165.40883433851272 211
1694428545072 169.39431235019455 212
1694428545088 166.01528343071521 213
1694428545102 170.1361469765555 214
1694428545117 161.23100736670284 215
1694428545131 172.2872888512031 216
1694428545146 167.33119179102135 217
1694428545162 174.88352912085335 218
1694428545175 165.24322047679624 219
1694428545191 168.08368053200812 220
1694428545205 171.6086444194535 221
1694428545220 171.50823309960737 222
1694428545234 162.23253713342754 223
1694428545249 171.23576903645855 224
1694428545264 157.36921280509128 225
1694428545279 162.22573796986902 226
1694428545294 174.0488352559878 227
1694428545308 169.9273166364489 228
1694428545325 162.68641670351698 229
1694428545344 167.10542292370937 230
1694428545362 168.94499347262237 231
1694428545377 169.74055645257138 232
1694428545391 168.07288738045145 233
1694428545407 172.7328872985368 234
1694428545422 170.4844950588296 235
1694428545437 169.08123722370803 236
1694428545451 168.67319575182182 237
1694428545466 164.6795863501788 238
1694428545481 172.40626412221346 239
1694428545495 169.02218349000356 240
1694428545511 165.78473509146332 241
1694428545526 170.08640831470575 242
1694428545540 169.90000627350258 243
1694428545555 168.4792641638683 244
1694428545569 172.31870079379672 245
1694428545584 174.7285155229322 246
1694428545599 175.2189331338762 247
1694428545613 178.2840195030291 248
1694428545628 172.6648016609513 249
1694428545643 172.8253766650241 250
1694428545657 167.18143971951437 251
1694428545673 168.562869511148 252
1694428545687 171.70254200905794 253
1694428545702 167.82662417200268 254
1694428545717 170.28606339796846 255
1694428545731 171.2329844774121 256
1694428545746 170.48204451975363 257
1694428545762 164.77789921069567 258
1694428545776 169.64352104206546 259
1694428545791 171.13908824562623 260
1694428545805 167.70824261488696 261
1694428545820 166.47879291779836 262
1694428545837 174.68349244522935 263
1694428545853 168.81422455697302 264
1694428545871 168.33814431653488 265
1694428545886 170.24041667524753 266
1694428545901 162.2456421738589 267
1694428545916 163.56489257721273 268
1694428545930 171.63935779970578 269
1694428545945 168.2108313873634 270
1694428545960 171.00359927581863 271
1694428545975 166.96689151086414 272
1694428545990 171.91922150623523 273
1694428546005 161.51957893345025 274
1694428546021 165.73966180558605 275
1694428546035 169.68393556319717 276
1694428546050 162.53533270958366 277
1694428546064 161.53189597510007 278
1694428546080 163.21470097663178 279
1694428546095 165.78198528284946 280
1694428546109 167.3537227702391 281
1694428546124 164.7352781013537 282
1694428546139 160.1029413357134 283
1694428546153 168.14969406600787 284
1694428546167 167.41032147032544 285
1694428546182 173.06211226746245 286
1694428546197 175.35677719691347 287
1694428546212 171.33888923945764 288
1694428546226 167.61111335307007 289
1694428546240 166.98539864713797 290
1694428546255 171.47816459546752 291
1694428546271 167.90054153857417 292
1694428546285 166.30859871540028 293
1694428546300 169.25140320828353 294
1694428546315 171.2386343555267 295
1694428546331 167.30644831407602 296
1694428546346 173.9092853153274 297
1694428546360 167.75777997178594 298
1694428546374 169.11308140777913 299
1694428546389 173.54100612211118 300
1694428546405 174.67380843044378 301
1694428546420 166.69008679523023 302
1694428546435 177.58339173455016 303
1694428546452 169.14528500482297 304
1694428546469 169.39218887799953 305
1694428546484 176.26427261908682 306
1694428546500 167.5609056512332 307
1694428546515 169.10044002795206 308
1694428546530 164.20923946165524 309
1694428546545 158.01562021282592 310
1694428546559 168.60521952804774 311
1694428546573 168.23957274780176 312
1694428546589 172.19242409533925 313
1694428546603 177.08516515961938 314
1694428546618 162.7989044779908 315
1694428546633 168.1123602147943 316
1694428546649 170.7819718187102 317
1694428546663 172.41393640611741 318
1694428546678 168.33964402419056 319
1694428546693 169.57944446048242 320
1694428546708 173.71970071717016 321
1694428546722 165.8126235326195 322
1694428546737 169.41966791327576 323
1694428546752 170.49568515868768 324
1694428546768 172.01834811402233 325
1694428546783 173.0359321320258 326
1694428546797 164.29739109891082 327
1694428546812 171.05223209370638 328
1694428546827 170.7160838676461 329
1694428546842 162.2093810140668 330
1694428546856 176.86104560202116 331
1694428546870 173.00591989139318 332
1694428546889 170.71325981622977 333
1694428546904 170.6451448878491 334
1694428546919 178.82002290263407 335
1694428546934 166.7666460285253 336
1694428546948 177.41786441208293 337
1694428546964 169.45681412967926 338
1694428546981 163.49994841393124 339
1694428547000 172.92786400544972 340
1694428547015 172.33726258834415 341
1694428547031 164.25904243578256 342
1694428547046 164.61229182729636 343
1694428547061 172.91119490739194 344
1694428547075 173.1457920255546 345
1694428547089 175.10977205801672 346
1694428547105 167.66449171632115 347
1694428547119 167.97583604137319 348
1694428547134 169.7306697110681 349
1694428547148 168.7546209218372 350
1694428547163 174.71495238417083 351
1694428547178 170.6050362486387 352
1694428547192 168.4184123101646 353
1694428547207 168.1497727696347 354
1694428547222 163.92008279565178 355
1694428547237 166.82272725880202 356
1694428547251 166.80683557942334 357
1694428547266 166.65919225575615 358
1694428547281 163.92677421319698 359
1694428547296 171.10437838784546 360
1694428547311 160.8750242391956 361
1694428547325 167.4937131920645 362
1694428547340 167.4027741277389 363
1694428547354 171.79212166078577 364
1694428547369 169.78094941875437 365
1694428547383 171.40118039003625 366
1694428547400 167.36383634836884 367
1694428547415 163.89885333185816 368
1694428547430 168.08127956919543 369
1694428547444 170.33604141366507 370
1694428547459 168.50534616972212 371
1694428547473 169.42614152381435 372
1694428547488 170.88178210937485 373
1694428547503 167.69081225694413 374
1694428547517 168.3534210153405 375
1694428547533 168.80996416660807 376
1694428547547 186.41135488269933 377
1694428547562 169.34398046096632 378
1694428547578 169.55466227004484 379
1694428547596 166.79320941326958 380
1694428547611 165.7407661380792 381
1694428547626 177.5437983004846 382
1694428547640 171.48109201050468 383
1694428547656 165.49874874343647 384
1694428547671 168.0340369776298 385
1694428547685 173.0847861447562 386
1694428547700 174.35471548179382 387
1694428547715 163.2232918215615 388
1694428547730 171.85505727126818 389
1694428547744 164.27405766646575 390
1694428547759 168.66748057826325 391
1694428547774 168.63851935748593 392
1694428547789 167.48790089661225 393
1694428547804 175.22537907098416 394
1694428547818 173.50959548167162 395
1694428547834 163.91192009715368 396
1694428547848 165.8897666332778 397
1694428547863 173.82576902614295 398
1694428547878 160.90818187875766 399
1694428547893 169.76017208065332 400
1694428547908 169.1234389158291 401
1694428547922 170.71650558777466 402
1694428547937 161.75365028183856 403
1694428547952 166.75335180735638 404
1694428547968 173.5976239273694 405
1694428547982 173.1739517125251 406
1694428547997 168.07954721905017 407
1694428548012 170.13274953710396 408
1694428548027 163.42818513449342 409
1694428548042 174.27288412461843 410
1694428548056 170.03328831758296 411
1694428548071 168.10837759280594 412
1694428548085 169.81621567388555 413
1694428548100 165.8175362451535 414
1694428548117 162.22966468037947 415
1694428548134 167.1487091969086 416
1694428548149 169.2697577017972 417
1694428548163 166.95611325912677 418
1694428548178 172.82492473754746 419
1694428548192 168.6813292132244 420
1694428548207 166.29103029635502 421
1694428548222 172.99845105172125 422
1694428548237 169.4268812626462 423
1694428548252 172.38777296032296 424
1694428548267 173.3346863050231 425
1694428548285 172.3085581705373 426
1694428548304 169.89299833302888 427
1694428548324 167.63367608440475 428
1694428548343 166.332083330994 429
1694428548359 157.0982553249572 430
1694428548377 176.60251833185455 431
1694428548393 167.26000075971334 432
1694428548410 166.50964473297063 433
1694428548428 166.56585858224784 434
1694428548445 166.54596158944096 435
1694428548462 167.25776283828648 436
1694428548480 167.94620674527388 437
1694428548495 169.46207827509144 438
1694428548510 172.39743684403453 439
1694428548524 171.9018171984666 440
1694428548540 170.28672597648796 441
1694428548555 173.13712202423275 442
1694428548570 167.83588821930394 443
1694428548584 168.09729760394552 444
1694428548599 170.36709165881024 445
1694428548614 167.97213164620024 446
1694428548629 171.4714080869785 447
1694428548644 162.82556777079625 448
1694428548659 166.0477515389662 449
1694428548675 168.6169579304222 450
1694428548694 171.61996520059026 451
1694428548713 173.2754982079451 452
1694428548729 166.0977310668377 453
1694428548744 167.1795744650236 454
1694428548760 171.20173465729778 455
1694428548774 179.96874567967592 456
1694428548789 165.9857260573378 457
1694428548803 165.8740185470991 458
1694428548818 173.90993319858472 459
1694428548832 161.6329500409318 460
1694428548847 164.32832570233862 461
1694428548862 176.06484622692764 462
1694428548876 169.5585242998486 463
1694428548891 169.81778872773694 464
1694428548906 168.24345266267747 465
1694428548920 169.6259474394408 466
1694428548936 168.26671038111428 467
1694428548950 159.35513936596675 468
1694428548966 171.57089489310883 469
1694428548980 155.48056031869964 470
1694428548995 162.76533082009186 471
1694428549009 164.980181230437 472
1694428549024 170.67496204591683 473
1694428549038 171.55806766882975 474
1694428549054 174.23472150194146 475
1694428549068 162.63994203833812 476
1694428549083 166.6089050176334 477
1694428549098 169.27968190618165 478
1694428549113 165.99008508388118 479
1694428549128 169.94602037946126 480
1694428549142 165.86163028540338 481
1694428549157 171.291162113887 482
1694428549171 166.07039037089163 483
1694428549186 167.65698177362032 484
1694428549200 170.8548454698864 485
1694428549216 172.59210083059386 486
1694428549230 169.94202128512026 487
1694428549245 170.6011723504682 488
1694428549263 167.60134273921412 489
1694428549281 172.6658090039425 490
1694428549299 168.0837535242621 491
1694428549314 169.0501101399766 492
1694428549329 162.4964793734604 493
1694428549343 167.2515424711847 494
1694428549358 165.63514612169848 495
1694428549373 181.1105932003927 496
1694428549387 169.75079907987202 497
1694428549402 161.36532519317143 498
1694428549417 170.50411865596288 499
