1694438932010 86.0813843073519 0
1694438932080 36.31288900294748 1
1694438932153 13.143845708664472 2
1694438932222 6.906250721644906 3
1694438932292 3.551589193146123 4
1694438932361 0.5676250294035582 5
1694438932432 0.5457389270507805 6
1694438932506 0.34856465581484297 7
1694438932575 0.003593550191546633 8
1694438932646 0.5368546847253342 9
1694438932715 0.05486360868070769 10
1694438932785 0.0028516277867385795 11
1694438932854 0.21814107848772246 12
1694438932953 0.5440839378980471 13
1694438933023 0.01126351214699492 14
1694438933093 0.17353028255872954 15
1694438933175 0.020357164599585607 16
1694438933246 0.03728542188953885 17
1694438933316 0.9825464256001094 18
1694438933386 0.031657278342978795 19
1694438933456 0.009226609711568533 20
1694438933525 1.1593110675372152e-05 21
1694438933595 0.12454745533258821 22
1694438933665 0.04463323219560347 23
1694438933735 0.00024566169914020845 24
1694438933805 0.0002481232864205269 25
1694438933874 0.20813088718674316 26
1694438933942 0.09872956565118432 27
1694438934012 0.01578290872799375 28
1694438934082 0.002650111280139698 29
1694438934151 0.019543820086502555 30
1694438934220 0.023053230916640063 31
1694438934290 0.2531753748585681 32
1694438934359 0.02355568533404438 33
1694438934429 0.4461940608386469 34
1694438934498 5.708031874797802e-06 35
1694438934567 0.009976528427089315 36
1694438934636 0.017397997662019278 37
1694438934706 0.09235141149148686 38
1694438934775 0.11650146324554225 39
1694438934845 0.10717432242929127 40
1694438934914 0.014878918796725532 41
1694438934983 1.0618809509026772 42
1694438935053 0.07388031557000484 43
1694438935121 0.0027961248736920294 44
1694438935191 0.024624120304176975 45
1694438935261 0.0005988380521420193 46
1694438935330 0.02115103379180984 47
1694438935400 0.4162917402044253 48
1694438935469 1.0666544638982376 49
1694438935538 0.7534979120544554 50
1694438935607 0.018390936160633767 51
1694438935677 0.12141682708799413 52
1694438935746 0.03047931743076323 53
1694438935816 0.05683674072922984 54
1694438935885 0.18458064117979997 55
1694438935954 0.05698902766773133 56
1694438936024 0.017138745058528616 57
1694438936094 0.013690074773982793 58
1694438936162 0.15614560114362877 59
1694438936232 0.10750480103104247 60
1694438936301 0.26911358624214476 61
1694438936370 0.01885072822474425 62
1694438936439 0.03930081522323288 63
1694438936507 0.003961261723203688 64
1694438936576 0.9486735151858247 65
1694438936645 0.00794088055385889 66
1694438936714 0.08196321419698605 67
1694438936784 0.0016234180654903848 68
1694438936852 4.295791596023315e-05 69
1694438936921 0.021445970750592565 70
1694438936990 0.08377831248841781 71
1694438937059 0.12995046229673443 72
1694438937129 0.016908206135726446 73
1694438937199 0.21324340897645397 74
1694438937267 0.08790825522124592 75
1694438937337 0.011911713876109562 76
1694438937407 11.496623373171001 77
1694438937475 0.08041771952750186 78
1694438937546 0.024305607867927695 79
1694438937615 0.009930834846255298 80
1694438937684 0.0005151849123817264 81
1694438937755 0.19999220848425864 82
1694438937824 0.11110925065095627 83
1694438937893 0.051614674171116086 84
1694438937962 0.009440978586387632 85
1694438938032 0.08492832798970074 86
1694438938101 0.002205358659631098 87
1694438938170 0.0023766692851820777 88
1694438938239 0.0132991371410769 89
1694438938311 0.03803449294762392 90
1694438938380 0.0022645537756494746 91
1694438938451 0.047147070057090484 92
1694438938521 1.2680081056798482 93
1694438938589 0.05085324245509635 94
1694438938659 0.14544656286543436 95
1694438938727 0.009915620958512072 96
1694438938797 0.05539513290023555 97
1694438938866 0.09238302302276183 98
1694438938936 0.15885980432132638 99
1694438939006 0.6993778074560444 100
1694438939075 0.06906676294922129 101
1694438939144 0.05970897550813642 102
1694438939214 0.200266037406935 103
1694438939283 0.09473966670773887 104
1694438939353 0.09318293385020764 105
1694438939422 0.15840203060279004 106
1694438939491 0.3908726076099133 107
1694438939561 0.07247980699317322 108
1694438939629 0.00575307630169599 109
1694438939699 0.024740207016812916 110
1694438939767 0.0015927039764742433 111
1694438939837 0.2911689873449831 112
1694438939906 0.09576391174861139 113
1694438939975 0.06458783160818075 114
1694438940045 0.019921266964978947 115
1694438940115 0.03235910146850228 116
1694438940184 0.2173368901301855 117
1694438940254 0.3450742639639558 118
1694438940322 0.039663963174939816 119
1694438940392 0.24651516561416636 120
1694438940462 0.05503414234129772 121
1694438940531 0.23471820809786714 122
1694438940599 0.06719330092424997 123
1694438940669 0.14582552648258346 124
1694438940739 0.027699350461326728 125
1694438940808 0.025824714412113755 126
1694438940878 0.003231906555946298 127
1694438940948 0.2946217370926649 128
1694438941019 0.18533364804681252 129
1694438941088 0.06599182191673895 130
1694438941156 0.0921739124766419 131
1694438941226 0.02560970696989155 132
1694438941295 0.9950968517740901 133
1694438941364 0.002493008842096654 134
1694438941437 0.19812938504916772 135
1694438941505 0.05086584251906851 136
1694438941575 0.0859064473871883 137
1694438941644 0.10450580556243687 138
1694438941713 0.17532036955305322 139
1694438941783 0.04344808768708157 140
1694438941852 0.06208886245970539 141
1694438941921 0.002047968165943105 142
1694438941991 0.06969487184434128 143
1694438942061 0.398587732820664 144
1694438942131 0.0015783059308740882 145
1694438942200 0.08326448041288916 146
1694438942269 0.06214865736365595 147
1694438942338 0.12496457637068072 148
1694438942407 0.038867700941426025 149
1694438942477 1.0131653998110144 150
1694438942546 0.02799105561870188 151
1694438942616 0.002640724553754722 152
1694438942688 0.019835054756393734 153
1694438942757 0.023891239424866945 154
1694438942827 0.0038479446204586027 155
1694438942896 0.02512221633219224 156
1694438942964 0.054615400392091125 157
1694438943034 0.05505588582708164 158
1694438943102 0.12205997462991616 159
1694438943172 0.027479898184359437 160
1694438943241 0.00934825386005988 161
1694438943310 0.5221657080517346 162
1694438943380 5.2557888460743125e-05 163
1694438943450 0.19640796055738133 164
1694438943519 0.06175463559557627 165
1694438943588 0.0005816076937281092 166
1694438943658 0.09498038602372995 167
1694438943727 0.03059653417409925 168
1694438943797 0.09319052637533749 169
1694438943866 0.4795374212478839 170
1694438943936 0.002979749339343499 171
1694438944005 0.18602481603522325 172
1694438944076 0.0002035813444910756 173
1694438944144 0.0024535768689338284 174
1694438944214 0.0827821010255596 175
1694438944283 0.03635377581934134 176
1694438944352 2.835919856036954e-05 177
1694438944421 0.0033224622887994366 178
1694438944492 0.0021437794460241666 179
1694438944560 0.17473541129160838 180
1694438944629 0.2501429443940108 181
1694438944699 0.1774010847197972 182
1694438944768 0.15644503570109422 183
1694438944838 0.01811923666386297 184
1694438944908 0.022590012665801674 185
1694438944976 0.1085559273443435 186
1694438945045 0.008898304241156372 187
1694438945115 0.41199821874677683 188
1694438945185 0.000778100498926457 189
1694438945255 0.002036897000667254 190
1694438945324 0.015168872733609591 191
1694438945393 0.05181671854674387 192
1694438945461 0.09109783700630394 193
1694438945530 0.02513190248879302 194
1694438945599 0.014321897544182982 195
1694438945669 0.018072891272953723 196
1694438945738 0.0018184222980785866 197
1694438945808 0.0277811184998033 198
1694438945877 1.572078317239437e-05 199
1694438945946 0.018442770808217566 200
1694438946016 0.0010281375275969962 201
1694438946086 0.2338278235396327 202
1694438946154 0.2559328760357439 203
1694438946224 0.05058562726239861 204
1694438946293 0.021866671051789376 205
1694438946363 0.10693113460723373 206
1694438946432 0.06821408851498145 207
1694438946501 1.0959789970238318 208
1694438946570 0.012275249426775606 209
1694438946639 0.5326729327498548 210
1694438946708 0.04207505359506204 211
1694438946777 0.08393196154507473 212
1694438946847 0.04004144504393718 213
1694438946917 0.0036297903104400542 214
1694438946985 0.03666968236734612 215
1694438947055 0.004157591627047904 216
1694438947125 0.002176499307963305 217
1694438947193 0.00026443510221204307 218
1694438947263 0.12048124777117454 219
1694438947331 1.6835678742010418 220
1694438947400 0.2668907838572514 221
1694438947469 0.034344791239359906 222
1694438947539 0.02382394702126231 223
1694438947608 0.03905455181702025 224
1694438947679 0.08427777573028591 225
1694438947748 0.16195977987815272 226
1694438947817 0.040189535666984376 227
1694438947888 0.032154148537884224 228
1694438947957 0.06361319353484868 229
1694438948025 0.02561106556732465 230
1694438948095 0.021480514243352424 231
1694438948163 0.07159374319417472 232
1694438948233 0.011536317047505963 233
1694438948302 0.007234795932886115 234
1694438948372 0.2000622115400659 235
1694438948441 0.037848891410330786 236
1694438948510 0.017295591756749006 237
1694438948579 0.3016925784639706 238
1694438948650 0.289313064456664 239
1694438948719 0.001389149372579568 240
1694438948790 0.9060700343459244 241
1694438948860 0.45425947794090277 242
1694438948928 0.13349503042577077 243
1694438948997 0.07321400111129099 244
1694438949066 0.1081201790791609 245
1694438949135 0.04170829077358973 246
1694438949204 0.03310231838380155 247
1694438949273 0.0012317973596735687 248
1694438949343 0.07982183632701853 249
1694438949412 0.1444709524437664 250
1694438949482 0.015780252064463436 251
1694438949551 0.08310322490717797 252
1694438949620 0.8987860524452914 253
1694438949691 0.038530163160889946 254
1694438949761 0.0025211116135087333 255
1694438949830 0.02904630728379469 256
1694438949898 0.055832719987894776 257
1694438949967 0.5619657396892459 258
1694438950037 0.32962067708296916 259
1694438950105 0.033090109507719255 260
1694438950175 0.21471575885454033 261
1694438950246 0.0034678677587611745 262
1694438950316 0.18953328318450344 263
1694438950386 0.05730148972200565 264
1694438950456 0.26064067118123774 265
1694438950525 1.4211379206346879e-05 266
1694438950594 0.006957279687180468 267
1694438950664 0.08525401633390842 268
1694438950733 0.42630838545874034 269
1694438950801 0.013586121264137788 270
1694438950870 0.0042327068816327635 271
1694438950939 0.2386416529329696 272
1694438951007 0.1199399618648971 273
1694438951077 0.008353279576785168 274
1694438951146 0.1272297371469371 275
1694438951215 0.020398586363353247 276
1694438951284 9.340660420217e-05 277
1694438951352 0.1216118874130128 278
1694438951421 0.005671215317017173 279
1694438951494 0.019569946093505566 280
1694438951562 0.01484269937152616 281
1694438951632 0.0111368664758122 282
1694438951701 0.7128008216365669 283
1694438951771 0.2632237940120386 284
1694438951840 0.01806643012556336 285
1694438951909 0.004255588215982195 286
1694438951979 0.19603984821549414 287
1694438952047 0.11077583993416856 288
1694438952117 0.006179372646525496 289
1694438952186 0.0005298113296672457 290
1694438952256 0.11500785251543905 291
1694438952323 0.008030238099782677 292
1694438952393 0.07368024324005588 293
1694438952463 0.0919530902332004 294
1694438952532 0.016034358146648515 295
1694438952601 0.19660974508160486 296
1694438952670 0.6095072111337784 297
1694438952740 0.0762657477406513 298
1694438952810 0.9489672773722959 299
1694438952880 0.16949277086979345 300
1694438952949 0.19842086127190686 301
1694438953018 0.015903050187726458 302
1694438953088 0.024372854121061494 303
1694438953157 0.02738032184463994 304
1694438953225 0.1319699391087159 305
1694438953295 0.44164154267587524 306
1694438953364 0.06256570708038808 307
1694438953433 0.018118168100638668 308
1694438953503 0.021580455585264852 309
1694438953571 0.0660370731793244 310
1694438953641 1.0968341978476073 311
1694438953711 0.09599367132585238 312
1694438953780 0.010799038989043446 313
1694438953848 0.0721688741572168 314
1694438953918 0.132621015894047 315
1694438953988 0.6185759737185544 316
1694438954058 0.013145716711528067 317
1694438954127 0.017709247219773433 318
1694438954196 0.0321894294763645 319
1694438954265 0.002072247884857468 320
1694438954335 0.22395057202115018 321
1694438954404 0.13315977289587413 322
1694438954474 0.0005132447393075856 323
1694438954543 0.0019899167910551454 324
1694438954613 0.0029259427914936 325
1694438954682 0.05144729010664987 326
1694438954752 0.03323744356064635 327
1694438954821 0.0024694187114561064 328
1694438954890 0.004639431209084617 329
1694438954959 0.0016642252966521573 330
1694438955027 0.0038047238709564947 331
1694438955096 0.05425922104204967 332
1694438955165 0.10350052640528525 333
1694438955234 0.02785235647119475 334
1694438955303 0.04222114726565904 335
1694438955372 0.05529821150711335 336
1694438955441 0.010091306583172388 337
1694438955509 0.03097280765995072 338
1694438955579 0.9900501394941251 339
1694438955648 0.009917234749995259 340
1694438955718 0.002622983423888466 341
1694438955787 0.03653076906625092 342
1694438955856 0.018077652600061635 343
1694438955925 0.02627473862057351 344
1694438955995 0.03542557421069627 345
1694438956064 0.04251292999174804 346
1694438956133 0.13937652185931895 347
1694438956203 0.005529749845261943 348
1694438956272 0.0043200059589163925 349
1694438956340 0.20094760408964168 350
1694438956411 0.07627829338889407 351
1694438956479 0.02452088365550046 352
1694438956547 0.04794358893529286 353
1694438956616 0.001402341466152874 354
1694438956685 0.3180947589763534 355
1694438956755 0.10720176063744927 356
1694438956824 0.06362155380654433 357
1694438956892 0.006097826114073874 358
1694438956962 0.42861020370408237 359
1694438957030 0.039782673198641504 360
1694438957100 0.017030888052822962 361
1694438957170 0.03264984231327435 362
1694438957239 0.07669927951024376 363
1694438957308 0.054265996892148186 364
1694438957376 0.02049036752922572 365
1694438957446 0.09891442087142303 366
1694438957515 0.04891000822894648 367
1694438957584 0.5091201666725645 368
1694438957654 0.03341215779285866 369
1694438957723 0.2717712738208146 370
1694438957793 0.00850414496259967 371
1694438957862 0.45019549091272554 372
1694438957932 0.0019647292040723533 373
1694438958002 0.0021282645371723577 374
1694438958071 0.016067681760627044 375
1694438958140 0.4061958601219968 376
1694438958209 7.294632063736257e-06 377
1694438958278 0.060254537911348896 378
1694438958347 0.024707687891866094 379
1694438958417 0.18127151540353215 380
1694438958487 0.04042458279567043 381
1694438958556 0.028736363334854794 382
1694438958625 0.057051170269191404 383
1694438958695 2.731431358259859 384
1694438958764 0.002097649169529387 385
1694438958833 0.33769734104655186 386
1694438958903 0.03464836262729408 387
1694438958974 0.23569187829394794 388
1694438959043 0.006838836170251273 389
1694438959113 0.03366433768253845 390
1694438959183 0.0032480277372068677 391
1694438959253 0.002298731236566209 392
1694438959322 0.11744912780769806 393
1694438959391 0.005744833245042586 394
1694438959459 0.05115862306127105 395
1694438959530 0.022614761283212888 396
1694438959599 0.07290249986058504 397
1694438959669 0.0024012580410983126 398
1694438959738 0.15442952118985406 399
1694438959808 0.002376644123930395 400
1694438959877 0.07012452924360509 401
1694438959945 0.14249049971219044 402
1694438960014 0.02910939126647786 403
1694438960083 0.07263207148626745 404
1694438960152 0.0007105195289546284 405
1694438960221 0.012376657496247981 406
1694438960290 0.026900047755446056 407
1694438960360 0.10368782016306761 408
1694438960430 0.0019276895869223506 409
1694438960499 0.001953269906101445 410
1694438960568 0.07204869452701673 411
1694438960637 0.11601269068443805 412
1694438960705 0.5147477368525133 413
1694438960775 0.08325859692058422 414
1694438960844 0.0006706875290346095 415
1694438960913 0.0006377690599029489 416
1694438960981 0.026904705709402392 417
1694438961050 0.030644795388261457 418
1694438961119 0.00015791249345477424 419
1694438961188 0.009463835987664237 420
1694438961257 0.011101139058391598 421
1694438961326 0.24277998769318657 422
1694438961395 0.02913901594309544 423
1694438961464 0.17810058929391326 424
1694438961533 0.03468743955909475 425
1694438961603 0.0600111167329853 426
1694438961673 0.05023229028685838 427
1694438961741 0.012275681566118243 428
1694438961810 0.09703485358817586 429
1694438961880 0.13353243600278072 430
1694438961950 0.5217770050131628 431
1694438962019 0.17616396549056412 432
1694438962089 0.017103750969068156 433
1694438962159 0.0022864765030735077 434
1694438962229 0.04178820669564193 435
1694438962298 0.11591786046982372 436
1694438962366 0.002580260408234336 437
1694438962436 0.06693627808314219 438
1694438962508 0.020626272589266144 439
1694438962578 0.0013649724251211144 440
1694438962646 0.0800690176233399 441
1694438962716 0.003974255118402653 442
1694438962787 0.02716583774650027 443
1694438962857 0.0850332421389214 444
1694438962925 0.08996319037048787 445
1694438962998 0.7010707497028302 446
1694438963068 0.03590008094557469 447
1694438963138 0.00581798024747919 448
1694438963206 0.06727490078801464 449
1694438963275 0.007237478570030151 450
1694438963343 0.9054171744330934 451
1694438963413 0.5013630831223873 452
1694438963483 0.0003933421291122673 453
1694438963552 0.06427111125649712 454
1694438963628 0.017690226560566402 455
1694438963698 0.05823164009378013 456
1694438963768 0.21712799742154884 457
1694438963838 0.5385586232038191 458
1694438963908 4.6204855197406076e-05 459
1694438963977 0.005156788561866013 460
1694438964047 0.18104204622771972 461
1694438964116 0.023106130494420746 462
1694438964184 0.01598783815534529 463
1694438964255 0.047805899184422004 464
1694438964324 0.15356166326418924 465
1694438964393 0.015462517680420777 466
1694438964461 0.16189063838509613 467
1694438964531 5.339979759569066e-05 468
1694438964601 0.28554550744725243 469
1694438964671 0.06664174322574984 470
1694438964741 0.0066962635797013555 471
1694438964810 0.0032842231204405653 472
1694438964879 0.026341891941864145 473
1694438964948 0.0027920264322775553 474
1694438965017 0.09317318266719896 475
1694438965086 0.002714855212458569 476
1694438965156 0.3227825992672031 477
1694438965224 0.10382434629601811 478
1694438965294 0.01239692959402924 479
1694438965364 0.004759351120929125 480
1694438965433 0.04670650124442567 481
1694438965507 0.0021535160466346634 482
1694438965577 0.05420053917421796 483
1694438965646 0.26980563635507004 484
1694438965716 2.7329761321645848e-05 485
1694438965787 0.11538673451854951 486
1694438965856 0.06831696340669732 487
1694438965925 0.28898617989955844 488
1694438965994 0.07438268711924953 489
1694438966063 0.2553959633108018 490
1694438966132 0.0723014987401214 491
1694438966201 0.26036457193726137 492
1694438966271 0.035873246323899204 493
1694438966339 0.027857046047752975 494
1694438966408 0.0033634105248272037 495
1694438966478 0.011723527653048231 496
1694438966547 0.01237677527436802 497
1694438966616 0.24182115513023664 498
1694438966685 0.05658590192591277 499
