1694430993714 0.12679659769109167 0
1694430993783 0.09193069721458588 1
1694430993852 0.49139654239131286 2
1694430993920 0.995070432334049 3
1694430993988 0.18235934373172139 4
1694430994055 0.010685175200767226 5
1694430994123 0.2241168978275711 6
1694430994193 0.15716362026784425 7
1694430994261 0.1777298891720682 8
1694430994333 0.3847712325674269 9
1694430994400 0.03817090291526358 10
1694430994469 0.5964761400909495 11
1694430994537 0.39738250763511335 12
1694430994605 0.2639838407358984 13
1694430994673 0.12206863374299651 14
1694430994741 0.025881046160415692 15
1694430994809 0.05595611964225951 16
1694430994882 0.0022077383366649332 17
1694430994950 1.012091879351781 18
1694430995018 0.4066569852620369 19
1694430995087 0.010905141079279422 20
1694430995156 0.11801063389951741 21
1694430995223 0.9821864013848877 22
1694430995292 0.2325037380770765 23
1694430995360 0.2066587208953856 24
1694430995427 0.046437046341759866 25
1694430995495 0.15165098890649423 26
1694430995563 0.5379271505832423 27
1694430995630 0.009650009428755704 28
1694430995697 0.17318616932363515 29
1694430995765 0.09692875011803913 30
1694430995837 0.14875444482099598 31
1694430995906 0.27329292866414323 32
1694430995973 0.8891291622733813 33
1694430996042 0.8139238373146288 34
1694430996110 0.12031554473831808 35
1694430996178 0.02622828020397382 36
1694430996246 0.016064023099520614 37
1694430996314 0.039252906289373404 38
1694430996381 0.09979926285750428 39
1694430996449 0.10504425737756524 40
1694430996517 0.08006792744503008 41
1694430996586 0.8416917471868756 42
1694430996655 0.31355939072710487 43
1694430996723 0.07356847155163734 44
1694430996791 0.10345574821527427 45
1694430996859 0.6613946188633386 46
1694430996927 0.3832067136241796 47
1694430996996 0.005491891399618581 48
1694430997063 0.8602120348917115 49
1694430997131 0.40032576688112254 50
1694430997199 0.005142134288397523 51
1694430997268 0.01768571461216019 52
1694430997337 0.6155273396622659 53
1694430997405 0.44553602471826625 54
1694430997472 1.2679549941813837 55
1694430997542 0.8576972723266815 56
1694430997611 0.272409676936786 57
1694430997678 0.31247075110314004 58
1694430997746 0.18737487556160637 59
1694430997815 0.4800345670738332 60
1694430997882 0.11113463734404164 61
1694430997950 0.10810564833027701 62
1694430998017 0.4520492945903231 63
1694430998085 4.840480103539196e-06 64
1694430998152 0.11693029592104966 65
1694430998220 0.07752383853802992 66
1694430998288 0.2312090880975837 67
1694430998356 0.351514151933981 68
1694430998424 0.2872854153068831 69
1694430998492 0.391061848761831 70
1694430998559 0.19560895250132648 71
1694430998627 0.7058143890973201 72
1694430998696 0.40381090746302284 73
1694430998763 0.5201000625417961 74
1694430998831 0.13009613108811574 75
1694430998899 0.06465070433036318 76
1694430998966 0.4802015883251814 77
1694430999035 0.05808292386192312 78
1694430999101 0.2498650435783258 79
1694430999170 0.35929584447269036 80
1694430999238 0.12319960533099243 81
1694430999306 0.027319984321176286 82
1694430999373 0.019649560003511778 83
1694430999442 0.5598979043216958 84
1694430999510 0.23155274820329558 85
1694430999577 0.21736241323863145 86
1694430999646 0.23234768415607462 87
1694430999712 0.007009460987087404 88
1694430999781 0.3761881902187259 89
1694430999848 0.2753009419409821 90
1694430999917 0.23747889908024689 91
1694430999985 0.34460765089034523 92
1694431000053 0.3426178410631567 93
1694431000122 0.5712387315873051 94
1694431000189 0.084931542863041 95
1694431000257 0.13798536327350056 96
1694431000325 0.5344901646217717 97
1694431000393 0.9298633635366442 98
1694431000460 0.0008373562003168936 99
1694431000528 0.0016293662619443145 100
1694431000595 0.6384484412834639 101
1694431000663 0.45163948348930005 102
1694431000730 0.6163087032100378 103
1694431000797 0.0008309539395018034 104
1694431000866 0.24191351361594496 105
1694431000934 0.30398153612119755 106
1694431001001 1.2486358895623173 107
1694431001069 0.19800258168612686 108
1694431001138 0.33470826228720296 109
1694431001206 0.34123407069735584 110
1694431001273 0.05222630970096116 111
1694431001341 0.08261548193612689 112
1694431001409 0.34285208516726895 113
1694431001477 0.42153557897065985 114
1694431001544 0.04022079857837128 115
1694431001612 6.043309738530853 116
1694431001679 0.13716250156715656 117
1694431001748 0.22170939980172677 118
1694431001816 0.4500420675319687 119
1694431001884 0.5972666741596244 120
1694431001953 0.33636236151729987 121
1694431002020 0.3274593336663637 122
1694431002089 0.3885668633566115 123
1694431002157 0.5280961767924944 124
1694431002224 0.008156109408019887 125
1694431002293 0.36469118989029303 126
1694431002360 0.12363153051919756 127
1694431002428 0.05043225102827253 128
1694431002495 0.24928490667887232 129
1694431002564 1.3682406098646498 130
1694431002633 0.6442056544432687 131
1694431002701 0.020300562955144413 132
1694431002770 0.23032039251907324 133
1694431002838 0.09870941140074471 134
1694431002906 0.36048623281294145 135
1694431002974 0.6739464644925611 136
1694431003042 0.018294493276486728 137
1694431003108 0.26455340833782504 138
1694431003177 0.3322297753881887 139
1694431003245 0.995566823351929 140
1694431003312 0.18325977663736906 141
1694431003383 0.33679320959293335 142
1694431003451 0.19583293172036342 143
1694431003519 0.991048678257213 144
1694431003586 0.4093282074331251 145
1694431003655 0.6156836123655878 146
1694431003723 0.14640722325509076 147
1694431003791 0.31302787814988847 148
1694431003859 0.18877129086290154 149
1694431003925 0.08661112455160168 150
1694431003994 0.13632230750050073 151
1694431004062 0.28184147299367035 152
1694431004129 0.2892552528474728 153
1694431004198 0.12454865850927094 154
1694431004266 0.058160996039590705 155
1694431004334 0.18267129831530213 156
1694431004401 1.0066459846782863 157
1694431004469 0.43540990674093816 158
1694431004537 0.2364257614679322 159
1694431004605 0.22842473369118488 160
1694431004675 0.06254862583916222 161
1694431004743 0.0836006157663749 162
1694431004811 0.24144192112094154 163
1694431004879 0.08719167205372422 164
1694431004947 0.2775331411790137 165
1694431005015 0.2120012453175639 166
1694431005084 0.07459920298281768 167
1694431005152 0.1274866484871308 168
1694431005219 0.14911614909604287 169
1694431005288 0.2961682189658187 170
1694431005357 0.5355163772438654 171
1694431005424 0.29588400875046844 172
1694431005494 0.5720674126472812 173
1694431005561 0.8504315409860147 174
1694431005628 0.33821040894215765 175
1694431005697 0.0665819798413977 176
1694431005764 0.027126123403441553 177
1694431005832 0.20158251248843334 178
1694431005902 0.11786063720540547 179
1694431005970 0.154744572166453 180
1694431006039 0.7425166422881199 181
1694431006109 0.44286918575870227 182
1694431006176 0.908108859189983 183
1694431006246 0.612179942751278 184
1694431006316 0.3082793346762051 185
1694431006384 0.07135672744182713 186
1694431006453 0.15473025315864747 187
1694431006522 0.23513985289780495 188
1694431006591 0.9106502780301725 189
1694431006659 0.42096882747737197 190
1694431006728 1.392133441090822 191
1694431006796 0.003234360680672449 192
1694431006863 0.34839271011373363 193
1694431006933 0.4660260959821899 194
1694431007001 0.028883710652734807 195
1694431007070 0.06471951558865659 196
1694431007138 0.8644085120343465 197
1694431007206 0.13318905932352482 198
1694431007273 0.10911470818515082 199
1694431007341 0.15940049982372279 200
1694431007410 0.7126693808776514 201
1694431007477 0.21590628992558292 202
1694431007546 0.2922067502518891 203
1694431007616 0.005026710338794119 204
1694431007683 0.31359820988700127 205
1694431007751 0.04895537491096536 206
1694431007820 0.03627674912358402 207
1694431007888 0.008367094533585643 208
1694431007956 0.038198320093716966 209
1694431008023 0.33560972243289455 210
1694431008091 0.1197875698289426 211
1694431008158 0.955642165613892 212
1694431008227 0.5058657853106324 213
1694431008294 0.2385569868099488 214
1694431008362 1.0948727428657812 215
1694431008430 0.32922632332154333 216
1694431008498 0.03213146325591481 217
1694431008565 0.03884075699146842 218
1694431008633 0.6201279216513629 219
1694431008701 0.0428293157254745 220
1694431008770 0.38939622020571696 221
1694431008838 0.2219784366867523 222
1694431008905 0.21063869849378786 223
1694431008974 0.024829829072021206 224
1694431009042 2.5730138176819016e-06 225
1694431009110 0.2122005272295608 226
1694431009178 0.4537250124539539 227
1694431009245 0.25796335078778143 228
1694431009314 0.11598002535873028 229
1694431009381 0.10925527238846895 230
1694431009449 0.046151887583937276 231
1694431009516 0.1737001505716352 232
1694431009584 1.4533895465959807 233
1694431009652 0.0019216783832047015 234
1694431009720 0.27860394241620595 235
1694431009788 0.13247033861892688 236
1694431009856 0.10492283806086877 237
1694431009925 0.06600923931848245 238
1694431009995 0.36420403102823884 239
1694431010062 0.29791527144183916 240
1694431010130 0.14341622671231696 241
1694431010197 0.36451903927974993 242
1694431010265 0.10518820531500643 243
1694431010334 0.06753444517853528 244
1694431010402 0.1385025768162325 245
1694431010469 0.5741014561341161 246
1694431010537 0.30770528680640336 247
1694431010604 0.00510197839848602 248
1694431010672 0.6102471913770929 249
1694431010739 0.06712343857325954 250
1694431010807 0.11982056418153093 251
1694431010874 0.23267775365618773 252
1694431010943 0.22757689236211673 253
1694431011011 0.1360398500159367 254
1694431011077 0.05508062688696168 255
1694431011145 0.048364235860238206 256
1694431011212 0.17418144358333024 257
1694431011279 0.4612058608847292 258
1694431011347 0.11520332855810389 259
1694431011415 0.4446437211447749 260
1694431011482 0.022016149568302404 261
1694431011551 0.37789361576340463 262
1694431011618 0.007327042374832955 263
1694431011687 0.43009142842927506 264
1694431011755 0.007273220360564804 265
1694431011823 0.5410558748898626 266
1694431011891 0.789725050805656 267
1694431011959 0.005274108623960589 268
1694431012026 0.24821293904092678 269
1694431012093 0.17228013979183487 270
1694431012161 0.8508220972642601 271
1694431012228 0.2598775185175817 272
1694431012294 0.4504433506645847 273
1694431012362 0.6291456781287749 274
1694431012429 0.009751047499170804 275
1694431012496 0.07397917679012465 276
1694431012564 0.025300347837317393 277
1694431012631 0.017463992971233404 278
1694431012699 0.12852005217002704 279
1694431012768 0.0939463199268102 280
1694431012836 0.27949902140443134 281
1694431012903 0.0010980971112163939 282
1694431012972 0.04924465178730815 283
1694431013039 0.08631484244446642 284
1694431013106 0.4734922937595321 285
1694431013174 0.05308202986730288 286
1694431013242 0.7512312767104695 287
1694431013309 0.6044825948928514 288
1694431013377 1.1056540537550927 289
1694431013444 0.07887412990091919 290
1694431013512 0.1323830640693334 291
1694431013580 0.933018313910684 292
1694431013647 0.6686924062189167 293
1694431013715 0.09953594349864053 294
1694431013783 0.5254320521131914 295
1694431013851 0.1389231136719624 296
1694431013917 0.5184763331724689 297
1694431013985 0.09745961393458606 298
1694431014052 0.1210918315854959 299
1694431014119 0.017620076879049602 300
1694431014188 0.1615579405891655 301
1694431014256 0.19385776158079257 302
1694431014323 1.0638325672371889 303
1694431014390 0.25580149778765504 304
1694431014459 0.1420478974610634 305
1694431014526 0.47672525065616606 306
1694431014593 0.0036553323778788826 307
1694431014659 0.28238774114482 308
1694431014727 0.015780360827307428 309
1694431014794 0.07136521508947188 310
1694431014862 0.12557212611726726 311
1694431014954 0.24038304911820446 312
1694431015040 0.01780161689960368 313
1694431015111 0.6738608845615774 314
1694431015204 0.007276891516516511 315
1694431015286 0.10197729900127406 316
1694431015362 0.1199441295801083 317
1694431015430 0.0478732939760971 318
1694431015499 0.008124471799883204 319
1694431015569 0.0993962318647241 320
1694431015643 0.07467297669729149 321
1694431015712 0.582760510768108 322
1694431015782 0.4147773532900224 323
1694431015852 0.16027361110348148 324
1694431015920 0.007886180051273617 325
1694431015989 0.2667839693099722 326
1694431016058 0.3797373421702802 327
1694431016126 0.8273530393178875 328
1694431016195 0.17986809180656868 329
1694431016263 0.7620489018561185 330
1694431016331 1.1303150263406977e-06 331
1694431016399 0.3392183674828728 332
1694431016468 0.0642261425859688 333
1694431016535 0.004775658491526769 334
1694431016604 0.08117922683048992 335
1694431016672 3.5699570411373725e-05 336
1694431016740 0.5044465839043428 337
1694431016807 0.3113704088445443 338
1694431016875 0.2404374501210637 339
1694431016944 0.3469177512945319 340
1694431017015 0.5735815922861267 341
1694431017083 0.3178706820357081 342
1694431017151 0.17495313714542352 343
1694431017219 0.040920803536675675 344
1694431017286 0.6443891299279026 345
1694431017353 0.12675565720194604 346
1694431017421 0.02854995828297976 347
1694431017489 0.04267758930748402 348
1694431017557 0.5895080294920909 349
1694431017624 0.053249399993617795 350
1694431017690 0.3624293326974077 351
1694431017758 0.4129241032783435 352
1694431017825 0.5044126579417123 353
1694431017893 0.4015095592060362 354
1694431017961 0.29402426262644915 355
1694431018028 0.09129538190031561 356
1694431018096 0.335736844479286 357
1694431018163 1.4039449367433963 358
1694431018230 0.9846624784934871 359
1694431018299 0.33198305156655017 360
1694431018367 0.11856229570339634 361
1694431018435 0.3898943142466449 362
1694431018502 0.0591886410774342 363
1694431018570 0.3563009492296603 364
1694431018637 0.23075169127477718 365
1694431018705 0.10307260360965413 366
1694431018772 0.00026717516406826866 367
1694431018839 0.4199183397488023 368
1694431018906 0.814421806080088 369
1694431018974 0.1055289455270275 370
1694431019042 0.1591737634934109 371
1694431019112 0.2131515105166725 372
1694431019181 0.5207171451872693 373
1694431019249 0.21657421387650871 374
1694431019316 0.27535880148565206 375
1694431019384 0.3933177386684868 376
1694431019452 0.0033207083587801613 377
1694431019519 0.7924168178281479 378
1694431019587 0.20511782968438602 379
1694431019654 0.012967030715288404 380
1694431019720 0.12091500265656473 381
1694431019788 0.5449422784517673 382
1694431019855 0.030288983806457632 383
1694432150771 0.2384161823224616 384
1694432152939 0.7346461391497616 385
1694432153104 0.02715711733099256 386
1694432153251 0.256327278176724 387
1694432153362 0.2738879013602048 388
1694432153480 0.08467362492827116 389
1694432153616 0.9000352913960803 390
1694432153729 0.046498368251018 391
1694432153806 0.4865208796910719 392
1694432153883 0.06543493961584279 393
1694432153975 0.18808327263897653 394
1694432154056 0.20123664423771906 395
1694432154159 0.37414467958484693 396
1694432154280 0.17654126098972378 397
1694432154417 0.05136815072473922 398
1694432154530 0.40747664646519466 399
1694432154632 1.2783912169175564 400
1694432154730 0.6153734736050537 401
1694432154830 0.5362663468339695 402
1694432154928 0.13858903349745647 403
1694432155028 0.08495579495133111 404
1694432155124 0.3892949217363147 405
1694432155208 0.024538660949256347 406
1694432155299 0.3558811078565548 407
1694432155378 0.37034305045467336 408
1694432155453 0.3133321811343271 409
1694432155531 0.3791628591305543 410
1694432155623 0.4037461831870722 411
1694432155722 0.03390823111498818 412
1694432155802 0.3486753270614134 413
1694432155885 0.16803271429166197 414
1694432155975 0.467072861594242 415
1694432156058 0.3931031563994112 416
1694432156143 0.579463757004577 417
1694432156228 0.6154429256865248 418
1694432156313 0.15892356198660856 419
1694432156397 0.42075299570213154 420
1694432156476 0.3121545077772036 421
1694432156556 0.06006939104723328 422
1694432156634 0.04606648656173665 423
1694432156710 0.4770624916520132 424
1694432156788 0.0016436679834052844 425
1694432156863 0.015946068877550953 426
1694432156943 0.34796372468913944 427
1694432157022 0.07144237418858974 428
1694432157095 0.15664609617377115 429
1694432157172 0.07097042641416342 430
1694432157246 0.07005305872447404 431
1694432157323 0.05637363549257556 432
1694432157399 0.37806673239245625 433
1694432157474 1.4270833850195412 434
1694432157549 0.4558886177209961 435
1694432157625 0.221377260482349 436
1694432157706 0.029065517382236478 437
1694432157783 0.37229702506485246 438
1694432157854 0.0315015341762472 439
1694432157923 0.2018277413525549 440
1694432157994 0.10682756947131808 441
1694432158064 0.14943578439750288 442
1694432158132 0.11804874555672977 443
1694432158203 0.514703731988942 444
1694432158272 0.21263491804495566 445
1694432158345 0.2279850952390403 446
1694432158414 0.6122442008462475 447
1694432158483 0.3268496565025045 448
1694432158550 0.0436517976865571 449
1694432158622 0.033226796756566694 450
1694432158692 0.3534220571538078 451
1694432158759 0.46067713699883234 452
1694432158828 0.31564791692532074 453
1694432158898 0.01971228032317852 454
1694432158968 0.01650919225598062 455
1694432159036 0.104647535144345 456
1694432159104 0.4676881972220737 457
1694432159174 0.020387050553862418 458
1694432159244 0.01640072471758873 459
1694432159313 1.2387986564211813 460
1694432159391 0.3838467537011538 461
1694432159463 0.41349881020592033 462
1694432159549 0.7241995049672688 463
1694432159625 0.22573522457522774 464
1694432159699 0.6185831418255975 465
1694432159774 0.3842724105758164 466
1694432159845 0.8797733094469828 467
1694432159912 0.16658640886397047 468
1694432159980 2.067478646672266 469
1694432160050 0.047651883842252135 470
1694432160119 0.6940455807587177 471
1694432160187 0.3781990262881653 472
1694432160255 0.006329106746181871 473
1694432160323 0.3730117040968333 474
1694432160390 0.0918105063262846 475
1694432160457 0.14909410633735748 476
1694432160527 0.7357346259724409 477
1694432160595 0.6254928514182042 478
1694432160662 0.023102385939484084 479
1694432160733 0.1700998300956967 480
1694432160800 0.49280411614943853 481
1694432160868 0.022598806890163775 482
1694432160938 0.43679184894278 483
1694432161006 0.7387467482277361 484
1694432161075 0.04652381968092521 485
1694432161141 0.07547088001516947 486
1694432161210 0.3615407361541538 487
1694432161278 0.07016206184610639 488
1694432161347 0.0015718419721274207 489
1694432161415 0.16686004260454843 490
1694432161481 0.5193348697957915 491
1694432161549 0.6672236581205928 492
1694432161617 0.03447948482493822 493
1694432161683 0.20678557552263063 494
1694432161751 0.9314977701779851 495
1694432161819 1.3049229925379324 496
1694432161886 0.1482185303276399 497
1694432161957 0.16547963071052743 498
1694432162030 0.32322382586087584 499
