1694435832456 0.07982179861479115 0
1694435832532 0.007681069552364165 1
1694435832612 0.37191387435992296 2
1694435832692 0.08292887514529858 3
1694435832768 0.00039584823562264495 4
1694435832861 0.0022163685239576583 5
1694435832938 0.33803062008979157 6
1694435833018 0.004019417175429132 7
1694435833091 5.264244519941273e-05 8
1694435833164 0.007946348870227386 9
1694435833238 0.0933095446812129 10
1694435833320 0.0722355159208397 11
1694435833397 0.07800902997029385 12
1694435833477 0.0042644582681378605 13
1694435833556 0.011207910607404128 14
1694435833640 0.05150034563232415 15
1694435833718 0.09268481283226121 16
1694435833794 0.11371717947352401 17
1694435833867 0.009932829896223265 18
1694435833941 0.018138577137116522 19
1694435834016 0.04641134794950014 20
1694435834091 0.038919857685341 21
1694435834163 0.044495927465543275 22
1694435834235 0.028221673921708944 23
1694435834310 0.007947869917238294 24
1694435834390 0.002689715110379827 25
1694435834462 0.050019138528662285 26
1694435834536 0.23654673395252251 27
1694435834611 0.037431318734197194 28
1694435834688 0.00513814644890194 29
1694435834769 0.017566788924742848 30
1694435834843 0.13500160380786683 31
1694435834921 0.13610209053604178 32
1694435834996 0.04337477197376389 33
1694435835068 0.284636311128303 34
1694435835143 0.005852825345483598 35
1694435835221 0.002837489529269053 36
1694435835296 0.1112719150414747 37
1694435835368 0.008446164725370568 38
1694435835443 0.04317267200824942 39
1694435835518 0.12263952030632719 40
1694435835590 0.0038623078529613163 41
1694435835663 0.7357165562310849 42
1694435835736 0.053020230969839766 43
1694435835812 0.04049312996612055 44
1694435835885 0.2956495097519072 45
1694435835959 0.13269531301770485 46
1694435836034 0.01801690598288736 47
1694435836113 0.00897803768083264 48
1694435836185 6.55816478715886e-05 49
1694435836258 0.2713410886174021 50
1694435836333 0.03283655885720962 51
1694435836411 0.03218371881817549 52
1694435836485 0.13363890561591935 53
1694435836558 0.003659960010569176 54
1694435836631 0.0407684758787133 55
1694435836707 0.09984000117871741 56
1694435836779 0.003678867149128534 57
1694435836853 0.08727478816336696 58
1694435836934 0.004668315754397093 59
1694435837009 0.05521127511187633 60
1694435837083 0.20023486232950655 61
1694435837156 0.29915345759795703 62
1694435837232 0.02383965237591278 63
1694435837306 0.1034184189258807 64
1694435837379 0.0023441609054039416 65
1694435837451 0.13648192033132714 66
1694435837526 0.14366467216948164 67
1694435837600 0.5609135972520731 68
1694435837675 0.051934972544630496 69
1694435837751 0.09490983628500503 70
1694435837826 0.023570107701068592 71
1694435837898 0.04874302631181277 72
1694435837972 0.027214644083522314 73
1694435838047 9.754721766254325e-08 74
1694435838121 0.0038593433134681467 75
1694435838193 0.02274757789320665 76
1694435838266 0.5355915251039702 77
1694435838342 0.02428541819633999 78
1694435838414 0.043834985203373214 79
1694435838489 0.07102178778021788 80
1694435838562 0.37173054310127507 81
1694435838639 0.0452019510136429 82
1694435838714 0.015292076493725616 83
1694435838788 0.0474223663280405 84
1694435838861 0.14162084026832633 85
1694435838936 0.00025251816720251705 86
1694435839008 0.027088732950684095 87
1694435839083 0.025491802920797446 88
1694435839159 0.003791615736603605 89
1694435839235 0.5051962532887703 90
1694435839309 0.02061283821877991 91
1694435839384 0.05206673065985858 92
1694435839456 0.004282789223127811 93
1694435839537 0.10679870474513418 94
1694435839609 0.17169806629758494 95
1694435839682 0.007511752954563315 96
1694435839757 0.003623796668229468 97
1694435839831 0.0224547816163608 98
1694435839906 0.05075521095011394 99
1694435839981 3.963282348122353e-05 100
1694435840061 0.06990967927126146 101
1694435840136 0.22909620080840237 102
1694435840210 0.034348280272267204 103
1694435840283 0.1251307019143993 104
1694435840364 0.09095747879891042 105
1694435840439 0.07400523589256174 106
1694435840511 0.0037808162453815473 107
1694435840586 0.03814379067951906 108
1694435840662 0.01725405681907381 109
1694435840735 0.07107808111226777 110
1694435840809 0.04344793642373956 111
1694435840885 0.1678308406275651 112
1694435840958 0.08948368042602158 113
1694435841033 0.000963550229219552 114
1694435841107 0.020820681276907577 115
1694435841181 0.004227212603174123 116
1694435841263 0.2898084538730359 117
1694435841336 0.027151715937002302 118
1694435841411 0.24784594577420857 119
1694435841484 0.04414924274461322 120
1694435841557 0.2489904756531571 121
1694435841630 0.4753347584817468 122
1694435841703 0.050791548283985175 123
1694435841776 0.17986657001562814 124
1694435841851 0.007711094657921306 125
1694435841924 0.16729417713762143 126
1694435841998 0.05015862538295747 127
1694435842078 0.0426470321769025 128
1694435842153 0.4057794115930159 129
1694435842226 0.013979219117778774 130
1694435842299 0.12052761812419778 131
1694435842374 0.21405881899795384 132
1694435842449 0.08017797029662402 133
1694435842522 0.013705758934225504 134
1694435842596 0.028452923735951346 135
1694435842671 0.4678853246644137 136
1694435842745 0.0029327390883392866 137
1694435842819 0.004779089049009401 138
1694435842896 0.0010513557430719606 139
1694435842969 0.007287793724648371 140
1694435843043 0.0036308991072261537 141
1694435843118 0.02544922607447972 142
1694435843192 7.945157770311811e-05 143
1694435843268 0.06261658438347784 144
1694435843340 0.026587754463734462 145
1694435843413 0.08074538420907314 146
1694435843486 0.06315040284075482 147
1694435843562 0.17374249733519032 148
1694435843633 0.14406539399115575 149
1694435843710 0.08992872995086476 150
1694435843785 0.0029223908120793144 151
1694435843856 0.03922790279069096 152
1694435843931 0.28366362948660695 153
1694435844007 0.001730671422031241 154
1694435844081 0.007243562448675871 155
1694435844154 0.053502619515671264 156
1694435844229 0.027887666012188766 157
1694435844306 0.2725238059165163 158
1694435844382 0.036192020993654185 159
1694435844453 0.1593957436705942 160
1694435844527 0.4314569590968932 161
1694435844604 0.03890380494212674 162
1694435844677 0.051261381053089146 163
1694435844748 0.003462625257855122 164
1694435844821 0.04521090311114566 165
1694435844896 0.0034975557156898805 166
1694435844969 0.01497727552422558 167
1694435845042 0.09315123298070636 168
1694435845120 0.08790894563442792 169
1694435845192 0.0033164244800377297 170
1694435845266 0.2534623170168241 171
1694435845339 0.036805129502498035 172
1694435845415 0.12068282257171038 173
1694435845489 0.1419584353545124 174
1694435845563 0.01882526047534438 175
1694435845637 0.036625409915606595 176
1694435845713 0.21199616344786942 177
1694435845785 0.009226278868182846 178
1694435845858 0.02678912364479099 179
1694435845933 0.24282327797779815 180
1694435846010 0.26513988235206226 181
1694435846085 0.1468505656361976 182
1694435846157 0.005926122884140026 183
1694435846232 0.005074830564330975 184
1694435846306 0.11306435173986525 185
1694435846384 0.0015355380979669591 186
1694435846456 0.041912436073808026 187
1694435846530 0.0031498945286574575 188
1694435846604 0.4906802547150498 189
1694435846678 0.38325079449067767 190
1694435846751 0.05340117370828998 191
1694435846826 1.0837941519995353e-06 192
1694435846900 0.23963932093922133 193
1694435846973 0.8631583800115485 194
1694435847048 0.008306041665930162 195
1694435847124 0.05435896688979481 196
1694435847197 0.12197585482705361 197
1694435847270 0.661814571027173 198
1694435847344 0.3336813273785699 199
1694435847419 0.030252241240806294 200
1694435847492 0.00010021884097268703 201
1694435847565 0.06228000669280789 202
1694435847638 0.15665994628381713 203
1694435847712 0.0049413043338998 204
1694435847785 0.0008535278873743821 205
1694435847861 0.03201344750275944 206
1694435847934 0.14274058337120368 207
1694435848016 0.05125826871444242 208
1694435848097 0.12416792432934327 209
1694435848213 0.007965805236595482 210
1694435848287 0.003923640913576706 211
1694435848362 0.020596812912001366 212
1694435848436 0.294847939128066 213
1694435848513 0.008882870717330304 214
1694435848584 0.023942196539395787 215
1694435848659 0.02551820684503085 216
1694435848734 0.15208713504341473 217
1694435848809 0.01135467502356186 218
1694435848882 0.3346858605262727 219
1694435848958 0.14194243765055461 220
1694435849032 0.12834947460397783 221
1694435849112 0.06455063124955106 222
1694435849186 0.03116520595303744 223
1694435849261 0.044125165806033054 224
1694435849336 0.014877771895115056 225
1694435849409 0.00019419703163874762 226
1694435849483 0.07472373251467204 227
1694435849558 0.011737459392178424 228
1694435849632 0.2535366873103599 229
1694435849705 0.01952812001464557 230
1694435849779 0.00968771684223344 231
1694435849855 0.05634664712474853 232
1694435849930 0.03563131489789633 233
1694435850003 0.22394170823070578 234
1694435850077 0.24680889799739938 235
1694435850150 0.04040007408468282 236
1694435850225 0.03421542583476909 237
1694435850296 0.0635804128500072 238
1694435850371 0.8289709023226641 239
1694435850445 0.030248435045804815 240
1694435850517 0.01624407477988505 241
1694435850588 0.0560443451402366 242
1694435850667 0.07468690727796914 243
1694435850742 0.02639395163741242 244
1694435850815 0.026098187206168508 245
1694435850888 0.0571781291029603 246
1694435850962 0.05296571278155849 247
1694435851035 0.0025612598460185306 248
1694435851108 0.16739260061516442 249
1694435851182 0.7996315011556255 250
1694435851255 0.007740805047865146 251
1694435851330 0.020576929672037756 252
1694435851403 0.15786725926412723 253
1694435851476 0.012581782259567778 254
1694435851553 0.005990213501739495 255
1694435851628 0.059589727591928016 256
1694435851701 0.8170405252582998 257
1694435851774 0.30870486625766225 258
1694435851850 0.002371623626910294 259
1694435851923 0.018200002484287815 260
1694435851997 0.006415455436666937 261
1694435852071 0.21126894773444332 262
1694435852149 0.017991429699069923 263
1694435852222 0.06532411424959443 264
1694435852297 0.004502953543368486 265
1694435852383 0.02059973653185543 266
1694435852457 0.0032873842864664777 267
1694435852532 0.0009050682201738143 268
1694435852606 7.05299789125865e-05 269
1694435852679 0.07827983832142665 270
1694435852753 0.01139206808908421 271
1694435852827 0.6369040411054633 272
1694435852902 0.13246959333577554 273
1694435852976 0.0016552149277374358 274
1694435853053 0.42307935277905 275
1694435853126 0.01885352340012534 276
1694435853205 6.250299857078726e-05 277
1694435853279 0.06807446150186294 278
1694435853354 0.1417419327928056 279
1694435853427 0.026260450700619904 280
1694435853502 0.06281349110433519 281
1694435853576 0.0035882152433442476 282
1694435853652 0.0010716815260249982 283
1694435853726 0.02001668894005085 284
1694435853800 0.052061542874374485 285
1694435853875 0.16479605212652493 286
1694435853949 0.024943881350113006 287
1694435854022 0.0028323141088108725 288
1694435854105 0.10424149578056544 289
1694435854180 0.043247918037809766 290
1694435854252 0.3868319623886953 291
1694435854326 0.48448586107549985 292
1694435854401 0.01772453103714792 293
1694435854475 7.148417603732147e-05 294
1694435854550 0.17623989306145565 295
1694435854623 0.1661703102307335 296
1694435854699 0.0972731568422681 297
1694435854774 0.05796496732624148 298
1694435854850 0.22808975104966345 299
1694435854926 0.0068948622895046024 300
1694435855005 0.02074453582614677 301
1694435855081 0.012994669550157779 302
1694435855155 0.1314615588907549 303
1694435855229 0.055274136924694094 304
1694435855303 0.000886557051270687 305
1694435855379 0.0934595988681482 306
1694435855451 0.002854467249769509 307
1694435855524 0.1280888492321562 308
1694435855597 0.36110137048021845 309
1694435855673 0.16019247362586267 310
1694435855746 0.20800636338780693 311
1694435855824 0.2553236236386451 312
1694435855898 0.16366503009271546 313
1694435855973 0.00949294793788245 314
1694435856046 0.30241485540342056 315
1694435856120 0.10611968768405619 316
1694435856195 0.013078321680485602 317
1694435856279 0.2283055599440142 318
1694435856351 0.00870942790967577 319
1694435856427 0.1190604749654322 320
1694435856500 0.1631857733500832 321
1694435856577 0.9303338434083469 322
1694435856653 0.277608932345583 323
1694435856731 0.4057854367041744 324
1694435856807 0.006081702516789275 325
1694435856884 0.001406695843520106 326
1694435856955 0.00027574693429289815 327
1694435857030 0.22270579397347895 328
1694435857109 0.00024885382461381505 329
1694435857184 0.006296099332010892 330
1694435857256 0.030383774516917136 331
1694435857332 0.1439149629988983 332
1694435857409 0.021899721648571787 333
1694435857483 0.00148947158237473 334
1694435857565 0.005861149924536253 335
1694435857639 0.15859625743559552 336
1694435857715 0.008082889399466 337
1694435857788 0.09100312480520724 338
1694435857861 0.2255161304442818 339
1694435857935 0.06952101210849747 340
1694435858009 0.34292292143364056 341
1694435858084 0.4307621622039215 342
1694435858157 0.027686901665303108 343
1694435858231 0.05417279128767893 344
1694435858304 0.25799637976548234 345
1694435858378 0.04489032192816905 346
1694435858452 0.0006165961539102011 347
1694435858528 0.02401159495512515 348
1694435858603 0.0028965987608788684 349
1694435858676 0.34734845626198607 350
1694435858751 0.09140786968161901 351
1694435858827 0.03207246133275519 352
1694435858900 0.03731990815306884 353
1694435858975 0.03918191683849178 354
1694435859049 0.23466821691283624 355
1694435859124 0.2038324968360175 356
1694435859197 0.005098614033120069 357
1694435859277 0.0019773576981985713 358
1694435859353 0.27298869434977713 359
1694435859426 0.12934175076512797 360
1694435859499 0.1655898474105791 361
1694435859571 0.03208632860077103 362
1694435859646 0.0016198787237086361 363
1694435859721 0.2123042612003705 364
1694435859792 0.27150123963380035 365
1694435859866 0.006124250468834952 366
1694435859940 0.11012486279843475 367
1694435860015 0.08392674003029998 368
1694435860087 0.7374603168695041 369
1694435860162 0.10027650190939527 370
1694435860237 0.019912633642357288 371
1694435860313 0.24020242977469677 372
1694435860386 0.049058114773383704 373
1694435860460 0.012236715543084135 374
1694435860534 0.0041407032094162525 375
1694435860609 0.1136414460085187 376
1694435860682 0.03658753419161898 377
1694435860754 1.3758853744515986 378
1694435860829 0.0651173680939547 379
1694435860906 0.003352890954459894 380
1694435860979 0.11793461099270601 381
1694435861055 0.0026104972648954743 382
1694435861134 0.018357182859470023 383
1694435861206 0.05553852862609093 384
1694435861279 0.00020616096292960513 385
1694435861351 0.018503504949439795 386
1694435861426 0.04829248953694648 387
1694435861500 0.0024834984182243846 388
1694435861574 0.026427583322779592 389
1694435861649 0.5685556422422627 390
1694435861725 0.09382695210695051 391
1694435861799 0.020621033030781295 392
1694435861874 0.8271658220085503 393
1694435861949 0.0557163770752496 394
1694435862023 0.4637216426202438 395
1694435862095 0.012050276517553969 396
1694435862171 0.017201866917499364 397
1694435862244 0.004940367928487808 398
1694435862320 0.001513784554255934 399
1694435862393 0.016011450654259046 400
1694435862468 0.0012833675228211652 401
1694435862543 0.08280976542064054 402
1694435862616 0.14519025959831142 403
1694435862689 0.0032108097258748813 404
1694435862763 0.07125971182692284 405
1694435862835 0.07332140911499514 406
1694435862907 0.01973962308664774 407
1694435862982 0.11901804933503381 408
1694435863056 0.03474884282125605 409
1694435863130 0.05190763662552947 410
1694435863202 0.26280567503664637 411
1694435863274 0.3287811737017604 412
1694435863349 0.03294911888789048 413
1694435863423 0.005068375251601152 414
1694435863496 0.0005284248461011418 415
1694435863574 0.03394003902683492 416
1694435863647 0.010397925768059495 417
1694435863720 0.28241180108310016 418
1694435863794 0.009685825279117382 419
1694435863869 0.056420615164764105 420
1694435863945 0.2145048788299785 421
1694435864018 0.2702035944088325 422
1694435864091 0.0003489030262303116 423
1694435864165 0.09940574885214919 424
1694435864240 0.15870400814813287 425
1694435864314 0.018602303658226217 426
1694435864387 0.052692907620412344 427
1694435864463 0.11234163141475285 428
1694435864537 0.01342419175598184 429
1694435864609 0.02338362026955199 430
1694435864685 0.029589707125497473 431
1694435864758 0.015256590142358247 432
1694435864834 0.6880835641795328 433
1694435864908 0.1969335380440471 434
1694435864983 0.12859240021155371 435
1694435865056 0.4743772008776811 436
1694435865127 0.0035351806395359973 437
1694435865202 0.04294889010051874 438
1694435865277 0.05211177141292772 439
1694435865352 0.04463755958524936 440
1694435865425 0.3254571558305094 441
1694435865499 0.07388676548625989 442
1694435865574 0.040885200371533245 443
1694435865649 0.8209816702727863 444
1694435865722 0.0036955252320045634 445
1694435865795 0.044834859576524645 446
1694435865871 0.013584344570872405 447
1694435865946 0.017511779384362467 448
1694435866021 0.03409081144425121 449
1694435866096 0.04298006222138087 450
1694435866182 0.11606931511338665 451
1694435866260 0.00031368429069286323 452
1694435866333 0.01492866130875219 453
1694435866407 0.0041531797883195215 454
1694435866480 0.1230203654057044 455
1694435866553 0.16343133885853015 456
1694435866627 0.17598943063131345 457
1694435866703 0.030820775922163673 458
1694435866777 0.17461384119681173 459
1694435866850 0.2599513414983683 460
1694435866925 0.009352867440979643 461
1694435866998 0.004228016461735737 462
1694435867076 0.024480155832767435 463
1694435867149 0.03838927081531981 464
1694435867223 0.011150278431822357 465
1694435867298 9.566268822634476e-06 466
1694435867374 0.017611789993536294 467
1694435867449 0.1367469389554206 468
1694435867521 0.00048146082741237393 469
1694435867593 0.12474659926744067 470
1694435867669 0.020858523338025976 471
1694435867743 1.1221481052899676 472
1694435867818 0.009858873136168693 473
1694435867893 5.444522190586238e-07 474
1694435867968 0.15054329990321888 475
1694435868041 0.25111567727005596 476
1694435868116 0.058066293075970256 477
1694435868190 0.012467452483692654 478
1694435868263 0.00813575512627541 479
1694435868339 0.018514838669076227 480
1694435868413 0.06843226098706527 481
1694435868490 0.04375009478697762 482
1694435868563 0.0006342980319960622 483
1694435868638 0.08904456873387119 484
1694435868713 0.00028311225703102447 485
1694435868790 1.7734510410884826e-05 486
1694435868863 0.4590034263582578 487
1694435868938 0.0012006723986321066 488
1694435869013 0.004916160819218672 489
1694435869086 0.148175709728612 490
1694435869161 0.022546730884847557 491
1694435869234 0.11944164090330324 492
1694435869311 0.006506400977873145 493
1694435869385 0.28483345234015583 494
1694435869459 0.05726903039750629 495
1694435869531 0.09582745059371671 496
1694435869607 0.2785411286264695 497
1694435869685 0.000690878283717289 498
1694435869757 0.21951335494416505 499
