1694432861244 46.13746376112842 0
1694432861262 13.57202078112587 1
1694432861279 3.3287768644185896 2
1694432861297 1.1593483647914713 3
1694432861314 0.42452798976935796 4
1694432861333 0.10281106119214863 5
1694432861351 0.09270553413271496 6
1694432861368 0.18610048475515845 7
1694432861391 0.11919610238575665 8
1694432861412 0.10494934198628511 9
1694432861434 0.07819102263814882 10
1694432861454 0.1265404715820754 11
1694432861472 0.11810675610846692 12
1694432861493 0.17100672069200004 13
1694432861511 0.12364985955107431 14
1694432861528 0.09110662088719909 15
1694432861546 0.08275339624114075 16
1694432861562 0.09923081953366626 17
1694432861579 0.10323052447680454 18
1694432861596 0.13785862673339574 19
1694432861613 0.1489048095053119 20
1694432861632 0.04750461355240825 21
1694432861649 0.10103608430476464 22
1694432861666 0.1714136848681704 23
1694432861683 0.2085214239364284 24
1694432861700 0.08875924974241726 25
1694432861717 0.11913426080802013 26
1694432861735 0.13718566751014258 27
1694432861752 0.08656028173524484 28
1694432861770 0.11561409053641894 29
1694432861790 0.1432778720679418 30
1694432861807 0.1645859979097352 31
1694432861826 0.08841254447267959 32
1694432861843 0.14367640004320312 33
1694432861860 0.1799437551968181 34
1694432861877 0.25028739824649077 35
1694432861894 0.07574483789915276 36
1694432861911 0.11381337684082864 37
1694432861929 0.06429585974821413 38
1694432861946 0.07964922524897845 39
1694432861963 0.15448761039025719 40
1694432861980 0.07064287559702312 41
1694432861997 0.22317251823110484 42
1694432862015 0.07363453899449757 43
1694432862032 0.08418790813040422 44
1694432862049 0.07715863479380836 45
1694432862066 0.12784255253639107 46
1694432862083 0.08593283297540055 47
1694432862100 0.0411550749450712 48
1694432862118 0.038933085415038406 49
1694432862136 0.07616203115543548 50
1694432862153 0.1438905959545431 51
1694432862170 0.09563877815598429 52
1694432862187 0.09956890985087301 53
1694432862204 0.10917042255343026 54
1694432862222 0.20725365229255713 55
1694432862239 0.09916172015540263 56
1694432862255 0.10912124801003421 57
1694432862273 0.1295395888575416 58
1694432862290 0.12242996906903901 59
1694432862307 0.1087777910292345 60
1694432862325 0.1416917745255615 61
1694432862342 0.23448052156644605 62
1694432862359 0.0204964380578036 63
1694432862376 0.10282490087629302 64
1694432862394 0.16560351754585503 65
1694432862413 0.09612040497604048 66
1694432862432 0.0850257886555363 67
1694432862450 0.09016574844059286 68
1694432862468 0.09890137324664808 69
1694432862486 0.271610234601843 70
1694432862504 0.11300857052198612 71
1694432862522 0.12032370695471739 72
1694432862540 0.11513684408831258 73
1694432862557 0.1255396830114021 74
1694432862574 0.0657575203872925 75
1694432862592 0.11131867421870886 76
1694432862609 0.2002945466324173 77
1694432862627 0.12360494173486568 78
1694432862644 0.16320179803164434 79
1694432862662 0.06398577268018238 80
1694432862679 0.10029891153227835 81
1694432862695 0.17170500380146883 82
1694432862713 0.11221463246722486 83
1694432862731 0.13975957022674354 84
1694432862748 0.22252306612407668 85
1694432862765 0.23414863678613332 86
1694432862782 0.10150766924287903 87
1694432862800 0.16048898239228723 88
1694432862817 0.04730703593946162 89
1694432862836 0.07301757753987519 90
1694432862853 0.14634667377624413 91
1694432862870 0.12687015168795315 92
1694432862887 0.11755907823122957 93
1694432862904 0.12613015763167765 94
1694432862922 0.18548037934050957 95
1694432862940 0.17808990193738722 96
1694432862957 0.04617874495479137 97
1694432862974 0.0808416392677271 98
1694432862992 0.08847870834092479 99
1694432863011 0.08400766961480435 100
1694432863030 0.04452599522263189 101
1694432863047 0.08233682214116345 102
1694432863064 0.10018026949636549 103
1694432863081 0.0349923844654799 104
1694432863099 0.14150659319702316 105
1694432863116 0.13477794945342575 106
1694432863134 0.0938457287665886 107
1694432863151 0.13531885291184545 108
1694432863168 0.04704752149819277 109
1694432863184 0.1407139820478339 110
1694432863202 0.1343345298025736 111
1694432863219 0.08552369261114186 112
1694432863237 0.07212285615705043 113
1694432863254 0.11792053780416774 114
1694432863271 0.08799025042168183 115
1694432863288 0.14358552983851505 116
1694432863305 0.0940861819742366 117
1694432863322 0.13762481312438163 118
1694432863341 0.05951141904401904 119
1694432863357 0.2178126003767574 120
1694432863373 0.07154514651372779 121
1694432863392 0.09840191459009386 122
1694432863408 0.056679712037419734 123
1694432863427 0.06778134249718396 124
1694432863444 0.1022085287607666 125
1694432863462 0.04582720051228112 126
1694432863479 0.06537153374550327 127
1694432863496 0.22866660383946552 128
1694432863513 0.21635254264291762 129
1694432863530 0.12355462897086185 130
1694432863547 0.05927624790831238 131
1694432863565 0.10920586000861651 132
1694432863582 0.0509141188239569 133
1694432863598 0.19245668969412658 134
1694432863616 0.09524317578370432 135
1694432863632 0.1533094943503329 136
1694432863651 0.0996486789841854 137
1694432863669 0.13704026655797247 138
1694432863686 0.16175439411874076 139
1694432863704 0.14443105590686275 140
1694432863722 0.09030492458277202 141
1694432863740 0.10779507111488831 142
1694432863757 0.13723392855017078 143
1694432863775 0.10646740239963338 144
1694432863793 0.10086551979453671 145
1694432863810 0.07109555195787672 146
1694432863827 0.08604651769480225 147
1694432863845 0.16547177506239094 148
1694432863862 0.09685148775876859 149
1694432863879 0.08951640767615408 150
1694432863897 0.02803187383137246 151
1694432863913 0.10466255525404602 152
1694432863930 0.1466164768908353 153
1694432863948 0.08280933821776328 154
1694432863965 0.0302145066982665 155
1694432863982 0.12983972932543386 156
1694432863999 0.05838286283560918 157
1694432864016 0.13165655194307405 158
1694432864034 0.14081939017446893 159
1694432864051 0.10369214444364482 160
1694432864068 0.05880333988443958 161
1694432864085 0.12480596001035746 162
1694432864102 0.11171651005556049 163
1694432864119 0.12564617515879134 164
1694432864136 0.09994761667429106 165
1694432864154 0.06308542769752724 166
1694432864171 0.049674146309573376 167
1694432864189 0.07768698569382355 168
1694432864206 0.09109060566295692 169
1694432864224 0.06567360546618806 170
1694432864242 0.055842687390636137 171
1694432864260 0.1180320597240851 172
1694432864279 0.08821692515791847 173
1694432864296 0.13440546972995326 174
1694432864313 0.0600878007745642 175
1694432864330 0.17432216647617244 176
1694432864347 0.15205378133009928 177
1694432864364 0.10452650370470021 178
1694432864382 0.15645934496034597 179
1694432864399 0.05063797583505565 180
1694432864416 0.03218219461913045 181
1694432864433 0.08404510726443373 182
1694432864450 0.15943314565628944 183
1694432864467 0.05067192017362897 184
1694432864484 0.08269703229089928 185
1694432864502 0.05016799209808947 186
1694432864519 0.08314071826312719 187
1694432864536 0.05554798128933258 188
1694432864553 0.10240663599895404 189
1694432864570 0.11239909692780739 190
1694432864587 0.10376282459761359 191
1694432864604 0.0941327537252565 192
1694432864622 0.14391413975953196 193
1694432864640 0.04665080573329947 194
1694432864657 0.04383654348984823 195
1694432864673 0.06044232639153975 196
1694432864691 0.07592920411488613 197
1694432864708 0.2659710606322818 198
1694432864724 0.13116411855573543 199
1694432864743 0.10755946409231172 200
1694432864758 0.080637890449493 201
1694432864777 0.05720058915972399 202
1694432864794 0.12688237921934026 203
1694432864810 0.16801796159164933 204
1694432864828 0.1386364373805314 205
1694432864848 0.06303061324452051 206
1694432864866 0.10780524802399198 207
1694432864883 0.07042779659847158 208
1694432864901 0.08738776916168518 209
1694432864918 0.051430325570264314 210
1694432864935 0.11224310448673733 211
1694432864953 0.07037861512729883 212
1694432864970 0.12208550918162198 213
1694432864987 0.12143567262728117 214
1694432865005 0.08724545319437153 215
1694432865022 0.06399038535580329 216
1694432865039 0.14635773229157878 217
1694432865057 0.12951020000320737 218
1694432865074 0.12748558949339023 219
1694432865091 0.12278246011687226 220
1694432865108 0.06811383372294032 221
1694432865125 0.20909410485020374 222
1694432865143 0.04618932382454828 223
1694432865160 0.08834177217374355 224
1694432865176 0.0958411232969523 225
1694432865195 0.08983223792711612 226
1694432865211 0.10143302852018542 227
1694432865228 0.11514454516454709 228
1694432865246 0.1055107586333127 229
1694432865263 0.04467899866516308 230
1694432865280 0.053526373319584174 231
1694432865298 0.06127162731193766 232
1694432865317 0.09102371802198571 233
1694432865334 0.1638092258401884 234
1694432865352 0.0738400019288451 235
1694432865369 0.12900255869357694 236
1694432865386 0.15173571637963532 237
1694432865405 0.20011533318080457 238
1694432865422 0.10850899680794272 239
1694432865441 0.18362842161373188 240
1694432865459 0.09532306401824417 241
1694432865475 0.08854008106488265 242
1694432865492 0.10365818399051063 243
1694432865510 0.06560914996445102 244
1694432865527 0.2237590985230319 245
1694432865544 0.05658709772354393 246
1694432865562 0.18206014833001305 247
1694432865579 0.12367761834815783 248
1694432865597 0.08556747036022332 249
1694432865614 0.17192070765333983 250
1694432865630 0.07907971358317559 251
1694432865648 0.12071365037615403 252
1694432865666 0.06589058088952232 253
1694432865682 0.04628825464831943 254
1694432865700 0.1167716650611575 255
1694432865716 0.09566598274768663 256
1694432865734 0.13198652844572403 257
1694432865751 0.2260509476535751 258
1694432865769 0.1306507817829325 259
1694432865786 0.069443772409882 260
1694432865804 0.11022300045581403 261
1694432865821 0.0443466950572922 262
1694432865838 0.1813963980930088 263
1694432865855 0.14090911424968086 264
1694432865872 0.09437407347695999 265
1694432865891 0.0663746521319581 266
1694432865908 0.06285365594481793 267
1694432865924 0.08156997348171828 268
1694432865942 0.24458285426254786 269
1694432865960 0.1847793515370213 270
1694432865976 0.07142446320429184 271
1694432865993 0.02805800434170113 272
1694432866012 0.09828380901613727 273
1694432866030 0.15672401236226224 274
1694432866048 0.1170090600519935 275
1694432866066 0.0500442104234761 276
1694432866082 0.09905660542745516 277
1694432866099 0.1454189629125073 278
1694432866117 0.06769675496720942 279
1694432866133 0.10794636925906752 280
1694432866151 0.1795492657304509 281
1694432866168 0.11511500052602687 282
1694432866185 0.10536262059560496 283
1694432866202 0.11977613831690362 284
1694432866219 0.07013604775122355 285
1694432866237 0.1090510420730076 286
1694432866254 0.09648459874372076 287
1694432866272 0.1533865112374831 288
1694432866289 0.2877825158035538 289
1694432866305 0.17489915564273797 290
1694432866323 0.08746550142887952 291
1694432866339 0.11431879491135037 292
1694432866358 0.25371523404592417 293
1694432866375 0.1848402931945749 294
1694432866392 0.18225713087642378 295
1694432866409 0.17099723895046762 296
1694432866426 0.1148009021266996 297
1694432866443 0.08006139067386421 298
1694432866461 0.05671082513073661 299
1694432866478 0.15829106718445876 300
1694432866496 0.09228910011594627 301
1694432866512 0.10505316388822548 302
1694432866529 0.05751207066523988 303
1694432866546 0.16392665856346636 304
1694432866564 0.05187286072669761 305
1694432866581 0.22726768342617717 306
1694432866598 0.10677607974454262 307
1694432866619 0.07881213491359673 308
1694432866637 0.04708452947049336 309
1694432866655 0.08554488513826886 310
1694432866672 0.16026922215452016 311
1694432866690 0.04080152664000085 312
1694432866707 0.06043134843983446 313
1694432866723 0.07433402352917436 314
1694432866741 0.126312069646526 315
1694432866759 0.0739327884113085 316
1694432866776 0.08610491040112307 317
1694432866793 0.12166086537948004 318
1694432866810 0.12071379354327674 319
1694432866828 0.053284950898099495 320
1694432866845 0.0995633639234643 321
1694432866862 0.22962182786635882 322
1694432866879 0.21793401031325618 323
1694432866897 0.06712576710693233 324
1694432866914 0.11733848662881934 325
1694432866931 0.1385600328962006 326
1694432866948 0.18878044096391972 327
1694432866966 0.043710098079484526 328
1694432866983 0.16235036533910188 329
1694432867000 0.2072717077096137 330
1694432867017 0.19030971668493463 331
1694432867034 0.06728632589358664 332
1694432867051 0.15651094341545038 333
1694432867068 0.1695813179534782 334
1694432867085 0.14241552424905377 335
1694432867102 0.07822349948768181 336
1694432867120 0.13539966123521255 337
1694432867137 0.07901181745857913 338
1694432867154 0.19065489827796717 339
1694432867171 0.1381812820735586 340
1694432867188 0.11416938117398036 341
1694432867206 0.11062691415230096 342
1694432867223 0.08640564353960757 343
1694432867242 0.07959135827203867 344
1694432867259 0.05861000215694652 345
1694432867277 0.34981940943161016 346
1694432867294 0.0681949943005804 347
1694432867312 0.05709737793769289 348
1694432867329 0.08947677251979465 349
1694432867345 0.0803545955491115 350
1694432867363 0.08540063524343632 351
1694432867380 0.062346782340079614 352
1694432867398 0.17723101715051062 353
1694432867415 0.04921250101749105 354
1694432867432 0.08598223908143252 355
1694432867449 0.12463107501911154 356
1694432867467 0.1017426465120154 357
1694432867484 0.1270103836871451 358
1694432867501 0.07185439686414327 359
1694432867518 0.06335935255590755 360
1694432867535 0.23088874744120316 361
1694432867552 0.08488377792397742 362
1694432867569 0.15319038591570858 363
1694432867586 0.1289598147650234 364
1694432867604 0.12349224130751386 365
1694432867620 0.07104094483165242 366
1694432867637 0.17417644073189334 367
1694432867655 0.15786646716673317 368
1694432867672 0.13067211193798772 369
1694432867690 0.10433717516453019 370
1694432867707 0.08621762964140799 371
1694432867723 0.12068597321226274 372
1694432867741 0.1167968066443241 373
1694432867758 0.08144775326978379 374
1694432867776 0.1254351368240715 375
1694432867795 0.23546215598082895 376
1694432867814 0.07804329617435792 377
1694432867834 0.09441622189264508 378
1694432867851 0.12854939486731734 379
1694432867869 0.13764034515742013 380
1694432867886 0.1769794609887025 381
1694432867903 0.18114122010338682 382
1694432867920 0.07382356446819197 383
1694432867937 0.10459203269176794 384
1694432867954 0.07880473465930567 385
1694432867972 0.13827208644956865 386
1694432867990 0.10055001135503847 387
1694432868007 0.10841998350692268 388
1694432868024 0.19927652858956307 389
1694432868041 0.06858961860810427 390
1694432868058 0.07463757780208223 391
1694432868075 0.14074068455763164 392
1694432868092 0.09180171896416744 393
1694432868109 0.13501078175695974 394
1694432868126 0.1330966291669311 395
1694432868144 0.05751528533777999 396
1694432868160 0.1574264381958072 397
1694432868178 0.181510516522835 398
1694432868196 0.06055164642642647 399
1694432868213 0.0956702697626969 400
1694432868230 0.11766743131062442 401
1694432868246 0.12972823544832982 402
1694432868263 0.0841410335052958 403
1694432868281 0.11323691326883603 404
1694432868298 0.17488577897576615 405
1694432868316 0.2563535822426381 406
1694432868333 0.1630798333489643 407
1694432868350 0.21900586287667217 408
1694432868367 0.10909923587843698 409
1694432868385 0.06453147479566732 410
1694432868403 0.08023302478118707 411
1694432868421 0.10990643607835812 412
1694432868438 0.08846555005026539 413
1694432868456 0.1649626103837332 414
1694432868473 0.14764317552112302 415
1694432868491 0.11580851431203643 416
1694432868508 0.13743698860301345 417
1694432868524 0.1831015726655291 418
1694432868541 0.13706457056997545 419
1694432868558 0.1891148617657154 420
1694432868575 0.03171030103765114 421
1694432868593 0.07384694838597079 422
1694432868610 0.15320007144129835 423
1694432868627 0.12264999091151721 424
1694432868644 0.06004288969662287 425
1694432868662 0.09316005934402828 426
1694432868680 0.07099841090333006 427
1694432868697 0.11699333088832956 428
1694432868714 0.10598584155682414 429
1694432868730 0.17674645186735294 430
1694432868748 0.1258697560455299 431
1694432868766 0.11315654058805681 432
1694432868783 0.29986062418601783 433
1694432868801 0.10500475749484053 434
1694432868818 0.17115586305724537 435
1694432868836 0.09288572480318291 436
1694432868853 0.21055650222228248 437
1694432868869 0.10474207287463691 438
1694432868886 0.06726696641271597 439
1694432868903 0.21771974633408703 440
1694432868920 0.1198566273154118 441
1694432868938 0.11568954045082788 442
1694432868956 0.1350656017396713 443
1694432868973 0.1664771491185946 444
1694432868991 0.0902758883096396 445
1694432869009 0.08764947392454596 446
1694432869026 0.11496141606433577 447
1694432869044 0.05310060765172082 448
1694432869061 0.09617492968646162 449
1694432869077 0.18715675250476188 450
1694432869095 0.0736503336630734 451
1694432869112 0.2778208563729722 452
1694432869129 0.15665551396170868 453
1694432869146 0.12793533125886455 454
1694432869163 0.16733386556423824 455
1694432869181 0.19257004518520823 456
1694432869198 0.03904721656763838 457
1694432869215 0.1364765269268438 458
1694432869233 0.05470677154492115 459
1694432869250 0.13123214400862487 460
1694432869267 0.06207179449440874 461
1694432869284 0.827775016508806 462
1694432869302 0.1029463296575307 463
1694432869319 0.03637478924298394 464
1694432869336 0.0976328628228654 465
1694432869352 0.19869320673318663 466
1694432869369 0.14117672850977864 467
1694432869387 0.05275304818102811 468
1694432869405 0.09034857145215171 469
1694432869422 0.07952837029968167 470
1694432869439 0.19383379990972283 471
1694432869457 0.15937998195314393 472
1694432869473 0.0849670093089733 473
1694432869490 0.14390175651718096 474
1694432869507 0.2790976031388071 475
1694432869524 0.12259717231562695 476
1694432869542 0.07818128478429327 477
1694432869559 0.07768476432857922 478
1694432869576 0.15499065184154545 479
1694432869595 0.08679721104270668 480
1694432869614 0.08763590887295006 481
1694432869631 0.03714031127600969 482
1694432869648 0.11597078554739072 483
1694432869665 0.1236108286493642 484
1694432869683 0.2520442693591497 485
1694432869701 0.04143677638945053 486
1694432869717 0.035447603687687554 487
1694432869735 0.13317605477780484 488
1694432869751 0.09662705049269059 489
1694432869769 0.10094619413483087 490
1694432869787 0.057207853154118214 491
1694432869804 0.10772298208191512 492
1694432869821 0.1292748968300385 493
1694432869838 0.13381587336403133 494
1694432869855 0.1883167268700471 495
1694432869872 0.10454367132596956 496
1694432869889 0.18264333762725077 497
1694432869907 0.05774861972510036 498
1694432869924 0.11544313220372707 499
