1694437885603 87.94897984536674 0
1694437885677 48.380989082957356 1
1694437885762 22.487209676547216 2
1694437885858 8.097260624436275 3
1694437885935 5.885640648344807 4
1694437886005 2.5165629049848093 5
1694437886084 1.5787894836926162 6
1694437886174 1.6683811347765465 7
1694437886279 1.4646407419430225 8
1694437886366 0.23169617951094992 9
1694437886448 0.8964849128933722 10
1694437886523 0.4374583004767754 11
1694437886599 0.006233653685942077 12
1694437886674 0.15203287191315693 13
1694437886754 0.007799154613360354 14
1694437886829 0.05446492937239285 15
1694437886905 0.2951906197318504 16
1694437886979 0.09910860638377518 17
1694437887058 0.021020777228905912 18
1694437887146 0.014587873491841373 19
1694437887237 0.009765548705512227 20
1694437887307 0.08611891181737914 21
1694437887385 0.010855260513378063 22
1694437887456 0.0024274366808830733 23
1694437887531 0.007076240491998987 24
1694437887609 0.4884622795502112 25
1694437887680 0.16162537489883597 26
1694437887752 0.0007866077541016415 27
1694437887823 0.06398955273072321 28
1694437887894 0.0032072464293056505 29
1694437887966 0.03947109530691929 30
1694437888048 0.05702873305414404 31
1694437888119 0.022240801262874966 32
1694437888188 0.015115603662839441 33
1694437888260 0.5687862621282546 34
1694437888331 0.015964763459740766 35
1694437888405 0.10335228192487206 36
1694437888493 0.03919805697106228 37
1694437888564 0.04967004527097548 38
1694437888634 0.2193951339372277 39
1694437888708 0.010634836869437572 40
1694437888781 0.01692167263895932 41
1694437888856 0.045533202429651864 42
1694437888928 0.02630223714981021 43
1694437889008 0.020121995949462342 44
1694437889081 0.44408393892071946 45
1694437889151 0.1172760917613133 46
1694437889224 0.024685692941807804 47
1694437889297 0.001304719472456163 48
1694437889366 0.0033127317356624517 49
1694437889438 0.16480142600442613 50
1694437889508 0.023040753559976004 51
1694437889590 0.02679343232790488 52
1694437889664 0.2792026075623433 53
1694437889743 1.3663110791840353e-06 54
1694437889821 0.17557480448101262 55
1694437889892 0.0017453577509893034 56
1694437889962 0.2057493288916006 57
1694437890032 0.04282358935836434 58
1694437890106 0.16027893326872528 59
1694437890177 0.00023266191327587585 60
1694437890257 0.018336437307651082 61
1694437890329 0.21324380117423422 62
1694437890398 0.0688206719814323 63
1694437890477 0.17874898460210015 64
1694437890551 0.07620731306496312 65
1694437890624 0.003016900414014267 66
1694437890695 0.04679719451161982 67
1694437890774 0.0781801469476488 68
1694437890847 0.08765299058812574 69
1694437890917 0.015358297996478828 70
1694437890988 0.05437458570082609 71
1694437891060 0.1032091867953781 72
1694437891132 0.03986827801026596 73
1694437891213 0.003137721605820702 74
1694437891300 0.052147270789916496 75
1694437891375 0.03701191567098908 76
1694437891457 0.00025026375856600707 77
1694437891532 0.009997768644221899 78
1694437891606 0.034614175709544295 79
1694437891683 0.009195648518319754 80
1694437891760 0.0030774338999099865 81
1694437891835 0.0014348036608571233 82
1694437891907 0.03535372285109467 83
1694437891977 0.007358161167250248 84
1694437892050 0.011706740844671966 85
1694437892119 0.0006514314843691646 86
1694437892190 0.05172664618387268 87
1694437892261 0.0036349593684168228 88
1694437892334 0.0008231937341496955 89
1694437892406 0.05668250471419059 90
1694437892477 0.06578916240911976 91
1694437892554 0.0068896594865072314 92
1694437892626 0.09390517231028798 93
1694437892698 0.000659210312187355 94
1694437892769 0.13035164017109055 95
1694437892842 0.2096225393962035 96
1694437892912 0.01151855861514152 97
1694437892982 0.46562197516938547 98
1694437893052 3.817169248400556e-05 99
1694437893122 0.13240537942912753 100
1694437893191 0.09983500434108437 101
1694437893263 0.14439413628292294 102
1694437893333 0.002102372609606487 103
1694437893402 0.0031340580090190367 104
1694437893471 0.0028945289412696047 105
1694437893542 0.0010236570286232857 106
1694437893612 0.3028004621956271 107
1694437893683 0.10102854059801628 108
1694437893757 0.08950787537334091 109
1694437893833 0.055844129052195476 110
1694437893905 0.003555122418350227 111
1694437893980 0.0820854307875822 112
1694437894056 0.0038630938306610627 113
1694437894128 0.8762237740375645 114
1694437894200 0.019320599542002725 115
1694437894277 0.3385585059582926 116
1694437894347 0.46042873038692234 117
1694437894425 0.008653410946358697 118
1694437894508 0.06996631855472252 119
1694437894588 0.003539157815140234 120
1694437894659 0.051017068448292 121
1694437894729 0.18298952841614483 122
1694437894804 0.20268447292430625 123
1694437894875 0.10049669441960143 124
1694437894945 1.1247020020077847 125
1694437895016 0.18181477347911765 126
1694437895085 0.015212961904957634 127
1694437895157 0.2794237343305097 128
1694437895235 0.06575733218696982 129
1694437895310 1.510999323884389 130
1694437895387 0.0029507958904785793 131
1694437895464 0.12321482532211406 132
1694437895533 0.045074873814165244 133
1694437895604 0.47950565367653536 134
1694437895675 0.04082430872933813 135
1694437895746 0.006230545591086999 136
1694437895816 0.0845366610804485 137
1694437895887 0.009955326428846712 138
1694437895958 0.009279036973710023 139
1694437896029 0.015461325489831038 140
1694437896111 0.0006229237560950728 141
1694437896186 0.008848494728914257 142
1694437896262 0.038062087769280425 143
1694437896336 1.3415607397357104e-07 144
1694437896408 0.22416303070377142 145
1694437896478 0.01214760443823772 146
1694437896552 0.07993333700438618 147
1694437896622 0.0042241243415307005 148
1694437896697 0.04280338078439436 149
1694437896772 0.037208779837979766 150
1694437896852 0.020719953728464687 151
1694437896925 0.07700972103349306 152
1694437896996 0.03727417042619429 153
1694437897070 0.12817061982051936 154
1694437897141 0.023837614564003937 155
1694437897209 0.2277647749425533 156
1694437897280 0.3868817834064106 157
1694437897348 0.0012305658983675157 158
1694437897421 0.02366515655901518 159
1694437897503 0.16522741272479333 160
1694437897579 0.018691666663159575 161
1694437897652 0.03274577420169961 162
1694437897724 0.0012628118692572833 163
1694437897807 0.3956432171092399 164
1694437897879 0.003300054172324234 165
1694437897947 0.16168684653863657 166
1694437898017 0.04531820274964477 167
1694437898089 0.014266593811496678 168
1694437898160 0.061293436858855785 169
1694437898229 0.28357533170082594 170
1694437898299 0.21960640894321798 171
1694437898369 0.012647146023132874 172
1694437898441 0.0015830440720833105 173
1694437898522 0.07568676379027599 174
1694437898606 0.47772065046807255 175
1694437898679 0.031970686272157676 176
1694437898747 0.3822324111731948 177
1694437898819 0.04022011378756262 178
1694437898901 0.0036245071137581595 179
1694437898976 0.1371855511574509 180
1694437899046 0.0005148577243207632 181
1694437899114 0.04037771794559366 182
1694437899185 9.926095043269745e-05 183
1694437899263 0.020409940187891433 184
1694437899342 0.031494990362615 185
1694437899411 0.09479009002231903 186
1694437899482 0.0029188153787211525 187
1694437899552 0.030648397387364322 188
1694437899628 0.003610050535611185 189
1694437899706 0.09595321633754406 190
1694437899790 0.00014158197559060467 191
1694437899866 0.10060523491108395 192
1694437899938 0.02723246673360878 193
1694437900015 0.1568858503297377 194
1694437900098 0.028750953314404602 195
1694437900168 0.06229757613943651 196
1694437900239 0.007960266383673321 197
1694437900318 0.0018260336742180103 198
1694437900394 6.070323388269993e-06 199
1694437900470 0.040724050427470584 200
1694437900545 0.04056469802081959 201
1694437900646 0.08697773403888386 202
1694437900754 0.008735482620750735 203
1694437900861 0.09345902579666922 204
1694437900947 0.10693953671370912 205
1694437901061 0.45793826138406246 206
1694437901149 0.08894634598699713 207
1694437901238 0.01128103790245946 208
1694437901333 0.05245387326826336 209
1694437901426 0.0001748494645252786 210
1694437901517 0.0019471657985556717 211
1694437901610 0.0268655255198718 212
1694437901702 0.1343258523833504 213
1694437901797 0.21963169919101758 214
1694437901886 0.06175318356257169 215
1694437901966 0.020909664591783804 216
1694437902041 0.2719582900064598 217
1694437902118 0.025536431175581308 218
1694437902205 0.6085202578926999 219
1694437902288 0.018469585809006456 220
1694437902374 0.000152056554101042 221
1694437902464 0.0033467181136244807 222
1694437902555 0.003397935749635594 223
1694437902634 0.0033180943433089227 224
1694437902713 0.08163628141765686 225
1694437902786 0.016740685090348036 226
1694437902860 0.027034262389582765 227
1694437902931 0.14445074077500955 228
1694437903004 0.0998304462786793 229
1694437903078 0.06010950855865054 230
1694437903150 0.1502455842484189 231
1694437903218 0.08914469775387233 232
1694437903291 0.15897836690367578 233
1694437903369 0.015711217530301698 234
1694437903438 0.026986529270354852 235
1694437903511 0.6086180819440069 236
1694437903584 0.15600690833383213 237
1694437903659 0.03142319662614421 238
1694437903728 0.2754379482365732 239
1694437903800 0.47478869815640556 240
1694437903872 0.027130879335654327 241
1694437903943 0.14719916056175394 242
1694437904013 0.000488364979748083 243
1694437904087 0.15804915299366154 244
1694437904159 0.03492590502694374 245
1694437904232 0.02549064978950163 246
1694437904303 0.19723504090607374 247
1694437904375 0.032166473589789246 248
1694437904446 0.0046601405543075045 249
1694437904517 0.022479800865093675 250
1694437904588 0.13250353414966604 251
1694437904660 0.06632992214039608 252
1694437904739 0.12468198302992319 253
1694437904811 0.2055121894356878 254
1694437904885 0.39639161447487836 255
1694437904956 0.014596877881182123 256
1694437905025 0.001213641534238387 257
1694437905098 0.02548061080246935 258
1694437905171 0.011327704162871459 259
1694437905242 0.16194358839430198 260
1694437905313 0.014885209281532603 261
1694437905386 0.07449589144059819 262
1694437905456 0.145154042492483 263
1694437905527 0.013972209459109377 264
1694437905605 0.0006892922850888967 265
1694437905675 0.07871020831970515 266
1694437905747 0.0945850581580602 267
1694437905818 0.11630254483290757 268
1694437905890 0.026744794122998378 269
1694437905960 0.1889194786495789 270
1694437906032 0.18036083729983762 271
1694437906106 0.04658537629613943 272
1694437906177 0.41000658860029404 273
1694437906247 0.00011510851037399275 274
1694437906317 0.30388981935864345 275
1694437906386 0.4900004402945438 276
1694437906459 0.05369638997787282 277
1694437906530 0.2705007276234092 278
1694437906601 0.19838402235424452 279
1694437906675 0.05675761696662837 280
1694437906746 2.082428681458367e-05 281
1694437906818 0.08697780622764209 282
1694437906889 0.010269417986881862 283
1694437906959 0.05095521760029123 284
1694437907029 0.11178394244821344 285
1694437907102 0.046557580117005525 286
1694437907172 0.04997408262446592 287
1694437907248 7.202371901236635e-06 288
1694437907321 0.35104359355343884 289
1694437907391 0.011593747968691564 290
1694437907462 0.6837184309683526 291
1694437907533 0.003057322785126069 292
1694437907607 0.049903179107579215 293
1694437907676 0.18741117016317127 294
1694437907751 0.06644922613459982 295
1694437907824 0.018129053791706495 296
1694437907897 0.002013775009499154 297
1694437907968 0.03440670678059246 298
1694437908041 0.021858551555969743 299
1694437908119 0.00021463493051969657 300
1694437908190 0.0062403607457794065 301
1694437908262 0.047679999702487624 302
1694437908333 0.04800425918439099 303
1694437908407 5.90451775065502e-05 304
1694437908478 0.11496311514614439 305
1694437908551 0.050830404190898 306
1694437908624 0.07106317891402278 307
1694437908703 0.17319740476203532 308
1694437908774 0.027055361709115634 309
1694437908846 0.0953626109953557 310
1694437908918 0.015329469321435914 311
1694437908995 0.16919693850727358 312
1694437909065 0.3705873390873625 313
1694437909137 0.0021003534803473705 314
1694437909211 0.015528646416399835 315
1694437909281 0.008256560564298885 316
1694437909357 0.016820481474184457 317
1694437909429 0.00573634657777348 318
1694437909503 0.02077442754997394 319
1694437909573 0.2769819329871466 320
1694437909643 0.056533139420473305 321
1694437909719 0.269035603778186 322
1694437909790 0.04327363819082741 323
1694437909863 0.10531413052006579 324
1694437909936 0.08316492120039504 325
1694437910009 0.022655015967717112 326
1694437910079 0.011327897835346677 327
1694437910150 0.18069343866996232 328
1694437910226 0.006440441576726141 329
1694437910296 0.019051991581485905 330
1694437910370 0.040166111009159705 331
1694437910442 0.06141170154491502 332
1694437910512 0.031469039810009966 333
1694437910583 0.0020486181853614917 334
1694437910662 0.051693396290503534 335
1694437910735 0.0009003186825933656 336
1694437910809 0.07703652006122977 337
1694437910883 0.03259340788864244 338
1694437910956 0.010144872603055684 339
1694437911026 0.0027236909656785722 340
1694437911100 0.0006649952224136839 341
1694437911174 0.00977448805176299 342
1694437911247 0.03942170792600808 343
1694437911323 0.017903466915774487 344
1694437911395 0.1378418926882885 345
1694437911469 0.012626372224347012 346
1694437911544 0.009260691201622777 347
1694437911621 0.004487096412772182 348
1694437911694 0.2904385888979544 349
1694437911767 0.0067908492426704565 350
1694437911845 0.0009349988754857091 351
1694437911919 0.0008519406567890487 352
1694437911988 0.006419195432302589 353
1694437912072 0.015481281712288526 354
1694437912148 0.0014344727639238476 355
1694437912225 0.020482019337213053 356
1694437912298 0.13633886793394726 357
1694437912378 0.003049839448263122 358
1694437912453 0.1827538809154734 359
1694437912528 0.016202416681856388 360
1694437912601 0.0019885729838879135 361
1694437912680 0.002356704235797401 362
1694437912750 0.0013813193086927554 363
1694437912845 0.1451640694033918 364
1694437912937 0.012918405636819126 365
1694437913027 0.12966967977350125 366
1694437913121 0.039264424765362564 367
1694437913234 0.007908859789310227 368
1694437913345 0.004807944159640954 369
1694437913431 0.4687764608114313 370
1694437913513 0.005887711143956454 371
1694437913599 0.02043650328930164 372
1694437913670 0.07150543631373436 373
1694437913746 0.2495614536375822 374
1694437913815 1.4216798291540265 375
1694437913887 0.0021266230716100953 376
1694437913960 0.2847708151305386 377
1694437914030 0.0304849542220682 378
1694437914101 0.06115819452718026 379
1694437914170 0.21043120869028237 380
1694437914243 0.6081906088027482 381
1694437914312 0.0832397052510498 382
1694437914381 0.003639620661459105 383
1694437914456 0.11558268847925081 384
1694437914526 0.12037007364925802 385
1694437914595 0.04290002213640391 386
1694437914668 0.03183738071044779 387
1694437914744 0.30146970133222206 388
1694437914814 0.11497735617732889 389
1694437914891 0.30443824960995686 390
1694437914991 0.05970118167745749 391
1694437915106 0.0007955601749985036 392
1694437915186 0.050818003236250506 393
1694437915263 0.14248340859764919 394
1694437915336 0.05745715065852263 395
1694437915405 0.32372151376002745 396
1694437915478 0.01936598356583401 397
1694437915553 0.03825669499206159 398
1694437915635 0.5195876248523557 399
1694437915706 0.08896621718028035 400
1694437915781 0.005573506903857446 401
1694437915853 0.008212282961851535 402
1694437915922 1.298028986100752e-05 403
1694437915991 0.21100416634490324 404
1694437916061 0.13097396664049657 405
1694437916131 0.02190231284801176 406
1694437916209 0.00826414371951059 407
1694437916279 0.6315551886096881 408
1694437916351 0.0010864631533150965 409
1694437916420 0.0004179589350277964 410
1694437916492 0.00686377379126878 411
1694437916560 0.0036111208548131003 412
1694437916634 0.09804133614134557 413
1694437916714 0.10240303651952166 414
1694437916786 0.01519824567480841 415
1694437916858 0.04249517930424192 416
1694437916927 0.018164711969879406 417
1694437916997 0.047429971229557735 418
1694437917070 0.00028671511286117813 419
1694437917139 0.0006140191668978157 420
1694437917210 0.03117606077946853 421
1694437917283 0.6699493104996255 422
1694437917352 0.0779277649207897 423
1694437917421 0.07943329956813384 424
1694437917499 0.0005567806259898455 425
1694437917578 0.046559425070436075 426
1694437917648 0.09150423129446944 427
1694437917719 0.0009653481789179643 428
1694437917790 0.0018579666446665393 429
1694437917862 0.21201426906061446 430
1694437917930 0.22469390567995592 431
1694437918003 0.04241351461968259 432
1694437918074 0.004523788527916282 433
1694437918142 0.004956135884333235 434
1694437918212 0.044166433346162264 435
1694437918282 0.012460798125796023 436
1694437918356 0.05633231673589613 437
1694437918427 0.48193159552754816 438
1694437918496 0.2410047288920401 439
1694437918568 0.1696097679402338 440
1694437918638 0.014347506439636212 441
1694437918720 0.2118114207708166 442
1694437918794 0.058916601619964135 443
1694437918865 0.4055080462855366 444
1694437918935 0.12185419439072943 445
1694437919006 0.05673282785922171 446
1694437919077 0.08457954939478292 447
1694437919145 0.0028830493940655453 448
1694437919219 0.3034559292143681 449
1694437919292 0.07057053454722338 450
1694437919360 0.06604026539147324 451
1694437919432 0.08968910303453638 452
1694437919503 0.027660948769071672 453
1694437919574 0.03925851512414258 454
1694437919644 0.002673822549865676 455
1694437919717 0.16072396531596483 456
1694437919788 0.00028767233845174893 457
1694437919858 0.04289417041029891 458
1694437919928 0.0003949985570705458 459
1694437920002 0.020135529233743017 460
1694437920090 0.6101734066513324 461
1694437920168 0.06171493893718678 462
1694437920239 0.0037914010759307897 463
1694437920309 0.04846904366709274 464
1694437920378 0.5065575117562232 465
1694437920448 0.019964951214339402 466
1694437920519 0.04370603744445014 467
1694437920590 0.04256418774360815 468
1694437920658 0.611146104726975 469
1694437920730 0.0049740408388682525 470
1694437920806 0.035305447524124296 471
1694437920879 0.1522841605412473 472
1694437920950 0.002057121506016384 473
1694437921022 0.45397646338786146 474
1694437921095 0.024234914672387774 475
1694437921164 0.16900379410512778 476
1694437921235 0.015207054346869586 477
1694437921306 0.001981713878704637 478
1694437921376 0.0012152630181359353 479
1694437921446 0.001444199740483148 480
1694437921521 0.08983292691975923 481
1694437921605 0.00024018107990233367 482
1694437921678 0.272072202062542 483
1694437921752 0.03239587259576617 484
1694437921833 0.02052874594703154 485
1694437921911 0.013762416715082736 486
1694437922001 0.0016937702779468659 487
1694437922106 0.00014777346339225984 488
1694437922193 0.048063019067400126 489
1694437922281 0.006170418335814779 490
1694437922364 0.006157233862997216 491
1694437922440 0.24875432175001988 492
1694437922519 0.025137037690109602 493
1694437922609 0.045185971857015166 494
1694437922686 0.006700517199056009 495
1694437922796 0.029339913042242722 496
1694437922906 0.0033293017095975654 497
1694437923002 0.01397735839444101 498
1694437923076 0.5860322965745932 499
