1694432931449 0.03906108116419908 0
1694432931520 0.01152014763404921 1
1694432931593 0.10442894522991314 2
1694432931661 0.19447509132480598 3
1694432931730 0.16432343454651008 4
1694432931800 0.02631419380295511 5
1694432931871 0.04857901545647248 6
1694432931942 0.06668491633278929 7
1694432932010 0.11605352758962369 8
1694432932080 0.0162031674916524 9
1694432932150 0.006915657541040205 10
1694432932218 0.01617588966426548 11
1694432932287 0.0671806829411706 12
1694432932355 0.033571821722021875 13
1694432932423 0.13151989951485507 14
1694432932492 0.006164095404079599 15
1694432932560 0.03143856732302171 16
1694432932629 0.39215340913076346 17
1694432932698 0.14671623993137736 18
1694432932766 0.06889678349529428 19
1694432932837 0.0023363768187642598 20
1694432932905 0.136090489075234 21
1694432932974 0.28823210562187485 22
1694432933043 0.06954428722299232 23
1694432933112 0.1381929775014113 24
1694432933181 0.011521792433155957 25
1694432933250 0.23791674583693193 26
1694432933316 0.022704850427248822 27
1694432933384 0.0013678904308871696 28
1694432933453 0.007229919895854446 29
1694432933521 0.36994021458122733 30
1694432933590 0.004048850903956445 31
1694432933658 0.4412651578212876 32
1694432933729 5.0246171066087034e-06 33
1694432933799 0.04757961061690089 34
1694432933867 0.0012379565605712417 35
1694432933937 0.07073571572163494 36
1694432934007 0.04404733284654662 37
1694432934075 0.00025328343931035495 38
1694432934144 0.014376297597580587 39
1694432934213 0.00030269764436671156 40
1694432934281 0.05819161351675208 41
1694432934349 0.025551880798189507 42
1694432934419 0.0922879203374733 43
1694432934487 0.0036708243963366857 44
1694432934555 0.00022024526324005997 45
1694432934623 6.8641478499405525e-06 46
1694432934691 0.00738068830963992 47
1694432934759 0.012018818236061032 48
1694432934828 0.16748023292659797 49
1694432934896 0.05327235822447789 50
1694432934965 0.015262527689719151 51
1694432935034 0.0272409261377368 52
1694432935102 0.04180781297456394 53
1694432935171 0.07144721979214604 54
1694432935240 0.17645326947440276 55
1694432935309 0.3007753073497452 56
1694432935377 0.0671378684381299 57
1694432935445 0.1809649331561199 58
1694432935513 0.07132573583123616 59
1694432935581 0.05668534098140088 60
1694432935651 0.10187812235913483 61
1694432935719 0.2962041849837487 62
1694432935788 0.002361434815164186 63
1694432935856 0.09863429174588888 64
1694432935925 0.050727574322576886 65
1694432935992 0.24008798365884326 66
1694432936061 0.0005661661419955348 67
1694432936129 0.031456283765327275 68
1694432936198 0.15742870337217793 69
1694432936266 0.06875921430798367 70
1694432936333 0.1634859192084233 71
1694432936401 0.9176682960958693 72
1694432936474 0.4056550492069793 73
1694432936543 0.003562713499446307 74
1694432936611 0.0022003715142908907 75
1694432936679 0.0996479008792685 76
1694432936747 0.09245493093338865 77
1694432936816 0.19681198700532976 78
1694432936886 0.028509845167892317 79
1694432936954 0.1894755421770993 80
1694432937022 0.053328539183975704 81
1694432937091 1.208495716086129e-07 82
1694432937158 0.002619749899468204 83
1694432937227 0.16960503745990269 84
1694432937295 0.0818283882715937 85
1694432937364 0.0021801128976417063 86
1694432937434 0.04979345457605961 87
1694432937501 0.4753443980972776 88
1694432937569 0.00023160890201370105 89
1694432937639 0.32323628715426816 90
1694432937708 0.034582631081362045 91
1694432937777 0.058895713862325345 92
1694432937844 0.21325260500420407 93
1694432937914 0.0005045057588435029 94
1694432937982 0.03727409998886181 95
1694432938050 0.0014757550727715319 96
1694432938121 0.0003487758277198847 97
1694432938192 0.21575907379018566 98
1694432938260 0.0027412129204599906 99
1694432938329 0.0004103127986319613 100
1694432938396 0.16730394544477575 101
1694432938466 0.424719211540072 102
1694432938535 0.0070623448565441055 103
1694432938603 0.031221978139383225 104
1694432938672 0.018351335593550355 105
1694432938740 0.0431608797763446 106
1694432938809 0.003485123962343476 107
1694432938878 0.08471963182048162 108
1694432938946 0.08264668688340118 109
1694432939015 0.24331755102475278 110
1694432939082 0.0028148994022697666 111
1694432939153 0.049702155269769316 112
1694432939221 0.046498266626191095 113
1694432939290 0.0009606053535022042 114
1694432939358 0.024189311572240465 115
1694432939426 0.07920595370225049 116
1694432939495 0.013213907571112281 117
1694432939563 0.06706714908933993 118
1694432939631 0.019756390429980192 119
1694432939699 0.0810394184951248 120
1694432939767 0.11405800541155511 121
1694432939837 9.012975960026092e-10 122
1694432939906 0.00032187745821463316 123
1694432939974 0.0006604495012532131 124
1694432940043 0.11398034395240719 125
1694432940112 0.0512684395591601 126
1694432940182 0.05196258395511149 127
1694432940250 0.1042081114529765 128
1694432940318 0.15795064237119671 129
1694432940387 0.18249128575187792 130
1694432940455 0.1999030178498284 131
1694432940523 0.006642478550737752 132
1694432940592 0.001735911386438006 133
1694432940660 0.44819696512211404 134
1694432940728 0.18871975519181297 135
1694432940798 0.27372718420495606 136
1694432940866 0.004309813444786995 137
1694432940935 0.16064850491040988 138
1694432941002 0.055855178186867034 139
1694432941070 0.2763106162812283 140
1694432941138 0.007720460732997187 141
1694432941206 0.020391679291481078 142
1694432941273 0.159460071136584 143
1694432941342 0.5787101729197028 144
1694432941409 0.0660045064571181 145
1694432941480 0.009771642966060527 146
1694432941548 0.1271345219163422 147
1694432941616 1.378338382306394 148
1694432941683 1.1119856711485048 149
1694432941751 0.03209844193013413 150
1694432941817 0.39317257604332 151
1694432941886 0.5543585012934852 152
1694432941953 0.6471320869040275 153
1694432942021 0.1081721425415043 154
1694432942089 0.16277126329108116 155
1694432942155 0.023130659240504694 156
1694432942222 0.054905864135765606 157
1694432942290 0.0011454416972134823 158
1694432942358 0.021483503325377167 159
1694432942432 0.052566367630218006 160
1694432942499 0.045866856479376036 161
1694432942568 0.22111696869581296 162
1694432942635 0.000324412392625021 163
1694432942704 0.013367741270668665 164
1694432942772 0.024871756341608993 165
1694432942841 0.10989427904502241 166
1694432942908 0.006280509086541936 167
1694432942975 0.26934945191578846 168
1694432943043 9.75053741083502e-05 169
1694432943111 0.020513005276454686 170
1694432943179 0.004588372916615123 171
1694432943247 0.035412798629271165 172
1694432943315 0.1410739337268833 173
1694432943384 0.186577091577749 174
1694432943451 0.051018569631533416 175
1694432943518 0.019642959773301855 176
1694432943586 0.23874015474972726 177
1694432943654 0.0004583286554617771 178
1694432943721 0.026556236739348933 179
1694432943789 0.062121081316393996 180
1694432943858 0.4246796601271714 181
1694432943924 0.044619401577747075 182
1694432943991 0.01335877385751348 183
1694432944060 0.03367550005306372 184
1694432944128 0.023856956159148783 185
1694432944196 0.03239610249711723 186
1694432944263 0.1955484079420854 187
1694432944330 0.005947270872346263 188
1694432944398 0.008697240857429149 189
1694432944465 0.04281584186292651 190
1694432944534 0.9021771209959527 191
1694432944601 0.05989569738354625 192
1694432944670 0.020863391838770732 193
1694432944737 0.004299407952413172 194
1694432944805 0.012325366760811802 195
1694432944873 0.0700781823322723 196
1694432944941 0.032603410470259934 197
1694432945008 0.24505933276523872 198
1694432945076 0.0005494995055651338 199
1694432945143 0.15817505626088735 200
1694432945212 0.10981045261141757 201
1694432945280 0.38297136999572395 202
1694432945347 0.059262214927457944 203
1694432945416 0.03666398639154615 204
1694432945483 0.15643829275729107 205
1694432945550 0.0009251205296619542 206
1694432945620 0.011273587048194747 207
1694432945689 0.0038927936845555857 208
1694432945757 0.011981519159326763 209
1694432945824 0.29422484890259837 210
1694432945893 0.00021007228568732387 211
1694432945961 0.001276820776518704 212
1694432946029 0.004788851202240006 213
1694432946097 1.0824701324467336 214
1694432946164 0.028181159190252488 215
1694432946233 0.03234946859085525 216
1694432946301 0.1788635830307456 217
1694432946368 0.03000917130970525 218
1694432946437 0.026533509588625062 219
1694432946504 0.13511958447856348 220
1694432946572 0.14829305990431044 221
1694432946639 0.0029599508522744045 222
1694432946709 0.04531922153292185 223
1694432946775 0.015964208927565213 224
1694432946845 0.2339673586369001 225
1694432946913 0.0738306018202739 226
1694432946979 0.04772441886552157 227
1694432947049 0.009882129067776742 228
1694432947116 0.04501850121105968 229
1694432947183 0.015169298470908968 230
1694432947251 0.16381375025470163 231
1694432947319 0.11622495737362921 232
1694432947387 0.0014420152789955544 233
1694432947455 0.08855970721787708 234
1694432947523 0.03566491769839832 235
1694432947591 0.046728442137593654 236
1694432947658 0.03161486102791557 237
1694432947726 0.2573212596167562 238
1694432947794 0.00029381900513002966 239
1694432947862 0.0007865989491248487 240
1694432947930 0.00010515535031736189 241
1694432947997 0.006424723563148758 242
1694432948064 0.01417514085139108 243
1694432948132 0.003334433702438856 244
1694432948198 0.02096808925043561 245
1694432948266 0.0007570927549944804 246
1694432948334 0.09229579877546779 247
1694432948403 0.0361616571397706 248
1694432948471 0.17323950763967372 249
1694432948540 0.014846200557479839 250
1694432948607 0.06468625482858834 251
1694432948675 0.1794601729195106 252
1694432948743 0.005148885673584814 253
1694432948811 0.037844586290194125 254
1694432948879 0.07065735683773515 255
1694432948948 0.019395874547509184 256
1694432949016 0.2078024603486307 257
1694432949084 0.0031670348299034146 258
1694432949151 0.15984916818001846 259
1694432949219 0.0021231223989383106 260
1694432949287 0.014517192715920647 261
1694432949355 0.037227325297918154 262
1694432949422 0.0007777729021990922 263
1694432949489 0.20433876703152742 264
1694432949557 0.22212686017722447 265
1694432949626 0.8551670626669097 266
1694432949693 0.0013730620495647863 267
1694432949761 0.029358073087021173 268
1694432949829 0.29648655279220415 269
1694432949898 0.0008541599664583266 270
1694432949966 0.056856059524223 271
1694432950035 0.06203012608836284 272
1694432950104 0.017607684486521398 273
1694432950172 0.3262536172319168 274
1694432950240 0.018482241804971114 275
1694432950309 0.640519660996516 276
1694432950377 0.07081511969625146 277
1694432950444 0.006202922472557545 278
1694432950513 0.006425640136766663 279
1694432950580 0.0437050585951205 280
1694432950649 0.019296763916325083 281
1694432950716 0.0730145127582936 282
1694432950783 0.7199383860086929 283
1694432950851 0.008024129473554218 284
1694432950920 0.018659743693860115 285
1694432950987 0.02370559646999199 286
1694432951056 0.052730454295452873 287
1694432951123 0.021673952059384567 288
1694432951192 0.05283008110484869 289
1694432951261 0.4301031122395051 290
1694432951328 0.06921909397001155 291
1694432951397 0.13619077839605895 292
1694432951465 0.34801952019984095 293
1694432951534 0.015721523734860895 294
1694432951603 0.7141557937407212 295
1694432951670 0.0032152917422730914 296
1694432951739 0.47498160362775166 297
1694432951807 0.07142369580017155 298
1694432951874 1.7920370103878793 299
1694432951943 0.0181071525656055 300
1694432952011 0.4159616951816611 301
1694432952078 0.2749621029904294 302
1694432952146 0.06962131945598359 303
1694432952215 0.5747129810050978 304
1694432952284 0.021339180608324352 305
1694432952353 0.029826045371129758 306
1694432952421 0.07936788737233624 307
1694432952489 0.11295372839561772 308
1694432952559 0.2777240729332452 309
1694432952628 0.05746887049438253 310
1694432952702 0.05614572476532898 311
1694432952772 0.4070332594145163 312
1694432952840 0.02658318814892682 313
1694432952909 0.1474785823062973 314
1694432952976 0.025055564270019946 315
1694432953046 0.7132956073161102 316
1694432953115 0.00010026097900491314 317
1694432953185 0.01659930337304347 318
1694432953254 0.0014011799759326646 319
1694432953321 0.631659945936224 320
1694432953389 0.09294330193767485 321
1694432953458 0.41696328111061287 322
1694432953527 0.0409255766876539 323
1694432953597 0.05771410893902203 324
1694432953665 0.5183742110057845 325
1694432953734 0.08007168910181565 326
1694432953802 0.12790257653534187 327
1694432953871 0.020346206561290932 328
1694432953939 0.2261042329780237 329
1694432954007 0.07000215101342927 330
1694432954076 0.096596983621638 331
1694432954145 0.011382342555300429 332
1694432954212 0.6508736188903015 333
1694432954281 0.6476855990838172 334
1694432954349 0.3921395893809099 335
1694432954418 0.5290773025515599 336
1694432954486 0.10203835696503523 337
1694432954557 0.013368877465919917 338
1694432954626 0.012801018617230833 339
1694432954693 0.007316193551642508 340
1694432954761 0.0025475681838930493 341
1694432954830 0.0003199892440959168 342
1694432954897 0.051621725809501445 343
1694432954965 0.03724123268162972 344
1694432955033 0.0016248160527329199 345
1694432955101 0.03755534104688664 346
1694432955169 0.027637066077313654 347
1694432955240 0.04092253298817734 348
1694432955307 0.32142825967593075 349
1694432955376 0.4618581068315345 350
1694432955444 0.011941159034681048 351
1694432955512 0.00727530183895983 352
1694432955581 0.09503319179346247 353
1694432955649 0.12118951499573051 354
1694432955717 0.1244096366775011 355
1694432955786 0.2435563308087591 356
1694432955854 0.3506861186964945 357
1694432955922 7.414982642706494e-05 358
1694432955990 0.0032302990712346036 359
1694432956058 0.031009659201426683 360
1694432956126 0.0652546944717389 361
1694432956196 0.02180959620921265 362
1694432956263 0.0010675373222649202 363
1694432956332 0.006616170717627825 364
1694432956399 0.14904782115231843 365
1694432956466 0.07019249352132097 366
1694432956534 0.015084099764614072 367
1694432956604 0.310171047435379 368
1694432956672 0.03424933962398114 369
1694432956739 0.05894295143991341 370
1694432956808 0.07742221658373881 371
1694432956877 0.11250418271727132 372
1694432956947 0.05347018860421164 373
1694432957015 0.4070559000288436 374
1694432957085 0.09153358165090288 375
1694432957153 0.02191216052462059 376
1694432957222 0.06950794063632469 377
1694432957291 0.25310152530748126 378
1694432957358 0.1850005906405387 379
1694432957426 0.054178750440215494 380
1694432957495 0.36095195281430925 381
1694432957563 0.005434950533841874 382
1694432957631 0.8207766633656901 383
1694432957701 0.04410298911837371 384
1694432957768 0.004369994519479538 385
1694432957836 0.0145233833157788 386
1694432957906 0.17839008280246765 387
1694432957974 0.0008670496954770313 388
1694432958043 0.15413939489268286 389
1694432958112 0.031169701477041737 390
1694432958179 0.31963294848790197 391
1694432958248 0.0488192778081753 392
1694432958316 0.0031368563798206527 393
1694432958384 0.04256246552885402 394
1694432958452 0.02771086197466174 395
1694432958520 0.020300348911656663 396
1694432958589 0.02244612894650066 397
1694432958658 0.002895240057914332 398
1694432958726 0.07655986868198543 399
1694432958795 0.34495808798821637 400
1694432958862 0.005446895247443613 401
1694432958930 0.00044004257047487857 402
1694432958997 1.0655213040702813e-06 403
1694432959064 0.005180028099026351 404
1694432959133 0.04170673165281008 405
1694432959201 0.11205666047145352 406
1694432959268 0.25120361758471793 407
1694432959337 0.03664066000132732 408
1694432959405 0.16317370715930504 409
1694432959472 0.2770085187973484 410
1694432959542 0.4568296977505148 411
1694432959611 0.13637854677182742 412
1694432959678 0.023329072232492167 413
1694432959747 0.09984844457684369 414
1694432959817 0.029674596119784704 415
1694432959884 4.311507161584751e-06 416
1694432959953 0.0020190958496861615 417
1694432960021 0.03415743181794061 418
1694432960089 0.00022725228565388984 419
1694432960158 0.3033000974195461 420
1694432960226 0.29157721976411644 421
1694432960294 0.02186629640822239 422
1694432960363 0.0023603556866657553 423
1694432960431 0.02159284735436752 424
1694432960499 0.029397798877469034 425
1694432960566 0.0012290697013210311 426
1694432960635 0.015847195053139074 427
1694432960703 0.004655278760682831 428
1694432960772 0.015789137791538507 429
1694432960840 0.2880174357329686 430
1694432960908 0.0026592759995626627 431
1694432960976 0.11204566572664852 432
1694432961045 0.043326732133080206 433
1694432961113 0.004057020678446111 434
1694432961182 0.004745726758386386 435
1694432961250 0.008087484102033554 436
1694432961318 0.025863204914158434 437
1694432961386 0.0011011905402302214 438
1694432961454 0.08853261429700061 439
1694432961521 0.005773738233572727 440
1694432961590 0.11757495765879811 441
1694432961658 0.01675743125105879 442
1694432961727 0.07089389004245548 443
1694432961794 0.04829338084479501 444
1694432961862 0.1812005905538777 445
1694432961929 0.24337864879478838 446
1694432961997 0.008456611238857823 447
1694432962064 0.09945981126780284 448
1694432962132 0.04117299393996126 449
1694432962201 0.29604850922886916 450
1694432962269 0.014403639505029101 451
1694432962338 0.5781709294500533 452
1694432962406 0.0015580490589596275 453
1694432962474 0.6758295377542476 454
1694432962542 0.03235039250255933 455
1694432962609 0.2769544149083189 456
1694432962678 0.012056638790509892 457
1694432962747 0.001266524911909525 458
1694432962814 0.9688846860445847 459
1694432962883 0.00942531499115124 460
1694432962952 0.0634751568551892 461
1694432963019 0.05281286058095794 462
1694432963088 0.015085139248951517 463
1694432963155 6.790163854878592e-05 464
1694432963222 0.329809662196908 465
1694432963290 0.015968082634451666 466
1694432963359 0.005009309776961485 467
1694432963426 0.26927920666006305 468
1694432963494 0.4383747562243377 469
1694432963562 0.10052590736043741 470
1694432963633 0.004488719977581725 471
1694432963704 0.02508854713112264 472
1694432963772 0.003638420783088475 473
1694432963840 0.15972884256424924 474
1694432963908 0.02413846661803225 475
1694432963977 0.17618246166541826 476
1694432964045 0.13848684415439674 477
1694432964113 0.0010763797948080797 478
1694432964180 0.02596014125378527 479
1694432964248 0.014220523600595236 480
1694432964315 0.14604058029113942 481
1694432964383 0.03601274182901383 482
1694432964452 0.0005282598585447646 483
1694432964519 0.028909206658370757 484
1694432964588 0.08622856803993854 485
1694432964656 0.012313243502178817 486
1694432964724 0.0027669641875867584 487
1694432964792 0.06599450143359119 488
1694432964861 0.0073648451292935265 489
1694432964928 0.08548581670790122 490
1694432964995 0.03763172862485323 491
1694432965063 0.06218834964904577 492
1694432965131 0.08291639646759066 493
1694432965199 0.0002177556300307879 494
1694432965266 0.00647619787935766 495
1694432965335 0.19632736047210647 496
1694432965404 0.07412414250831409 497
1694432965473 0.10091163839057694 498
1694432965542 0.11989662044086026 499
