1694429792407 0.9986364310957785 0
1694429792474 0.0028433846227627593 1
1694429792542 0.21357819633045666 2
1694429792609 0.5303806861876055 3
1694429792675 0.08108705696866048 4
1694429792741 0.3447445087855656 5
1694429792806 0.030106854004337363 6
1694429792872 0.4571487241506884 7
1694429792937 0.7701880927171666 8
1694429793005 0.22232429122020636 9
1694429793072 0.2521918425043662 10
1694429793138 0.3216432980451095 11
1694429793205 0.22423825514728535 12
1694429793270 0.23422592525841562 13
1694429793335 0.0014084841799022587 14
1694429793402 0.7784841279731077 15
1694429793470 0.35936335206372194 16
1694429793538 0.1619690627978272 17
1694429793605 0.7913704942367287 18
1694429793672 0.11541727395718654 19
1694429793739 0.07700534232052794 20
1694429793805 0.36954838604314305 21
1694429793870 0.029212437148377807 22
1694429793936 0.001034137650612452 23
1694429794003 0.2765986902565286 24
1694429794068 1.0114568861057909 25
1694429794134 0.5323471283894978 26
1694429794200 0.03454757437778839 27
1694429794266 0.09262413852530468 28
1694429794331 0.3162676492751111 29
1694429794397 0.4409170201840155 30
1694429794463 0.27735362955867904 31
1694429794528 0.08833070321880772 32
1694429794594 0.009531321609802705 33
1694429794660 0.09276194789945566 34
1694429794726 0.38008762814238634 35
1694429794792 0.2883559591593582 36
1694429794857 0.1990936870395907 37
1694429794922 0.18477462937216954 38
1694429794989 0.253605095297656 39
1694429795055 0.19721333418438108 40
1694429795120 0.011911621254033247 41
1694429795186 0.24786390083924342 42
1694429795251 0.5855258147461897 43
1694429795317 0.43261537754027124 44
1694429795383 0.500948512939438 45
1694429795449 0.5031196101001711 46
1694429795515 0.20214101179581168 47
1694429795580 0.6790561777643833 48
1694429795646 0.7905033795202243 49
1694429795713 0.1541771681619515 50
1694429795778 0.08904776165164478 51
1694429795844 0.5284685595792162 52
1694429795910 0.37085158146065683 53
1694429795977 0.01587120081526968 54
1694429796042 0.4424567048355308 55
1694429796107 0.5630913691831394 56
1694429796172 2.048184448143316 57
1694429796241 0.17402633155235583 58
1694429796306 0.43144014224170335 59
1694429796372 0.416212236000617 60
1694429796437 0.08754448076619437 61
1694429796503 0.07101514997521755 62
1694429796567 0.4880563773563229 63
1694429796633 0.10983866914579576 64
1694429796700 0.29150245653748225 65
1694429796764 0.2661466862265555 66
1694429796831 0.6806183393063331 67
1694429796897 0.5645888555540174 68
1694429796964 0.23358609565700839 69
1694429797029 0.43108805499868436 70
1694429797097 0.45710485450453386 71
1694429797162 0.5784612191736703 72
1694429797228 0.1380108572190325 73
1694429797293 0.3091404511527139 74
1694429797359 0.3916454613851401 75
1694429797431 0.5928137936492067 76
1694429797500 0.02736951884818602 77
1694429797567 0.18517499190000444 78
1694429797633 0.9861430657224558 79
1694429797701 0.21891335891020683 80
1694429797768 0.12119489811876812 81
1694429797834 0.24320038340442696 82
1694429797899 0.01921467479571319 83
1694429797965 0.0006162612771614756 84
1694429798033 0.30735233869868084 85
1694429798099 0.0044791465995852155 86
1694429798164 0.2746632208260414 87
1694429798231 0.10688145750315707 88
1694429798296 0.13395577404898062 89
1694429798361 0.332014697416861 90
1694429798428 0.17391339414566173 91
1694429798494 0.28566146365138395 92
1694429798560 0.4296972663752144 93
1694429798626 0.3458986873726155 94
1694429798691 0.2788597198395712 95
1694429798758 0.11003993227286556 96
1694429798825 0.2186209699660111 97
1694429798891 0.006826901807048716 98
1694429798956 0.39073411868156194 99
1694429799022 0.7984628819279775 100
1694429799088 0.045919668444378794 101
1694429799154 0.15841584389463215 102
1694429799220 0.3529988198427128 103
1694429799285 0.1539632768811992 104
1694429799351 0.3263255329214867 105
1694429799417 0.16210531604599915 106
1694429799483 0.4027723053434248 107
1694429799548 0.06949978527377425 108
1694429799614 0.15468968897288768 109
1694429799680 0.2301139976581359 110
1694429799745 0.20391999577196054 111
1694429799811 3.160730040362729 112
1694429799877 0.29549542089660374 113
1694429799943 0.0001269044243495368 114
1694429800007 0.15198790964992565 115
1694429800074 0.05809874612294105 116
1694429800140 0.9262154226666998 117
1694429800205 0.06438336706167014 118
1694429800270 0.2982016744064707 119
1694429800337 0.4597762974610481 120
1694429800402 0.08029642024780934 121
1694429800468 0.19317004279745603 122
1694429800534 0.23493077923523367 123
1694429800599 0.3504422044631178 124
1694429800665 0.27540927211181027 125
1694429800731 0.25277886450407194 126
1694429800796 0.013570018937711075 127
1694429800862 0.03954252524645016 128
1694429800928 0.11872845492693576 129
1694429800993 0.15227774203768582 130
1694429801058 0.40451207774878367 131
1694429801125 0.7909073722592582 132
1694429801191 0.03188845926528071 133
1694429801257 1.0218982650858557 134
1694429801323 0.5439632275784154 135
1694429801389 0.14189385764856746 136
1694429801454 0.49629796290329714 137
1694429801519 0.4108636328467321 138
1694429801584 0.20865997752522572 139
1694429801651 0.011110153187861146 140
1694429801716 0.4404855177331571 141
1694429801781 0.6096440333292221 142
1694429801847 0.16373512058515485 143
1694429801913 0.4215406721301798 144
1694429801979 0.633705450254948 145
1694429802044 0.13727311154472552 146
1694429802109 0.3646724786493768 147
1694429802176 0.1195233059044912 148
1694429802241 0.015387479882056193 149
1694429802306 0.398835225734078 150
1694429802372 0.03947821356357121 151
1694429802437 0.05319448988996585 152
1694429802503 2.650617722826577e-05 153
1694429802570 0.5038097921410257 154
1694429802635 0.1767295961621046 155
1694429802701 0.01098406606787385 156
1694429802767 0.13514690788409192 157
1694429802833 0.18064234669236476 158
1694429802900 0.17510133355597501 159
1694429802967 1.1802084900229468 160
1694429803032 0.6675932361510944 161
1694429803099 0.5630713569077789 162
1694429803165 0.9107598028830679 163
1694429803230 0.3736669585562337 164
1694429803296 0.06480325045214648 165
1694429803362 0.04222666566270176 166
1694429803427 0.09997083294447054 167
1694429803493 0.32980580589804054 168
1694429803558 0.38770180180516145 169
1694429803623 0.5448336034652886 170
1694429803690 0.5701122480927482 171
1694429803755 0.16139547111109945 172
1694429803821 0.6197540324563169 173
1694429803887 5.998001314768574e-05 174
1694429803953 0.027330492126729288 175
1694429804020 0.5241797976692437 176
1694429804087 0.4527252941285794 177
1694429804153 0.11209125449283529 178
1694429804218 0.8005601950444106 179
1694429804283 0.10940067443840719 180
1694429804349 0.4971096430493623 181
1694429804415 0.5430771526409538 182
1694429804482 0.12560270733660378 183
1694429804547 0.3487561357012422 184
1694429804613 0.1225834097017277 185
1694429804679 0.2169378939551902 186
1694429804745 0.25760467003586673 187
1694429804810 0.5055184135678038 188
1694429804876 0.7910633017934681 189
1694429804941 0.2001534720368901 190
1694429805007 0.05353783223719418 191
1694429805071 0.6849321245174953 192
1694429805136 0.026245935609229717 193
1694429805202 0.17816358893465692 194
1694429805268 0.6132080263955957 195
1694429805333 1.2837924065935267 196
1694429805399 0.7885010583060754 197
1694429805465 0.07398114405548198 198
1694429805531 0.018328362737302244 199
1694429805597 0.3500980519166537 200
1694429805663 0.2713962535363566 201
1694429805728 0.0003670816552074104 202
1694429805793 0.23845333270352206 203
1694429805859 0.19689982781969412 204
1694429805924 0.038977360534213336 205
1694429805989 0.22186644937258482 206
1694429806055 0.18261435211393073 207
1694429806119 0.47688041116287544 208
1694429806185 0.43609957389740234 209
1694429806251 0.13933934275768434 210
1694429806317 0.8505660527230606 211
1694429806384 0.19275656023372237 212
1694429806449 0.3311927361980969 213
1694429806515 0.2708617329992263 214
1694429806582 0.48258695171745697 215
1694429806648 0.02383639536957509 216
1694429806713 0.3868057201649189 217
1694429806778 0.4036778100334643 218
1694429806843 0.12048905580055279 219
1694429806910 0.10308545567690715 220
1694429806975 0.5489069006713727 221
1694429807041 0.11916004154561219 222
1694429807116 0.02782918382322547 223
1694429807182 0.45216912234204343 224
1694429807247 0.07319446114325934 225
1694429807313 0.23515057280295454 226
1694429807379 0.21502582394940956 227
1694429807443 0.9993170657691165 228
1694429807510 0.08490155761534737 229
1694429807576 1.3662279827322068 230
1694429807642 0.10939359769754721 231
1694429807707 0.046292058039425085 232
1694429807772 0.0028115277652865553 233
1694429807838 0.5343617214048486 234
1694429807904 0.28505008472439575 235
1694429807970 0.5654819408534847 236
1694429808036 0.002776206363884759 237
1694429808102 0.29991039701798505 238
1694429808169 0.9408171475489385 239
1694429808234 1.3684284509620193 240
1694429808300 0.02525170959515785 241
1694429808370 0.4591492528184332 242
1694429808437 0.17292846601144787 243
1694429808503 0.4836674115024363 244
1694429808569 0.44170257179621314 245
1694429808635 0.41766127101695394 246
1694429808702 0.5488565282000043 247
1694429808767 0.45313430602607924 248
1694429808834 0.04142470420311297 249
1694429808900 0.003355499558913793 250
1694429808965 0.4850241379672222 251
1694429809033 0.48754686835031213 252
1694429809098 0.0670519128630141 253
1694429809163 0.6905480435162882 254
1694429809230 0.37209159092916944 255
1694429809295 0.07415085507045956 256
1694429809362 0.2504239592186674 257
1694429809428 0.28843110781501197 258
1694429809493 1.0215619457863956 259
1694429809558 0.13126808455385228 260
1694429809623 0.1290713442319042 261
1694429809691 0.2722971532991821 262
1694429809757 0.0028074597495792173 263
1694429809823 2.3669915864861477 264
1694429809889 0.04461855946274102 265
1694429809955 0.6089705780185182 266
1694429810020 0.22686011570926068 267
1694429810095 0.09699612761744207 268
1694429810161 0.29793548814108545 269
1694429810227 0.3554501734686408 270
1694429810292 0.3500858714976652 271
1694429810358 0.3308171458361463 272
1694429810423 0.473288523814733 273
1694429810489 0.45550643658509093 274
1694429810555 0.40514653783612486 275
1694429810620 0.04631850923121731 276
1694429810685 0.8235297649075819 277
1694429810751 0.18950824771579364 278
1694429810818 0.06428054325461822 279
1694429810886 0.05465200176401192 280
1694429810952 0.33983651980221763 281
1694429811019 0.3389955415317822 282
1694429811084 0.3369277503074476 283
1694429811151 0.011468180452294717 284
1694429811218 0.18175896809074735 285
1694429811284 0.7443531082351182 286
1694429811349 0.25530060729496784 287
1694429811415 0.23024898182449444 288
1694429811480 0.030873853668456724 289
1694429811547 0.5695862493830134 290
1694429811611 0.0350040714742974 291
1694429811676 0.2309743520575471 292
1694429811742 0.5995801045032693 293
1694429811807 0.9425182346948875 294
1694429811873 0.1129189658115795 295
1694429811938 0.24998410264984455 296
1694429812004 0.013032993818082858 297
1694429812070 0.005840604598218683 298
1694429812137 0.22907338582685866 299
1694429812204 0.24278091738160962 300
1694429812270 0.07953305533573209 301
1694429812335 0.17667355469335488 302
1694429812402 0.6603051318651436 303
1694429812470 0.18921640881759416 304
1694429812537 0.4600292930101141 305
1694429812603 0.26415600293674335 306
1694429812670 0.0037945995554319713 307
1694429812734 0.14129042763385605 308
1694429812800 0.26131538892928474 309
1694429812865 0.16584147661693296 310
1694429812932 0.10196929146077842 311
1694429812998 0.2141971173225462 312
1694429813069 2.7169965936922496 313
1694429813135 0.29505038282305746 314
1694429813201 0.6974081101086241 315
1694429813269 0.5389034580152757 316
1694429813337 0.000378062873007226 317
1694429813401 0.5446440979083527 318
1694429813467 0.3754642638967075 319
1694429813533 0.27724557428924673 320
1694429813598 0.2736816990162733 321
1694429813665 0.19273349329354303 322
1694429813730 0.19423420743079894 323
1694429813797 4.39101569601423e-05 324
1694429813863 0.007989859126873515 325
1694429813929 0.04360683207405224 326
1694429813995 0.9744627189103079 327
1694429814061 0.39203916347214846 328
1694429814127 0.7466800411003192 329
1694429814193 0.13363078309791687 330
1694429814259 0.8325311644266273 331
1694429814325 0.025364348182617884 332
1694429814390 0.06389293420935013 333
1694429814456 0.4215204391803906 334
1694429814522 0.1885850491368565 335
1694429814588 0.2935669680173384 336
1694429814652 0.7113280058471406 337
1694429814718 0.0076337584806371725 338
1694429814784 1.0122274923654182 339
1694429814851 0.04232661800276122 340
1694429814916 0.15224380683073518 341
1694429814982 0.2622317880267397 342
1694429815047 0.16973002406383736 343
1694429815113 0.07139844393080293 344
1694429815179 0.03929069327260951 345
1694429815245 0.03003312105869631 346
1694429815310 0.16406096622144029 347
1694429815375 0.07785934896975637 348
1694429815440 0.20324012944481665 349
1694429815505 0.39856425370290555 350
1694429815571 0.23908025195734778 351
1694429815635 0.47840990623159135 352
1694429815702 0.409657324461083 353
1694429815768 0.1953542939678978 354
1694429815834 0.4969247403319226 355
1694429815900 0.2555079589788452 356
1694429815966 0.5613798424990359 357
1694429816033 0.24930535376252017 358
1694429816098 0.526201308006029 359
1694429816167 0.37796107394414546 360
1694429816233 0.02649107612171531 361
1694429816299 0.10065535275584143 362
1694429816365 0.014992043364846825 363
1694429816430 6.942314605683594e-05 364
1694429816497 0.0786600372658796 365
1694429816563 0.15118164677902945 366
1694429816630 0.026677216607863655 367
1694429816696 0.11511264979324982 368
1694429816762 0.4089808003042549 369
1694429816828 0.009381574665869757 370
1694429816894 0.06701188124034241 371
1694429816959 0.21066361756360594 372
1694429817025 0.6899892712068004 373
1694429817090 0.2592919369115365 374
1694429817156 0.3006621232057602 375
1694429817222 0.5353252034104061 376
1694429817289 0.5490037994971634 377
1694429817355 0.4648172062189514 378
1694429817421 0.06780619404660788 379
1694429817485 0.8924142798108335 380
1694429817552 0.11353061688058864 381
1694429817618 0.014729794479384427 382
1694429817684 0.014976984793908897 383
1694429817749 0.5378124207725825 384
1694429817817 0.014174836748260191 385
1694429817883 0.005598430062037165 386
1694429817948 0.06427160753398582 387
1694429818015 1.011121595348222 388
1694429818082 0.2965481242077754 389
1694429818149 0.6758261876398486 390
1694429818216 0.35255021891541516 391
1694429818281 0.16186717541007986 392
1694429818347 0.2759018373628817 393
1694429818413 0.0029335265801836642 394
1694429818479 0.8206133635140545 395
1694429818544 0.11031215967526137 396
1694429818610 0.07876838871107454 397
1694429818675 0.2707144345869169 398
1694429818740 0.9025698003237637 399
1694429818808 0.579343610782879 400
1694429818873 0.16966828727131855 401
1694429818938 0.009491147412609069 402
1694429819004 0.07077738982026906 403
1694429819070 0.003848345434470567 404
1694429819136 0.04245887202373589 405
1694429819201 0.7605737235858102 406
1694429819266 0.2962129618172984 407
1694429819332 0.87160922733014 408
1694429819398 0.002209579472072994 409
1694429819463 0.4628927482799082 410
1694429819528 0.006988107348718694 411
1694429819594 0.4427083211685694 412
1694429819660 0.18503438282992732 413
1694429819726 0.0009891301918547677 414
1694429819791 0.21268551387145618 415
1694429819858 0.07874126538997875 416
1694429819924 0.1476387301569359 417
1694429819989 0.18449293948975784 418
1694429820056 0.6105545089426407 419
1694429820122 0.0797406178811156 420
1694429820189 0.2510259536767077 421
1694429820254 0.2782800700434827 422
1694429820319 0.0003891996584228765 423
1694429820385 0.0245099149831124 424
1694429820451 0.698728775327202 425
1694429820516 0.18461829959026638 426
1694429820583 0.13391211319293073 427
1694429820649 0.7139539441416376 428
1694429820714 0.0042607740669090306 429
1694429820780 0.3031103174274988 430
1694429820846 0.11794560319490002 431
1694429820912 0.04973114587066417 432
1694429820978 1.4300289601639096 433
1694429821045 0.12876781787021915 434
1694429821109 0.6506330760003821 435
1694429821176 0.12101650466393618 436
1694429821241 0.6997761507804061 437
1694429821307 0.5375653085765292 438
1694429821372 0.036875926179757997 439
1694429821438 0.11640807516496471 440
1694429821505 1.5877269554556788 441
1694429821571 0.2891840650227901 442
1694429821638 0.03371098107673878 443
1694429821703 0.9814604641340483 444
1694429821770 0.18055126526823911 445
1694429821835 0.224149479845127 446
1694429821900 0.0004350108631172083 447
1694429821967 0.0015382428272690519 448
1694429822032 0.15152078015921527 449
1694429822097 0.24637068988901153 450
1694429822164 0.6056320904990611 451
1694429822238 0.006101972811660055 452
1694429822304 0.3444410059205457 453
1694429822370 0.269758067387445 454
1694429822435 0.04666073039456176 455
1694429822499 0.13103175707092268 456
1694429822565 0.3801537345201973 457
1694429822632 0.010757484618566404 458
1694429822698 0.4692823967932867 459
1694429822765 1.0795772853254082 460
1694429822830 0.7200570777236731 461
1694429822895 0.6120477708735481 462
1694429822962 0.17420267829247144 463
1694429823027 0.43528923451916757 464
1694429823093 0.0008809404538495322 465
1694429823163 0.0779894916731688 466
1694429823230 0.10536609249017419 467
1694429823296 0.4337103951305983 468
1694429823362 0.46238135400871466 469
1694429823428 0.281576833223333 470
1694429823494 0.29662236821612475 471
1694429823559 0.07907446937564508 472
1694429823626 0.09890300043273884 473
1694429823692 0.50099672222616 474
1694429823758 0.6508336349819998 475
1694429823824 0.45504127799965666 476
1694429823890 0.20749763625975812 477
1694429823956 0.5950342046029324 478
1694429824021 0.08050038426599711 479
1694429824087 0.16824876331673275 480
1694429824152 0.17428618578745433 481
1694429824219 0.36024074345141793 482
1694429824285 0.04880139392034354 483
1694429824351 0.28761584687296105 484
1694429824417 0.03926567933964553 485
1694429824483 0.37188168173533315 486
1694429824548 0.6798038971182839 487
1694429824613 0.43002997327449144 488
1694429824679 0.27358158449986575 489
1694429824745 0.41509923652306596 490
1694429824813 0.007596183334733107 491
1694429824883 0.2102032362381067 492
1694429824949 0.10580120252698567 493
1694429825015 0.011366331615907417 494
1694429825080 0.641356989122938 495
1694429825146 0.33901947156897644 496
1694429825212 0.11685061113976446 497
1694429825277 0.6853070691686226 498
1694429825342 0.015690919199713306 499
