1694428868251 156.5019315285284 0
1694428868319 164.7555917834829 1
1694428868388 109.26821527405629 2
1694428868456 143.0896411868239 3
1694428868524 155.22114175521045 4
1694428868593 164.3727711817671 5
1694428868661 158.36412229323338 6
1694428868730 145.8035262489732 7
1694428868801 143.22843427742617 8
1694428868871 152.5385864411129 9
1694428868939 140.31041064565247 10
1694428869010 170.7826934599785 11
1694428869078 156.1802339647213 12
1694428869146 177.7349562486484 13
1694428869213 145.30691347531226 14
1694428869281 141.70270118498328 15
1694428869350 188.13366650851478 16
1694428869432 172.42768598471815 17
1694428869499 190.5358316295228 18
1694428869568 191.08822139226896 19
1694428869636 50.03117158646474 20
1694428869705 177.05874361155588 21
1694428869773 171.0907702137838 22
1694428869843 163.8224217403523 23
1694428869911 138.61919334981408 24
1694428869978 167.53480289234938 25
1694428870046 112.71106973027025 26
1694428870116 139.52755086692676 27
1694428870185 144.33112903769035 28
1694428870255 191.6861416106911 29
1694428870326 184.39381436591603 30
1694428870394 160.60832236672746 31
1694428870462 173.05138803810098 32
1694428870531 202.33456942544254 33
1694428870599 233.68967026136653 34
1694428870666 174.19226203849755 35
1694428870735 158.38475792844608 36
1694428870803 124.655015042515 37
1694428870871 174.2582835842222 38
1694428870938 130.34385715616065 39
1694428871006 151.95983225751448 40
1694428871074 182.859464484247 41
1694428871141 134.17735803526665 42
1694428871209 176.46087330849656 43
1694428871278 173.02292242457807 44
1694428871346 149.82114773959754 45
1694428871413 143.5232746304559 46
1694428871482 167.03391396253363 47
1694428871550 169.1840069210262 48
1694428871618 238.25811130581846 49
1694428871686 168.39147964965403 50
1694428871754 186.22239551515892 51
1694428871821 162.29794874508607 52
1694428871889 168.86566529302624 53
1694428871957 161.35042073112572 54
1694428872025 166.84095177317076 55
1694428872093 175.53616463483294 56
1694428872161 228.75939966666172 57
1694428872229 181.79902234190232 58
1694428872297 121.28981760159046 59
1694428872365 187.70543940823114 60
1694428872433 190.6611930590571 61
1694428872501 142.33863628347495 62
1694428872569 167.54625108978195 63
1694428872636 168.0551833494204 64
1694428872705 160.58639147761517 65
1694428872773 172.4299730805705 66
1694428872841 160.6740958220098 67
1694428872910 174.78076289973836 68
1694428872978 175.3057908277667 69
1694428873046 150.03991898712013 70
1694428873114 170.7866948004148 71
1694428873183 177.25777688506696 72
1694428873252 208.94869900056935 73
1694428873320 180.15331432138365 74
1694428873388 153.86807926351887 75
1694428873455 180.02571822122474 76
1694428873525 154.30001017953438 77
1694428873592 186.81937459326494 78
1694428873661 162.9672797232584 79
1694428873728 149.66846640849928 80
1694428873796 181.42030189412998 81
1694428873864 219.74736046442652 82
1694428873933 163.48032505047678 83
1694428874001 163.46398368511646 84
1694428874069 197.00554085094396 85
1694428874137 152.33826300034687 86
1694428874206 211.32681752925612 87
1694428874275 170.20541384148785 88
1694428874342 160.57583828008606 89
1694428874410 159.772710448638 90
1694428874477 112.9641473425141 91
1694428874545 226.86333550638557 92
1694428874615 172.3180503158826 93
1694428874683 187.6167626912864 94
1694428874751 186.16310016230688 95
1694428874819 146.99344248757342 96
1694428874887 164.85308309828585 97
1694428874954 160.30880581047302 98
1694428875022 179.7942735280729 99
1694428875091 154.66184794409838 100
1694428875158 157.43663905601352 101
1694428875227 148.70733394583885 102
1694428875295 179.1822259106499 103
1694428875363 244.82282735606546 104
1694428875431 212.51915402876938 105
1694428875508 166.42983930309384 106
1694428875576 158.16323216291732 107
1694428875645 195.19991809101327 108
1694428875712 181.53882669102086 109
1694428875780 195.57092053441363 110
1694428875849 186.91601010488696 111
1694428875916 167.73464889051687 112
1694428875984 186.36402565295433 113
1694428876053 180.56000606172935 114
1694428876122 173.29562823650375 115
1694428876190 147.68077378570376 116
1694428876258 122.29080358640961 117
1694428876326 221.87984126476366 118
1694428876394 183.60575101348877 119
1694428876463 171.57201807562845 120
1694428876531 139.17925671278283 121
1694428876598 165.0381017228174 122
1694428876666 172.19394711496528 123
1694428876733 146.73113236543216 124
1694428876802 161.77658848540682 125
1694428876870 164.90437896035374 126
1694428876938 159.8833375053419 127
1694428877006 141.07295732986938 128
1694428877074 163.7204122666858 129
1694428877142 206.3024092472733 130
1694428877209 161.20115236784815 131
1694428877277 128.02566130854214 132
1694428877345 185.96879900489486 133
1694428877412 167.58824095661686 134
1694428877480 161.1384485588247 135
1694428877548 181.5150990050372 136
1694428877615 162.3285501460505 137
1694428877683 158.731634066336 138
1694428877752 152.68313474987622 139
1694428877820 193.61800475928564 140
1694428877887 293.19727055569166 141
1694428877955 177.50103439361348 142
1694428878023 167.92845187534002 143
1694428878092 136.48070729894158 144
1694428878159 157.2576130266642 145
1694428878227 210.92694024814384 146
1694428878294 182.48058513443632 147
1694428878363 186.77987381410793 148
1694428878430 120.45189574540052 149
1694428878499 169.09474337770695 150
1694428878566 159.1012783368445 151
1694428878634 166.69273851624436 152
1694428878703 144.09542778531565 153
1694428878773 173.1185168972105 154
1694428878841 187.00689601340963 155
1694428878910 186.59226697028822 156
1694428878977 136.79691028593385 157
1694428879045 191.16997527932693 158
1694428879113 172.8776651581751 159
1694428879180 151.9933402417807 160
1694428879248 167.89511625133966 161
1694428879316 155.7567471205842 162
1694428879383 174.60745947195926 163
1694428879450 165.65600658711088 164
1694428879518 146.48275547158838 165
1694428879585 130.75586337306552 166
1694428879653 176.85525902430942 167
1694428879720 160.79472231534982 168
1694428879831 159.8755423676177 169
1694428879898 133.45112002698136 170
1694428879965 182.36786391128834 171
1694428880032 146.83130806563065 172
1694428880100 178.96808549461554 173
1694428880167 169.42453640788673 174
1694428880234 160.3214544568751 175
1694428880302 209.15987279416868 176
1694428880372 177.32605366490995 177
1694428880439 201.25755914358982 178
1694428880509 145.34290295397952 179
1694428880575 167.0305310997361 180
1694428880644 219.12868353697345 181
1694428880711 167.29535817364058 182
1694428880777 215.78014088542145 183
1694428880845 154.0719162457634 184
1694428880914 148.12768666398136 185
1694428880982 133.07926877205054 186
1694428881049 161.64648217898417 187
1694428881116 148.42264056189566 188
1694428881183 147.29034166681194 189
1694428881252 167.13883119577363 190
1694428881319 149.06081882965952 191
1694428881388 197.80408286460033 192
1694428881454 165.37541167295382 193
1694428881521 192.61433299114054 194
1694428881590 187.300360157568 195
1694428881657 181.2688078637765 196
1694428881725 179.30747278765148 197
1694428881793 160.19977308763364 198
1694428881860 206.79585105002474 199
1694428881927 169.9042052002683 200
1694428881994 142.7666188066865 201
1694428882062 226.4038974564278 202
1694428882130 162.27044152335463 203
1694428882198 137.88136079353853 204
1694428882266 194.15959336999921 205
1694428882333 211.57330559614792 206
1694428882400 124.92182338171128 207
1694428882467 194.656543498306 208
1694428882535 151.37079798622366 209
1694428882603 142.05333686654075 210
1694428882673 170.9582548479588 211
1694428882742 177.66288408908423 212
1694428882809 160.41241203689967 213
1694428882876 155.54462551745007 214
1694428882944 219.91241072823064 215
1694428883010 202.33438465094886 216
1694428883078 196.98872264288792 217
1694428883145 177.3447025916102 218
1694428883213 208.61274996826674 219
1694428883279 157.5202024757166 220
1694428883346 140.1271086440629 221
1694428883414 189.81694075369035 222
1694428883483 168.4601829852952 223
1694428883551 176.86563490064475 224
1694428883618 194.8585180508799 225
1694428883687 153.66044147292126 226
1694428883754 165.62620450232865 227
1694428883821 177.11362576615852 228
1694428883889 187.33733489796867 229
1694428883957 70.622381828648 230
1694428884024 170.3004004882614 231
1694428884092 178.90628934307537 232
1694428884158 194.87921342607746 233
1694428884227 166.47427047182921 234
1694428884295 114.82682313947676 235
1694428884362 152.9690213396382 236
1694428884430 153.01246005229552 237
1694428884498 174.24588061488922 238
1694428884566 180.43681077378668 239
1694428884633 168.69973281676906 240
1694428884702 188.26870042515802 241
1694428884769 161.61730957810923 242
1694428884837 163.43665199787492 243
1694428884906 160.66779228583718 244
1694428884973 207.36658458126314 245
1694428885042 165.33177516410836 246
1694428885111 159.34656188751035 247
1694428885178 201.71403782997956 248
1694428885246 192.4565367549695 249
1694428885314 162.5174542262308 250
1694428885382 185.4816262127286 251
1694428885449 172.05794699792398 252
1694428885517 174.02696728379846 253
1694428885585 179.88335240591312 254
1694428885651 99.23240901855691 255
1694428885721 146.3190092691485 256
1694428885789 177.56501158120793 257
1694428885856 177.92664895957827 258
1694428885924 158.61068226714212 259
1694428885991 160.82879614903013 260
1694428886059 165.805653130542 261
1694428886126 176.88709663672864 262
1694428886195 143.13517991264732 263
1694428886262 187.64930693328512 264
1694428886330 146.39034370714538 265
1694428886397 191.65253600037306 266
1694428886465 166.2100802563195 267
1694428886533 157.50155046250399 268
1694428886601 192.66998103681877 269
1694428886668 174.2766196496541 270
1694428886735 175.42549854007197 271
1694428886804 133.76848429112383 272
1694428886870 205.47717444165 273
1694428886938 189.1859120781271 274
1694428887005 204.83398217086594 275
1694428887073 154.21774167427048 276
1694428887140 141.48126436881344 277
1694428887207 162.07744283238324 278
1694428887276 170.05596452590396 279
1694428887347 176.67476478893843 280
1694428887414 149.28560375463604 281
1694428887484 147.11522063613378 282
1694428887551 168.98111889329428 283
1694428887618 181.2359842955322 284
1694428887686 196.97926377981858 285
1694428887754 162.59234086976048 286
1694428887823 173.55959808116927 287
1694428887889 143.2098822883211 288
1694428887956 159.47272894507378 289
1694428888024 149.96171852900574 290
1694428888090 171.0758294856217 291
1694428888157 171.17602567344133 292
1694428888225 147.9904701146008 293
1694428888292 209.25434825356788 294
1694428888359 184.65701766065914 295
1694428888428 174.70921702428424 296
1694428888498 184.99946047965022 297
1694428888566 170.77137499726115 298
1694428888634 320.2558368614086 299
1694428888703 182.52137090495805 300
1694428888771 145.89168520750272 301
1694428888838 133.5490993693663 302
1694428888906 142.67296771502967 303
1694428888974 166.18729416209106 304
1694428889046 178.19772290816908 305
1694428889118 177.07733618595816 306
1694428889186 177.11592693627546 307
1694428889254 117.72666654166358 308
1694428889324 158.91313120445685 309
1694428889391 179.08490116725483 310
1694428889459 182.67332102198847 311
1694428889526 158.4529015456739 312
1694428889592 162.72275332709444 313
1694428889660 178.47929849238642 314
1694428889727 198.30956836833073 315
1694428889795 180.34102217182033 316
1694428889863 181.96140697126626 317
1694428889930 82.39160522755212 318
1694428889998 160.52058429970532 319
1694428890067 180.48230292767383 320
1694428890136 177.3092611515123 321
1694428890204 135.79875758877748 322
1694428890275 189.79566725373311 323
1694428890345 235.85056269927767 324
1694428890415 195.12832875761256 325
1694428890482 184.01260052262927 326
1694428890550 169.8511984589614 327
1694428890618 150.5030137802241 328
1694428890686 192.82103302828125 329
1694428890754 162.31317357014882 330
1694428890823 139.15938067647693 331
1694428890892 178.73207508969594 332
1694428890959 152.6865110823363 333
1694428891026 173.45507197253542 334
1694428891098 167.95407925559834 335
1694428891167 152.14235218121541 336
1694428891237 230.8356031248675 337
1694428891305 188.82222060465753 338
1694428891373 103.43338702192347 339
1694428891440 209.98571709270948 340
1694428891509 262.8937302450539 341
1694428891576 182.73123528034083 342
1694428891644 142.59168882231705 343
1694428891712 190.90536947434933 344
1694428891781 206.4858708474132 345
1694428891848 164.09941350867322 346
1694428891916 171.04729792371123 347
1694428891984 197.85910250455095 348
1694428892051 103.63430523705455 349
1694428892119 110.34394637399588 350
1694428892187 187.65738685828975 351
1694428892255 151.01226692331468 352
1694428892322 133.6917786494885 353
1694428892390 162.54330142806023 354
1694428892458 219.441260158075 355
1694428892525 170.8413909311993 356
1694428892594 142.16190487340592 357
1694428892663 198.21225374791572 358
1694428892730 155.2147180316785 359
1694428892798 166.54814593656732 360
1694428892866 126.58837842404242 361
1694428892934 170.74469577480374 362
1694428893001 79.16806947582685 363
1694428893069 173.8398387717001 364
1694428893137 165.19692890075603 365
1694428893205 174.5258936055981 366
1694428893273 187.25895466291567 367
1694428893341 151.81863390799495 368
1694428893410 240.2241609697289 369
1694428893479 149.28107865254483 370
1694428893550 153.49422545843896 371
1694428893623 181.46358589220486 372
1694428893693 169.1567521121901 373
1694428893763 112.53213997980097 374
1694428893831 173.07110622113257 375
1694428893900 165.86409231797515 376
1694428893966 203.65896014004173 377
1694428894036 187.5772253930871 378
1694428894105 168.64400913305948 379
1694428894173 189.17954742175087 380
1694428894240 139.95962416505844 381
1694428894310 139.13327914303738 382
1694428894379 153.49335778256406 383
1694428894447 129.11437781987559 384
1694428894518 168.49214830041035 385
1694428894587 167.18188256924824 386
1694428894654 230.86271148740465 387
1694428894723 157.7518490296215 388
1694428894790 150.30207152464627 389
1694428894859 136.96294906082744 390
1694428894927 156.39580250189087 391
1694428894994 170.2164974818275 392
1694428895063 159.748984112134 393
1694428895132 205.18147911383087 394
1694428895198 186.34490423977763 395
1694428895266 164.02796015507624 396
1694428895336 139.0704630799457 397
1694428895403 156.9013023654804 398
1694428895470 175.1510456117486 399
1694428895538 163.92431753378517 400
1694428895607 190.18095126183965 401
1694428895675 200.18122250012073 402
1694428895742 180.59980913321772 403
1694428895811 142.53396426974706 404
1694428895878 186.21329370955172 405
1694428895946 164.39472162328798 406
1694428896014 148.12961123284086 407
1694428896081 174.7965991623567 408
1694428896154 203.98461136600707 409
1694428896222 162.5861506135268 410
1694428896290 160.45465788289334 411
1694428896358 137.7436261579192 412
1694428896427 163.26139325392361 413
1694428896494 162.13540122006285 414
1694428896562 171.04530493158327 415
1694428896630 142.21264442963104 416
1694428896697 192.0037240463082 417
1694428896766 294.8267438262823 418
1694428896835 206.02657291610697 419
1694428896902 181.81862441413548 420
1694428896970 141.9364084597609 421
1694428897038 153.17323366124697 422
1694428897105 157.63378482473894 423
1694428897174 196.09730858506953 424
1694428897242 170.23008289051918 425
1694428897310 111.18689232184614 426
1694428897381 207.2861440283949 427
1694428897449 163.05742842817725 428
1694428897518 156.22282421292738 429
1694428897586 164.32054573415783 430
1694428897654 136.3488619040922 431
1694428897720 179.0845769710477 432
1694428897789 150.4030283834465 433
1694428897857 188.15894421127268 434
1694428897924 246.9729181235442 435
1694428897991 186.47174037166565 436
1694428898059 182.43856188033374 437
1694428898128 127.23220018436389 438
1694428898195 216.9339308284133 439
1694428898263 157.6292447132323 440
1694428898331 165.08377618813782 441
1694428898399 154.7363556982741 442
1694428898469 155.66452273077363 443
1694428898536 206.3890846421516 444
1694428898605 199.20919208173072 445
1694428898676 122.53624967152959 446
1694428898749 225.5329857208078 447
1694428898818 133.95802630043937 448
1694428898888 172.32260458616292 449
1694428898957 174.86094786066013 450
1694428899025 173.6285633490121 451
1694428899092 136.45602422836348 452
1694428899162 158.49034491287742 453
1694428899229 221.25071741830982 454
1694428899298 168.01028946662495 455
1694428899366 201.262388651504 456
1694428899435 208.49245691303247 457
1694428899504 110.68246996307093 458
1694428899572 181.51904858502755 459
1694428899639 160.332775620787 460
1694428899707 144.03290123894956 461
1694428899775 226.4804268176906 462
1694428899842 178.82309625368592 463
1694428899910 192.714506583688 464
1694428899978 145.4521323336905 465
1694428900046 167.9947600069011 466
1694428900113 152.70392182127736 467
1694428900181 195.84986152038402 468
1694428900250 133.64665861538003 469
1694428900318 166.8017889737629 470
1694428900387 185.52932242248116 471
1694428900455 175.22190964065328 472
1694428900526 226.70722701043286 473
1694428900597 176.84661339535512 474
1694428900666 207.6134930940691 475
1694428900734 149.67333353492086 476
1694428900801 189.00881664567333 477
1694428900869 183.3256801984054 478
1694428900937 274.2186615616917 479
1694428901004 164.48063131581338 480
1694428901072 234.77011117030347 481
1694428901140 171.55821105655554 482
1694428901211 155.65667212499676 483
1694428901280 144.89750265284047 484
1694428901347 199.13061781960266 485
1694428901415 149.92612644188918 486
1694428901483 172.10866989536916 487
1694428901551 178.4156627457005 488
1694428901619 181.0963226462986 489
1694428901687 181.82786736524574 490
1694428901755 160.4439888858322 491
1694428901823 128.86978536389185 492
1694428901891 170.16919468457567 493
1694428901958 166.0075698181907 494
1694428902027 175.66260875650397 495
1694428902094 172.6131293546887 496
1694428902163 158.27048132991817 497
1694428902230 165.68110809677816 498
1694428902298 156.0471849007141 499
