1694432644635 160.47521068127895 0
1694432644651 160.4432105927023 1
1694432644668 160.4176160380547 2
1694432644685 160.39202545774114 3
1694432644701 160.36643897963606 4
1694432644716 160.3408566030763 5
1694432644733 160.3152783274013 6
1694432644752 160.28970415195073 7
1694432644769 160.26413407606427 8
1694432644788 160.2385680990818 9
1694432644805 160.21300622034317 10
1694432644824 160.18744843918844 11
1694432644842 160.1618947549578 12
1694432644859 160.1363451669915 13
1694432644876 160.11079967462985 14
1694432644897 160.08525827721337 15
1694432644916 160.05972097408255 16
1694432644936 160.03418776457818 17
1694432644955 160.00865864804098 18
1694432644974 159.9831336238119 19
1694432644991 159.95761269123184 20
1694432645009 159.93209584964202 21
1694432645026 159.90658309838358 22
1694432645043 159.8810744367979 23
1694432645059 159.85556986422637 24
1694432645078 159.8300693800105 25
1694432645095 159.804572983492 26
1694432645110 159.7790806740126 27
1694432645127 159.7535924509141 28
1694432645145 159.72810831353854 29
1694432645161 159.70262826122794 30
1694432645179 159.6771522933245 31
1694432645196 159.6516804091705 32
1694432645211 159.62621260810832 33
1694432645228 159.60074888948046 34
1694432645245 159.5752892526295 35
1694432645261 159.54983369689822 36
1694432645276 159.5243822216293 37
1694432645292 159.49893482616582 38
1694432645310 159.47349150985076 39
1694432645326 159.44805227202718 40
1694432645343 159.4226171120384 41
1694432645359 159.39718602922775 42
1694432645376 159.37175902293868 43
1694432645392 159.34633609251478 44
1694432645408 159.32091723729962 45
1694432645424 159.2955024566371 46
1694432645441 159.270091749871 47
1694432645457 159.2446851163454 48
1694432645472 159.21928255540436 49
1694432645490 159.19388406639206 50
1694432645506 159.16848964865275 51
1694432645522 159.14309930153098 52
1694432645539 159.11771302437114 53
1694432645555 159.09233081651794 54
1694432645571 159.0669526773161 55
1694432645587 159.0415786061104 56
1694432645604 159.01620860224585 57
1694432645620 158.99084266506745 58
1694432645637 158.96548079392036 59
1694432645653 158.9401229881499 60
1694432645669 158.9147692471014 61
1694432645685 158.88941957012034 62
1694432645701 158.86407395655232 63
1694432645717 158.83873240574295 64
1694432645734 158.8133949170381 65
1694432645751 158.78806148978364 66
1694432645768 158.7627321233256 67
1694432645785 158.73740681701008 68
1694432645801 158.71208557018326 69
1694432645818 158.68676838219153 70
1694432645833 158.66145525238124 71
1694432645850 158.636146180099 72
1694432645866 158.61084116469144 73
1694432645885 158.58554020550523 74
1694432645902 158.56024330188728 75
1694432645919 158.53495045318465 76
1694432645936 158.50966165874422 77
1694432645953 158.48437691791327 78
1694432645968 158.45909623003908 79
1694432645985 158.43381959446899 80
1694432646001 158.40854701055045 81
1694432646016 158.38327847763117 82
1694432646033 158.35801399505877 83
1694432646049 158.33275356218107 84
1694432646066 158.307497178346 85
1694432646082 158.28224484290158 86
1694432646098 158.25699655519588 87
1694432646114 158.23175231457716 88
1694432646130 158.2065121203938 89
1694432646147 158.18127597199418 90
1694432646163 158.15604386872687 91
1694432646179 158.13081580994051 92
1694432646196 158.10559179498387 93
1694432646211 158.08037182320578 94
1694432646227 158.05515589395526 95
1694432646244 158.02994400658136 96
1694432646260 158.00473616043323 97
1694432646277 157.97953235486023 98
1694432646294 157.95433258921165 99
1694432646310 157.92913686283705 100
1694432646327 157.90394517508605 101
1694432646346 157.8787575253083 102
1694432646363 157.85357391285362 103
1694432646379 157.82839433707198 104
1694432646396 157.80321879731335 105
1694432646411 157.77804729292788 106
1694432646427 157.7528798232658 107
1694432646444 157.72771638767742 108
1694432646461 157.70255698551324 109
1694432646476 157.6774016161238 110
1694432646493 157.65225027885973 111
1694432646509 157.62710297307177 112
1694432646525 157.60195969811082 113
1694432646542 157.57682045332785 114
1694432646558 157.55168523807396 115
1694432646575 157.52655405170023 116
1694432646591 157.5014268935581 117
1694432646606 157.4763037629988 118
1694432646623 157.45118465937395 119
1694432646639 157.4260695820351 120
1694432646656 157.40095853033398 121
1694432646672 157.37585150362233 122
1694432646688 157.35074850125218 123
1694432646704 157.3256495225755 124
1694432646720 157.30055456694436 125
1694432646736 157.2754636337111 126
1694432646753 157.25037672222797 127
1694432646769 157.2252938318474 128
1694432646785 157.20021496192206 129
1694432646803 157.1751401118045 130
1694432646818 157.1500692808475 131
1694432646835 157.12500246840392 132
1694432646852 157.09993967382673 133
1694432646868 157.074880896469 134
1694432646884 157.04982613568393 135
1694432646900 157.02477539082474 136
1694432646916 156.9997286612449 137
1694432646932 156.97468594629783 138
1694432646948 156.94964724533716 139
1694432646965 156.9246125577166 140
1694432646981 156.89958188278993 141
1694432646997 156.8745552199111 142
1694432647015 156.84953256843409 143
1694432647033 156.82451392771299 144
1694432647050 156.7994992971021 145
1694432647067 156.77448867595572 146
1694432647084 156.7494820636282 147
1694432647100 156.72447945947425 148
1694432647116 156.6994808628484 149
1694432647132 156.6744862731054 150
1694432647148 156.6494956896001 151
1694432647165 156.6245091116875 152
1694432647181 156.59952653872264 153
1694432647197 156.5745479700607 154
1694432647213 156.5495734050569 155
1694432647230 156.52460284306667 156
1694432647245 156.49963628344548 157
1694432647262 156.47467372554888 158
1694432647278 156.4497151687326 159
1694432647295 156.42476061235246 160
1694432647310 156.3998100557643 161
1694432647327 156.37486349832406 162
1694432647343 156.34992093938803 163
1694432647360 156.32498237831226 164
1694432647376 156.3000478144531 165
1694432647393 156.27511724716703 166
1694432647409 156.2501906758106 167
1694432647425 156.22526809974028 168
1694432647442 156.2003495183129 169
1694432647458 156.17543493088533 170
1694432647474 156.15052433681444 171
1694432647490 156.12561773545735 172
1694432647507 156.1007151261712 173
1694432647523 156.07581650831312 174
1694432647538 156.0509218812406 175
1694432647555 156.0260312443111 176
1694432647576 156.00114459688214 177
1694432647593 155.97626193831138 178
1694432647608 155.95138326795663 179
1694432647624 155.92650858517575 180
1694432647640 155.90163788932676 181
1694432647657 155.87677117976764 182
1694432647673 155.85190845585674 183
1694432647689 155.82704971695222 184
1694432647705 155.80219496241256 185
1694432647722 155.7773441915962 186
1694432647737 155.7524974038618 187
1694432647753 155.7276545985681 188
1694432647772 155.70281577507382 189
1694432647788 155.67798093273794 190
1694432647804 155.65315007091948 191
1694432647820 155.62832318897753 192
1694432647837 155.60350028627136 193
1694432647852 155.5786813621603 194
1694432647869 155.55386641600379 195
1694432647885 155.52905544716134 196
1694432647901 155.50424845499262 197
1694432647917 155.47944543885743 198
1694432647933 155.45464639811553 199
1694432647948 155.4298513321269 200
1694432647965 155.40506024025166 201
1694432647981 155.3802731218499 202
1694432647998 155.355489976282 203
1694432648014 155.33071080290816 204
1694432648032 155.30593560108903 205
1694432648047 155.2811643701851 206
1694432648065 155.25639710955707 207
1694432648081 155.2316338185657 208
1694432648098 155.20687449657197 209
1694432648114 155.18211914293673 210
1694432648130 155.15736775702118 211
1694432648146 155.13262033818654 212
1694432648164 155.10787688579407 213
1694432648180 155.0831373992051 214
1694432648198 155.05840187778134 215
1694432648213 155.03367032088423 216
1694432648230 155.00894272787556 217
1694432648248 154.98421909811714 218
1694432648263 154.9594994309709 219
1694432648280 154.9347837257989 220
1694432648298 154.91007198196317 221
1694432648313 154.88536419882604 222
1694432648329 154.8606603757499 223
1694432648345 154.83596051209705 224
1694432648360 154.81126460723013 225
1694432648377 154.78657266051178 226
1694432648393 154.76188467130473 227
1694432648410 154.73720063897179 228
1694432648425 154.71252056287605 229
1694432648442 154.68784444238045 230
1694432648458 154.66317227684823 231
1694432648475 154.6385040656426 232
1694432648492 154.61383980812704 233
1694432648507 154.5891795036649 234
1694432648524 154.5645231516198 235
1694432648540 154.53987075135544 236
1694432648556 154.51522230223557 237
1694432648573 154.49057780362418 238
1694432648589 154.46593725488515 239
1694432648605 154.4413006553826 240
1694432648621 154.41666800448073 241
1694432648638 154.3920393015439 242
1694432648655 154.3674145459364 243
1694432648671 154.34279373702282 244
1694432648687 154.31817687416773 245
1694432648705 154.29356395673594 246
1694432648721 154.26895498409212 247
1694432648738 154.2443499556013 248
1694432648753 154.21974887062842 249
1694432648771 154.19515172853866 250
1694432648787 154.1705585286972 251
1694432648803 154.14596927046946 252
1694432648818 154.1213839532208 253
1694432648835 154.09680257631672 254
1694432648851 154.07222513912293 255
1694432648869 154.04765164100516 256
1694432648885 154.02308208132928 257
1694432648901 153.99851645946114 258
1694432648916 153.97395477476687 259
1694432648932 153.9493970266126 260
1694432648948 153.9248432143646 261
1694432648964 153.90029333738923 262
1694432648981 153.8757473950529 263
1694432648998 153.85120538672226 264
1694432649013 153.8266673117639 265
1694432649029 153.80213316954465 266
1694432649046 153.77760295943133 267
1694432649062 153.7530766807909 268
1694432649079 153.7285543329905 269
1694432649096 153.70403591539733 270
1694432649112 153.67952142737855 271
1694432649130 153.65501086830167 272
1694432649146 153.6305042375341 273
1694432649162 153.60600153444346 274
1694432649178 153.5815027583974 275
1694432649195 153.55700790876378 276
1694432649211 153.53251698491047 277
1694432649227 153.50802998620546 278
1694432649243 153.48354691201683 279
1694432649259 153.45906776171287 280
1694432649276 153.4345925346618 281
1694432649292 153.41012123023202 282
1694432649308 153.38565384779218 283
1694432649325 153.36119038671072 284
1694432649342 153.33673084635646 285
1694432649358 153.31227522609817 286
1694432649375 153.2878235253048 287
1694432649392 153.26337574334536 288
1694432649408 153.23893187958896 289
1694432649423 153.21449193340487 290
1694432649440 153.1900559041624 291
1694432649455 153.16562379123096 292
1694432649473 153.1411955939801 293
1694432649489 153.11677131177944 294
1694432649506 153.09235094399878 295
1694432649521 153.0679344900079 296
1694432649538 153.04352194917675 297
1694432649554 153.0191133208754 298
1694432649570 152.99470860447397 299
1694432649587 152.97030779934275 300
1694432649604 152.945910904852 301
1694432649620 152.9215179203723 302
1694432649636 152.89712884527415 303
1694432649653 152.87274367892815 304
1694432649670 152.84836242070512 305
1694432649687 152.82398506997592 306
1694432649703 152.7996116261115 307
1694432649719 152.77524208848294 308
1694432649735 152.75087645646136 309
1694432649752 152.72651472941808 310
1694432649769 152.7021569067245 311
1694432649785 152.67780298775202 312
1694432649801 152.6534529718722 313
1694432649817 152.62910685845682 314
1694432649834 152.60476464687756 315
1694432649849 152.58042633650635 316
1694432649866 152.55609192671517 317
1694432649884 152.53176141687607 318
1694432649900 152.50743480636126 319
1694432649916 152.48311209454303 320
1694432649932 152.45879328079383 321
1694432649950 152.434478364486 322
1694432649966 152.4101673449923 323
1694432649983 152.38586022168528 324
1694432649999 152.36155699393782 325
1694432650015 152.3372576611228 326
1694432650031 152.31296222261318 327
1694432650047 152.28867067778214 328
1694432650064 152.26438302600283 329
1694432650080 152.24009926664857 330
1694432650096 152.21581939909274 331
1694432650113 152.1915434227089 332
1694432650128 152.16727133687058 333
1694432650144 152.14300314095152 334
1694432650160 152.1187388343256 335
1694432650177 152.09447841636666 336
1694432650193 152.07022188644873 337
1694432650209 152.04596924394593 338
1694432650225 152.02172048823246 339
1694432650241 151.99747561868267 340
1694432650257 151.97323463467097 341
1694432650272 151.94899753557186 342
1694432650289 151.92476432075998 343
1694432650307 151.9005349896101 344
1694432650322 151.87630954149694 345
1694432650338 151.8520879757955 346
1694432650354 151.82787029188083 347
1694432650369 151.80365648912797 348
1694432650386 151.77944656691227 349
1694432650404 151.75524052460895 350
1694432650419 151.7310383615935 351
1694432650435 151.70684007724142 352
1694432650454 151.6826456709284 353
1694432650472 151.65845514203016 354
1694432650490 151.6342684899225 355
1694432650507 151.6100857139814 356
1694432650522 151.58590681358288 357
1694432650539 151.5617317881031 358
1694432650556 151.53756063691827 359
1694432650572 151.51339335940474 360
1694432650589 151.48922995493896 361
1694432650605 151.46507042289753 362
1694432650620 151.44091476265703 363
1694432650636 151.4167629735942 364
1694432650653 151.39261505508594 365
1694432650669 151.36847100650917 366
1694432650685 151.34433082724092 367
1694432650701 151.32019451665843 368
1694432650717 151.29606207413886 369
1694432650733 151.2719334990596 370
1694432650751 151.24780879079808 371
1694432650766 151.22368794873188 372
1694432650783 151.1995709722387 373
1694432650800 151.17545786069618 374
1694432650815 151.15134861348224 375
1694432650832 151.12724322997488 376
1694432650848 151.10314170955212 377
1694432650864 151.07904405159212 378
1694432650880 151.0549502554732 379
1694432650898 151.03086032057357 380
1694432650914 151.00677424627182 381
1694432650930 150.9826920319465 382
1694432650946 150.95861367697623 383
1694432650962 150.93453918073982 384
1694432650979 150.9104685426161 385
1694432650996 150.88640176198408 386
1694432651012 150.86233883822277 387
1694432651029 150.8382797707114 388
1694432651045 150.81422455882918 389
1694432651062 150.7901732019555 390
1694432651080 150.7661256994698 391
1694432651097 150.74208205075172 392
1694432651112 150.7180422551809 393
1694432651128 150.6940063121371 394
1694432651145 150.66997422100016 395
1694432651160 150.6459459811501 396
1694432651177 150.62192159196698 397
1694432651195 150.597901052831 398
1694432651210 150.57388436312235 399
1694432651227 150.54987152222145 400
1694432651244 150.5258625295088 401
1694432651259 150.501857384365 402
1694432651275 150.4778560861706 403
1694432651292 150.4538586343065 404
1694432651308 150.42986502815347 405
1694432651323 150.40587526709257 406
1694432651340 150.38188935050488 407
1694432651356 150.35790727777155 408
1694432651372 150.3339290482738 409
1694432651389 150.30995466139305 410
1694432651405 150.28598411651086 411
1694432651421 150.2620174130087 412
1694432651437 150.23805455026823 413
1694432651453 150.2140955276713 414
1694432651468 150.19014034459977 415
1694432651485 150.16618900043565 416
1694432651502 150.14224149456098 417
1694432651518 150.11829782635786 418
1694432651534 150.0943579952087 419
1694432651549 150.07042200049582 420
1694432651565 150.04648984160173 421
1694432651581 150.0225615179089 422
1694432651599 149.99863702880018 423
1694432651615 149.9747163736582 424
1694432651633 149.95079955186594 425
1694432651650 149.92688656280632 426
1694432651665 149.90297740586243 427
1694432651682 149.87907208041744 428
1694432651698 149.85517058585467 429
1694432651714 149.83127292155748 430
1694432651729 149.8073790869093 431
1694432651745 149.78348908129377 432
1694432651761 149.7596029040945 433
1694432651777 149.73572055469535 434
1694432651794 149.71184203248018 435
1694432651811 149.6879673368329 436
1694432651827 149.66409646713768 437
1694432651843 149.64022942277862 438
1694432651859 149.61636620314002 439
1694432651875 149.5925068076063 440
1694432651892 149.5686512355619 441
1694432651907 149.54479948639138 442
1694432651923 149.52095155947944 443
1694432651939 149.49710745421086 444
1694432651955 149.4732671699705 445
1694432651970 149.44943070614332 446
1694432651987 149.42559806211446 447
1694432652004 149.40176923726904 448
1694432652019 149.3779442309923 449
1694432652035 149.35412304266973 450
1694432652051 149.33030567168666 451
1694432652067 149.30649211742877 452
1694432652084 149.28268237928168 453
1694432652101 149.25887645663119 454
1694432652118 149.23507434886312 455
1694432652134 149.21127605536353 456
1694432652149 149.1874815755184 457
1694432652166 149.16369090871396 458
1694432652182 149.13990405433648 459
1694432652201 149.11612101177224 460
1694432652217 149.09234178040782 461
1694432652232 149.06856635962976 462
1694432652248 149.0447947488247 463
1694432652265 149.0210269473794 464
1694432652280 148.99726295468074 465
1694432652298 148.97350277011572 466
1694432652314 148.94974639307134 467
1694432652329 148.92599382293477 468
1694432652345 148.90224505909333 469
1694432652362 148.87850010093436 470
1694432652378 148.85475894784528 471
1694432652394 148.8310215992137 472
1694432652410 148.80728805442726 473
1694432652426 148.78355831287368 474
1694432652442 148.75983237394095 475
1694432652458 148.73611023701685 476
1694432652474 148.71239190148955 477
1694432652491 148.68867736674719 478
1694432652507 148.664966632178 479
1694432652523 148.64125969717037 480
1694432652539 148.61755656111268 481
1694432652556 148.59385722339357 482
1694432652571 148.57016168340164 483
1694432652588 148.54646994052567 484
1694432652604 148.52278199415446 485
1694432652621 148.49909784367702 486
1694432652638 148.4754174884824 487
1694432652654 148.45174092795963 488
1694432652670 148.42806816149812 489
1694432652686 148.4043991884871 490
1694432652703 148.38073400831604 491
1694432652718 148.35707262037454 492
1694432652734 148.33341502405213 493
1694432652751 148.30976121873863 494
1694432652767 148.28611120382385 495
1694432652784 148.2624649786978 496
1694432652801 148.23882254275037 497
1694432652817 148.21518389537184 498
1694432652834 148.19154903595233 499
