1694438540900 173.71950544240693 0
1694438540921 172.2600262475606 1
1694438540941 170.40676910802839 2
1694438540963 159.92038488590168 3
1694438540984 163.44586251477557 4
1694438541006 167.69219746638356 5
1694438541027 155.86764715288 6
1694438541052 149.33468189010276 7
1694438541074 145.06234585713756 8
1694438541094 150.00096842089755 9
1694438541111 134.51947592405423 10
1694438541130 134.72732570784135 11
1694438541150 140.2617233111161 12
1694438541170 132.6284074319914 13
1694438541187 143.1321071433466 14
1694438541207 131.91334411688163 15
1694438541224 127.70419288884425 16
1694438541242 124.69588161506549 17
1694438541263 126.27392629888982 18
1694438541281 126.16573437968658 19
1694438541300 132.3416989706669 20
1694438541319 123.04120326314657 21
1694438541337 125.46241675663043 22
1694438541356 116.74484176170824 23
1694438541374 115.77057135562369 24
1694438541393 120.71334489920218 25
1694438541412 111.36995525555878 26
1694438541430 111.25686617667336 27
1694438541448 104.11058620811505 28
1694438541467 105.34096637481431 29
1694438541486 105.80547286256181 30
1694438541504 106.09971490779044 31
1694438541522 104.34311909934777 32
1694438541540 105.07577588537288 33
1694438541559 94.44184674695653 34
1694438541578 94.31635602747295 35
1694438541597 91.84663968892546 36
1694438541615 97.73043518246023 37
1694438541633 97.6379402038629 38
1694438541652 87.85188343976496 39
1694438541671 86.2364408764977 40
1694438541689 92.77649487416024 41
1694438541707 83.64982251740335 42
1694438541726 84.97451035641244 43
1694438541744 82.32672077389493 44
1694438541763 80.00854907388359 45
1694438541782 82.28925940623871 46
1694438541800 79.58620548085787 47
1694438541820 78.07596874602818 48
1694438541842 79.56880906587085 49
1694438541861 71.71511933137015 50
1694438541879 77.86430665697614 51
1694438541898 76.73444122781768 52
1694438541917 72.18733312096067 53
1694438541935 70.81217501859362 54
1694438541954 67.91123164902682 55
1694438541972 66.1626946974141 56
1694438541991 65.96677266392366 57
1694438542008 63.68395797077994 58
1694438542027 66.52733877096608 59
1694438542045 60.90958638548606 60
1694438542066 61.768825780803056 61
1694438542085 62.372883419484246 62
1694438542104 61.31576896396571 63
1694438542123 60.679751288666935 64
1694438542142 62.54344103947519 65
1694438542161 59.268652951864475 66
1694438542180 58.93025557921461 67
1694438542198 56.467343572366396 68
1694438542217 57.981927056728786 69
1694438542234 53.15569300499731 70
1694438542253 53.116942881793875 71
1694438542271 49.78840243897872 72
1694438542289 52.498485416392214 73
1694438542307 52.099511785532876 74
1694438542325 50.04203764098837 75
1694438542343 47.81025202595216 76
1694438542362 49.28987551413856 77
1694438542380 47.45388263280733 78
1694438542398 45.67435926427968 79
1694438542417 49.05189133718341 80
1694438542435 49.121272330258535 81
1694438542453 43.38513583640359 82
1694438542471 43.24026631744568 83
1694438542489 41.820018143684884 84
1694438542508 43.44765832242736 85
1694438542526 40.70017732674359 86
1694438542544 40.912625712536965 87
1694438542563 40.25408968415995 88
1694438542580 40.43022742417811 89
1694438542599 40.62266968016936 90
1694438542617 38.33585535677873 91
1694438542634 39.52517327884631 92
1694438542656 35.82976546906934 93
1694438542676 35.327081242707564 94
1694438542694 35.32741441061766 95
1694438542712 34.97368469026164 96
1694438542730 32.86157707501145 97
1694438542748 36.93297468002422 98
1694438542767 36.6233286227242 99
1694438542785 33.076445654723784 100
1694438542804 31.588289547816697 101
1694438542822 31.484398662984358 102
1694438542840 32.30540586202577 103
1694438542858 30.913342962289125 104
1694438542877 27.66487963681214 105
1694438542895 29.045927938186015 106
1694438542913 30.147714923199946 107
1694438542932 29.513299038134367 108
1694438542950 27.99852969376061 109
1694438542968 26.362939537083513 110
1694438542986 28.614236845106337 111
1694438543005 26.764481093565553 112
1694438543023 25.84220024873423 113
1694438543041 27.058344525014604 114
1694438543058 25.04810750902676 115
1694438543077 26.638805187127467 116
1694438543097 25.977095229392898 117
1694438543114 25.020013433063774 118
1694438543132 23.116336787328358 119
1694438543150 25.526949897826643 120
1694438543168 23.543108590542623 121
1694438543186 23.07760829260084 122
1694438543204 23.798015184092485 123
1694438543222 23.591351824670518 124
1694438543241 22.56327162207878 125
1694438543259 22.140699139155913 126
1694438543277 21.194690706856882 127
1694438543298 21.310337386216016 128
1694438543317 20.992798108829422 129
1694438543335 19.97427407365513 130
1694438543354 19.81687060595174 131
1694438543373 18.343168028223214 132
1694438543390 20.518381432631156 133
1694438543409 18.44066701792897 134
1694438543428 18.67652596815855 135
1694438543446 18.834234777999747 136
1694438543465 17.447892747126104 137
1694438543483 18.54880352823469 138
1694438543501 17.994213092979432 139
1694438543518 16.759546181920644 140
1694438543537 16.859566314464356 141
1694438543555 16.542199569082477 142
1694438543574 16.15131054197585 143
1694438543593 16.089730458861982 144
1694438543610 17.017483224952922 145
1694438543628 17.030947866641043 146
1694438543647 15.0438411496047 147
1694438543666 15.693946818010927 148
1694438543685 15.702148405811428 149
1694438543704 15.194989401322188 150
1694438543721 14.159064219595447 151
1694438543738 14.240180299521459 152
1694438543757 14.490079237127409 153
1694438543776 13.216752194453095 154
1694438543794 14.42675851906677 155
1694438543812 13.766576807326102 156
1694438543831 13.811247689175545 157
1694438543848 12.16610096046393 158
1694438543866 11.114428213355717 159
1694438543888 12.73744447994544 160
1694438543907 12.103530660200088 161
1694438543926 12.004492022105223 162
1694438543944 11.162037654928124 163
1694438543963 12.799392283516312 164
1694438543982 12.033768263640289 165
1694438544000 11.572251648958556 166
1694438544018 9.907061614778588 167
1694438544036 10.590549366431643 168
1694438544054 10.388399042025199 169
1694438544073 11.296458355558732 170
1694438544091 9.688923508934534 171
1694438544110 10.620396281106792 172
1694438544127 10.645078018728471 173
1694438544145 9.117047236670754 174
1694438544163 9.382995958170103 175
1694438544182 9.51683537822922 176
1694438544201 8.919995082856088 177
1694438544218 9.247133183717898 178
1694438544236 8.842905273439879 179
1694438544255 9.900415659992941 180
1694438544274 7.719391848036581 181
1694438544292 9.051128812038863 182
1694438544310 8.564445612548884 183
1694438544328 8.45048992135995 184
1694438544346 8.336236723139287 185
1694438544364 8.459096231419574 186
1694438544383 8.652207307561358 187
1694438544400 8.774589010944998 188
1694438544420 7.59004639353448 189
1694438544438 7.555368739582135 190
1694438544456 7.8410217101864585 191
1694438544474 6.473339774444911 192
1694438544493 7.802015481302185 193
1694438544513 6.802446675477562 194
1694438544532 6.841822181666102 195
1694438544550 7.0458941926929155 196
1694438544568 6.973697916162528 197
1694438544586 6.672731813321996 198
1694438544605 6.8371052340120375 199
1694438544623 6.999020367251871 200
1694438544641 6.459205577909123 201
1694438544659 6.059767855748504 202
1694438544679 5.887902275399381 203
1694438544696 5.666752578079744 204
1694438544715 6.552429566992879 205
1694438544733 6.693286675701462 206
1694438544751 6.3071450473731945 207
1694438544769 5.695462242768285 208
1694438544787 5.01832998767316 209
1694438544805 6.285017344271774 210
1694438544823 5.2792218820868415 211
1694438544841 5.282860976978031 212
1694438544859 5.712874078678724 213
1694438544877 5.318975525468884 214
1694438544896 4.608932789949722 215
1694438544915 4.9280777749663764 216
1694438544932 5.191104390869272 217
1694438544951 4.633196255951396 218
1694438544969 4.978886117030419 219
1694438544988 4.476228163002339 220
1694438545006 4.84996051062408 221
1694438545024 4.585029323575986 222
1694438545042 4.494025864923537 223
1694438545060 4.63826331009452 224
1694438545077 4.563645806459598 225
1694438545097 5.384437243052196 226
1694438545116 3.829001050323933 227
1694438545135 3.6880289135110353 228
1694438545153 4.100894475684267 229
1694438545171 3.5278416557880403 230
1694438545189 4.238115827408578 231
1694438545208 4.00294542954083 232
1694438545226 4.100721956851434 233
1694438545243 4.0189687850394575 234
1694438545262 4.1745457567160615 235
1694438545280 4.2171390779633136 236
1694438545298 3.5693321546968035 237
1694438545317 3.56642484666957 238
1694438545335 3.3022528008339345 239
1694438545353 3.3081907855612296 240
1694438545372 3.7381916452958026 241
1694438545390 2.7691616095572122 242
1694438545408 3.1069467572897667 243
1694438545427 3.091138507092764 244
1694438545446 4.360903062126812 245
1694438545463 3.473173521032001 246
1694438545481 2.897841044106714 247
1694438545501 2.635728230075198 248
1694438545519 2.0679362068974645 249
1694438545537 3.1439747217905203 250
1694438545554 2.9724120871328714 251
1694438545573 2.6132856260697994 252
1694438545591 2.9054309495053787 253
1694438545609 2.881707826855558 254
1694438545627 2.563655215116775 255
1694438545645 2.78082025723603 256
1694438545663 3.276421555808118 257
1694438545682 2.2271520953122312 258
1694438545704 2.469066714761187 259
1694438545724 2.4127268636966615 260
1694438545743 2.288404243311644 261
1694438545762 2.2165750530704935 262
1694438545780 2.082209928032898 263
1694438545799 2.2057179180075193 264
1694438545818 2.3576427302724454 265
1694438545836 2.376261843450662 266
1694438545854 1.962267751413491 267
1694438545871 1.9371492033317026 268
1694438545890 2.0097435013476743 269
1694438545909 1.8705761190488885 270
1694438545928 1.9028974318047012 271
1694438545947 1.9987192857021945 272
1694438545970 2.300021673122776 273
1694438545989 1.9866958461617317 274
1694438546010 1.711270342999585 275
1694438546029 1.4417747224505535 276
1694438546048 1.6055894934386308 277
1694438546066 1.7842377572429273 278
1694438546086 1.703723314261594 279
1694438546106 1.7418006449777275 280
1694438546125 1.7866743410634236 281
1694438546142 1.8585576916967084 282
1694438546160 1.7163172595185288 283
1694438546178 1.861251468148734 284
1694438546197 1.8231360181868357 285
1694438546215 1.7197933916757726 286
1694438546233 1.4133254146524428 287
1694438546251 1.2475531114456746 288
1694438546269 1.6186560873834293 289
1694438546287 1.8066652178656735 290
1694438546307 1.6828094115248882 291
1694438546327 1.6048115564262526 292
1694438546347 1.4026573393759534 293
1694438546366 1.3619216169696542 294
1694438546384 1.499513163384696 295
1694438546402 1.1749957086312477 296
1694438546421 1.6558847076854668 297
1694438546439 1.4803336155940339 298
1694438546457 1.2764232250586345 299
1694438546475 1.582259297004742 300
1694438546493 1.712552476910343 301
1694438546511 1.8557801486268493 302
1694438546529 1.5819120437755725 303
1694438546547 1.2468359403686062 304
1694438546564 1.2601321189887558 305
1694438546582 1.0808084335844221 306
1694438546601 1.1676315645303565 307
1694438546619 1.3955339493437766 308
1694438546637 1.549125520887245 309
1694438546655 1.3160254726472806 310
1694438546673 1.060432151725015 311
1694438546692 0.9481963976610006 312
1694438546710 1.0002049568180702 313
1694438546728 1.235672525624915 314
1694438546747 1.007662896616339 315
1694438546764 1.1752519855818329 316
1694438546782 1.2028954174298463 317
1694438546801 1.0773379944336035 318
1694438546819 0.7426774869291416 319
1694438546837 1.3036387491899597 320
1694438546855 1.096606666630373 321
1694438546873 0.9332592965928177 322
1694438546891 1.052553851084008 323
1694438546910 0.7036829352769673 324
1694438546930 0.8813086934275723 325
1694438546949 0.960354879841025 326
1694438546968 1.0355723957221816 327
1694438546986 1.2906019793037156 328
1694438547005 0.8241643887979999 329
1694438547023 0.8744237503594284 330
1694438547041 0.8968806221821152 331
1694438547059 0.9795895178058064 332
1694438547076 0.866719059556116 333
1694438547095 0.8100049046483182 334
1694438547114 1.1339772113778765 335
1694438547132 0.4574689081787126 336
1694438547151 0.7110830217448012 337
1694438547170 0.4799642991617854 338
1694438547187 0.7676370458673061 339
1694438547206 0.37966230935295686 340
1694438547224 0.9429489203251019 341
1694438547242 0.6666497814027397 342
1694438547261 0.696356981672643 343
1694438547278 0.9045824668073221 344
1694438547296 0.7172491683351657 345
1694438547315 0.7646794117644097 346
1694438547333 0.9149264950562012 347
1694438547351 0.6795688067283843 348
1694438547369 0.5205988296209141 349
1694438547387 0.8960647683668467 350
1694438547405 0.586435982033085 351
1694438547423 0.9102180895645778 352
1694438547442 0.3765927060644002 353
1694438547460 0.8271699688958378 354
1694438547478 0.6819210184485821 355
1694438547496 0.6065311761099437 356
1694438547515 0.48210814596247875 357
1694438547533 0.47633128925150847 358
1694438547552 0.5340208815631537 359
1694438547572 0.39454484250862876 360
1694438547591 0.66023417129959 361
1694438547610 0.6022286293973425 362
1694438547628 0.5707401051112795 363
1694438547648 0.579452808278804 364
1694438547666 0.6460164798949938 365
1694438547683 0.41089722852146926 366
1694438547702 0.7198979968561714 367
1694438547722 0.6356142879531185 368
1694438547739 0.41013647237177603 369
1694438547757 0.37451621631630283 370
1694438547775 0.713968217399202 371
1694438547793 0.5047996093230506 372
1694438547813 0.4591007133335624 373
1694438547831 0.48927077442460665 374
1694438547849 0.5483930175069571 375
1694438547866 0.3492088552830755 376
1694438547884 0.5366898059196118 377
1694438547902 0.4008759043285596 378
1694438547921 0.45533230250361395 379
1694438547939 0.6675871333947032 380
1694438547959 0.3442290180326203 381
1694438547977 0.4103663277109007 382
1694438547995 0.684413126264072 383
1694438548014 0.47149613969985066 384
1694438548032 0.2811752616102433 385
1694438548049 0.40344208060870157 386
1694438548067 0.4438042812033967 387
1694438548085 0.4707317657780756 388
1694438548103 0.5801795853281003 389
1694438548122 0.37919008965486833 390
1694438548141 0.5436347361240116 391
1694438548160 0.3542683806522934 392
1694438548179 0.2660415659656538 393
1694438548198 0.33493054987416265 394
1694438548218 0.38268469686701867 395
1694438548235 0.2251156126585979 396
1694438548253 0.354336816443855 397
1694438548271 0.3748556333895033 398
1694438548290 0.25277096232560653 399
1694438548308 0.29394037618787605 400
1694438548327 0.4240792137214012 401
1694438548344 0.5209311321059013 402
1694438548362 0.20785684915028962 403
1694438548380 0.3944622341806113 404
1694438548398 0.5781379107907918 405
1694438548417 0.26944225383063536 406
1694438548436 0.33062937689606164 407
1694438548454 0.26489674979319083 408
1694438548472 0.31423155445414086 409
1694438548491 0.25447402609590225 410
1694438548508 0.39343513968156196 411
1694438548527 0.20436019599937683 412
1694438548544 0.2518433974542433 413
1694438548562 0.19475169922143162 414
1694438548581 0.2291345647850789 415
1694438548600 0.39501134885575057 416
1694438548618 0.3708270494920887 417
1694438548636 0.3324974722812568 418
1694438548656 0.1683950610454849 419
1694438548673 0.17186638903497573 420
1694438548692 0.3045024007952342 421
1694438548710 0.23722109630554358 422
1694438548729 0.2674110370353796 423
1694438548747 0.36301057039186135 424
1694438548768 0.3660036356890796 425
1694438548789 0.2567752406432547 426
1694438548807 0.21372495614601883 427
1694438548825 0.28333067286254976 428
1694438548843 0.12530928986001108 429
1694438548861 0.4153793720490281 430
1694438548878 0.20288087672726832 431
1694438548897 0.24804075351679372 432
1694438548915 0.38789338743559965 433
1694438548933 0.20111006875863993 434
1694438548951 0.24897758815031606 435
1694438548969 0.21077863959989504 436
1694438548988 0.14973678005717397 437
1694438549006 0.1696056542479413 438
1694438549024 0.2831313560272709 439
1694438549043 0.33951125972249263 440
1694438549062 0.29616928152082966 441
1694438549079 0.41461713765668357 442
1694438549097 0.16625397347533447 443
1694438549115 0.1953058208718785 444
1694438549133 0.17397290303083812 445
1694438549152 0.1991495660245909 446
1694438549170 0.17423516907268008 447
1694438549187 0.18351402614105725 448
1694438549206 0.11911407221528658 449
1694438549224 0.2946489786661895 450
1694438549242 0.1542880280240418 451
1694438549261 0.18351591677684537 452
1694438549278 0.23114999137536785 453
1694438549297 0.22704478864944716 454
1694438549314 0.19855215539257326 455
1694438549333 0.158352958172731 456
1694438549351 0.15905237195054725 457
1694438549370 1.1325314128921982 458
1694438549389 0.3058255686244573 459
1694438549408 0.1408489479365089 460
1694438549427 0.1824842247207942 461
1694438549445 0.17230098264522514 462
1694438549463 0.20115180014639206 463
1694438549481 0.1713429624115131 464
1694438549499 0.22344163047865986 465
1694438549517 0.21398753162328485 466
1694438549536 0.21123830369961777 467
1694438549553 0.2797484366113462 468
1694438549571 0.24743022343884583 469
1694438549590 0.3386557048114686 470
1694438549608 0.2871462698615071 471
1694438549626 0.09739007855174615 472
1694438549645 0.15532769967034757 473
1694438549663 0.1987526033385812 474
1694438549682 0.10066086126387004 475
1694438549700 0.1351210566526941 476
1694438549718 0.48266125156234224 477
1694438549737 0.17774002646506437 478
1694438549755 0.14944296008131014 479
1694438549773 0.18983069132197847 480
1694438549791 0.11528722900267667 481
1694438549810 0.15785509537859532 482
1694438549829 0.12262705170500764 483
1694438549847 0.1861400712024094 484
1694438549865 0.13790312423960358 485
1694438549883 0.23119205888017907 486
1694438549902 0.1402997867570511 487
1694438549920 0.12034176889034379 488
1694438549939 0.2469531348302268 489
1694438549958 0.0881439394385078 490
1694438549978 0.17475384879898756 491
1694438549997 0.16247964842186907 492
1694438550015 0.12229627968362046 493
1694438550034 0.15800075362184948 494
1694438550053 0.10121072566251647 495
1694438550071 0.15555605172555811 496
1694438550089 0.2261245397819515 497
1694438550107 0.09224929300444297 498
1694438550125 0.21893993604967582 499
