1694439220538 69.53675581226206 0
1694439220607 33.98226641838235 1
1694439220678 16.049826753418785 2
1694439220748 7.5650630789081985 3
1694439220821 5.169321665201174 4
1694439220892 1.2871283942138865 5
1694439220963 0.3310971927739324 6
1694439221033 0.0955683399639956 7
1694439221100 0.0021799426666677018 8
1694439221170 0.4852622330873611 9
1694439221241 0.004184364330124819 10
1694439221312 0.3643470097251156 11
1694439221380 0.02221374714102315 12
1694439221449 0.02416992462502033 13
1694439221518 0.04996221884578668 14
1694439221586 0.009306276157346806 15
1694439221656 0.8555484851067833 16
1694439221730 0.25755030880219604 17
1694439221798 0.003716098044798965 18
1694439221868 0.024526710302434144 19
1694439221935 0.03137765798787441 20
1694439222003 0.047589879791403264 21
1694439222072 0.11270244985911224 22
1694439222140 0.0718453133524922 23
1694439222208 0.006764040939358092 24
1694439222276 0.10366586071621081 25
1694439222344 0.08880268524567678 26
1694439222413 0.008197343680879115 27
1694439222483 0.015920256721324466 28
1694439222551 0.0010593771334128843 29
1694439222620 0.09269724871971115 30
1694439222688 0.00044447639297549575 31
1694439222757 0.2640808447262548 32
1694439222826 0.0018818733468053174 33
1694439222894 0.7476171191625656 34
1694439222963 0.3626430826437346 35
1694439223032 0.005694702784837826 36
1694439223100 0.00018944884601239292 37
1694439223169 0.7547546260380154 38
1694439223238 0.04474450008142397 39
1694439223308 2.0415098542758967 40
1694439223377 0.018520648916134787 41
1694439223446 0.0006325837715833093 42
1694439223515 0.0018051403897638317 43
1694439223584 0.011351843651739522 44
1694439223654 0.4220122606693127 45
1694439223721 0.0006481651734073588 46
1694439223790 0.2248089526623914 47
1694439223859 0.5424723643199093 48
1694439223928 0.07061270505161468 49
1694439223997 0.07597222488529153 50
1694439224066 0.03950243097265253 51
1694439224136 0.02984826717388508 52
1694439224204 0.01959006468684483 53
1694439224272 0.15430769427486116 54
1694439224343 0.12905376266965643 55
1694439224415 0.004569990097911687 56
1694439224484 0.608723933913082 57
1694439224555 0.0020429176936728652 58
1694439224623 0.5303036115902867 59
1694439224692 0.23171941317154082 60
1694439224762 0.012733626835175618 61
1694439224830 0.024906884043213538 62
1694439224901 0.032465010315966075 63
1694439224969 0.05097390661016908 64
1694439225037 0.035346757043751766 65
1694439225107 0.02133985606168802 66
1694439225175 0.11265456232989313 67
1694439225244 0.013180403432405353 68
1694439225312 0.009721978000531834 69
1694439225381 0.4835205298639242 70
1694439225450 0.05051647507829544 71
1694439225519 0.017641771529396343 72
1694439225589 0.4048906325201062 73
1694439225659 2.0292346471418288 74
1694439225728 0.168381132353111 75
1694439225798 0.11439462614988498 76
1694439225869 0.05026777260996353 77
1694439225938 0.8926821552787841 78
1694439226006 0.031375063505627326 79
1694439226075 0.006935717330400729 80
1694439226146 0.3014076187319917 81
1694439226217 0.10983048673053165 82
1694439226286 0.16177289006569487 83
1694439226355 0.004056320819367542 84
1694439226425 0.16902219995624618 85
1694439226493 0.04162779009435988 86
1694439226563 0.04520601932019177 87
1694439226632 0.07062097173333096 88
1694439226701 0.05220323026521422 89
1694439226770 0.006333886693808477 90
1694439226839 0.10020782600799905 91
1694439226908 0.0002476900329501655 92
1694439226984 0.8252390818733975 93
1694439227058 0.06710994439836337 94
1694439227127 0.0023748086354805397 95
1694439227196 0.002242774773248006 96
1694439227266 0.19007439408957905 97
1694439227334 0.06311868375359676 98
1694439227403 0.11227909361617643 99
1694439227476 0.0003104302410059434 100
1694439227545 0.21033599855323631 101
1694439227614 0.14049795888741054 102
1694439227683 0.00018366946703222582 103
1694439227752 1.0591130197682712 104
1694439227820 0.00025535896786684853 105
1694439227888 0.003375086172705452 106
1694439227957 0.1448062091684459 107
1694439228026 0.06675146543113922 108
1694439228094 0.022854046148720913 109
1694439228163 0.1303994664193908 110
1694439228232 0.01453884061018395 111
1694439228301 0.11201846819980109 112
1694439228370 0.05279023389316411 113
1694439228439 0.02475740141761377 114
1694439228508 0.08133680766168762 115
1694439228577 0.0001977629215218467 116
1694439228646 0.033276061914220105 117
1694439228716 0.0005988707913076733 118
1694439228785 0.03651463420677028 119
1694439228853 0.005228600163395936 120
1694439228922 0.042079001160985 121
1694439228991 0.07398596139032276 122
1694439229059 0.10784273948602623 123
1694439229131 0.21069047255014678 124
1694439229202 0.047471890158251095 125
1694439229271 0.5980994464525727 126
1694439229339 0.11083615789799943 127
1694439229409 0.0318134126294711 128
1694439229479 0.0003866459834040835 129
1694439229548 0.0008018150453059089 130
1694439229617 0.00919501983405554 131
1694439229686 0.025707360243692426 132
1694439229755 0.08438298319115689 133
1694439229823 0.8754071197020759 134
1694439229892 0.04155520762793315 135
1694439229961 0.9252882307566503 136
1694439230036 0.003730830990563575 137
1694439230105 3.474460361915685e-05 138
1694439230175 0.010115372178286366 139
1694439230244 0.00099551498828278 140
1694439230314 0.3842688051085251 141
1694439230383 0.0051600317557434815 142
1694439230453 0.05843360047208967 143
1694439230522 0.0018586686382754565 144
1694439230591 0.0008014320843932752 145
1694439230662 0.004343760640604506 146
1694439230730 0.15751938759674902 147
1694439230799 0.00012830212344778737 148
1694439230868 0.007952182866759732 149
1694439230936 0.45600714814182913 150
1694439231005 0.17075272555433807 151
1694439231073 0.2214627054282147 152
1694439231143 0.2578209912231104 153
1694439231212 0.01632592396394895 154
1694439231281 0.004941286105253888 155
1694439231350 0.08116574206612345 156
1694439231418 0.03478389679148949 157
1694439231486 0.009284726793426719 158
1694439231556 0.005774864707914288 159
1694439231626 0.046482049584874466 160
1694439231694 0.018004784482352213 161
1694439231763 0.0019218704635798783 162
1694439231833 0.020531901385947883 163
1694439231903 0.08952492612534822 164
1694439231973 0.04300850862474485 165
1694439232042 0.0055917215289302494 166
1694439232111 0.009161868632972083 167
1694439232180 0.00848934050031146 168
1694439232249 0.18506405312831692 169
1694439232318 0.01408461710443377 170
1694439232387 0.0154300933343679 171
1694439232455 0.18349171923059657 172
1694439232525 0.03409901944987936 173
1694439232595 0.43145214363072143 174
1694439232676 0.005062633658671415 175
1694439232746 0.08865489478748034 176
1694439232813 0.008046525005119484 177
1694439232883 0.37320791811383314 178
1694439232952 0.02481704867804928 179
1694439233019 0.01079646764242072 180
1694439233088 0.0011444314684555944 181
1694439233156 0.3703234991127639 182
1694439233224 0.020864071647476945 183
1694439233294 0.0017894571899349132 184
1694439233364 0.0156507952097071 185
1694439233433 0.009202056891760414 186
1694439233502 0.15202621226654825 187
1694439233572 0.12315859880552893 188
1694439233641 0.019389291972253406 189
1694439233708 0.00635949977391606 190
1694439233777 1.375483397676569 191
1694439233845 0.004763122379831784 192
1694439233914 0.05578195605354948 193
1694439233982 0.007858444694604975 194
1694439234050 0.003756954949227554 195
1694439234117 0.0039119903532956 196
1694439234188 0.0369871722706135 197
1694439234257 0.0008742090972588082 198
1694439234325 0.002622563307099005 199
1694439234394 0.011994390293297803 200
1694439234464 0.9162349790915683 201
1694439234536 0.017558537853326936 202
1694439234607 0.07166846749586367 203
1694439234678 0.09398142142291135 204
1694439234748 0.07970282011685906 205
1694439234818 0.00046096757293246553 206
1694439234887 0.45639601546231595 207
1694439234958 0.08390462099061907 208
1694439235026 0.018834990352210642 209
1694439235097 0.014487640761895806 210
1694439235166 0.0060075374551023224 211
1694439235237 0.10733915310401328 212
1694439235307 0.004366906845715227 213
1694439235376 0.018790192211943363 214
1694439235447 0.10470354153559853 215
1694439235517 0.20519114798968216 216
1694439235586 0.015944871862932756 217
1694439235654 0.06058521002089608 218
1694439235725 0.1501782736042387 219
1694439235794 0.004864176663255343 220
1694439235864 0.06788464187295379 221
1694439235933 0.0028675890233356323 222
1694439236001 0.37770640794759275 223
1694439236070 0.00024640296884942295 224
1694439236140 0.01299898205338066 225
1694439236211 0.0652395328484048 226
1694439236281 0.008171415915849163 227
1694439236352 0.12494708920351333 228
1694439236420 0.02994198661887285 229
1694439236490 0.0017592373690604693 230
1694439236561 0.049929351331739806 231
1694439236634 0.000531608969135093 232
1694439236711 0.07999685973841655 233
1694439236781 0.2508092904704412 234
1694439236852 0.08181120318011477 235
1694439236923 0.021129310645627317 236
1694439236993 0.0435429941757771 237
1694439237063 0.021296400807243415 238
1694439237133 0.06741766325295617 239
1694439237204 0.15480000127919621 240
1694439237273 0.003424255130828167 241
1694439237343 0.18076332970491293 242
1694439237412 0.04561782338027447 243
1694439237479 0.055560224384977985 244
1694439237547 0.14570277771314682 245
1694439237615 0.021707369449012824 246
1694439237685 0.5511887963741178 247
1694439237753 0.01945784337973432 248
1694439237821 0.13725804543575504 249
1694439237890 0.11454981656955474 250
1694439237959 0.0009634937159313348 251
1694439238027 0.027084289103689378 252
1694439238095 0.11039018374826168 253
1694439238163 0.23785539431533298 254
1694439238232 0.017596604852953574 255
1694439238300 0.7362837630161562 256
1694439238369 0.014822574885181485 257
1694439238439 0.00716883982078817 258
1694439238507 0.04008924020359526 259
1694439238575 0.04039734382318188 260
1694439238643 0.022127815430922113 261
1694439238713 0.1555463419769402 262
1694439238780 0.21849395217700296 263
1694439238848 0.18734699911828984 264
1694439238917 0.010852027868256682 265
1694439238984 0.7407569775115387 266
1694439239053 0.026333265412418615 267
1694439239122 0.9352926533443713 268
1694439239190 0.02056788066490692 269
1694439239258 0.12515692140014145 270
1694439239327 0.019119054277575542 271
1694439239396 0.01164319848019202 272
1694439239463 0.000769096328061699 273
1694439239532 0.016832124406720786 274
1694439239600 0.0017017129974580209 275
1694439239669 0.10024177231342606 276
1694439239737 0.010867128403644758 277
1694439239805 0.021515440086779063 278
1694439239873 0.2850705952719537 279
1694439239941 0.023237469544512432 280
1694439240010 0.04742105215077792 281
1694439240080 0.00033252210874376445 282
1694439240148 0.05647972441145391 283
1694439240217 0.14454673174708216 284
1694439240286 0.27685792731028186 285
1694439240356 0.002039064044744105 286
1694439240424 0.33062775178134546 287
1694439240492 0.13202061122903952 288
1694439240560 0.12257142416866242 289
1694439240629 0.07101575791568018 290
1694439240697 0.47599858976833165 291
1694439240766 0.015131348988698463 292
1694439240836 0.0816237448023732 293
1694439240905 0.16509547802186897 294
1694439240976 0.005693462097425598 295
1694439241044 0.00014450685700821347 296
1694439241112 0.01588355353214968 297
1694439241180 0.015183495132037877 298
1694439241248 0.002278584426204071 299
1694439241317 0.24392397948688171 300
1694439241385 0.007555078385964048 301
1694439241453 0.001318271942454006 302
1694439241522 0.13415212962050294 303
1694439241589 0.017641711380397534 304
1694439241656 0.02950530481260042 305
1694439241726 0.5704110029454575 306
1694439241795 0.0034825299190575708 307
1694439241864 0.17747922465618618 308
1694439241933 0.013773979226595793 309
1694439242001 0.009451065834828137 310
1694439242070 0.03211789165224575 311
1694439242138 0.4507229632431118 312
1694439242207 0.17111773523810728 313
1694439242276 0.07370029356625246 314
1694439242344 0.0026772105715503355 315
1694439242413 0.020257535853398907 316
1694439242481 0.019397792224746146 317
1694439242550 0.0885080749728423 318
1694439242618 0.08628002173121424 319
1694439242690 0.045332642532250576 320
1694439242760 0.040815941082418504 321
1694439242828 0.0695659097713622 322
1694439242897 0.16741774761134426 323
1694439242964 0.028658230510276366 324
1694439243034 0.0007733554566105113 325
1694439243102 0.2954886357988787 326
1694439243171 0.0008956457963594576 327
1694439243240 0.0787988688786371 328
1694439243307 0.0002765548719392959 329
1694439243376 0.019258209333541484 330
1694439243444 0.045723456680529434 331
1694439243513 0.07122576535539381 332
1694439243581 0.1945726684340976 333
1694439243651 0.0006490461778187963 334
1694439243719 0.010808013374483118 335
1694439243787 0.006829242548905116 336
1694439243857 8.468045489107379e-05 337
1694439243924 0.08424456211206323 338
1694439243993 0.00020778669992395596 339
1694439244062 0.5398690688667095 340
1694439244130 0.30559089444114496 341
1694439244199 0.02011493422017095 342
1694439244268 0.022299990157939927 343
1694439244343 0.04936247010947125 344
1694439244412 0.3093755984088121 345
1694439244481 0.21045005748826948 346
1694439244549 0.31703161760109405 347
1694439244617 0.010634583841677626 348
1694439244687 0.01688532221728737 349
1694439244756 0.1332795516354708 350
1694439244824 0.22419889387133327 351
1694439244892 0.030119249224691766 352
1694439244961 0.020381951646273065 353
1694439245029 0.021182951824541028 354
1694439245097 0.0020542007664303787 355
1694439245166 0.005215067824440366 356
1694439245237 0.750693932670342 357
1694439245304 0.06798904993053552 358
1694439245372 0.004815396299313667 359
1694439245441 0.721529694392818 360
1694439245509 0.0025774544644614748 361
1694439245578 0.004561321340100004 362
1694439245645 0.14379208188354517 363
1694439245715 0.00010476726860089858 364
1694439245783 0.32024524199307863 365
1694439245850 0.011102773468897159 366
1694439245918 0.1913855262922912 367
1694439245987 0.11210912534828792 368
1694439246055 0.25740113090890715 369
1694439246125 0.009324020978325267 370
1694439246193 0.0027623536802145426 371
1694439246262 0.047749580871629296 372
1694439246330 0.05488890281731842 373
1694439246399 0.17184260425567327 374
1694439246468 0.0005384839717856305 375
1694439246535 1.030234837615148e-05 376
1694439246606 0.0012444961374368474 377
1694439246676 0.00047911632440946644 378
1694439246747 2.2941948935400944 379
1694439246817 0.002245404850183967 380
1694439246888 0.06996814933175409 381
1694439246957 0.25743758988622517 382
1694439247029 0.00019231088936459066 383
1694439247099 0.0105207009127366 384
1694439247171 0.7205267299849907 385
1694439247243 0.004202274530452287 386
1694439247312 8.656189769571296e-07 387
1694439247382 0.7484241449604854 388
1694439247453 0.10627471888656816 389
1694439247523 0.04933963084071421 390
1694439247592 0.13509576114902044 391
1694439247663 0.16682360856930284 392
1694439247732 0.069331264198622 393
1694439247803 0.2538869073153546 394
1694439247873 0.00022350769800792404 395
1694439247945 0.15999021436361374 396
1694439248014 0.0004815887654241129 397
1694439248083 0.10938783489158317 398
1694439248151 0.01857335233593342 399
1694439248220 0.19831672978478204 400
1694439248289 0.1107328352222052 401
1694439248358 0.1591836595828941 402
1694439248428 0.07282432427630747 403
1694439248498 0.020172740914528545 404
1694439248567 0.08431633434148525 405
1694439248637 0.04425906250605869 406
1694439248708 0.19286478367446688 407
1694439248777 0.00040164208478144577 408
1694439248846 0.056846447791058984 409
1694439248915 0.1319734541667683 410
1694439248981 0.0032516983183073656 411
1694439249051 0.1483359674336592 412
1694439249120 0.03561443508663841 413
1694439249190 0.11604429378142611 414
1694439249259 0.06370815842758797 415
1694439249329 0.01922402988739759 416
1694439249399 4.688838132455897e-06 417
1694439249470 0.008271454927025185 418
1694439249539 0.010471965237683872 419
1694439249608 0.04207053896044045 420
1694439249676 5.632715637994868e-05 421
1694439249745 0.0830122656039798 422
1694439249814 0.24921339815130084 423
1694439249883 0.03535392898488286 424
1694439249951 0.0008239807894803671 425
1694439250020 0.14737800858805847 426
1694439250090 0.009268665869521416 427
1694439250160 0.013878321572772146 428
1694439250229 0.002675664546974536 429
1694439250305 0.025110351485630334 430
1694439250375 0.0129408491945307 431
1694439250444 0.013764181899950007 432
1694439250513 1.0634055979461448 433
1694439250582 0.00026205105178374197 434
1694439250650 0.12400915799941084 435
1694439250719 0.015396019464128219 436
1694439250787 0.04755249549858977 437
1694439250859 0.04468916470421164 438
1694439250930 0.05859075118115682 439
1694439251001 0.007999558221246705 440
1694439251071 0.1120243832077706 441
1694439251144 0.06620259101240615 442
1694439251213 0.07407433650505717 443
1694439251282 0.0012365874885130498 444
1694439251351 0.11419140149807946 445
1694439251419 1.3232048711699345e-05 446
1694439251488 0.013237760882030955 447
1694439251556 0.034272502621286574 448
1694439251627 0.2200523545333001 449
1694439251699 0.002949536805088929 450
1694439251769 0.06145635767674728 451
1694439251837 0.16602446556361428 452
1694439251918 0.01845595965650308 453
1694439251990 7.332228166003935e-05 454
1694439252059 0.032749388265170515 455
1694439252130 0.0006434821462416707 456
1694439252197 0.058412475349172044 457
1694439252266 0.08077512555649538 458
1694439252336 0.01418238412122542 459
1694439252406 0.004480897523638289 460
1694439252473 0.019889409183736547 461
1694439252547 0.19974905936318735 462
1694439252617 0.144564501720559 463
1694439252688 0.06003593354850558 464
1694439252757 0.458243182157397 465
1694439252828 0.04412876003478031 466
1694439252897 0.026288058380093425 467
1694439252965 0.02195755236263676 468
1694439253034 0.1593541300744726 469
1694439253102 0.15800271634314295 470
1694439253171 0.49132267434577515 471
1694439253240 0.35511255015473503 472
1694439253310 0.06398451425421535 473
1694439253379 0.2731144139090053 474
1694439253447 0.012279467110818267 475
1694439253516 0.0033047364821165402 476
1694439253585 0.09674795760659792 477
1694439253654 0.002086735305392546 478
1694439253723 0.012753100090603181 479
1694439253792 0.011613118977893225 480
1694439253864 0.042895020048896844 481
1694439253932 0.014489728138547701 482
1694439254002 0.5672078612184923 483
1694439254071 0.02587882722805246 484
1694439254139 0.011197999036220523 485
1694439254208 0.011191124674727571 486
1694439254277 0.1824540245950004 487
1694439254347 0.2744877009226789 488
1694439254416 0.010262027200378457 489
1694439254494 0.22871229923521175 490
1694439254567 0.08707524970256207 491
1694439254644 0.1118123931660931 492
1694439254716 0.010747273206200069 493
1694439254785 0.1522992114077667 494
1694439254855 0.044287191776745644 495
1694439254925 0.1512895221038613 496
1694439254996 0.007258192025289037 497
1694439255065 0.042950352691630236 498
1694439255136 0.017751366664129405 499
