1694430647079 31.77782832909827 0
1694430647097 7.482629225218056 1
1694430647115 2.2650085149436454 2
1694430647132 0.6550869065553986 3
1694430647149 0.46572186370368784 4
1694430647166 0.39693781086615015 5
1694430647184 0.36987694916570557 6
1694430647202 0.2676257188050599 7
1694430647219 0.43386879560622466 8
1694430647236 0.3093857712314731 9
1694430647253 0.2460244809743181 10
1694430647269 0.3663085145115087 11
1694430647286 0.27141359085442923 12
1694430647303 0.396609105794348 13
1694430647320 0.38123346970193817 14
1694430647336 0.39723576786980297 15
1694430647353 0.19696697242909036 16
1694430647370 0.185675425526461 17
1694430647387 0.3496035152092246 18
1694430647406 0.34907411315784664 19
1694430647424 0.28080170411045186 20
1694430647442 0.31217347355003555 21
1694430647459 0.2884624188621161 22
1694430647477 0.396111938364637 23
1694430647496 0.18794195463499122 24
1694430647517 0.26034392705776194 25
1694430647537 0.13828938323892484 26
1694430647557 0.2918075063071668 27
1694430647575 0.42176109137185336 28
1694430647594 0.23659729669096397 29
1694430647613 0.2862345867208331 30
1694430647634 0.5204733560481302 31
1694430647654 0.22590565142464797 32
1694430647673 0.3131034016412548 33
1694430647696 0.2709010477411409 34
1694430647715 0.2129536877289699 35
1694430647732 0.1698673277789918 36
1694430647750 0.3001900082285794 37
1694430647768 0.26587892125115636 38
1694430647784 0.2699377517302431 39
1694430647802 0.36560070729120786 40
1694430647820 0.32203700221233567 41
1694430647837 0.25938445372500646 42
1694430647853 0.34029118044411044 43
1694430647870 0.4530702170557786 44
1694430647887 0.32605254994387584 45
1694430647904 0.3149022163118061 46
1694430647920 0.27052170356914085 47
1694430647938 0.21337588082517392 48
1694430647954 0.2633689858997127 49
1694430647970 0.2669792970002763 50
1694430647986 0.1845065989254655 51
1694430648003 0.3495015312190656 52
1694430648021 0.29448029255547054 53
1694430648038 0.2438198293148704 54
1694430648054 0.3448127046784156 55
1694430648071 0.3276727485424731 56
1694430648088 0.3285243530925031 57
1694430648104 0.3448021167040268 58
1694430648121 0.3784480498371628 59
1694430648138 0.2868068816693561 60
1694430648155 0.33291293001972583 61
1694430648172 0.23372661315266585 62
1694430648189 0.19238665818762 63
1694430648210 0.2602818055357294 64
1694430648234 0.27402995328491836 65
1694430648253 0.2626751172169006 66
1694430648270 0.26459609684990887 67
1694430648287 0.2843897788397721 68
1694430648304 0.2548349638167187 69
1694430648321 0.21762195082481658 70
1694430648339 0.2355484163163309 71
1694430648355 0.2714100038275286 72
1694430648371 0.3521247718344464 73
1694430648388 0.27928669078373375 74
1694430648405 0.2797600798848057 75
1694430648422 0.3903761180183229 76
1694430648439 0.26560855551320633 77
1694430648456 0.31556951526642435 78
1694430648471 0.2959680716133993 79
1694430648488 0.2767552030485844 80
1694430648506 0.1660937233631809 81
1694430648523 0.34984404575674094 82
1694430648544 0.15507700227299365 83
1694430648564 0.31536162201559775 84
1694430648583 0.32373158710302946 85
1694430648602 0.2466745725840033 86
1694430648618 0.25505022349258005 87
1694430648637 0.19686466034458508 88
1694430648654 0.22822305761053147 89
1694430648671 0.35344626989784605 90
1694430648689 0.3202517110871806 91
1694430648706 0.3921134382668726 92
1694430648725 0.36093166456707804 93
1694430648743 0.19164779861576803 94
1694430648761 0.1903271829827836 95
1694430648781 0.401669399584888 96
1694430648800 0.22956879895221943 97
1694430648820 0.2182739794966285 98
1694430648838 0.300843014686052 99
1694430648855 0.381205317218766 100
1694430648871 0.19688428560490098 101
1694430648889 0.35709232826972415 102
1694430648906 0.1726744292812972 103
1694430648923 0.43581723725372645 104
1694430648941 0.6860692105339563 105
1694430648957 0.19168206471137883 106
1694430648974 0.37526452357324624 107
1694430648991 0.2610445020805793 108
1694430649008 0.27656240468598114 109
1694430649024 0.2841908586321761 110
1694430649042 0.4919772633919965 111
1694430649058 0.277038461658332 112
1694430649075 0.2945274554945621 113
1694430649091 0.3027442274561894 114
1694430649108 0.29717607499593274 115
1694430649124 0.16377309295606998 116
1694430649142 0.2761796245247326 117
1694430649158 0.230498027370704 118
1694430649175 0.31643469538476193 119
1694430649192 0.28495650664239874 120
1694430649208 0.300199461048927 121
1694430649226 0.3470770724932915 122
1694430649243 0.3022291699334604 123
1694430649260 0.3574233071435973 124
1694430649276 0.32394372712549185 125
1694430649294 0.29128001433120015 126
1694430649311 0.2816372558731152 127
1694430649329 0.20935961506246642 128
1694430649346 0.26903969138669453 129
1694430649363 0.3349275491410049 130
1694430649380 0.3878226074487876 131
1694430649397 0.2970837027122797 132
1694430649413 0.2472690198903102 133
1694430649431 0.2591659326185326 134
1694430649447 0.3897541025491453 135
1694430649464 0.31983041288043507 136
1694430649480 0.5231705571160375 137
1694430649497 0.14975400215975607 138
1694430649514 0.4117764433454962 139
1694430649532 0.24997523094756588 140
1694430649549 0.23095064348049735 141
1694430649565 0.3418870025885346 142
1694430649582 0.2799459480107422 143
1694430649599 0.27172879849215076 144
1694430649616 0.1513719425128742 145
1694430649633 0.2295005235599638 146
1694430649652 0.23911114457536758 147
1694430649670 0.42689492369211834 148
1694430649688 0.16681223687023644 149
1694430649704 0.2548111609822088 150
1694430649721 0.4484087229404195 151
1694430649739 0.37873177774833333 152
1694430649756 0.14242402604893006 153
1694430649773 0.21969771453201234 154
1694430649790 0.239577392039001 155
1694430649807 0.3638984851095417 156
1694430649824 0.1836181752011758 157
1694430649842 0.402997125317416 158
1694430649858 0.35300916326990006 159
1694430649875 0.3209486028586479 160
1694430649893 0.3266764278656264 161
1694430649909 0.42833855723906006 162
1694430649926 0.3129460790383823 163
1694430649944 0.3090132989171777 164
1694430649961 0.26807795693299147 165
1694430649978 0.3049733480741886 166
1694430649995 0.502811629160915 167
1694430650011 0.32691337159539086 168
1694430650028 0.27442009490103725 169
1694430650045 0.20102929267034877 170
1694430650061 0.28721849673572847 171
1694430650077 0.2400543529786691 172
1694430650093 0.26466640873832553 173
1694430650109 0.32743042672444905 174
1694430650126 0.2621191246778361 175
1694430650145 0.32212064522710915 176
1694430650163 0.15812529799118602 177
1694430650180 0.3023375239776524 178
1694430650197 0.33239461144748667 179
1694430650214 0.22797779429034007 180
1694430650230 0.280309720380416 181
1694430650247 0.3404435892568497 182
1694430650264 0.28159230607777413 183
1694430650280 0.2809276674212809 184
1694430650297 0.3045801601893373 185
1694430650314 0.25986045957931747 186
1694430650330 0.48219595764224377 187
1694430650349 0.2649910651007024 188
1694430650365 0.29826573470039486 189
1694430650381 0.4039462405859853 190
1694430650399 0.4080699070387524 191
1694430650415 0.21240378448876435 192
1694430650431 0.13989850433257536 193
1694430650449 0.27536577808510293 194
1694430650465 0.6228158662655583 195
1694430650481 0.2010320378062552 196
1694430650499 0.409475540100048 197
1694430650516 0.23810147464614345 198
1694430650531 0.1655910644709775 199
1694430650549 0.29154716798322117 200
1694430650565 0.31113179367502514 201
1694430650583 0.2447804233491979 202
1694430650599 0.2224418611331469 203
1694430650616 0.24963418437675028 204
1694430650632 0.32097034747014747 205
1694430650649 0.3523522447881566 206
1694430650666 0.27388711427636536 207
1694430650684 0.2602297482550436 208
1694430650700 0.25681943827800996 209
1694430650717 0.20765261370813246 210
1694430650734 0.24450781598498356 211
1694430650752 0.5697682773935645 212
1694430650768 0.2924940921389239 213
1694430650785 0.3664260230692657 214
1694430650803 0.2953867989799656 215
1694430650821 0.25766014896037054 216
1694430650838 0.3254728250363724 217
1694430650856 0.40036417380416056 218
1694430650872 0.251089643525393 219
1694430650892 0.31742426643774885 220
1694430650909 0.2773820388305399 221
1694430650925 0.2382412557694967 222
1694430650942 0.4138336879350281 223
1694430650959 0.20790024075866978 224
1694430650976 0.4932833669949993 225
1694430650992 0.36294946447483006 226
1694430651009 0.5663890851021797 227
1694430651026 0.4790117981264518 228
1694430651043 0.28296808883012997 229
1694430651060 0.3570086213876227 230
1694430651076 0.16264389631220766 231
1694430651093 0.3532708717407403 232
1694430651109 0.2248279361187954 233
1694430651126 0.3061572538885558 234
1694430651144 0.24320839222442853 235
1694430651160 0.2891592319844469 236
1694430651176 0.3954694613189461 237
1694430651194 0.3873457579933497 238
1694430651210 0.35218769655540794 239
1694430651227 0.34957542221118215 240
1694430651245 0.3398585198678248 241
1694430651262 0.28684189193516163 242
1694430651278 0.5876250297038632 243
1694430651294 0.23340596003670047 244
1694430651311 0.22019587855619746 245
1694430651328 0.37328628409116604 246
1694430651345 0.2637887566664924 247
1694430651363 0.40133613949502994 248
1694430651380 0.2175651645272247 249
1694430651396 0.4294042926995815 250
1694430651413 0.2066835538255245 251
1694430651429 0.28021297665543643 252
1694430651446 0.25920175147124025 253
1694430651463 0.34467378503462387 254
1694430651480 0.21320862214468272 255
1694430651497 0.21688334777463494 256
1694430651513 0.17007278832805775 257
1694430651530 0.4676188213372882 258
1694430651546 0.7059265477627792 259
1694430651563 0.20649881823023247 260
1694430651579 0.1604170180249412 261
1694430651596 0.25502875385717455 262
1694430651613 0.3008557971112191 263
1694430651629 0.47942703751154614 264
1694430651647 0.22026226720214268 265
1694430651664 0.27154383093540363 266
1694430651681 0.25053975943680795 267
1694430651699 0.2479810665401884 268
1694430651716 0.3135780413282559 269
1694430651732 0.30278397774656957 270
1694430651749 0.2334683774708873 271
1694430651766 0.3748974170434599 272
1694430651783 0.19733300788264496 273
1694430651800 0.2194952475822014 274
1694430651815 0.29510759181008617 275
1694430651833 0.1458216557228346 276
1694430651849 0.2919344874273562 277
1694430651866 0.18906664065053044 278
1694430651883 0.34335164802408846 279
1694430651901 0.3818288624242508 280
1694430651917 0.2942859936395182 281
1694430651933 0.31872879446353697 282
1694430651951 0.20857263385727923 283
1694430651968 0.35875746824444316 284
1694430651986 0.2386531153476923 285
1694430652003 0.3221452168553873 286
1694430652019 0.2924365732398564 287
1694430652036 0.11698118685722395 288
1694430652053 0.2795836261896769 289
1694430652069 0.24444310793659807 290
1694430652086 0.2562063983351563 291
1694430652103 0.33759516854868377 292
1694430652121 0.2735121478809855 293
1694430652138 0.24952185468455432 294
1694430652155 0.36811199367716796 295
1694430652171 0.5893586284990829 296
1694430652189 0.41507148420809653 297
1694430652205 0.37623846961117974 298
1694430652222 0.2649829159842187 299
1694430652238 0.2090221693699846 300
1694430652255 0.31967384354338024 301
1694430652272 0.25685799473262877 302
1694430652289 0.20342016761919995 303
1694430652305 0.18316750985337002 304
1694430652321 0.3423343045259716 305
1694430652338 0.2599448446481702 306
1694430652355 0.3226235603476593 307
1694430652372 0.3668210678392051 308
1694430652389 0.1393960362133038 309
1694430652405 0.21215272938194274 310
1694430652422 0.2975593467845061 311
1694430652438 0.38672117668004846 312
1694430652456 0.33122665383704536 313
1694430652471 0.2901973727419181 314
1694430652488 0.37104177876736755 315
1694430652505 0.28966283397445386 316
1694430652522 0.44852987574441705 317
1694430652540 0.20019967970680322 318
1694430652558 0.3005773618010253 319
1694430652575 0.18438352821876144 320
1694430652592 0.2958812490919411 321
1694430652607 0.32804092805507307 322
1694430652624 0.2751378494765496 323
1694430652641 0.3367376793540409 324
1694430652659 0.287306301763166 325
1694430652676 0.23152836561389542 326
1694430652694 0.34021175103494067 327
1694430652711 0.31014298152524544 328
1694430652727 0.3476990907498615 329
1694430652743 0.2500568687002488 330
1694430652760 0.3016762060733021 331
1694430652777 0.38649441795321965 332
1694430652794 0.4824653135123512 333
1694430652811 0.4389959902735477 334
1694430652827 0.24864019514493638 335
1694430652844 0.2744068837390998 336
1694430652862 0.3066418250484425 337
1694430652880 0.3334417311409776 338
1694430652897 0.2264255057665762 339
1694430652913 0.29493699940553514 340
1694430652930 0.2696481493230815 341
1694430652946 0.42183176039675063 342
1694430652963 0.23157247684954016 343
1694430652980 0.28310954922405757 344
1694430652995 0.2735961845039549 345
1694430653013 0.3314905458678194 346
1694430653029 0.36770613957106285 347
1694430653045 0.23294348064274076 348
1694430653061 0.23163472013839614 349
1694430653079 0.289876292594362 350
1694430653097 0.19765867001104057 351
1694430653113 0.3705995605939169 352
1694430653131 0.23414497011180493 353
1694430653148 0.26432421827536146 354
1694430653166 0.29153419093483596 355
1694430653182 0.21792793699070243 356
1694430653200 0.3395343583708624 357
1694430653216 0.32056875395986545 358
1694430653232 0.26706765306704455 359
1694430653248 0.24651112328817176 360
1694430653266 0.12124893113834563 361
1694430653283 0.28222331596595807 362
1694430653299 0.2636648527110271 363
1694430653315 0.29820719273980206 364
1694430653332 0.4120690676209276 365
1694430653349 0.16653120853766754 366
1694430653366 0.2785463977733922 367
1694430653383 0.30350057330135854 368
1694430653400 0.28071566585228663 369
1694430653416 0.2784256202645404 370
1694430653433 0.3952250496635755 371
1694430653450 0.31904042203864297 372
1694430653467 0.2985832444653234 373
1694430653484 0.2995106975535616 374
1694430653501 0.3576720234077655 375
1694430653517 0.42574202042412596 376
1694430653533 0.29376672108406204 377
1694430653550 0.37959140998900726 378
1694430653567 0.25823715607192294 379
1694430653585 0.3342410481419535 380
1694430653602 0.18107182682092815 381
1694430653618 0.2713070965082943 382
1694430653636 0.3932101976437469 383
1694430653653 0.3567475434496082 384
1694430653670 0.4507178132283864 385
1694430653687 0.44671822165766917 386
1694430653704 0.3937070815897022 387
1694430653721 0.2109507982114738 388
1694430653740 0.4537499981048953 389
1694430653756 0.37362607259207986 390
1694430653773 0.21904636421944734 391
1694430653791 0.24758685346001524 392
1694430653807 0.2849756669453106 393
1694430653824 0.2216717067627005 394
1694430653841 0.3052899079639219 395
1694430653858 0.29129230056304806 396
1694430653875 0.3215548856894652 397
1694430653893 0.2898266825043928 398
1694430653910 0.34293758884390557 399
1694430653926 0.2262945181653937 400
1694430653943 0.30562373905568013 401
1694430653960 0.354462006911616 402
1694430653977 0.20606769076978 403
1694430653995 0.2616528240030443 404
1694430654012 0.3588688895566641 405
1694430654028 0.19487966827554942 406
1694430654044 0.24501537884616376 407
1694430654061 0.25596503140177207 408
1694430654078 0.29035576461140244 409
1694430654096 0.23998009069436774 410
1694430654113 0.35510963170127136 411
1694430654129 0.26972060354764144 412
1694430654146 0.4375337657956006 413
1694430654162 0.24546880506577598 414
1694430654179 0.3612073300312649 415
1694430654197 0.32867693234658063 416
1694430654213 0.2518597396820987 417
1694430654230 0.2822300575067895 418
1694430654246 0.22896477929541698 419
1694430654263 0.3463375912012924 420
1694430654280 0.25224885372720235 421
1694430654298 0.2571825284296661 422
1694430654315 0.25911232077157687 423
1694430654332 0.2658624420082918 424
1694430654350 0.2542692841086092 425
1694430654367 0.24019155305918943 426
1694430654384 0.24158089693234935 427
1694430654401 0.24992381995560636 428
1694430654417 0.2553500053216875 429
1694430654434 0.28553981665901856 430
1694430654450 0.25951786157225076 431
1694430654466 0.3273867419265463 432
1694430654483 0.38273283685454 433
1694430654500 0.32512143336804744 434
1694430654517 0.3125364392349245 435
1694430654534 0.3327001962439465 436
1694430654549 0.3609132830658158 437
1694430654566 0.3390751514486974 438
1694430654582 0.22050882176523934 439
1694430654599 0.2816514897623668 440
1694430654616 0.26389145365298733 441
1694430654633 0.4634196209969474 442
1694430654649 0.22514963325283527 443
1694430654666 0.16824732782222834 444
1694430654684 0.41498523303597584 445
1694430654700 0.227743270303501 446
1694430654717 0.567930622919569 447
1694430654733 0.20156636464926767 448
1694430654750 0.23557987090980062 449
1694430654766 0.18605098286752658 450
1694430654784 0.34394674488161303 451
1694430654800 0.27313778648136405 452
1694430654817 0.16539946741036413 453
1694430654834 0.36168536078767266 454
1694430654851 0.25989774386269343 455
1694430654868 0.44631145555248564 456
1694430654886 0.22393292393703398 457
1694430654908 0.27364215212691095 458
1694430654927 0.19524710014844457 459
1694430654946 0.39876747889385705 460
1694430654970 0.15723277746397432 461
1694430654990 0.2941875932955743 462
1694430655010 0.32456500550869805 463
1694430655030 0.30756585015670357 464
1694430655046 0.23399793052706191 465
1694430655063 0.5183647979406496 466
1694430655081 0.26360070730782276 467
1694430655099 0.3930398723122325 468
1694430655117 0.48036956039503526 469
1694430655133 0.20072262316755943 470
1694430655151 0.3193406152725246 471
1694430655170 0.21036931532880607 472
1694430655188 0.361424989333032 473
1694430655205 0.21434036775740659 474
1694430655223 0.3870540497196369 475
1694430655241 0.2526456820562069 476
1694430655258 0.3572484253382923 477
1694430655274 0.1969062475710195 478
1694430655292 0.20974936290021515 479
1694430655308 0.40820437683951766 480
1694430655326 0.34145402579310374 481
1694430655343 0.3783633309319834 482
1694430655360 0.32259622496156876 483
1694430655377 0.1387029495984815 484
1694430655394 0.2750623670634156 485
1694430655410 0.22868306462966773 486
1694430655427 0.16376491002748628 487
1694430655444 0.23703672365782585 488
1694430655461 0.28001237703016385 489
1694430655478 0.2999814485362356 490
1694430655500 0.160062595314118 491
1694430655517 0.2237308107970257 492
1694430655534 0.2816339119851701 493
1694430655552 0.30558026844251474 494
1694430655568 0.23683286054837982 495
1694430655585 0.2236350946384255 496
1694430655603 0.35990522940219055 497
1694430655619 0.24415262962637188 498
1694430655636 0.1252574375004579 499
