1694435604089 34.882406073050824 0
1694435604107 7.180864471637449 1
1694435604126 1.102211133958995 2
1694435604144 0.2030292739035082 3
1694435604167 0.1364692648602541 4
1694435604189 0.08386655726397531 5
1694435604210 0.1339291012787437 6
1694435604235 0.20028442327059698 7
1694435604262 0.21067299785744528 8
1694435604284 0.10173098932178191 9
1694435604307 0.0720510708695209 10
1694435604331 0.1236344407129459 11
1694435604351 0.042722775256282944 12
1694435604370 0.10444725235629626 13
1694435604387 0.11237872008512119 14
1694435604404 0.19483016600273076 15
1694435604423 0.26504127493379925 16
1694435604443 0.08634466350421713 17
1694435604461 0.09309487221681544 18
1694435604479 0.12558550850606146 19
1694435604496 0.06383210224103189 20
1694435604513 0.06601760804341485 21
1694435604532 0.09588063466978876 22
1694435604551 0.06021580820202623 23
1694435604569 0.1619897989848247 24
1694435604587 0.20576416679040485 25
1694435604604 0.12423134499080447 26
1694435604626 0.06848633866490784 27
1694435604648 0.1332545839664774 28
1694435604667 0.13638039280785327 29
1694435604684 0.14220213804238419 30
1694435604701 0.1038019925101618 31
1694435604719 0.05126048152428788 32
1694435604736 0.07829145168310352 33
1694435604755 0.3118853983994175 34
1694435604773 0.26680337812727345 35
1694435604790 0.13052043178853548 36
1694435604808 0.131817636258807 37
1694435604826 0.06760893650481746 38
1694435604844 0.18237192084674728 39
1694435604863 0.12977036123849914 40
1694435604882 0.1322161668359131 41
1694435604899 0.1522857910376981 42
1694435604917 0.058358279083398856 43
1694435604936 0.15749646631887812 44
1694435604955 0.04866407979531649 45
1694435604973 0.1188757961147472 46
1694435604991 0.12350053197281864 47
1694435605009 0.20573461177686794 48
1694435605028 0.11825126029317586 49
1694435605048 0.1505276547246506 50
1694435605068 0.1683093327065603 51
1694435605085 0.1421291925859028 52
1694435605102 0.10159314477549815 53
1694435605121 0.1864641837955107 54
1694435605139 0.1279819966344566 55
1694435605158 0.07920112917467058 56
1694435605176 0.12988483819904653 57
1694435605193 0.13969544361334066 58
1694435605210 0.1831973013444714 59
1694435605228 0.04455393542573046 60
1694435605248 0.08669340841136675 61
1694435605270 0.22067460062813066 62
1694435605288 0.1003046562926537 63
1694435605306 0.10876849586508232 64
1694435605324 0.09968746071718249 65
1694435605344 0.05674877315646335 66
1694435605366 0.19197029954053058 67
1694435605387 0.062363144377386645 68
1694435605406 0.11515015690169957 69
1694435605424 0.12338484427385907 70
1694435605440 0.06672858275140356 71
1694435605459 0.08812730257482813 72
1694435605478 0.178307688816459 73
1694435605495 0.12108662465919352 74
1694435605513 0.12570060638360867 75
1694435605530 0.14767846695595374 76
1694435605547 0.1869454274250463 77
1694435605568 0.174784211987624 78
1694435605587 0.16776393684317573 79
1694435605604 0.08526945504831637 80
1694435605623 0.08664340698419934 81
1694435605640 0.06431018681095903 82
1694435605659 0.14409780537069966 83
1694435605677 0.050559842636155934 84
1694435605694 0.04680987564278447 85
1694435605711 0.08879023125966705 86
1694435605729 0.18309696877532713 87
1694435605747 0.10968281840147041 88
1694435605767 0.11472200586753213 89
1694435605785 0.08504010140760067 90
1694435605803 0.060148427886380175 91
1694435605820 0.09698454518968595 92
1694435605839 0.1552797526074494 93
1694435605856 0.17797265517647262 94
1694435605880 0.08688104514738358 95
1694435605902 0.21523505555707143 96
1694435605921 0.08314334649170026 97
1694435605938 0.2231132393836215 98
1694435605957 0.0325077281789504 99
1694435605977 0.0888157380060985 100
1694435605993 0.1110194777449568 101
1694435606011 0.08462360582154048 102
1694435606030 0.1536433094227972 103
1694435606047 0.16646850563195817 104
1694435606067 0.06443702807457731 105
1694435606085 0.13597811329670154 106
1694435606102 0.8486489295258276 107
1694435606120 0.09330087108915806 108
1694435606138 0.2514112971296737 109
1694435606155 0.13935451963175255 110
1694435606174 0.12311717317176177 111
1694435606192 0.04013534372746558 112
1694435606211 0.13727512069958442 113
1694435606229 0.06657589023928356 114
1694435606247 0.1551689157702389 115
1694435606266 0.08768336148915412 116
1694435606284 0.0934333586990105 117
1694435606302 0.10914283015606982 118
1694435606320 0.07795454736084692 119
1694435606337 0.07481302436485739 120
1694435606355 0.08568929570912978 121
1694435606374 0.05737752391186513 122
1694435606391 0.1196653750819306 123
1694435606409 0.15819397587889023 124
1694435606426 0.10292008854746533 125
1694435606443 0.23105762650533326 126
1694435606463 0.12335183689181548 127
1694435606482 0.4275564472267801 128
1694435606499 0.22249824702127485 129
1694435606516 0.06853703198025861 130
1694435606535 0.04040058519580196 131
1694435606557 0.06083210687496577 132
1694435606576 0.1263232886952108 133
1694435606596 0.18639426186287392 134
1694435606613 0.11227454920298527 135
1694435606632 0.12275752989092359 136
1694435606650 0.06531963491004823 137
1694435606669 0.11999435362937412 138
1694435606689 0.09335151378832651 139
1694435606706 0.05971298343026128 140
1694435606723 0.04744568575011078 141
1694435606740 0.20225640363764077 142
1694435606758 0.11344720646016666 143
1694435606777 0.15574435464127465 144
1694435606794 0.08824473829793948 145
1694435606811 0.08574874534267096 146
1694435606829 0.18631117679822906 147
1694435606847 0.12128690987479822 148
1694435606865 0.31547881892583945 149
1694435606884 0.04462536389800914 150
1694435606902 0.09594235676003207 151
1694435606919 0.12286326182757547 152
1694435606937 0.0815953432418423 153
1694435606955 0.08526678551102954 154
1694435606975 0.0723531890291709 155
1694435606992 0.10137826427446735 156
1694435607009 0.19119032915806974 157
1694435607028 0.09400147373406564 158
1694435607046 0.06739096068915777 159
1694435607065 0.15598141411011007 160
1694435607085 0.11409852374507524 161
1694435607102 0.12641743271401257 162
1694435607122 0.0760270881498951 163
1694435607141 0.11566845973827934 164
1694435607162 0.08118305424653145 165
1694435607186 0.08664718871116892 166
1694435607214 0.06541385703300606 167
1694435607236 0.07898402621806454 168
1694435607257 0.0429147475195158 169
1694435607281 0.1538036439861631 170
1694435607302 0.13179036521344295 171
1694435607322 0.05641957876197181 172
1694435607342 0.15500786972892225 173
1694435607361 0.16998170790693404 174
1694435607382 0.08366299642586203 175
1694435607399 0.045461611939567444 176
1694435607418 0.14334768835953673 177
1694435607435 0.17889336183238105 178
1694435607452 0.12901936284534002 179
1694435607471 0.09142917174537286 180
1694435607490 0.08473932131994281 181
1694435607507 0.1995865380263476 182
1694435607525 0.0888624943750725 183
1694435607542 0.20191964283790004 184
1694435607559 0.15339415330778633 185
1694435607579 0.1512139074740399 186
1694435607597 0.09943182026421361 187
1694435607615 0.28989096634209244 188
1694435607633 0.12356238261645981 189
1694435607652 0.0966846795852563 190
1694435607670 0.203360298419008 191
1694435607691 0.09754280594158173 192
1694435607709 0.13089552382282246 193
1694435607727 0.19051396805029236 194
1694435607744 0.10059246160066446 195
1694435607765 0.25592985769752524 196
1694435607790 0.16045556321045176 197
1694435607809 0.11723966489622557 198
1694435607827 0.04300339905553026 199
1694435607845 0.19318513429980183 200
1694435607862 0.0897449972191009 201
1694435607883 0.05806127061511294 202
1694435607901 0.22815811584559126 203
1694435607919 0.1788665731818111 204
1694435607936 0.186265078861701 205
1694435607954 0.21070542221344685 206
1694435607974 0.13136264882889173 207
1694435607992 0.06863128831135336 208
1694435608009 0.04451223869362842 209
1694435608027 0.08636261971788642 210
1694435608045 0.18271331845124392 211
1694435608062 0.18184083898347492 212
1694435608082 0.09362469440188968 213
1694435608099 0.06909326153700825 214
1694435608118 0.25189806809825654 215
1694435608136 0.12348522136935887 216
1694435608154 0.09492987167226773 217
1694435608172 0.14158185058835523 218
1694435608192 0.21355992364736295 219
1694435608209 0.08145542917103318 220
1694435608227 0.07974617413760658 221
1694435608244 0.06753020560861002 222
1694435608262 0.33060064888358026 223
1694435608280 0.11212386029619502 224
1694435608299 0.143693470428293 225
1694435608317 0.15168262431231203 226
1694435608335 0.1557383097607235 227
1694435608352 0.0896753638626578 228
1694435608371 0.10347344972318785 229
1694435608395 0.09481975958613667 230
1694435608416 0.07603258579202467 231
1694435608433 0.0785274602130072 232
1694435608451 0.0770891923027053 233
1694435608469 0.07633660637458654 234
1694435608489 0.07902558501225763 235
1694435608506 0.11650641613588222 236
1694435608524 0.11731696295813225 237
1694435608541 0.11219569236737 238
1694435608558 0.1268810631335595 239
1694435608577 0.16018209112224266 240
1694435608596 0.17107204066968643 241
1694435608614 0.1208225996520657 242
1694435608631 0.07921708554567221 243
1694435608650 0.13132316531112967 244
1694435608668 0.1200959443410301 245
1694435608686 0.13506102073902823 246
1694435608703 0.15126885211943636 247
1694435608721 0.06593960100752103 248
1694435608738 0.11949315333365441 249
1694435608756 0.11493889787548549 250
1694435608773 0.1598739806323328 251
1694435608792 0.10446655302011562 252
1694435608809 0.07467690597865054 253
1694435608828 0.09423010792765031 254
1694435608845 0.06526979260072388 255
1694435608863 0.08759354809706064 256
1694435608880 0.1043052904622629 257
1694435608898 0.06158049010360577 258
1694435608917 0.03693458195716295 259
1694435608934 0.11918938971146889 260
1694435608952 0.07299705812966464 261
1694435608969 0.04938746327732895 262
1694435608990 0.030897791868019796 263
1694435609009 0.150615799128652 264
1694435609028 0.13210176811104474 265
1694435609046 0.21725125903419862 266
1694435609063 0.14912390433131653 267
1694435609080 0.11108136608616762 268
1694435609100 0.15059346197466983 269
1694435609119 0.8464802389807716 270
1694435609136 0.08709566756256813 271
1694435609154 0.07525858795212732 272
1694435609172 0.144692479649385 273
1694435609191 0.154330496037246 274
1694435609208 0.07618510765160642 275
1694435609226 0.17940480148319368 276
1694435609243 0.18636554255734267 277
1694435609260 0.13412910486051427 278
1694435609278 0.08760235983159002 279
1694435609298 0.11252885649014467 280
1694435609316 0.1536367372191266 281
1694435609334 0.10087162099194094 282
1694435609351 0.05900377521329769 283
1694435609368 0.0942542418103812 284
1694435609387 0.13199625911724353 285
1694435609408 0.12655903743828556 286
1694435609426 0.1718968779109404 287
1694435609443 0.09886243866039154 288
1694435609461 0.08208570229259714 289
1694435609480 0.16800672995926264 290
1694435609499 0.14445631877901308 291
1694435609517 0.072164544488998 292
1694435609535 0.1174485163110623 293
1694435609553 0.1800527006727985 294
1694435609569 0.09396417695113313 295
1694435609592 0.0954074876442551 296
1694435609613 0.07427691507722627 297
1694435609631 0.10372205018122119 298
1694435609648 0.11705787770043403 299
1694435609666 0.10349671855885942 300
1694435609684 0.07686830071224486 301
1694435609705 0.13650220463301718 302
1694435609722 0.10381800790182397 303
1694435609739 0.07374434193125791 304
1694435609757 0.21270972194240353 305
1694435609774 0.14709355738894428 306
1694435609791 0.10379439006094028 307
1694435609811 0.14555784002063757 308
1694435609829 0.2098582726457343 309
1694435609847 0.13034346633151112 310
1694435609864 0.1454609868159731 311
1694435609881 0.22618077668393802 312
1694435609902 0.08355033981195839 313
1694435609920 0.15167317286021081 314
1694435609937 0.060479384278112995 315
1694435609954 0.0504883682181961 316
1694435609972 0.18209480686139448 317
1694435609991 0.06626700692541385 318
1694435610012 0.13626301833521412 319
1694435610029 0.046309725794216106 320
1694435610047 0.10398744410281179 321
1694435610065 0.03149094631208234 322
1694435610082 0.16455672497651785 323
1694435610102 0.1036231126026097 324
1694435610120 0.1259349447683181 325
1694435610138 0.13890957491035932 326
1694435610155 0.16495005283168654 327
1694435610173 0.14532282418358555 328
1694435610194 0.08327018812953901 329
1694435610215 0.20913206845331248 330
1694435610234 0.06624202643545186 331
1694435610251 0.09546649427964228 332
1694435610269 0.05554433448414108 333
1694435610287 0.22728677469009653 334
1694435610308 0.08257359033000643 335
1694435610326 0.04651108225644705 336
1694435610343 0.14452413123253516 337
1694435610360 0.11682465407400265 338
1694435610378 0.16278594590860715 339
1694435610397 0.05867780293006365 340
1694435610417 0.0743731528736538 341
1694435610435 0.09301130945481013 342
1694435610451 0.08596065974927934 343
1694435610470 0.05700389622920811 344
1694435610487 0.04983000597138383 345
1694435610507 0.20227942864325968 346
1694435610525 0.172867320719269 347
1694435610543 0.13113332075649045 348
1694435610560 0.04958294739572922 349
1694435610577 0.11707260310610142 350
1694435610596 0.12291201113106942 351
1694435610616 0.19035831276185872 352
1694435610634 0.049536416596569564 353
1694435610651 0.13659644081055355 354
1694435610668 0.13378756761766242 355
1694435610687 0.06849415111437775 356
1694435610706 0.08393208896679565 357
1694435610724 0.11494972919169508 358
1694435610742 0.07652921260862253 359
1694435610759 0.092516521055479 360
1694435610776 0.07840827384610453 361
1694435610794 0.0873186825380079 362
1694435610816 0.10617179402578401 363
1694435610839 0.1729635462657338 364
1694435610858 0.06493956249229284 365
1694435610876 0.16446628488419276 366
1694435610893 0.10278279802717347 367
1694435610913 0.05798773809631475 368
1694435610931 0.17177255955527818 369
1694435610949 0.26410725112880196 370
1694435610966 0.12368969936497866 371
1694435610985 0.08396661095839773 372
1694435611005 0.07023767386337153 373
1694435611023 0.3018547538954205 374
1694435611040 0.04129020296049603 375
1694435611058 0.09913918118465692 376
1694435611076 0.19722329262225569 377
1694435611093 0.08134978796885257 378
1694435611113 0.05285867717410147 379
1694435611131 0.15577287884483018 380
1694435611148 0.1505144972159124 381
1694435611166 0.07624744546578245 382
1694435611185 0.06534511127421624 383
1694435611203 0.07612450445748489 384
1694435611222 0.19474299905073744 385
1694435611239 0.20264467998155508 386
1694435611257 0.04226394625937134 387
1694435611274 0.05235962411551705 388
1694435611292 0.0676644811516465 389
1694435611312 0.14558629224262046 390
1694435611330 0.09541608915322301 391
1694435611347 0.1430743428546551 392
1694435611364 0.1472721377047527 393
1694435611381 0.10288115602618722 394
1694435611399 0.2037689814471411 395
1694435611418 0.0904260700961418 396
1694435611443 0.16260388375887058 397
1694435611462 0.25020907491660843 398
1694435611481 0.07528924394315777 399
1694435611499 0.14178387570869777 400
1694435611519 0.1117454487421256 401
1694435611537 0.11209843295841661 402
1694435611555 0.12284270424874968 403
1694435611572 0.06272830031103555 404
1694435611590 0.14496306912155926 405
1694435611608 0.13833289236831825 406
1694435611626 0.10986752953434009 407
1694435611643 0.10714728042242928 408
1694435611661 0.291261121374292 409
1694435611677 0.20679023877757838 410
1694435611695 0.053422761524056436 411
1694435611715 0.24581813897448831 412
1694435611732 0.17784118718424785 413
1694435611750 0.09070665132729226 414
1694435611767 0.039582072393306876 415
1694435611785 0.26447620557771 416
1694435611802 0.062163608471787445 417
1694435611823 0.14996954948570615 418
1694435611840 0.11352198344985921 419
1694435611857 0.16680341868116466 420
1694435611875 0.09966917033937925 421
1694435611892 0.15620875858429703 422
1694435611911 0.1485916843628978 423
1694435611929 0.08487367917382557 424
1694435611948 0.17462317226291768 425
1694435611966 0.09917967521888993 426
1694435611986 0.10511647703416596 427
1694435612003 0.047594266364152635 428
1694435612022 0.10488864289817468 429
1694435612043 0.20676879787123742 430
1694435612063 0.08240369469894113 431
1694435612083 0.09769812759161133 432
1694435612100 0.11305294110155924 433
1694435612121 0.055659002356117586 434
1694435612139 0.07565600997231477 435
1694435612156 0.12234006010711573 436
1694435612173 0.20761613050454458 437
1694435612191 0.44195961592251587 438
1694435612209 0.17454466191227844 439
1694435612233 0.13030624180000488 440
1694435612255 0.04553847687119138 441
1694435612274 0.11779323642067277 442
1694435612291 0.06330502024745845 443
1694435612308 0.19062800496987867 444
1694435612329 0.19845346320618254 445
1694435612347 0.0962796679821185 446
1694435612365 0.2883075821447307 447
1694435612381 0.12738020159386748 448
1694435612398 0.07351682180447247 449
1694435612418 0.05592006696499313 450
1694435612436 0.1837050893969819 451
1694435612453 0.1265111931001321 452
1694435612471 0.11545752587678752 453
1694435612489 0.13797067662561843 454
1694435612506 0.04996850374161587 455
1694435612525 0.07383145094174716 456
1694435612542 0.907056851042152 457
1694435612559 0.12882427457898735 458
1694435612577 0.07297137485899961 459
1694435612594 0.0926589928364355 460
1694435612612 0.13110214342250032 461
1694435612634 0.09623250229221268 462
1694435612656 0.05514396615147702 463
1694435612676 0.09801585219473107 464
1694435612694 0.14388363873711651 465
1694435612711 0.1546264068215281 466
1694435612731 0.157696503217758 467
1694435612749 0.1639787337589577 468
1694435612767 0.17400841364558364 469
1694435612785 0.1613491982914391 470
1694435612802 0.16525916162393775 471
1694435612821 0.08729601106929528 472
1694435612839 0.09209560627624022 473
1694435612856 0.08112565897270008 474
1694435612873 0.16182679246042708 475
1694435612891 0.06808944824175264 476
1694435612908 0.08014046655223894 477
1694435612930 0.04801921614977178 478
1694435612947 0.1397575048903672 479
1694435612965 0.16998843130554936 480
1694435612984 0.09966219119307218 481
1694435613002 0.0984321816974355 482
1694435613020 0.18926920981227083 483
1694435613039 0.15550233642983585 484
1694435613057 0.12136912931510556 485
1694435613074 0.10666591318048177 486
1694435613091 0.0499690327469491 487
1694435613108 0.06538961107095224 488
1694435613129 0.13376681528241108 489
1694435613146 0.1050262521753245 490
1694435613164 0.11547331593311164 491
1694435613180 0.13700936672418668 492
1694435613197 0.06477708288060231 493
1694435613215 0.06927399089691365 494
1694435613238 0.11478253579865275 495
1694435613260 0.11808873617055955 496
1694435613284 0.061974377754882334 497
1694435613302 0.07359277432434895 498
1694435613321 0.06384856914468735 499
