1694438280745 174.23404201034955 0
1694438280765 170.76554361506624 1
1694438280785 167.36617614366364 2
1694438280805 164.03456092174065 3
1694438280824 160.76934678939227 4
1694438280846 157.56920955156468 5
1694438280864 154.4328514394057 6
1694438280884 151.35900058239062 7
1694438280903 148.34641049100696 8
1694438280920 145.3938595497869 9
1694438280939 142.50015052047954 10
1694438280956 139.66411005516014 11
1694438280973 136.88458821907693 12
1694438280991 134.16045802304063 13
1694438281009 131.4906149651648 14
1694438281028 128.8739765817706 15
1694438281046 126.30948200727153 16
1694438281064 123.79609154285873 17
1694438281084 121.33278623381001 18
1694438281102 118.91856745525064 19
1694438281121 116.55245650619578 20
1694438281141 114.23349421170923 21
1694438281163 111.96074053301558 22
1694438281183 109.73327418540684 23
1694438281202 107.55019226378697 24
1694438281220 105.41060987570192 25
1694438281239 103.31365978170473 26
1694438281257 101.25849204290931 27
1694438281276 99.24427367558859 28
1694438281294 97.27018831267623 29
1694438281314 95.33543587203361 30
1694438281333 93.4392322313467 31
1694438281353 91.58080890951985 32
1694438281373 89.75941275443715 33
1694438281394 87.97430563696278 34
1694438281414 86.2247641510568 35
1694438281435 84.51007931988272 36
1694438281456 82.82955630778788 37
1694438281479 81.18251413803881 38
1694438281499 79.56828541619603 39
1694438281520 77.98621605901617 40
1694438281539 76.43566502877019 41
1694438281560 74.91600407286963 42
1694438281579 73.42661746869469 43
1694438281599 71.9669017735199 44
1694438281617 70.53626557943569 45
1694438281634 69.13412927316561 46
1694438281650 67.75992480068143 47
1694438281669 66.41309543652022 48
1694438281686 65.0930955577091 49
1694438281703 63.79939042220592 50
1694438281720 62.531455951765054 51
1694438281737 61.288778519140244 52
1694438281755 60.070854739537424 53
1694438281772 58.87719126623286 54
1694438281788 57.70730459027297 55
1694438281807 56.56072084417444 56
1694438281824 55.436975609544646 57
1694438281842 54.3356137285438 58
1694438281865 53.25618911911226 59
1694438281889 52.198264593887515 60
1694438281908 51.16141168273724 61
1694438281925 50.14521045883605 62
1694438281943 49.149249368215045 63
1694438281960 48.173125062714895 64
1694438281977 47.216442236274325 65
1694438281995 46.278813464487214 66
1694438282012 45.3598590473633 67
1694438282029 44.45920685522808 68
1694438282047 43.576492177699386 69
1694438282063 42.711357575679145 70
1694438282081 41.863452736299976 71
1694438282098 41.032434330767586 72
1694438282117 40.217965875041166 73
1694438282135 39.41971759329496 74
1694438282153 38.637366284105596 75
1694438282171 37.87059518931044 76
1694438282188 37.11909386548395 77
1694438282205 36.38255805797944 78
1694438282222 35.66068957748503 79
1694438282240 34.95319617904383 80
1694438282259 34.259791443488595 81
1694438282276 33.5801946612432 82
1694438282294 32.91413071844317 83
1694438282311 32.261329985329255 84
1694438282329 31.621528206868447 85
1694438282346 30.99446639555804 86
1694438282363 30.379890726369105 87
1694438282381 29.777552433786624 88
1694438282398 29.187207710904374 89
1694438282415 28.608617610533614 90
1694438282432 28.041547948285285 91
1694438282450 27.485769207586227 92
1694438282466 26.941056446590995 93
1694438282484 26.407189206951205 94
1694438282501 25.88395142440538 95
1694438282519 25.371131341153017 96
1694438282535 24.868521419977075 97
1694438282553 24.375918260080194 98
1694438282569 23.893122514600176 99
1694438282587 23.419938809771367 100
1694438282603 22.956175665698968 101
1694438282622 22.501645418714205 102
1694438282641 22.056164145278558 103
1694438282660 21.6195515874064 104
1694438282677 21.19163107957549 105
1694438282694 20.77222947709575 106
1694438282711 20.361177085907084 107
1694438282728 19.95830759377793 108
1694438282745 19.56345800287629 109
1694438282763 19.176468563686075 110
1694438282781 18.797182710241778 111
1694438282799 18.42544699665514 112
1694438282816 18.06111103490816 113
1694438282833 17.704027433886964 114
1694438282850 17.354051739631977 115
1694438282868 17.011042376779884 116
1694438282887 16.67486059117382 117
1694438282904 16.3453703936183 118
1694438282921 16.02243850475613 119
1694438282938 15.705934301044818 120
1694438282956 15.395729761810662 121
1694438282972 15.09169941735888 122
1694438282989 14.79372029811876 123
1694438283006 14.50167188480319 124
1694438283024 14.215436059562276 125
1694438283042 13.934897058111243 126
1694438283058 13.659941422813134 127
1694438283075 13.390457956697315 128
1694438283092 13.12633767839499 129
1694438283110 12.867473777973633 130
1694438283127 12.613761573652132 131
1694438283144 12.365098469379296 132
1694438283161 12.121383913258349 133
1694438283178 11.882519356800602 134
1694438283196 11.648408214991761 135
1694438283213 11.418955827154583 136
1694438283229 11.194069418592056 137
1694438283246 10.97365806299551 138
1694438283264 10.757632645602403 139
1694438283283 10.545905827088747 140
1694438283301 10.338392008181687 141
1694438283319 10.135007294977648 142
1694438283335 9.935669464952161 143
1694438283352 9.74029793364741 144
1694438283370 9.548813722024123 145
1694438283389 9.361139424464419 146
1694438283406 9.177199177412744 147
1694438283424 8.99691862864205 148
1694438283441 8.820224907132838 149
1694438283458 8.64704659355277 150
1694438283476 8.477313691324907 151
1694438283492 8.310957598272838 152
1694438283510 8.147911078831129 153
1694438283527 7.988108236809882 154
1694438283544 7.831484488702361 155
1694438283561 7.677976537524689 156
1694438283578 7.527522347177297 157
1694438283595 7.380061117317407 158
1694438283610 7.235533258732555 159
1694438283627 7.093880369205096 160
1694438283644 6.955045209857899 161
1694438283662 6.818971681971584 162
1694438283679 6.68560480426403 163
1694438283697 6.554890690622778 164
1694438283714 6.426776528281392 165
1694438283731 6.301210556430864 166
1694438283749 6.17814204525748 167
1694438283766 6.057521275398518 168
1694438283784 5.9392995178075045 169
1694438283801 5.823429014020905 170
1694438283819 5.709862956818148 171
1694438283837 5.598555471267207 172
1694438283855 5.489461596148022 173
1694438283874 5.382537265746239 174
1694438283891 5.277739292009852 175
1694438283908 5.175025347061583 176
1694438283925 5.074353946059774 177
1694438283943 4.975684430400997 178
1694438283960 4.878976951257447 179
1694438283978 4.784192453442504 180
1694438283995 4.691292659597882 181
1694438284013 4.60024005469599 182
1694438284030 4.510997870851193 183
1694438284047 4.423530072433808 184
1694438284065 4.337801341480816 185
1694438284082 4.253777063397368 186
1694438284100 4.17142331294329 187
1694438284117 4.090706840498897 188
1694438284133 4.011595058604508 189
1694438284151 3.934056028768311 190
1694438284167 3.8580584485371103 191
1694438284184 3.783571638824776 192
1694438284202 3.710565531493257 193
1694438284220 3.639010657181092 194
1694438284237 3.5688781333744926 195
1694438284255 3.5001396527162165 196
1694438284271 3.4327674715473786 197
1694438284288 3.366734398677669 198
1694438284307 3.3020137843793558 199
1694438284324 3.23857950960062 200
1694438284340 3.1764059753938785 201
1694438284357 3.115468092554781 202
1694438284375 3.0557412714676815 203
1694438284392 2.9972014121534793 204
1694438284409 2.939824894515807 205
1694438284426 2.88358856878156 206
1694438284444 2.8284697461319626 207
1694438284462 2.7744461895203107 208
1694438284479 2.7214961046727124 209
1694438284498 2.6695981312681525 210
1694438284514 2.618731334294326 211
1694438284530 2.568875195575705 212
1694438284548 2.520009605470442 213
1694438284567 2.472114854732735 214
1694438284585 2.425171626537328 215
1694438284602 2.3791609886629383 216
1694438284619 2.334064385831455 217
1694438284636 2.2898636321997734 218
1694438284652 2.2465409040012556 219
1694438284670 2.204078732333786 220
1694438284687 2.16245999609155 221
1694438284704 2.1216679150376616 222
1694438284721 2.0816860430147797 223
1694438284738 2.042498261291065 224
1694438284755 2.004088772038653 225
1694438284772 1.9664420919421193 226
1694438284790 1.9295430459342644 227
1694438284806 1.89337676105673 228
1694438284825 1.8579286604429204 229
1694438284843 1.8231844574208178 230
1694438284860 1.7891301497333003 231
1694438284877 1.7557520138736005 232
1694438284896 1.7230365995336294 233
1694438284913 1.6909707241629177 234
1694438284930 1.6595414676359423 235
1694438284948 1.6287361670257166 236
1694438284965 1.59854241148149 237
1694438284982 1.5689480372085243 238
1694438284999 1.5399411225478432 239
1694438285016 1.5115099831540701 240
1694438285035 1.4836431672692603 241
1694438285052 1.4563294510909583 242
1694438285069 1.429557834232489 243
1694438285086 1.4033175352737055 244
1694438285105 1.377597987400369 245
1694438285121 1.352388834130417 246
1694438285138 1.3276799251253437 247
1694438285155 1.3034613120850407 248
1694438285171 1.2797232447244222 249
1694438285189 1.2564561668301855 250
1694438285206 1.2336507123961282 251
1694438285223 1.2112977018354725 252
1694438285240 1.1893881382686131 253
1694438285258 1.1679132038848374 254
1694438285275 1.1468642563765064 255
1694438285292 1.1262328254442884 256
1694438285309 1.106010609371984 257
1694438285326 1.086189471669594 258
1694438285344 1.0667614377832626 259
1694438285361 1.0477186918707377 260
1694438285379 1.0290535736410917 261
1694438285397 1.0107585752573593 262
1694438285415 0.9928263383008976 263
1694438285431 0.97524965079621 264
1694438285448 0.9580214442950202 265
1694438285466 0.941134791018438 266
1694438285483 0.9245829010560522 267
1694438285500 0.9083591196208022 268
1694438285517 0.8924569243585369 269
1694438285533 0.8768699227111619 270
1694438285550 0.8615918493323105 271
1694438285567 0.8466165635544736 272
1694438285584 0.8319380469065992 273
1694438285602 0.817550400681127 274
1694438285618 0.8034478435494788 275
1694438285635 0.7896247092250488 276
1694438285653 0.7760754441727319 277
1694438285672 0.7627946053640838 278
1694438285690 0.7497768580771736 279
1694438285708 0.7370169737402887 280
1694438285725 0.7245098278185407 281
1694438285743 0.7122503977426046 282
1694438285759 0.7002337608786892 283
1694438285776 0.6884550925389359 284
1694438285794 0.6769096640314596 285
1694438285810 0.6655928407492071 286
1694438285829 0.6545000802968859 287
1694438285846 0.6436269306551977 288
1694438285862 0.632969028381634 289
1694438285881 0.6225220968470944 290
1694438285898 0.612281944507637 291
1694438285916 0.6022444632106296 292
1694438285932 0.5924056265346564 293
1694438285950 0.5827614881624658 294
1694438285966 0.5733081802863319 295
1694438285983 0.5640419120451671 296
1694438286001 0.5549589679927597 297
1694438286018 0.5460557065965251 298
1694438286034 0.5373285587661397 299
1694438286053 0.5287740264114807 300
1694438286070 0.5203886810292859 301
1694438286089 0.5121691623179603 302
1694438286107 0.5041121768199591 303
1694438286124 0.49621449659121714 304
1694438286141 0.48847295789705797 305
1694438286159 0.48088445993409307 306
1694438286175 0.473445963577553 307
1694438286193 0.46615449015357796 308
1694438286212 0.4590071202359442 309
1694438286229 0.45200099246675746 310
1694438286248 0.44513330240063254 311
1694438286265 0.438401301371879 312
1694438286282 0.43180229538424747 313
1694438286299 0.4253336440227947 314
1694438286316 0.41899275938739716 315
1694438286333 0.4127771050475111 316
1694438286351 0.4066841950177507 317
1694438286368 0.40071159275384993 318
1694438286387 0.39485691016863056 319
1694438286404 0.3891178066675547 320
1694438286421 0.3834919882034841 321
1694438286438 0.3779772063502606 322
1694438286455 0.3725712573947311 323
1694438286472 0.3672719814468581 324
1694438286489 0.36207726156753284 325
1694438286507 0.3569850229137768 326
1694438286523 0.35199323190094206 327
1694438286539 0.34709989538160196 328
1694438286556 0.3423030598407963 329
1694438286573 0.33760081060728553 330
1694438286590 0.3329912710805195 331
1694438286608 0.32847260197299566 332
1694438286625 0.32404300056769564 333
1694438286642 0.3197006999903172 334
1694438286658 0.31544396849598355 335
1694438286675 0.3112711087701615 336
1694438286693 0.3071804572434985 337
1694438286710 0.30317038342029595 338
1694438286727 0.2992392892203535 339
1694438286744 0.29538560833391864 340
1694438286762 0.2916078055894786 341
1694438286779 0.2879043763341333 342
1694438286796 0.28427384582631315 343
1694438286813 0.28071476864057937 344
1694438286829 0.2772257280842755 345
1694438286847 0.273805335625795 346
1694438286866 0.27045223033422694 347
1694438286886 0.2671650783301602 348
1694438286903 0.2639425722474226 349
1694438286921 0.2607834307055286 350
1694438286937 0.2576863977926377 351
1694438286955 0.254650242558795 352
1694438286972 0.25167375851927604 353
1694438286989 0.24875576316779982 354
1694438287007 0.24589509749944938 355
1694438287024 0.2430906255430748 356
1694438287040 0.24034123390301837 357
1694438287058 0.23764583130994887 358
1694438287075 0.2350033481806481 359
1694438287092 0.23241273618655445 360
1694438287109 0.22987296783089714 361
1694438287127 0.22738303603424714 362
1694438287144 0.22494195372831982 363
1694438287161 0.2225487534578609 364
1694438287178 0.22020248699045641 365
1694438287195 0.21790222493411543 366
1694438287212 0.21564705636245785 367
1694438287229 0.2134360884473671 368
1694438287246 0.21126844609895243 369
1694438287263 0.20914327161267857 370
1694438287280 0.20705972432352318 371
1694438287298 0.20501698026701018 372
1694438287314 0.20301423184699688 373
1694438287331 0.20105068751007152 374
1694438287347 0.1991255714264279 375
1694438287365 0.19723812317710054 376
1694438287382 0.19538759744741319 377
1694438287400 0.19357326372654166 378
1694438287418 0.1917944060130475 379
1694438287437 0.19005032252627435 380
1694438287455 0.1883403254234922 381
1694438287472 0.1866637405226639 382
1694438287490 0.18501990703074037 383
1694438287508 0.1834081772773525 384
1694438287524 0.18182791645381072 385
1694438287541 0.18027850235729495 386
1694438287558 0.1787593251401379 387
1694438287574 0.17726978706409682 388
1694438287591 0.17580930225952004 389
1694438287608 0.1743772964892992 390
1694438287626 0.17297320691752466 391
1694438287644 0.17159648188274423 392
1694438287662 0.17024658067573314 393
1694438287678 0.16892297332168743 394
1694438287696 0.16762514036675275 395
1694438287714 0.1663525726687986 396
1694438287730 0.16510477119236025 397
1694438287748 0.16388124680765911 398
1694438287765 0.16268152009362283 399
1694438287783 0.16150512114482615 400
1694438287800 0.1603515893822706 401
1694438287816 0.1592204733679372 402
1694438287838 0.1581113306230216 403
1694438287861 0.1570237274497896 404
1694438287882 0.15595723875697753 405
1694438287904 0.15491144788866715 406
1694438287924 0.1538859464565663 407
1694438287945 0.15288033417562577 408
1694438287967 0.15189421870292852 409
1694438287988 0.15092721547978244 410
1694438288010 0.14997894757695876 411
1694438288032 0.14904904554300763 412
1694438288056 0.14813714725559154 413
1694438288078 0.14724289777577962 414
1694438288100 0.14636594920523854 415
1694438288120 0.14550596054626402 416
1694438288141 0.14466259756460356 417
1694438288162 0.1438355326550003 418
1694438288179 0.14302444470941772 419
1694438288196 0.14222901898788506 420
1694438288214 0.14144894699191143 421
1694438288231 0.14068392634042023 422
1694438288248 0.13993366064815063 423
1694438288265 0.13919785940647883 424
1694438288282 0.1384762378666107 425
1694438288299 0.137768516925098 426
1694438288316 0.13707442301163408 427
1694438288334 0.13639368797907894 428
1694438288350 0.13572604899567456 429
1694438288366 0.13507124843940377 430
1694438288386 0.13442903379445087 431
1694438288405 0.13379915754972266 432
1694438288423 0.13318137709938796 433
1694438288440 0.1325754546453959 434
1694438288458 0.13198115710193348 435
1694438288477 0.13139825600178354 436
1694438288494 0.13082652740454587 437
1694438288511 0.13026575180668437 438
1694438288528 0.12971571405336477 439
1694438288545 0.12917620325204313 440
1694438288562 0.12864701268777565 441
1694438288580 0.12812793974021303 442
1694438288596 0.1276187858022452 443
1694438288614 0.12711935620026563 444
1694438288630 0.12662946011602066 445
1694438288649 0.12614891051001254 446
1694438288667 0.12567752404642962 447
1694438288686 0.12521512101956567 448
1694438288704 0.12476152528170455 449
1694438288724 0.1243165641724407 450
1694438288741 0.12388006844940314 451
1694438288758 0.12345187222035893 452
1694438288776 0.12303181287666551 453
1694438288796 0.12261973102805039 454
1694438288816 0.12221547043868246 455
1694438288837 0.12181887796451919 456
1694438288859 0.12142980349189941 457
1694438288879 0.12104809987735568 458
1694438288900 0.12067362288862386 459
1694438288918 0.12030623114682869 460
1694438288936 0.11994578606981547 461
1694438288955 0.11959215181661219 462
1694438288973 0.11924519523299262 463
1694438288990 0.11890478579812527 464
1694438289008 0.11857079557228187 465
1694438289026 0.1182430991455857 466
1694438289044 0.11792157358777955 467
1694438289061 0.11760609839899204 468
1694438289079 0.11729655546148447 469
1694438289098 0.11699282899235519 470
1694438289116 0.11669480549718572 471
1694438289133 0.11640237372460897 472
1694438289152 0.11611542462177983 473
1694438289175 0.11583385129073172 474
1694438289200 0.11555754894560118 475
1694438289227 0.11528641487070357 476
1694438289247 0.11502034837943982 477
1694438289266 0.11475925077402409 478
1694438289288 0.11450302530600902 479
1694438289313 0.1142515771375973 480
1694438289333 0.1140048133037227 481
1694438289352 0.11376264267488374 482
1694438289369 0.11352497592071789 483
1694438289388 0.1132917254742994 484
1694438289406 0.11306280549714588 485
1694438289424 0.11283813184492227 486
1694438289443 0.11261762203382568 487
1694438289461 0.11240119520763878 488
1694438289480 0.11218877210543773 489
1694438289502 0.11198027502994308 490
1694438289526 0.1117756278164991 491
1694438289550 0.1115747558026701 492
1694438289574 0.1113775857984404 493
1694438289596 0.11118404605700784 494
1694438289616 0.11099406624615737 495
1694438289637 0.11080757742020361 496
1694438289656 0.11062451199249032 497
1694438289674 0.11044480370843804 498
1694438289692 0.11026838761912734 499
