1694432852453 45.00209525109442 0
1694432852470 12.7807127455301 1
1694432852489 3.4655288463558356 2
1694432852507 1.1413933603077249 3
1694432852527 0.3793266467374235 4
1694432852546 0.25505946295863824 5
1694432852567 0.2576152241547062 6
1694432852586 0.05949574398890322 7
1694432852606 0.14683852640210435 8
1694432852629 0.12248100740203083 9
1694432852648 0.11473175155069286 10
1694432852665 0.10594981910878416 11
1694432852683 0.16593706758860613 12
1694432852701 0.16392850582773802 13
1694432852718 0.14698766123442283 14
1694432852736 0.09578288189318028 15
1694432852753 0.1041460156405324 16
1694432852772 0.0939355797592871 17
1694432852790 0.05541511218261782 18
1694432852807 0.10286648573094716 19
1694432852824 0.0662514625497611 20
1694432852842 0.0533889426345172 21
1694432852859 0.11711122498896061 22
1694432852876 0.11001316322478659 23
1694432852894 0.28516448266776145 24
1694432852912 0.056135004964719674 25
1694432852928 0.07863020936603886 26
1694432852948 0.10589278886555563 27
1694432852967 0.1675136361467535 28
1694432852984 0.1022204659251216 29
1694432853001 0.13252838256839797 30
1694432853019 0.0769037829658767 31
1694432853037 0.09922703574477097 32
1694432853055 0.14562644378492426 33
1694432853072 0.14686195920537165 34
1694432853090 0.14985798993112273 35
1694432853106 0.0820847037134559 36
1694432853123 0.13728272681936254 37
1694432853141 0.12706350620674825 38
1694432853158 0.959287420862646 39
1694432853175 0.26757313824236484 40
1694432853192 0.10030610979985062 41
1694432853209 0.09860971315548105 42
1694432853227 0.11826214785288193 43
1694432853245 0.13734222607840937 44
1694432853262 0.10005433527322362 45
1694432853279 0.11850096669023477 46
1694432853297 0.0880202872145195 47
1694432853314 0.14825089748858503 48
1694432853331 0.12250324685200033 49
1694432853348 0.08104224933133763 50
1694432853365 0.13915846153306594 51
1694432853383 0.09991189959049904 52
1694432853401 0.118768524770521 53
1694432853418 0.12202134971429553 54
1694432853435 0.13373162279927747 55
1694432853453 0.11874315125520744 56
1694432853470 0.09450187428139876 57
1694432853487 0.05912801620110495 58
1694432853504 0.13911532974673443 59
1694432853521 0.24627438228970835 60
1694432853539 0.13423857234277412 61
1694432853556 0.13113645349598374 62
1694432853572 0.16100127059994881 63
1694432853590 0.09604064623203612 64
1694432853608 0.1079610582995355 65
1694432853626 0.13768044410145033 66
1694432853649 0.09726713333682992 67
1694432853674 0.19935060120881617 68
1694432853695 0.1929943710049884 69
1694432853712 0.10719171006308602 70
1694432853729 0.10244563435025399 71
1694432853747 0.08470289832122782 72
1694432853765 0.09638680917136 73
1694432853782 0.055205536898068834 74
1694432853799 0.08381738207031972 75
1694432853817 0.351088153447562 76
1694432853834 0.18786517985110418 77
1694432853851 0.0941049003985918 78
1694432853869 0.19552010563101968 79
1694432853886 0.03489844355440775 80
1694432853903 0.10817978856816975 81
1694432853921 0.14592851883075011 82
1694432853938 0.07792079603409363 83
1694432853956 0.07914480087862533 84
1694432853973 0.13876934806473237 85
1694432853990 0.12641824883257463 86
1694432854007 0.08560111977512683 87
1694432854024 0.11934396348582259 88
1694432854041 0.13652967325448953 89
1694432854059 0.09299921270890829 90
1694432854075 0.121062582712487 91
1694432854093 0.12208979757669461 92
1694432854110 0.07032520241936151 93
1694432854127 0.10361004007491596 94
1694432854144 0.3361643095075258 95
1694432854163 0.08260768853807159 96
1694432854183 0.10159656004515867 97
1694432854200 0.10279188249164653 98
1694432854217 0.08784861682383302 99
1694432854234 0.19199618943853974 100
1694432854251 0.2311274783785471 101
1694432854269 0.04001521547624322 102
1694432854287 0.12566485124329627 103
1694432854303 0.1607391933307889 104
1694432854321 0.08141559433350617 105
1694432854338 0.07897644799556902 106
1694432854355 0.1383943080898705 107
1694432854372 0.05774855410314711 108
1694432854391 0.08976656219976141 109
1694432854408 0.0652342547094396 110
1694432854425 0.19613176719122868 111
1694432854442 0.09113102036923447 112
1694432854460 0.0646615768390968 113
1694432854477 0.08214918515841237 114
1694432854495 0.159292848907556 115
1694432854511 0.06821610962280542 116
1694432854527 0.09955440586546781 117
1694432854545 0.07643508818808845 118
1694432854563 0.0825910821925331 119
1694432854580 0.18934716351436817 120
1694432854597 0.20911065064151307 121
1694432854614 0.07753431003083625 122
1694432854631 0.08744085024543637 123
1694432854647 0.0930738095602081 124
1694432854665 0.16690292944111568 125
1694432854683 0.10183226770288466 126
1694432854701 0.15288543361152432 127
1694432854717 0.11340424707803495 128
1694432854735 0.06720531597132318 129
1694432854752 0.08928884424331404 130
1694432854769 0.06041667061579544 131
1694432854786 0.05980213023918988 132
1694432854803 0.07005843189160403 133
1694432854821 0.06909287830081297 134
1694432854839 0.13050760184031884 135
1694432854859 0.13737046628702973 136
1694432854875 0.08886778427888598 137
1694432854893 0.06754270067722554 138
1694432854909 0.0751154414032993 139
1694432854926 0.1640161337101256 140
1694432854943 0.0816360526996622 141
1694432854961 0.07605835668618043 142
1694432854979 0.18924500367613623 143
1694432854996 0.09725877825856397 144
1694432855014 0.046791798480675946 145
1694432855031 0.05052409667788848 146
1694432855048 0.12188046698032313 147
1694432855065 0.12752712408366357 148
1694432855083 0.10218809055068827 149
1694432855100 0.05660769593272874 150
1694432855117 0.18451246619640876 151
1694432855134 0.0503247237147923 152
1694432855151 0.0705041332126546 153
1694432855169 0.15162948831695353 154
1694432855187 0.04193474370848114 155
1694432855204 0.10761956274919474 156
1694432855221 0.12839329034368802 157
1694432855238 0.12336378133824147 158
1694432855256 0.12406806736995614 159
1694432855273 0.10600060064177441 160
1694432855291 0.1143006985671822 161
1694432855309 0.07238559988431024 162
1694432855325 0.05080915943626568 163
1694432855344 0.0553696965059005 164
1694432855361 0.05713344136508663 165
1694432855379 0.06617764094107506 166
1694432855397 0.11315004475608743 167
1694432855414 0.13751345243953153 168
1694432855431 0.15774613243467936 169
1694432855449 0.0819947027259579 170
1694432855467 0.05977602369379059 171
1694432855485 0.025436291574805158 172
1694432855503 0.2700824600730281 173
1694432855520 0.17901486173215922 174
1694432855537 0.17526808621846118 175
1694432855554 0.18061341125701683 176
1694432855572 0.2038685988166417 177
1694432855590 0.15690588682323778 178
1694432855606 0.07774441939966668 179
1694432855624 0.13685542886684665 180
1694432855641 0.22993649029670168 181
1694432855658 0.15790142416749214 182
1694432855676 0.05701745010287841 183
1694432855694 0.11254040913231911 184
1694432855710 0.17220745696020257 185
1694432855728 0.12546607467786283 186
1694432855745 0.024101730298973025 187
1694432855763 0.10464103005353255 188
1694432855781 0.10489693275624301 189
1694432855799 0.08545287460852934 190
1694432855816 0.08595845423236714 191
1694432855833 0.047123216725175644 192
1694432855849 0.09042586400791211 193
1694432855867 0.101843527265609 194
1694432855885 0.06643792202088458 195
1694432855903 0.31003416954993007 196
1694432855920 0.1560825164457663 197
1694432855936 0.12169209808644159 198
1694432855954 0.10192860086036612 199
1694432855971 0.15829929137598284 200
1694432855989 0.1182767280150121 201
1694432856007 0.12713759010329076 202
1694432856026 0.09435185551001153 203
1694432856044 0.07606012621962972 204
1694432856061 0.05025146128156279 205
1694432856079 0.0713955670418766 206
1694432856096 0.09848825137570359 207
1694432856114 0.1361076181925189 208
1694432856130 0.14403895683084306 209
1694432856147 0.17544932287262016 210
1694432856164 0.1078800208689626 211
1694432856183 0.05787180663810159 212
1694432856202 0.10956852444261025 213
1694432856219 0.1692542008823993 214
1694432856239 0.20281805909679693 215
1694432856256 0.09103357319680949 216
1694432856275 0.13766593836529004 217
1694432856292 0.19975511410925387 218
1694432856309 0.10165524948428958 219
1694432856327 0.09164579582923739 220
1694432856344 0.09727642973153948 221
1694432856360 0.024840654963843665 222
1694432856378 0.2021690356539328 223
1694432856395 0.24226296136492556 224
1694432856412 0.13156560020094654 225
1694432856429 0.186469859822542 226
1694432856445 0.20959007511754604 227
1694432856462 0.22274662466543355 228
1694432856480 0.05924631616607294 229
1694432856498 0.10143966926468886 230
1694432856515 0.07343494210334452 231
1694432856532 0.06657469558115776 232
1694432856549 0.1617300203769286 233
1694432856566 0.22152160840190555 234
1694432856584 0.10013468292180779 235
1694432856604 0.04548265336133228 236
1694432856621 0.20030250775950084 237
1694432856638 0.06898570333354385 238
1694432856655 0.12002583279432388 239
1694432856672 0.12040535716186278 240
1694432856690 0.16008461988623446 241
1694432856707 0.08312356457484996 242
1694432856724 0.08112999563014904 243
1694432856742 0.15314697554752657 244
1694432856758 0.11342942152725795 245
1694432856776 0.08803594148006404 246
1694432856794 0.14600211766671295 247
1694432856810 0.17396582323082685 248
1694432856827 0.17653882764687548 249
1694432856845 0.12374131676329794 250
1694432856861 0.05781893810925824 251
1694432856879 0.09498319104953132 252
1694432856896 0.04506288764215755 253
1694432856914 0.07919438857430543 254
1694432856931 0.16125070747232503 255
1694432856947 0.10665636463508987 256
1694432856965 0.11219612340796159 257
1694432856982 0.11153720627541112 258
1694432856999 0.1305728638809379 259
1694432857017 0.18149686337221071 260
1694432857034 0.15297535026138068 261
1694432857050 0.07270405745081794 262
1694432857068 0.15025839090742704 263
1694432857085 0.06120345252045276 264
1694432857103 0.10353575519847273 265
1694432857120 0.08584328377805132 266
1694432857137 0.12163466278663074 267
1694432857154 0.09037152284996637 268
1694432857171 0.05158423998982418 269
1694432857191 0.055547148927177104 270
1694432857209 0.11173813029935038 271
1694432857227 0.06727986418358176 272
1694432857244 0.20386133928488995 273
1694432857260 0.09460649057316875 274
1694432857278 0.11497925820020395 275
1694432857295 0.04555107378282774 276
1694432857312 0.1909427378497493 277
1694432857330 0.08723046343853509 278
1694432857346 0.24731235048872394 279
1694432857363 0.13229524865564327 280
1694432857380 0.15638703056688855 281
1694432857398 0.1353750656782172 282
1694432857416 0.11654155747626926 283
1694432857432 0.27780417000153923 284
1694432857449 0.07319742586817646 285
1694432857466 0.11689425924656223 286
1694432857484 0.11429042790903954 287
1694432857502 0.08311409690752072 288
1694432857518 0.038516750103784116 289
1694432857536 0.1515625375487353 290
1694432857552 0.16314525316303397 291
1694432857569 0.07111846178555029 292
1694432857586 0.13977425488844125 293
1694432857604 0.08592829988125149 294
1694432857621 0.19783322393356503 295
1694432857639 0.09379716220240904 296
1694432857657 0.15965531430867227 297
1694432857674 0.08942615413888887 298
1694432857692 0.15610097526935895 299
1694432857708 0.11354917030156904 300
1694432857726 0.12077201381673967 301
1694432857743 0.18238813919704228 302
1694432857762 0.12190256440734126 303
1694432857781 0.11328880529387339 304
1694432857800 0.0771862388006259 305
1694432857817 0.03664659341804209 306
1694432857835 0.18090609667058447 307
1694432857851 0.13180833867844707 308
1694432857869 0.07221980347436295 309
1694432857886 0.07875418368836297 310
1694432857903 0.05890979549316715 311
1694432857920 0.10092026418277399 312
1694432857937 0.08703570779920121 313
1694432857954 0.15548443984554777 314
1694432857970 0.10023518698561752 315
1694432857989 0.08866199032636637 316
1694432858007 0.21079892808563752 317
1694432858023 0.1641676324663534 318
1694432858041 0.0955471140815395 319
1694432858058 0.1380950455729057 320
1694432858075 0.20008776923253582 321
1694432858093 0.17152158044773583 322
1694432858111 0.07894767376391662 323
1694432858127 0.1830677984375733 324
1694432858145 0.0838458396825162 325
1694432858162 0.1876877226857911 326
1694432858178 0.1274047402231228 327
1694432858196 0.11907119354828179 328
1694432858214 0.11797651448239344 329
1694432858231 0.0883125183608721 330
1694432858248 0.09712365363087445 331
1694432858265 0.11653087115574022 332
1694432858282 0.13017769929942127 333
1694432858300 0.12058883829961554 334
1694432858317 0.1132186808923233 335
1694432858335 0.12902908573375635 336
1694432858352 0.1439385486687798 337
1694432858370 0.10728900418597435 338
1694432858389 0.09078628801770634 339
1694432858406 0.08114024905138324 340
1694432858424 0.08946959982011764 341
1694432858441 0.13090534357165987 342
1694432858458 0.1420732419815931 343
1694432858474 0.0871904292516558 344
1694432858492 0.3170218385903508 345
1694432858509 0.12427863097045626 346
1694432858526 0.177860649241387 347
1694432858544 0.10476196235799386 348
1694432858560 0.1295257355853921 349
1694432858577 0.13382247420774215 350
1694432858596 0.10593915127731088 351
1694432858612 0.1299854713096431 352
1694432858629 0.10393476380134427 353
1694432858647 0.16564090190980735 354
1694432858664 0.052196303961952455 355
1694432858682 0.08185770733634248 356
1694432858699 0.07093383864523571 357
1694432858716 0.0852093599991678 358
1694432858733 0.10838216796524239 359
1694432858750 0.18878991586194063 360
1694432858767 0.22347330591022735 361
1694432858784 0.14751264144888218 362
1694432858802 0.1576673452450745 363
1694432858820 0.1352277615245294 364
1694432858836 0.05982704344372607 365
1694432858853 0.09137403112843609 366
1694432858870 0.25242584651658445 367
1694432858888 0.06773327814030226 368
1694432858905 0.1135205070575176 369
1694432858922 0.07472512018395185 370
1694432858940 0.05774453988407656 371
1694432858959 0.1609895845556826 372
1694432858976 0.08879416405787902 373
1694432858995 0.13227997197123947 374
1694432859012 0.2196325288467683 375
1694432859029 0.11546979242525203 376
1694432859045 0.08372244810316135 377
1694432859062 0.0862507531742746 378
1694432859080 0.07478262236219266 379
1694432859098 0.09931171054408572 380
1694432859116 0.09690259228522258 381
1694432859133 0.13942856606507478 382
1694432859150 0.14164075518020044 383
1694432859167 0.13836734815413204 384
1694432859184 0.09301451273552142 385
1694432859202 0.29199699032006265 386
1694432859219 0.07286072925722963 387
1694432859237 0.12348040372690529 388
1694432859254 0.09750482148249698 389
1694432859270 0.12179938188036729 390
1694432859287 0.13579412871774757 391
1694432859305 0.10015814026748124 392
1694432859322 0.09723452482501047 393
1694432859340 0.031101568501277852 394
1694432859356 0.10006034519191931 395
1694432859374 0.14671509178118144 396
1694432859391 0.0806771003683301 397
1694432859410 0.13832156883298616 398
1694432859426 0.08496952363348098 399
1694432859444 0.1549369141259831 400
1694432859461 0.11561897586388735 401
1694432859478 0.14945740589086812 402
1694432859495 0.16419108622901746 403
1694432859512 0.08442984495679617 404
1694432859530 0.07534907609448448 405
1694432859547 0.08687835468755854 406
1694432859565 0.11676115372825782 407
1694432859582 0.21599453559579912 408
1694432859599 0.05522101152485869 409
1694432859616 0.204195798316636 410
1694432859633 0.14496620605176913 411
1694432859650 0.13790024405145476 412
1694432859667 0.09090981240428662 413
1694432859687 0.1954074472704776 414
1694432859706 0.2010875178920696 415
1694432859723 0.04467764817892207 416
1694432859740 0.15786572202453045 417
1694432859757 0.14480461700095382 418
1694432859773 0.09980824095388642 419
1694432859790 0.14646544373820797 420
1694432859808 0.08286050911688203 421
1694432859825 0.030562463566964182 422
1694432859843 0.09747259272678044 423
1694432859859 0.11532555951377424 424
1694432859876 0.2009636413775729 425
1694432859894 0.07271218842695938 426
1694432859911 0.08751434557414516 427
1694432859928 0.11285592887981481 428
1694432859945 0.10561436596272071 429
1694432859962 0.8671955640672744 430
1694432859980 0.09301384921745223 431
1694432859998 0.23247985770392285 432
1694432860015 0.2759124512364318 433
1694432860033 0.10702966452781824 434
1694432860050 0.09119594479755684 435
1694432860067 0.08578513662210017 436
1694432860084 0.0977806834562257 437
1694432860102 0.08447018239529316 438
1694432860119 0.038285439342822365 439
1694432860136 0.16989928869179907 440
1694432860154 0.10849996240807815 441
1694432860170 0.12573080403324283 442
1694432860189 0.04865050419855601 443
1694432860208 0.20194261680679843 444
1694432860225 0.08247305304702221 445
1694432860242 0.1398493537162728 446
1694432860259 0.09806075205274187 447
1694432860276 0.11661707511906269 448
1694432860293 0.11190298097186006 449
1694432860311 0.06255409885656522 450
1694432860328 0.036002247336227915 451
1694432860344 0.10515515770031633 452
1694432860362 0.16703826554243606 453
1694432860379 0.29051368915975856 454
1694432860396 0.17662569722164487 455
1694432860414 0.13959409699693795 456
1694432860431 0.11651844854371406 457
1694432860448 0.11049678224697386 458
1694432860465 0.10920560465183933 459
1694432860483 0.21515224377730285 460
1694432860501 0.1489845587030074 461
1694432860518 0.19109103091279536 462
1694432860535 0.06905195909690641 463
1694432860552 0.0614842508112478 464
1694432860570 0.12754475052279718 465
1694432860586 0.06767999515530759 466
1694432860603 0.0626609186425836 467
1694432860620 0.11708744772591086 468
1694432860638 0.13444945600963593 469
1694432860655 0.06897905093481974 470
1694432860672 0.1794695307929413 471
1694432860689 0.054544055553996044 472
1694432860706 0.16761325211023875 473
1694432860725 0.07850690258129762 474
1694432860743 0.06189125045185383 475
1694432860761 0.0859220222991677 476
1694432860778 0.0533028082823084 477
1694432860796 0.16509465741497256 478
1694432860814 0.08129087704682426 479
1694432860832 0.043156932945278434 480
1694432860848 0.11181426359072723 481
1694432860865 0.12138614925804248 482
1694432860883 0.09303364590088568 483
1694432860900 0.1165750953947727 484
1694432860918 0.08747915090599608 485
1694432860936 0.0770470681165255 486
1694432860952 0.09200373964751238 487
1694432860969 0.23835024500549926 488
1694432860987 0.14909377895465345 489
1694432861005 0.14806955679179024 490
1694432861022 0.07601709303523216 491
1694432861040 0.15225523399295562 492
1694432861056 0.07867954994342229 493
1694432861072 0.09891614197445055 494
1694432861090 0.17580094829181228 495
1694432861107 0.1164049721273899 496
1694432861125 0.08591720386472354 497
1694432861142 0.26947375088152176 498
1694432861158 0.13683924717186308 499
