1694428379065 170.0108015228963 0
1694428379084 169.8603144386061 1
1694428379104 169.72875655900236 2
1694428379123 169.61358642152427 3
1694428379138 169.51260985904787 4
1694428379153 169.42393224078532 5
1694428379169 169.3459172993678 6
1694428379187 169.27715163457256 7
1694428379205 169.21641410985194 8
1694428379223 169.16264946614336 9
1694428379240 169.11494557078296 10
1694428379255 169.07251379978646 11
1694428379270 169.03467212108166 12
1694428379287 169.00083050601373 13
1694428379303 168.9704783479269 14
1694428379317 168.94317361098965 15
1694428379334 168.91853347066365 16
1694428379349 168.89622624016755 17
1694428379367 168.87596440567947 18
1694428379383 168.85749861749693 19
1694428379400 168.84061250546017 20
1694428379416 168.82511820512346 21
1694428379434 168.81085249682238 22
1694428379451 168.79767347328686 23
1694428379468 168.78545766308554 24
1694428379486 168.7740975472158 25
1694428379504 168.76349941479833 26
1694428379522 168.7535815112834 27
1694428379537 168.74427243900087 28
1694428379554 168.73550977541706 29
1694428379569 168.72723887923615 30
1694428379585 168.7194118585936 31
1694428379601 168.71198667913606 32
1694428379617 168.7049263928371 33
1694428379632 168.6981984710322 34
1694428379647 168.69177422742968 35
1694428379663 168.68562831880865 36
1694428379679 168.6797383128066 37
1694428379694 168.6740843136523 38
1694428379711 168.6686486379556 39
1694428379726 168.66341553374778 40
1694428379741 168.65837093689782 41
1694428379758 168.65350225983715 42
1694428379773 168.6487982082165 43
1694428379789 168.64424862171848 44
1694428379805 168.63984433576573 45
1694428379820 168.6355770613091 46
1694428379834 168.63143928026432 47
1694428379850 168.62742415449765 48
1694428379866 168.6235254465465 49
1694428379882 168.61973745050705 50
1694428379897 168.61605493173533 51
1694428379914 168.6124730741896 52
1694428379930 168.60898743440313 53
1694428379948 168.60559390121088 54
1694428379967 168.60228866047353 55
1694428379985 168.59906816414326 56
1694428380006 168.59592910310437 57
1694428380026 168.59286838329785 58
1694428380045 168.58988310470448 59
1694428380064 168.58697054281825 60
1694428380086 168.5841281322906 61
1694428380107 168.58135345246896 62
1694428380125 168.57864421458888 63
1694428380141 168.57599825041208 64
1694428380157 168.57341350212866 65
1694428380172 168.5708880133669 66
1694428380190 168.56841992117361 67
1694428380212 168.56600744884648 68
1694428380233 168.56364889951428 69
1694428380250 168.5613426503761 70
1694428380265 168.55908714752 71
1694428380281 168.55688090125275 72
1694428380297 168.55472248188187 73
1694428380314 168.55261051589642 74
1694428380331 168.55054368250163 75
1694428380348 168.54852071046787 76
1694428380364 168.54654037525782 77
1694428380380 168.5446014964023 78
1694428380396 168.54270293509688 79
1694428380412 168.54084359199675 80
1694428380428 168.53902240518772 81
1694428380443 168.53723834831615 82
1694428380463 168.53549042886095 83
1694428380480 168.5337776865336 84
1694428380498 168.53209919179395 85
1694428380514 168.53045404446974 86
1694428380529 168.5288413724708 87
1694428380545 168.52726033058872 88
1694428380561 168.52571009937427 89
1694428380575 168.52418988408556 90
1694428380591 168.5226989137005 91
1694428380608 168.52123643998888 92
1694428380624 168.5198017366378 93
1694428380639 168.51839409842694 94
1694428380655 168.51701284044964 95
1694428380670 168.51565729737544 96
1694428380686 168.51432682275183 97
1694428380701 168.51302078834152 98
1694428380717 168.51173858349304 99
1694428380733 168.510479614542 100
1694428380748 168.5092433042408 101
1694428380765 168.50802909121558 102
1694428380780 168.50683642944708 103
1694428380796 168.50566478777552 104
1694428380812 168.50451364942657 105
1694428380827 168.50338251155807 106
1694428380843 168.50227088482552 107
1694428380858 168.5011782929656 108
1694428380874 168.50010427239664 109
1694428380890 168.49904837183487 110
1694428380907 168.49801015192546 111
1694428380922 168.4969891848882 112
1694428380939 168.4959850541761 113
1694428380954 168.4949973541469 114
1694428380969 168.49402568974645 115
1694428380985 168.49306967620373 116
1694428381000 168.49212893873647 117
1694428381016 168.49120311226713 118
1694428381031 168.49029184114866 119
1694428381047 168.4893947788997 120
1694428381063 168.4885115879487 121
1694428381078 168.4876419393863 122
1694428381095 168.4867855127261 123
1694428381111 168.48594199567324 124
1694428381127 168.48511108390002 125
1694428381143 168.484292480829 126
1694428381158 168.483485897423 127
1694428381173 168.48269105198108 128
1694428381189 168.48190766994156 129
1694428381204 168.4811354836905 130
1694428381221 168.48037423237616 131
1694428381236 168.4796236617291 132
1694428381251 168.47888352388753 133
1694428381267 168.47815357722786 134
1694428381282 168.47743358620025 135
1694428381299 168.47672332116906 136
1694428381314 168.47602255825745 137
1694428381330 168.47533107919705 138
1694428381345 168.47464867118163 139
1694428381362 168.47397512672484 140
1694428381377 168.473310243522 141
1694428381393 168.47265382431618 142
1694428381408 168.47200567676717 143
1694428381424 168.47136561332502 144
1694428381440 168.47073345110627 145
1694428381456 168.4701090117743 146
1694428381471 168.46949212142232 147
1694428381487 168.46888261046 148
1694428381503 168.46828031350296 149
1694428381520 168.46768506926523 150
1694428381535 168.4670967204547 151
1694428381551 168.4665151136715 152
1694428381567 168.4659400993087 153
1694428381583 168.46537153145613 154
1694428381599 168.46480926780617 155
1694428381615 168.46425316956297 156
1694428381630 168.46370310135282 157
1694428381646 168.46315893113805 158
1694428381662 168.46262053013245 159
1694428381678 168.4620877727192 160
1694428381693 168.46156053637094 161
1694428381709 168.46103870157165 162
1694428381724 168.4605221517412 163
1694428381741 168.46001077316103 164
1694428381756 168.45950445490243 165
1694428381771 168.45900308875622 166
1694428381787 168.45850656916465 167
1694428381803 168.45801479315475 168
1694428381819 168.4575276602734 169
1694428381835 168.45704507252432 170
1694428381852 168.4565669343064 171
1694428381867 168.45609315235387 172
1694428381883 168.45562363567757 173
1694428381898 168.45515829550837 174
1694428381914 168.45469704524135 175
1694428381930 168.45423980038194 176
1694428381945 168.45378647849313 177
1694428381961 168.45333699914406 178
1694428381977 168.45289128386005 179
1694428381992 168.45244925607378 180
1694428382008 168.45201084107768 181
1694428382024 168.45157596597764 182
1694428382040 168.45114455964784 183
1694428382056 168.45071655268669 184
1694428382072 168.45029187737381 185
1694428382088 168.44987046762847 186
1694428382105 168.44945225896853 187
1694428382121 168.44903718847078 188
1694428382137 168.4486251947322 189
1694428382152 168.44821621783223 190
1694428382168 168.4478101992958 191
1694428382183 168.44740708205757 192
1694428382200 168.44700681042684 193
1694428382216 168.44660933005352 194
1694428382232 168.44621458789476 195
1694428382248 168.44582253218266 196
1694428382263 168.44543311239244 197
1694428382279 168.44504627921182 198
1694428382294 168.4446619845109 199
1694428382310 168.44428018131285 200
1694428382326 168.44390082376532 201
1694428382342 168.44352386711267 202
1694428382357 168.44314926766876 203
1694428382373 168.44277698279038 204
1694428382388 168.44240697085175 205
1694428382404 168.44203919121898 206
1694428382419 168.4416736042258 207
1694428382435 168.44131017114935 208
1694428382450 168.4409488541873 209
1694428382466 168.44058961643464 210
1694428382482 168.44023242186177 211
1694428382496 168.43987723529284 212
1694428382514 168.43952402238457 213
1694428382530 168.43917274960572 214
1694428382546 168.4388233842172 215
1694428382563 168.43847589425224 216
1694428382581 168.43813024849766 217
1694428382597 168.4377864164749 218
1694428382613 168.4374443684223 219
1694428382631 168.4371040752771 220
1694428382649 168.43676550865834 221
1694428382670 168.4364286408502 222
1694428382688 168.43609344478543 223
1694428382707 168.43575989402913 224
1694428382725 168.4354279627639 225
1694428382742 168.4350976257739 226
1694428382759 168.4347688584304 227
1694428382778 168.43444163667735 228
1694428382795 168.43411593701717 229
1694428382811 168.43379173649703 230
1694428382827 168.4334690126955 231
1694428382844 168.4331477437094 232
1694428382860 168.4328279081413 233
1694428382875 168.43250948508674 234
1694428382890 168.4321924541224 235
1694428382906 168.43187679529422 236
1694428382922 168.43156248910572 237
1694428382938 168.43124951650702 238
1694428382954 168.43093785888368 239
1694428382969 168.43062749804616 240
1694428382985 168.43031841621928 241
1694428383000 168.4300105960321 242
1694428383016 168.42970402050818 243
1694428383032 168.42939867305554 244
1694428383048 168.42909453745764 245
1694428383064 168.42879159786395 246
1694428383080 168.42848983878102 247
1694428383096 168.42818924506386 248
1694428383111 168.4278898019072 249
1694428383127 168.4275914948375 250
1694428383143 168.42729430970442 251
1694428383159 168.42699823267333 252
1694428383173 168.42670325021734 253
1694428383189 168.4264093491099 254
1694428383206 168.42611651641735 255
1694428383222 168.42582473949196 256
1694428383238 168.42553400596472 257
1694428383254 168.4252443037388 258
1694428383271 168.42495562098262 259
1694428383287 168.42466794612366 260
1694428383302 168.424381267842 261
1694428383318 168.42409557506417 262
1694428383334 168.4238108569572 263
1694428383349 168.42352710292275 264
1694428383366 168.4232443025914 265
1694428383381 168.42296244581706 266
1694428383396 168.42268152267164 267
1694428383411 168.4224015234395 268
1694428383428 168.42212243861266 269
1694428383443 168.42184425888547 270
1694428383459 168.4215669751498 271
1694428383473 168.42129057849027 272
1694428383490 168.4210150601795 273
1694428383506 168.4207404116737 274
1694428383521 168.42046662460805 275
1694428383538 168.4201936907925 276
1694428383553 168.41992160220744 277
1694428383568 168.41965035099966 278
1694428383583 168.4193799294783 279
1694428383600 168.4191103301109 280
1694428383615 168.4188415455196 281
1694428383631 168.4185735684774 282
1694428383647 168.41830639190454 283
1694428383663 168.41804000886498 284
1694428383678 168.41777441256272 285
1694428383694 168.4175095963389 286
1694428383709 168.4172455536679 287
1694428383726 168.41698227815465 288
1694428383741 168.4167197635311 289
1694428383757 168.41645800365347 290
1694428383772 168.41619699249915 291
1694428383789 168.41593672416366 292
1694428383805 168.4156771928581 293
1694428383820 168.41541839290608 294
1694428383837 168.41516031874124 295
1694428383853 168.41490296490457 296
1694428383869 168.4146463260417 297
1694428383885 168.41439039690073 298
1694428383900 168.41413517232928 299
1694428383916 168.4138806472726 300
1694428383931 168.41362681677106 301
1694428383947 168.41337367595773 302
1694428383963 168.4131212200564 303
1694428383978 168.4128694443794 304
1694428383993 168.4126183443253 305
1694428384009 168.412367915377 306
1694428384024 168.41211815309975 307
1694428384040 168.4118690531393 308
1694428384056 168.41162061121958 309
1694428384070 168.41137282314136 310
1694428384087 168.4111256847801 311
1694428384102 168.41087919208437 312
1694428384119 168.41063334107383 313
1694428384134 168.41038812783805 314
1694428384151 168.41014354853434 315
1694428384165 168.40989959938648 316
1694428384181 168.40965627668314 317
1694428384197 168.4094135767762 318
1694428384212 168.40917149607924 319
1694428384228 168.40893003106652 320
1694428384244 168.4086891782709 321
1694428384260 168.40844893428303 322
1694428384276 168.40820929574969 323
1694428384292 168.40797025937258 324
1694428384309 168.40773182190708 325
1694428384325 168.40749398016092 326
1694428384341 168.40725673099297 327
1694428384357 168.40702007131208 328
1694428384374 168.40678399807595 329
1694428384390 168.40654850828997 330
1694428384407 168.406313599006 331
1694428384422 168.40607926732164 332
1694428384439 168.4058455103787 333
1694428384454 168.40561232536248 334
1694428384470 168.40537970950086 335
1694428384485 168.40514766006302 336
1694428384500 168.40491617435868 337
1694428384516 168.40468524973718 338
1694428384533 168.40445488358648 339
1694428384548 168.40422507333238 340
1694428384564 168.4039958164375 341
1694428384580 168.40376711040074 342
1694428384595 168.40353895275604 343
1694428384611 168.403311341072 344
1694428384626 168.4030842729508 345
1694428384643 168.40285774602745 346
1694428384658 168.4026317579694 347
1694428384674 168.40240630647534 348
1694428384690 168.4021813892748 349
1694428384705 168.40195700412727 350
1694428384721 168.40173314882173 351
1694428384737 168.40150982117586 352
1694428384753 168.4012870190354 353
1694428384768 168.40106474027354 354
1694428384784 168.40084298279038 355
1694428384799 168.40062174451216 356
1694428384816 168.40040102339094 357
1694428384833 168.4001808174037 358
1694428384849 168.39996112455216 359
1694428384864 168.39974194286197 360
1694428384880 168.39952327038216 361
1694428384895 168.39930510518494 362
1694428384911 168.3990874453648 363
1694428384927 168.39887028903834 364
1694428384943 168.3986536343436 365
1694428384959 168.39843747943962 366
1694428384975 168.39822182250612 367
1694428384991 168.39800666174284 368
1694428385007 168.3977919953693 369
1694428385023 168.39757782162428 370
1694428385039 168.39736413876545 371
1694428385055 168.3971509450689 372
1694428385071 168.39693823882882 373
1694428385086 168.39672601835713 374
1694428385102 168.396514281983 375
1694428385118 168.3963030280525 376
1694428385134 168.39609225492842 377
1694428385150 168.3958819609898 378
1694428385166 168.39567214463142 379
1694428385180 168.39546280426381 380
1694428385195 168.39525393831272 381
1694428385212 168.39504554521866 382
1694428385228 168.39483762343704 383
1694428385243 168.39463017143746 384
1694428385259 168.39442318770347 385
1694428385275 168.39421667073256 386
1694428385291 168.39401061903556 387
1694428385307 168.39380503113648 388
1694428385322 168.3935999055724 389
1694428385338 168.39339524089286 390
1694428385354 168.39319103566007 391
1694428385370 168.39298728844813 392
1694428385385 168.3927839978433 393
1694428385401 168.3925811624435 394
1694428385416 168.39237878085785 395
1694428385432 168.3921768517071 396
1694428385448 168.39197537362276 397
1694428385464 168.39177434524714 398
1694428385479 168.39157376523332 399
1694428385494 168.39137363224458 400
1694428385510 168.39117394495452 401
1694428385525 168.3909747020467 402
1694428385543 168.3907759022144 403
1694428385559 168.3905775441606 404
1694428385574 168.39037962659776 405
1694428385589 168.39018214824753 406
1694428385606 168.3899851078407 407
1694428385622 168.38978850411684 408
1694428385637 168.3895923358245 409
1694428385653 168.38939660172065 410
1694428385669 168.38920130057082 411
1694428385685 168.38900643114872 412
1694428385700 168.38881199223624 413
1694428385715 168.3886179826233 414
1694428385732 168.38842440110756 415
1694428385748 168.38823124649457 416
1694428385762 168.38803851759724 417
1694428385779 168.387846213236 418
1694428385795 168.38765433223875 419
1694428385810 168.38746287344028 420
1694428385826 168.38727183568267 421
1694428385842 168.38708121781477 422
1694428385858 168.38689101869247 423
1694428385873 168.3867012371781 424
1694428385889 168.3865118721408 425
1694428385904 168.38632292245606 426
1694428385920 168.3861343870058 427
1694428385936 168.38594626467824 428
1694428385952 168.3857585543676 429
1694428385968 168.38557125497445 430
1694428385983 168.3853843654051 431
1694428385999 168.38519788457177 432
1694428386014 168.3850118113926 433
1694428386030 168.3848261447912 434
1694428386046 168.38464088369693 435
1694428386063 168.38445602704462 436
1694428386079 168.38427157377456 437
1694428386095 168.38408752283235 438
1694428386112 168.3839038731689 439
1694428386128 168.38372062374017 440
1694428386144 168.38353777350744 441
1694428386160 168.3833553214368 442
1694428386176 168.38317326649943 443
1694428386192 168.3829916076714 444
1694428386207 168.38281034393353 445
1694428386223 168.3826294742714 446
1694428386239 168.38244899767528 447
1694428386255 168.38226891314008 448
1694428386271 168.38208921966515 449
1694428386286 168.38190991625447 450
1694428386302 168.38173100191634 451
1694428386317 168.38155247566348 452
1694428386333 168.3813743365128 453
1694428386349 168.38119658348563 454
1694428386365 168.38101921560732 455
1694428386380 168.38084223190745 456
1694428386397 168.38066563141962 457
1694428386412 168.38048941318155 458
1694428386428 168.38031357623484 459
1694428386444 168.38013811962503 460
1694428386459 168.3799630424016 461
1694428386475 168.37978834361775 462
1694428386491 168.37961402233057 463
1694428386506 168.3794400776008 464
1694428386522 168.3792665084929 465
1694428386538 168.379093314075 466
1694428386554 168.37892049341878 467
1694428386570 168.3787480455995 468
1694428386586 168.37857596969596 469
1694428386602 168.3784042647904 470
1694428386617 168.37823292996853 471
1694428386633 168.37806196431941 472
1694428386648 168.37789136693553 473
1694428386664 168.37772113691267 474
1694428386680 168.37755127334987 475
1694428386695 168.3773817753495 476
1694428386711 168.377212642017 477
1694428386727 168.37704387246114 478
1694428386742 168.37687546579383 479
1694428386758 168.37670742113 480
1694428386774 168.3765397375877 481
1694428386790 168.37637241428814 482
1694428386806 168.3762054503554 483
1694428386822 168.37603884491665 484
1694428386838 168.37587259710196 485
1694428386854 168.37570670604435 486
1694428386870 168.37554117087993 487
1694428386885 168.37537599074733 488
1694428386901 168.37521116478834 489
1694428386916 168.37504669214744 490
1694428386932 168.37488257197194 491
1694428386948 168.3747188034119 492
1694428386964 168.37455538562023 493
1694428386979 168.37439231775238 494
1694428386995 168.37422959896668 495
1694428387010 168.37406722842405 496
1694428387026 168.37390520528808 497
1694428387041 168.37374352872502 498
1694428387057 168.3735821979037 499
