1694429617715 145.2508463609265 0
1694429617732 127.88873888711774 1
1694429617749 114.34450577288203 2
1694429617765 101.74439209360146 3
1694429617783 89.59082636657044 4
1694429617799 75.96089126902379 5
1694429617816 73.1056946433129 6
1694429617832 56.863294271309506 7
1694429617848 52.56612921199026 8
1694429617866 44.908957839105696 9
1694429617884 40.030464400509125 10
1694429617901 35.6267997832998 11
1694429617917 31.703108732732087 12
1694429617934 25.921721593422994 13
1694429617951 26.12108176241541 14
1694429617968 21.262658300625397 15
1694429617984 19.732906739046804 16
1694429618001 16.364224264077603 17
1694429618019 14.965420783316564 18
1694429618037 13.168497129422466 19
1694429618055 11.418044700060106 20
1694429618072 10.212876495876888 21
1694429618091 9.768578977001374 22
1694429618108 8.304356184877149 23
1694429618128 7.5396144312233435 24
1694429618147 7.508975817213651 25
1694429618165 6.1102936686961105 26
1694429618183 4.852746130655578 27
1694429618200 4.977378534292185 28
1694429618217 4.130792750156856 29
1694429618233 3.0207930443380375 30
1694429618249 3.7762087434104616 31
1694429618266 3.644209700287907 32
1694429618283 2.50421465884827 33
1694429618300 2.7694223002497407 34
1694429618316 3.0623620160550344 35
1694429618332 2.788072425255833 36
1694429618348 2.2668534596736825 37
1694429618365 2.1107636817918074 38
1694429618382 1.8807302221708662 39
1694429618399 1.9551477560313075 40
1694429618415 2.770853205502813 41
1694429618431 1.3364657715613986 42
1694429618448 1.4127592384352656 43
1694429618465 0.9642921648229946 44
1694429618484 1.1301774414556924 45
1694429618502 0.9536308366874382 46
1694429618519 0.8743255352527154 47
1694429618535 0.8009766995747478 48
1694429618552 0.7018875760095159 49
1694429618569 0.6445867774285877 50
1694429618585 0.8066480695509648 51
1694429618601 0.5486366414847648 52
1694429618617 0.623100249232756 53
1694429618633 0.5972563104695868 54
1694429618651 0.6582937812263172 55
1694429618667 0.6903286522669554 56
1694429618684 0.41179105447357195 57
1694429618701 0.7131732107793327 58
1694429618718 0.4839426495197828 59
1694429618734 0.4934550917682472 60
1694429618752 0.6445379761071109 61
1694429618769 0.46547636285526106 62
1694429618786 0.4861536455808565 63
1694429618802 0.42084908806049953 64
1694429618818 0.8034490284039041 65
1694429618835 0.5034545181669563 66
1694429618851 0.4770226979175571 67
1694429618869 0.3505809412659004 68
1694429618888 0.45529786657575133 69
1694429618904 0.49396657612041406 70
1694429618920 0.3370983190357278 71
1694429618937 0.374545613467423 72
1694429618956 0.5237974061642341 73
1694429618980 0.4270617534000511 74
1694429618999 0.36720158382917767 75
1694429619016 0.3165136432959373 76
1694429619033 0.4048011193530236 77
1694429619050 0.26752625635710253 78
1694429619067 0.345794023910811 79
1694429619083 0.3716919267090251 80
1694429619100 0.44729952574918447 81
1694429619118 0.5536109370921269 82
1694429619133 0.3628067366211427 83
1694429619149 0.3865653782734794 84
1694429619169 0.2912927591732655 85
1694429619187 0.34247185445551775 86
1694429619204 0.4150414891400094 87
1694429619221 0.4352711740285183 88
1694429619237 0.30513768065108343 89
1694429619254 1.3663426362580253 90
1694429619271 0.3455784100469133 91
1694429619287 0.37691753343484935 92
1694429619304 0.2955727506479616 93
1694429619320 0.22522850470070435 94
1694429619337 0.3113369796278999 95
1694429619354 0.20660705166277937 96
1694429619371 0.3343393653083223 97
1694429619388 0.42496359778004594 98
1694429619405 0.6357249059166439 99
1694429619421 0.2829028693351271 100
1694429619438 0.499678258781438 101
1694429619455 0.3093348897748597 102
1694429619472 0.24162504917174704 103
1694429619489 0.32531447918304657 104
1694429619505 0.41668619120330436 105
1694429619521 0.2602216469569457 106
1694429619537 0.15688830979835236 107
1694429619553 0.2663521745822381 108
1694429619572 0.20638895642960634 109
1694429619588 0.24199618299899653 110
1694429619606 0.29076569936401536 111
1694429619623 0.3037054993622081 112
1694429619639 0.4360383559463576 113
1694429619657 0.3690302149026615 114
1694429619674 0.3012637474423206 115
1694429619693 0.3241730933357926 116
1694429619710 0.39836064663704635 117
1694429619725 0.27553698080809313 118
1694429619742 0.39684590286369065 119
1694429619758 0.359098673356118 120
1694429619776 0.44832145579373334 121
1694429619793 0.24548069296116043 122
1694429619810 0.3061870644224601 123
1694429619827 0.3446707993547897 124
1694429619843 0.2940121441087296 125
1694429619860 0.27891938181889053 126
1694429619877 0.18548259183136198 127
1694429619894 0.21197732682280918 128
1694429619910 0.2259692402249374 129
1694429619926 0.22469955927964871 130
1694429619942 0.2576065897435602 131
1694429619959 0.38504608468306156 132
1694429619976 0.3695288375923549 133
1694429619993 0.28800346555994943 134
1694429620010 0.37996266967711234 135
1694429620026 0.1973814795763591 136
1694429620043 0.26739177704870476 137
1694429620059 0.2703753138112249 138
1694429620075 0.21089839022777698 139
1694429620092 0.3130888029715724 140
1694429620109 0.3014723869862676 141
1694429620125 0.27309234548153294 142
1694429620141 0.308762140839168 143
1694429620157 0.30048843060748814 144
1694429620174 0.43508147252679175 145
1694429620191 0.39010047141610255 146
1694429620207 0.19089244108892714 147
1694429620223 0.25036003238410004 148
1694429620240 0.3622051457869096 149
1694429620256 0.3104545167836247 150
1694429620273 0.30874458618841316 151
1694429620290 0.27308864983695413 152
1694429620308 0.2939079925600647 153
1694429620325 0.309085171448692 154
1694429620342 0.17570806622327823 155
1694429620358 0.3134889966420891 156
1694429620375 0.4226694131765595 157
1694429620392 0.27387056127756687 158
1694429620409 0.2607485417904185 159
1694429620425 0.125179270104092 160
1694429620441 0.3242358309867221 161
1694429620458 0.2975697377925172 162
1694429620475 0.3512357256565441 163
1694429620491 0.35011687216626647 164
1694429620507 0.3346304225640056 165
1694429620524 0.32545910713677506 166
1694429620540 0.22709870358547898 167
1694429620556 0.4087411517544784 168
1694429620573 0.27331284770178543 169
1694429620589 0.19587819549273905 170
1694429620607 0.3282586431627272 171
1694429620623 0.18055333314518962 172
1694429620639 0.31186859678730705 173
1694429620656 0.24721966956904945 174
1694429620672 0.41229097273815324 175
1694429620688 0.3308004533454933 176
1694429620705 0.22592216988356126 177
1694429620721 0.453330488161039 178
1694429620738 0.2492240216076118 179
1694429620754 0.24365223757884766 180
1694429620771 0.32579175050005343 181
1694429620788 0.23388273222215267 182
1694429620804 0.23155223477302728 183
1694429620820 0.3668012231953819 184
1694429620837 0.2752974735874053 185
1694429620853 0.5257125514518238 186
1694429620871 0.262569944804908 187
1694429620889 0.27076845416497086 188
1694429620905 0.31459197412792156 189
1694429620922 0.27476206921476537 190
1694429620938 0.3869558448684776 191
1694429620955 0.20141285112837043 192
1694429620971 0.25604371064378717 193
1694429620988 0.39496517478937915 194
1694429621004 0.23589202534154266 195
1694429621021 0.2537065910655057 196
1694429621037 0.2789151573130505 197
1694429621053 0.2575124617356569 198
1694429621069 0.2381902903988848 199
1694429621086 0.24578012011628722 200
1694429621103 0.4011438453048174 201
1694429621120 0.28396401469991833 202
1694429621135 0.19899752551722288 203
1694429621151 0.24105144722989152 204
1694429621168 0.40790200606017674 205
1694429621186 0.41898404982710824 206
1694429621203 0.30827912591259 207
1694429621219 0.5278027835025482 208
1694429621235 0.31886549549752263 209
1694429621252 0.3469256713390302 210
1694429621268 0.16681191790116068 211
1694429621285 0.2524441882286575 212
1694429621302 0.19035800375354966 213
1694429621317 0.3589089949073249 214
1694429621333 0.18619741123480665 215
1694429621350 0.42160460734719407 216
1694429621366 0.26308187824657264 217
1694429621383 0.23105666477044792 218
1694429621399 0.49599826338391867 219
1694429621416 0.34586602434961494 220
1694429621433 0.30449889983252987 221
1694429621450 0.2520276640847637 222
1694429621467 0.25126641552868806 223
1694429621484 0.29319073749898333 224
1694429621501 0.3646093465186663 225
1694429621517 0.3413642330073833 226
1694429621534 0.27991450989557753 227
1694429621550 0.27594106088451154 228
1694429621565 0.3767719308537766 229
1694429621582 0.3538334438345822 230
1694429621599 0.3932091250240456 231
1694429621616 0.2604257198921124 232
1694429621633 0.19707894729468758 233
1694429621649 0.3023000990087309 234
1694429621665 0.3064340414507079 235
1694429621681 0.2340279550001399 236
1694429621698 0.2792019218936506 237
1694429621715 0.3410131291607236 238
1694429621731 0.20824512728217778 239
1694429621748 0.21477340417923368 240
1694429621764 0.22219004338740161 241
1694429621781 0.34480385062509206 242
1694429621798 0.36561419058257344 243
1694429621815 0.21014672274899815 244
1694429621831 0.3964363876552451 245
1694429621847 0.3760628057210896 246
1694429621863 0.35167947549615014 247
1694429621880 0.24172180554083283 248
1694429621896 0.23589645180501342 249
1694429621913 0.16496148031434976 250
1694429621929 0.3262343436196278 251
1694429621945 0.2878033789431483 252
1694429621961 0.27236272702792236 253
1694429621979 0.41291539335809097 254
1694429621997 0.3489895315182201 255
1694429622014 0.31313632156806287 256
1694429622031 0.21203409387708266 257
1694429622047 0.4565763584129469 258
1694429622063 0.3606356493360051 259
1694429622079 0.32733622060455875 260
1694429622097 0.36928557156491154 261
1694429622114 0.4799462705032664 262
1694429622131 0.4934988524471474 263
1694429622147 0.1773947972643666 264
1694429622163 0.45253179709039626 265
1694429622179 0.22234329446517637 266
1694429622197 0.4740568948271387 267
1694429622213 0.3785695098440639 268
1694429622229 0.3709081508732029 269
1694429622246 0.2788789619044336 270
1694429622262 0.2782004729389526 271
1694429622278 0.35487858088480684 272
1694429622295 0.27958618768425475 273
1694429622312 0.18270393759893808 274
1694429622327 0.2660164010519935 275
1694429622344 0.33318145555130746 276
1694429622360 0.4162921106852715 277
1694429622376 0.3729361837501664 278
1694429622394 0.2036071781457783 279
1694429622411 0.4026135404180045 280
1694429622426 1.3317181608558604 281
1694429622444 0.42481352915713627 282
1694429622461 0.18669405666188052 283
1694429622476 0.25209804164885585 284
1694429622493 0.28160165611403204 285
1694429622510 0.3400402809596213 286
1694429622526 0.23035304686635433 287
1694429622542 0.40324293431643676 288
1694429622559 0.24939020515768137 289
1694429622574 0.36171776921986326 290
1694429622591 0.42963847483357354 291
1694429622608 0.2168097940033781 292
1694429622625 0.3069863892126684 293
1694429622642 0.37908373254320965 294
1694429622659 0.3561276701409896 295
1694429622675 0.25478967495814564 296
1694429622691 0.23752985012637057 297
1694429622708 0.3194268150230975 298
1694429622723 0.270896569435306 299
1694429622740 0.2206562352703354 300
1694429622756 0.3535006596300239 301
1694429622773 0.38147936153184375 302
1694429622789 0.23875789626128946 303
1694429622806 0.13672648925045766 304
1694429622823 0.26526187363813025 305
1694429622839 0.20450228625774725 306
1694429622855 0.20891692120144284 307
1694429622872 0.33423693210212446 308
1694429622888 0.2753815942618662 309
1694429622906 0.3959916471766718 310
1694429622923 0.5097032920263417 311
1694429622938 0.21103359455102658 312
1694429622955 0.2499968257513126 313
1694429622971 0.25011550972730995 314
1694429622988 0.3620688801580769 315
1694429623005 0.3366382953973542 316
1694429623021 0.19168783378398271 317
1694429623038 0.4102642444904823 318
1694429623054 0.37467949178778653 319
1694429623070 0.2034247476673047 320
1694429623087 0.3062016342097698 321
1694429623104 0.2782571973964813 322
1694429623120 0.4012882943795278 323
1694429623136 0.3684191319645108 324
1694429623153 0.3771734918323259 325
1694429623170 0.30330553484471917 326
1694429623187 0.29996294837574594 327
1694429623204 0.3346799768933897 328
1694429623220 0.4183588688094077 329
1694429623236 0.26715508415891087 330
1694429623252 0.46394720739602685 331
1694429623268 0.27301711789431055 332
1694429623285 0.2772571337464597 333
1694429623303 0.3823506311021055 334
1694429623319 0.2950925020538501 335
1694429623335 0.33470134436863325 336
1694429623351 0.272499330964539 337
1694429623368 0.3564688661795067 338
1694429623384 0.2853204130701709 339
1694429623401 0.39886684653641735 340
1694429623417 0.27935668241906014 341
1694429623433 0.3314478519780361 342
1694429623450 0.32435293844394997 343
1694429623466 0.4605734286989783 344
1694429623482 0.4541388914110803 345
1694429623499 0.2937040509745716 346
1694429623516 0.20068874402296316 347
1694429623532 0.4983082924767353 348
1694429623548 0.28642984665452387 349
1694429623563 0.11436033132477179 350
1694429623580 0.39916479214711764 351
1694429623598 0.28456022226701233 352
1694429623614 0.2843035354221068 353
1694429623630 0.22217409791225137 354
1694429623647 0.28837062809054786 355
1694429623664 0.12402330522968107 356
1694429623680 0.25469226106614073 357
1694429623698 0.18835859878598218 358
1694429623715 0.6323860979086674 359
1694429623731 0.1312534774226135 360
1694429623748 0.27602196139198754 361
1694429623765 0.3775884875411986 362
1694429623782 0.19425996663690268 363
1694429623798 0.28245202372484984 364
1694429623815 0.24459923708521789 365
1694429623831 0.21596386644843307 366
1694429623849 0.39551963616659214 367
1694429623865 0.2766018365782247 368
1694429623881 0.4347001563035846 369
1694429623898 0.19677554217355622 370
1694429623915 0.4593924089324317 371
1694429623931 0.29359159017196024 372
1694429623948 0.3078571065866874 373
1694429623964 0.18429490563118892 374
1694429623980 0.2019693799575491 375
1694429623996 0.35077091551439354 376
1694429624013 0.2073495712788919 377
1694429624029 0.260421658822641 378
1694429624045 0.2559104985807911 379
1694429624061 0.29048128252701455 380
1694429624078 0.32105856607427274 381
1694429624095 0.24636502206074 382
1694429624112 0.2630868701640251 383
1694429624128 0.2986194696902902 384
1694429624144 0.2887170578081614 385
1694429624161 0.2963305203987899 386
1694429624177 0.2394013586690087 387
1694429624194 0.5922401538982368 388
1694429624211 0.2869817827045495 389
1694429624226 0.2923159303816492 390
1694429624242 0.3535822427242972 391
1694429624260 0.389015067303658 392
1694429624276 0.20921103652205558 393
1694429624292 0.3016962036104238 394
1694429624308 0.2771273433448781 395
1694429624327 0.30090129737719984 396
1694429624344 0.31513379807275127 397
1694429624361 0.386883369464382 398
1694429624377 0.27261078683166706 399
1694429624393 0.3013372308259208 400
1694429624410 0.2934897235657369 401
1694429624426 0.2728843881236297 402
1694429624443 0.18012736833374987 403
1694429624459 0.3364573867879191 404
1694429624475 0.44039633886061613 405
1694429624492 0.4160849604491289 406
1694429624507 0.2683557035320555 407
1694429624524 0.29022792846235174 408
1694429624540 0.28474293287396163 409
1694429624556 0.19801703871712487 410
1694429624572 0.29032367519649555 411
1694429624589 0.2740078207714883 412
1694429624605 0.2376488151476272 413
1694429624622 0.26845091265452664 414
1694429624639 0.3121741372050578 415
1694429624656 0.3871860342026046 416
1694429624671 0.2970482410297964 417
1694429624688 0.5315096537462274 418
1694429624705 0.3475082337992704 419
1694429624721 0.27180202387656155 420
1694429624738 0.26499695038162524 421
1694429624755 0.4091498584283782 422
1694429624771 0.2880079678803583 423
1694429624787 0.23761285376344196 424
1694429624805 0.22997981099795645 425
1694429624820 0.36841039399231473 426
1694429624836 0.2114560000812758 427
1694429624853 0.34328500150892644 428
1694429624869 0.2806231561492778 429
1694429624885 0.4589363713118426 430
1694429624902 0.5112024060714717 431
1694429624918 0.39220993370263885 432
1694429624937 0.34892911026335616 433
1694429624956 0.3274507260477656 434
1694429624972 0.22976738520173992 435
1694429624988 0.20425656663431244 436
1694429625005 0.7803847888335713 437
1694429625022 0.2745305662424105 438
1694429625038 0.3182662975774849 439
1694429625055 0.44305856438980357 440
1694429625070 0.3201293365195138 441
1694429625087 0.22034324827005305 442
1694429625103 0.3669353563999745 443
1694429625120 0.15472564590892904 444
1694429625136 0.17846670392884914 445
1694429625152 0.18538314849834583 446
1694429625169 0.4113593618620155 447
1694429625185 0.22405894995667325 448
1694429625200 0.3741088546316857 449
1694429625217 0.24582597793227065 450
1694429625234 0.36683578656686544 451
1694429625251 0.37775461993280046 452
1694429625267 0.2626538125811175 453
1694429625283 0.3023103796900574 454
1694429625300 0.3780926249809791 455
1694429625316 0.24365649735112907 456
1694429625333 0.24803317798163813 457
1694429625350 0.27411134587659364 458
1694429625366 0.27348458883174864 459
1694429625382 0.3193103536047425 460
1694429625399 0.49852146969338323 461
1694429625415 0.34966090999607974 462
1694429625432 0.35512502939119656 463
1694429625449 0.28330232288066737 464
1694429625465 0.32835013341064484 465
1694429625483 0.3379347086570826 466
1694429625500 0.19145754255075595 467
1694429625517 0.28053374112105917 468
1694429625533 0.2331487506900977 469
1694429625549 0.21125407125156262 470
1694429625565 0.5163113075281025 471
1694429625582 0.35639550657746527 472
1694429625599 0.1988452732656915 473
1694429625616 0.46462966002802125 474
1694429625633 0.2277362514314083 475
1694429625648 0.3041811893420202 476
1694429625665 0.2789379188990192 477
1694429625681 0.3259438012673785 478
1694429625698 0.2092728216194381 479
1694429625715 0.21752441356805677 480
1694429625732 0.32879618687717427 481
1694429625749 0.2866513801093705 482
1694429625764 0.3193494610328761 483
1694429625781 0.30106325418284186 484
1694429625798 0.403583317790146 485
1694429625815 0.3491874762600137 486
1694429625831 0.45500892149421635 487
1694429625847 0.2782855417809153 488
1694429625864 0.6197276127449483 489
1694429625880 0.4087159131295187 490
1694429625898 0.4446168911816555 491
1694429625915 0.3572174841309942 492
1694429625931 0.18997209278130747 493
1694429625947 0.22725099577745642 494
1694429625964 0.2776024837137063 495
1694429625980 0.2558027166785232 496
1694429625996 0.3422149510796446 497
1694429626012 0.3130684728659797 498
1694429626029 0.40962729749224247 499
