1694438370572 169.19669551054895 0
1694438370591 165.82662890104027 1
1694438370608 162.52376595048224 2
1694438370626 159.28676537414634 3
1694438370644 156.1143126939249 4
1694438370661 153.0051197013477 5
1694438370680 149.95792393139948 6
1694438370698 146.9714881469182 7
1694438370715 144.04459983336085 8
1694438370732 141.17607070372654 9
1694438370750 138.36473621343058 10
1694438370768 135.6094550849295 11
1694438370786 132.90910884189825 12
1694438370803 130.26260135276746 13
1694438370821 127.668858383431 14
1694438370837 125.12682715893821 15
1694438370855 122.63547593398998 16
1694438370873 120.19379357205968 17
1694438370894 117.80078913296576 18
1694438370911 115.45549146872446 19
1694438370928 113.15694882751592 20
1694438370947 110.90422846559972 21
1694438370965 108.69641626701932 22
1694438370985 106.53261637093824 23
1694438371004 104.4119508064542 24
1694438371023 102.33355913474003 25
1694438371040 100.29659809836366 26
1694438371058 98.30024127764278 27
1694438371076 96.34367875389182 28
1694438371094 94.42611677942259 29
1694438371113 92.5467774541625 30
1694438371130 90.70489840875697 31
1694438371148 88.8997324940253 32
1694438371168 87.13054747664216 33
1694438371189 85.39662574091928 34
1694438371209 83.69726399656437 35
1694438371230 82.03177299229736 36
1694438371252 80.3994772352054 37
1694438371272 78.79971471572162 38
1694438371294 77.23183663811457 39
1694438371313 75.69520715637685 40
1694438371334 74.18920311540504 41
1694438371353 72.71321379736395 42
1694438371374 71.26664067313139 43
1694438371395 69.84889715872087 44
1694438371413 68.45940837658246 45
1694438371430 67.09761092168364 46
1694438371447 65.76295263227402 47
1694438371465 64.45489236524003 48
1694438371483 63.17289977595693 49
1694438371501 61.91645510254823 50
1694438371518 60.68504895446372 51
1694438371535 59.478182105289434 52
1694438371552 58.295365289704606 53
1694438371570 57.136119004502156 54
1694438371587 55.999973313591504 55
1694438371605 54.8864676569033 56
1694438371622 53.79515066311805 57
1694438371639 52.72557996614182 58
1694438371656 51.677322025253794 59
1694438371675 50.6499519488519 60
1694438371697 49.643053321724565 61
1694438371717 48.656218035777655 62
1694438371737 47.68904612414731 63
1694438371754 46.7411455986308 64
1694438371772 45.81213229036888 65
1694438371791 44.90162969371436 66
1694438371808 44.009268813223045 67
1694438371825 43.134688013704476 68
1694438371842 42.277532873270985 69
1694438371864 41.43745603932516 70
1694438371881 40.614117087426706 71
1694438371899 39.80718238298089 72
1694438371916 39.01632494569234 73
1694438371933 38.24122431672829 74
1694438371951 37.48156642853756 75
1694438371968 36.73704347727152 76
1694438371987 36.007353797755314 77
1694438372005 35.29220174095797 78
1694438372023 34.59129755391158 79
1694438372040 33.90435726203029 80
1694438372057 33.23110255378108 81
1694438372074 32.57126066765945 82
1694438372092 31.924564281423486 83
1694438372109 31.290751403541403 84
1694438372127 30.669565266808068 85
1694438372145 30.06075422408717 86
1694438372161 29.46407164613641 87
1694438372181 28.87927582147406 88
1694438372201 28.306129858246045 89
1694438372219 27.744401588053407 90
1694438372241 27.193863471701068 91
1694438372258 26.654292506829307 92
1694438372275 26.12547013739035 93
1694438372292 25.607182164933107 94
1694438372310 25.09921866165993 95
1694438372328 24.601373885219864 96
1694438372345 24.113446195203718 97
1694438372362 23.635237971306886 98
1694438372380 23.166555533126505 99
1694438372402 22.707209061560405 100
1694438372424 22.257012521775554 101
1694438372442 21.81578358771492 102
1694438372459 21.383343568111737 103
1694438372475 20.959517333981097 104
1694438372494 20.544133247559422 105
1694438372512 20.137023092662698 106
1694438372528 19.73802200643525 107
1694438372547 19.346968412461187 108
1694438372565 18.963703955211173 109
1694438372582 18.588073435798076 110
1694438372601 18.21992474901512 111
1694438372618 17.85910882163087 112
1694438372635 17.505479551916196 113
1694438372653 17.15889375037824 114
1694438372670 16.819211081677576 115
1694438372687 16.4862940077046 116
1694438372705 16.16000773179231 117
1694438372723 15.840220144042531 118
1694438372741 15.526801767743406 119
1694438372758 15.219625706856313 120
1694438372775 14.918567594550943 121
1694438372792 14.623505542767436 122
1694438372810 14.334320092785237 123
1694438372827 14.050894166778333 124
1694438372845 13.77311302033737 125
1694438372862 13.500864195939224 126
1694438372880 13.234037477345106 127
1694438372898 12.972524844908682 128
1694438372914 12.716220431776016 129
1694438372932 12.465020480959481 130
1694438372950 12.218823303268255 131
1694438372968 11.977529236078242 132
1694438372986 11.741040602924599 133
1694438373004 11.509261673900637 134
1694438373023 11.282098626846668 135
1694438373041 11.059459509313394 136
1694438373058 10.841254201284018 137
1694438373075 10.627394378640195 138
1694438373092 10.41779347735681 139
1694438373110 10.212366658411094 140
1694438373128 10.011030773391786 141
1694438373144 9.81370433079438 142
1694438373162 9.62030746298876 143
1694438373179 9.430761893845766 144
1694438373197 9.244990907009564 145
1694438373215 9.062919314802928 146
1694438373232 8.884473427752779 147
1694438373248 8.70958102472361 148
1694438373266 8.53817132364661 149
1694438373283 8.370174952832729 150
1694438373301 8.205523922857866 151
1694438373322 8.044151599008865 152
1694438373340 7.8859926742790405 153
1694438373359 7.7309831429023825 154
1694438373375 7.579060274415569 155
1694438373393 7.43016258823732 156
1694438373411 7.284229828754726 157
1694438373427 7.141202940906462 158
1694438373445 7.001024046252945 159
1694438373461 6.8636364195237745 160
1694438373478 6.728984465632812 161
1694438373497 6.59701369715171 162
1694438373514 6.46767071223262 163
1694438373531 6.340903172971191 164
1694438373549 6.216659784201031 165
1694438373566 6.094890272711057 166
1694438373582 5.975545366877258 167
1694438373643 5.858576776700601 168
1694438373661 5.743937174243031 169
1694438373678 5.631580174453564 170
1694438373695 5.5214603163766665 171
1694438373713 5.413533044735417 172
1694438373730 5.307754691881802 173
1694438373748 5.204082460106949 174
1694438373766 5.102474404304108 175
1694438373782 5.0028894149772265 176
1694438373801 4.905287201588352 177
1694438373819 4.809628276237063 178
1694438373836 4.715873937665278 179
1694438373853 4.623986255580972 180
1694438373871 4.533928055294428 181
1694438373887 4.445662902660819 182
1694438373906 4.35915508932295 183
1694438373923 4.2743696182482465 184
1694438373940 4.1912721895540495 185
1694438373957 4.109829186615509 186
1694438373974 4.030007662450455 187
1694438373991 3.951775326375627 188
1694438374010 3.8751005309289783 189
1694438374028 3.799952259052659 190
1694438374045 3.7263001115315064 191
1694438374063 3.6541142946819334 192
1694438374080 3.583365608286247 193
1694438374098 3.5140254337674857 194
1694438374115 3.44606572259995 195
1694438374133 3.3794589849507943 196
1694438374150 3.314178278548011 197
1694438374167 3.250197197770294 198
1694438374184 3.1874898629544033 199
1694438374202 3.1260309099156554 200
1694438374221 3.065795479677278 201
1694438374239 3.006759208404521 202
1694438374255 2.94889821753934 203
1694438374272 2.8921891041317935 204
1694438374288 2.836608931364093 205
1694438374307 2.782135219263532 206
1694438374325 2.728745935600552 207
1694438374341 2.6764194869681646 208
1694438374358 2.6251347100392244 209
1694438374376 2.574870862997918 210
1694438374392 2.525607617142033 211
1694438374411 2.4773250486525864 212
1694438374428 2.4300036305275183 213
1694438374445 2.3836242246761095 214
1694438374462 2.3381680741709703 215
1694438374479 2.2936167956544535 216
1694438374496 2.249952371896379 217
1694438374515 2.207157144500088 218
1694438374532 2.1652138067538758 219
1694438374550 2.1241053966248504 220
1694438374567 2.083815289892441 221
1694438374584 2.0443271934187357 222
1694438374602 2.0056251385529267 223
1694438374620 1.9676934746671966 224
1694438374637 1.9305168628214127 225
1694438374655 1.8940802695540886 226
1694438374672 1.8583689607970428 227
1694438374690 1.8233684959113592 228
1694438374707 1.7890647218421638 229
1694438374725 1.7554437673898933 230
1694438374742 1.7224920375957216 231
1694438374760 1.6901962082388495 232
1694438374777 1.6585432204434636 233
1694438374793 1.6275202753931526 234
1694438374812 1.597114829150622 235
1694438374828 1.5673145875806795 236
1694438374845 1.5381075013743242 237
1694438374862 1.509481761172033 238
1694438374879 1.4814257927841954 239
1694438374897 1.4539282525067805 240
1694438374916 1.4269780225303477 241
1694438374932 1.4005642064405344 242
1694438374950 1.3746761248081782 243
1694438374966 1.349303310867332 244
1694438374983 1.3244355062793676 245
1694438375000 1.300062656981483 246
1694438375019 1.2761749091179426 247
1694438375039 1.2527626050523557 248
1694438375057 1.2298162794594285 249
1694438375073 1.2073266554945588 250
1694438375090 1.1852846410397764 251
1694438375108 1.1636813250244533 252
1694438375126 1.142507973819322 253
1694438375143 1.1217560277023493 254
1694438375161 1.1014170973949986 255
1694438375178 1.081482960667516 256
1694438375195 1.0619455590118476 257
1694438375213 1.0427969943808286 258
1694438375230 1.0240295259923486 259
1694438375247 1.0056355671971806 260
1694438375265 0.9876076824091969 261
1694438375282 0.9699385840967688 262
1694438375299 0.9526211298340789 263
1694438375318 0.9356483194111785 264
1694438375336 0.9190132920016343 265
1694438375353 0.9027093233865766 266
1694438375370 0.8867298232340625 267
1694438375387 0.8710683324326394 268
1694438375404 0.8557185204780157 269
1694438375423 0.8406741829117929 270
1694438375440 0.825929238811228 271
1694438375457 0.8114777283289974 272
1694438375473 0.7973138102819679 273
1694438375491 0.7834317597879977 274
1694438375509 0.7698259659498189 275
1694438375526 0.7564909295850549 276
1694438375544 0.7434212610014537 277
1694438375560 0.7306116778164401 278
1694438375577 0.7180570028201017 279
1694438375594 0.7057521618807404 280
1694438375613 0.6936921818921502 281
1694438375631 0.6818721887617739 282
1694438375648 0.6702874054389479 283
1694438375665 0.6589331499824034 284
1694438375683 0.6478048336662785 285
1694438375701 0.636897959123854 286
1694438375719 0.6262081185282485 287
1694438375737 0.6157309918093669 288
1694438375754 0.6054623449063636 289
1694438375770 0.5953980280549014 290
1694438375788 0.5855339741085372 291
1694438375806 0.5758661968935377 292
1694438375824 0.5663907895964663 293
1694438375841 0.5571039231838802 294
1694438375859 0.5480018448535098 295
1694438375876 0.539080876516279 296
1694438375894 0.530337413308573 297
1694438375911 0.5217679221341226 298
1694438375928 0.513368940234943 299
1694438375946 0.50513707379072 300
1694438375964 0.4970689965461131 301
1694438375981 0.48916144846538245 302
1694438375998 0.4814112344138092 303
1694438376015 0.47381522286539585 304
1694438376034 0.46637034463628485 305
1694438376051 0.45907359164341505 306
1694438376068 0.4519220156878926 307
1694438376085 0.4449127272626052 308
1694438376103 0.43804289438356786 309
1694438376121 0.431309741444557 310
1694438376138 0.424710548094549 311
1694438376155 0.4182426481375127 312
1694438376172 0.4119034284541241 313
1694438376189 0.4056903279449455 314
1694438376207 0.3996008364946527 315
1694438376224 0.39363249395689737 316
1694438376244 0.3877828891593773 317
1694438376263 0.38204965892872417 318
1694438376281 0.3764304871348142 319
1694438376298 0.37092310375410736 320
1694438376314 0.3655252839516401 321
1694438376332 0.3602348471812991 322
1694438376349 0.3550496563040175 323
1694438376366 0.3499676167235295 324
1694438376383 0.34498667553932816 325
1694438376401 0.3401048207165092 326
1694438376417 0.3353200802721257 327
1694438376435 0.3306305214777612 328
1694438376452 0.32603425007797804 329
1694438376468 0.3215294095243276 330
1694438376484 0.31711418022461413 331
1694438376502 0.31278677880711475 332
1694438376519 0.3085454573994419 333
1694438376537 0.30438850292177577 334
1694438376554 0.30031423639416166 335
1694438376571 0.2963210122576092 336
1694438376588 0.29240721770870876 337
1694438376606 0.2885712720474909 338
1694438376623 0.2848116260382845 339
1694438376641 0.2811267612832892 340
1694438376657 0.2775151896086308 341
1694438376674 0.27397545246264016 342
1694438376692 0.2705061203261095 343
1694438376709 0.26710579213429503 344
1694438376727 0.26377309471043436 345
1694438376744 0.26050668221053275 346
1694438376761 0.257305235579214 347
1694438376777 0.2541674620164031 348
1694438376796 0.25109209445462843 349
1694438376813 0.248077891046732 350
1694438376831 0.2451236346637827 351
1694438376848 0.2422281324029807 352
1694438376867 0.2393902151053686 353
1694438376884 0.23660873688314152 354
1694438376903 0.23388257465636728 355
1694438376920 0.23121062769893397 356
1694438376938 0.22859181719353933 357
1694438376954 0.2260250857955369 358
1694438376971 0.2235093972054711 359
1694438376989 0.22104373575012112 360
1694438377006 0.21862710597188537 361
1694438377024 0.21625853222634497 362
1694438377042 0.21393705828783646 363
1694438377060 0.2116617469628829 364
1694438377077 0.20943167971131818 365
1694438377094 0.20724595627495127 366
1694438377111 0.2051036943136352 367
1694438377129 0.20300402904857073 368
1694438377146 0.20094611291271694 369
1694438377163 0.19892911520816312 370
1694438377180 0.19695222177031937 371
1694438377198 0.19501463463879684 372
1694438377216 0.1931155717348393 373
1694438377233 0.19125426654517233 374
1694438377250 0.18942996781215796 375
1694438377268 0.1876419392301053 376
1694438377285 0.18588945914763874 377
1694438377303 0.18417182027598472 378
1694438377320 0.18248832940306922 379
1694438377338 0.18083830711330742 380
1694438377356 0.17922108751296967 381
1694438377371 0.1776360179610214 382
1694438377390 0.17608245880531417 383
1694438377407 0.17455978312403322 384
1694438377424 0.1730673764722919 385
1694438377443 0.1716046366337728 386
1694438377461 0.1701709733773098 387
1694438377479 0.16876580821831905 388
1694438377497 0.1673885741849786 389
1694438377514 0.16603871558906244 390
1694438377532 0.16471568780133966 391
1694438377550 0.16341895703144163 392
1694438377568 0.16214800011211414 393
1694438377585 0.16090230428776295 394
1694438377603 0.15968136700721128 395
1694438377620 0.15848469572058066 396
1694438377637 0.15731180768021774 397
1694438377655 0.15616222974558136 398
1694438377672 0.15503549819201745 399
1694438377690 0.15393115852334077 400
1694438377707 0.15284876528814118 401
1694438377725 0.1517878818997568 402
1694438377743 0.15074808045982377 403
1694438377760 0.14972894158534136 404
1694438377778 0.14873005423917995 405
1694438377796 0.1477510155639626 406
1694438377813 0.14679143071925446 407
1694438377831 0.14585091272199083 408
1694438377849 0.14492908229008652 409
1694438377866 0.1440255676891524 410
1694438377883 0.14314000458227016 411
1694438377901 0.1422720358827502 412
1694438377919 0.14142131160982926 413
1694438377936 0.14058748874723268 414
1694438377953 0.13977023110455628 415
1694438377971 0.1389692091814081 416
1694438377988 0.13818410003425263 417
1694438378005 0.13741458714590707 418
1694438378024 0.13666036029763426 419
1694438378045 0.13592111544378502 420
1694438378066 0.13519655458893076 421
1694438378087 0.1344863856674464 422
1694438378110 0.13379032242548763 423
1694438378131 0.13310808430531917 424
1694438378152 0.13243939633194604 425
1694438378173 0.13178398900199934 426
1694438378194 0.13114159817483495 427
1694438378213 0.1305119649658009 428
1694438378233 0.1298948356416293 429
1694438378256 0.12928996151790792 430
1694438378276 0.1286970988585968 431
1694438378297 0.12811600877754248 432
1694438378318 0.12754645714195303 433
1694438378339 0.12698821447779374 434
1694438378361 0.12644105587706744 435
1694438378386 0.1259047609069412 436
1694438378404 0.12537911352067915 437
1694438378422 0.12486390197034866 438
1694438378439 0.12435891872126818 439
1694438378458 0.12386396036815096 440
1694438378475 0.12337882755292587 441
1694438378493 0.12290332488418704 442
1694438378511 0.12243726085825217 443
1694438378528 0.12198044778178743 444
1694438378546 0.12153270169597755 445
1694438378563 0.12109384230220091 446
1694438378580 0.12066369288918687 447
1694438378597 0.12024208026162143 448
1694438378614 0.11982883467017476 449
1694438378634 0.1194237897429202 450
1694438378654 0.11902678241812202 451
1694438378671 0.11863765287835641 452
1694438378689 0.11825624448594563 453
1694438378707 0.11788240371967916 454
1694438378725 0.11751598011279045 455
1694438378741 0.11715682619217221 456
1694438378760 0.11680479741879822 457
1694438378777 0.11645975212933413 458
1694438378795 0.11612155147890839 459
1694438378812 0.11579005938502125 460
1694438378829 0.1154651424725736 461
1694438378846 0.11514667001998682 462
1694438378864 0.11483451390639747 463
1694438378882 0.1145285485598999 464
1694438378900 0.11422865090682298 465
1694438378917 0.11393470032201289 466
1694438378933 0.11364657858010786 467
1694438378952 0.11336416980778097 468
1694438378969 0.11308736043693411 469
1694438378986 0.1128160391588253 470
1694438379004 0.11255009687910604 471
1694438379022 0.11228942667375526 472
1694438379038 0.11203392374588975 473
1694438379057 0.11178348538343559 474
1694438379073 0.11153801091764 475
1694438379090 0.11129740168240959 476
1694438379108 0.1110615609744593 477
1694438379125 0.1108303940142528 478
1694438379142 0.11060380790772116 479
1694438379159 0.11038171160874224 480
1694438379177 0.11016401588236846 481
1694438379195 0.10995063326878633 482
1694438379211 0.10974147804799173 483
1694438379229 0.10953646620516917 484
1694438379246 0.10933551539676109 485
1694438379265 0.10913854491721066 486
1694438379284 0.10894547566636745 487
1694438379303 0.10875623011754157 488
1694438379320 0.10857073228619414 489
1694438379337 0.10838890769925043 490
1694438379356 0.10821068336502335 491
1694438379373 0.10803598774373611 492
1694438379391 0.10786475071863141 493
1694438379408 0.10769690356765566 494
1694438379425 0.10753237893570651 495
1694438379441 0.10737111080743338 496
1694438379460 0.1072130344805777 497
1694438379477 0.10705808653984585 498
1694438379495 0.10690620483130048 499
