1694437963447 0.040530806651405994 0
1694437963521 0.2035489130962294 1
1694437963600 0.1466571273716424 2
1694437963670 0.012633862167179453 3
1694437963742 0.08534165986928803 4
1694437963815 0.0790845086899794 5
1694437963903 0.08502093548215801 6
1694437963972 0.02024488518615376 7
1694437964053 0.001724463881936768 8
1694437964133 0.04921867679047037 9
1694437964221 0.21255115758906265 10
1694437964303 0.036648174421990545 11
1694437964374 0.19883502507017237 12
1694437964447 0.0005912491309449531 13
1694437964520 0.067886610836152 14
1694437964623 0.051046692875470916 15
1694437964695 0.09277451858308544 16
1694437964770 0.019234075240770695 17
1694437964845 0.17263839371068423 18
1694437964916 0.12874141322719773 19
1694437964988 0.013849296004001062 20
1694437965059 0.12068176903432118 21
1694437965136 0.12683005946371595 22
1694437965209 0.07247776686345547 23
1694437965280 0.4059316570852558 24
1694437965356 0.04057548910688944 25
1694437965429 0.004660199107462588 26
1694437965500 0.04563147018760525 27
1694437965578 0.04251440886050391 28
1694437965650 0.003192026347325645 29
1694437965721 0.0017300190572302001 30
1694437965790 0.009061696950467529 31
1694437965862 0.011569601309716316 32
1694437965936 0.1703007236121877 33
1694437966009 0.046030039136463516 34
1694437966079 0.006605937517620974 35
1694437966155 0.0972235550549423 36
1694437966230 0.012820520185458921 37
1694437966302 0.0011079985914421307 38
1694437966376 0.0017967204469825884 39
1694437966448 0.006349459239538951 40
1694437966519 0.30829066638212 41
1694437966589 0.009529562866365596 42
1694437966658 0.17375100002473454 43
1694437966729 0.2646368734544035 44
1694437966799 0.10133250893885443 45
1694437966870 0.010512564744848256 46
1694437966942 0.08452259160512213 47
1694437967010 0.0512135117720536 48
1694437967084 0.0025180948819215946 49
1694437967159 0.12827034230400178 50
1694437967232 0.5519982974112153 51
1694437967301 0.030143777156519756 52
1694437967372 0.010271544345399364 53
1694437967447 0.11093967493812597 54
1694437967517 0.005878211017846802 55
1694437967587 0.013346639612573055 56
1694437967659 0.06555091075169527 57
1694437967732 0.009050555407734215 58
1694437967805 1.0523917885646235 59
1694437967895 0.010168324601753072 60
1694437967975 0.14245667928649208 61
1694437968055 0.03628242534767639 62
1694437968125 0.19417612955661698 63
1694437968198 0.017234209210603743 64
1694437968271 0.09553006155728684 65
1694437968344 0.01392645971983081 66
1694437968413 0.013357726056822538 67
1694437968488 0.004120930167150207 68
1694437968560 0.001410009688151358 69
1694437968631 0.005836691319834668 70
1694437968704 0.0749560261806656 71
1694437968780 0.0646528614525588 72
1694437968853 0.08496704781442889 73
1694437968923 0.04252937452543816 74
1694437968994 0.10738073092450501 75
1694437969067 0.01698711095865343 76
1694437969147 0.010430282721029492 77
1694437969218 0.015881688628109368 78
1694437969290 0.002160865988346037 79
1694437969363 0.09815760144372368 80
1694437969433 0.031614550547045664 81
1694437969506 0.4537455048118781 82
1694437969576 0.00102457045224565 83
1694437969652 0.005905128294720391 84
1694437969722 0.05028742707883885 85
1694437969794 0.05953098374354199 86
1694437969864 0.0018401515153116596 87
1694437969933 0.02539255785073698 88
1694437970005 0.34082326556299475 89
1694437970077 0.4474735711083627 90
1694437970150 0.0008990633057353302 91
1694437970223 0.2918722681457865 92
1694437970296 0.12133393767439214 93
1694437970368 0.004183797421432627 94
1694437970438 0.12345945014671152 95
1694437970512 0.007550220134534498 96
1694437970585 0.0001922634000678543 97
1694437970657 0.13039930850015868 98
1694437970728 0.01259202220623802 99
1694437970799 0.0007723148252436035 100
1694437970874 0.07608098872388933 101
1694437970944 0.6379166394323097 102
1694437971015 0.14253904063300962 103
1694437971088 0.004302866097611571 104
1694437971157 0.13932145924259753 105
1694437971228 0.23908541906204406 106
1694437971302 0.10266979828860719 107
1694437971375 0.010953523467435923 108
1694437971447 0.7194874622042358 109
1694437971519 0.2476957446100903 110
1694437971592 0.006457308826508593 111
1694437971665 0.06005534165105269 112
1694437971736 0.10138184683878694 113
1694437971808 0.0010328247597815535 114
1694437971880 0.052342535002588945 115
1694437971948 0.07408375349095343 116
1694437972018 0.07546938075689932 117
1694437972090 0.2430364430596872 118
1694437972160 1.5649386838682655 119
1694437972233 0.5482012523338801 120
1694437972305 0.06079504978198003 121
1694437972386 0.16131624199119834 122
1694437972457 0.25454767935469963 123
1694437972528 0.6196046021906422 124
1694437972600 0.0026126247508704743 125
1694437972669 0.00435134211575618 126
1694437972740 0.14192361004459686 127
1694437972811 0.0853497024278681 128
1694437972883 0.0985569346086767 129
1694437972954 0.08214489130051152 130
1694437973030 0.009476050326756521 131
1694437973103 0.028581249751109823 132
1694437973173 0.003664588635567553 133
1694437973244 0.28463104368424197 134
1694437973316 0.039103502764451716 135
1694437973388 0.6073713577291566 136
1694437973458 0.0042553970999935275 137
1694437973528 0.002767027795839544 138
1694437973601 0.0005121265017934588 139
1694437973670 0.031103390886406155 140
1694437973741 0.01334878076426003 141
1694437973814 0.014815064104084823 142
1694437973886 0.026549494817104828 143
1694437973957 0.4442688417361351 144
1694437974026 0.0027960532212132558 145
1694437974097 0.1072565624220048 146
1694437974166 0.00030609359670444043 147
1694437974236 0.27348883040979083 148
1694437974306 0.03739279586421757 149
1694437974374 0.1341401882781666 150
1694437974444 0.17919212648536237 151
1694437974517 0.029260907895108334 152
1694437974587 0.07899323422595805 153
1694437974663 0.09980302409181135 154
1694437974741 0.016428468079469873 155
1694437974818 0.0027143191111122515 156
1694437974894 0.004955216993251713 157
1694437974965 0.001519255455094114 158
1694437975038 0.0002799823472894366 159
1694437975111 0.042959187982619246 160
1694437975183 0.012682946355436224 161
1694437975255 0.08886205437589137 162
1694437975325 0.00027901501464501586 163
1694437975397 0.10387022484575681 164
1694437975465 0.21573838087643032 165
1694437975538 0.012878274242597057 166
1694437975615 0.013253707784898969 167
1694437975684 0.03224454812133053 168
1694437975755 0.02866490518265879 169
1694437975826 0.05288024525931858 170
1694437975900 0.01915287488940576 171
1694437975972 0.01047460502897639 172
1694437976046 0.02653144758217758 173
1694437976121 0.18628815641427016 174
1694437976206 0.0069287981137864385 175
1694437976278 0.006141440979722927 176
1694437976367 0.28730481925848383 177
1694437976450 0.06991040160622598 178
1694437976529 0.13281773793337556 179
1694437976607 0.00039409016820233025 180
1694437976681 0.013867316281900592 181
1694437976756 0.09736510744073285 182
1694437976842 0.16938652163451262 183
1694437976921 0.10363001265023418 184
1694437976996 0.008709345137858445 185
1694437977071 0.029679235493734656 186
1694437977145 0.00016580346520874347 187
1694437977223 0.07444211104769535 188
1694437977296 3.367085093707423e-05 189
1694437977367 0.004432298695303227 190
1694437977438 0.0049138694950504255 191
1694437977508 0.009059752936464634 192
1694437977579 0.0037849778115352116 193
1694437977650 0.017453662224927256 194
1694437977721 0.5523423550717169 195
1694437977796 0.2811306537108385 196
1694437977870 0.15856580738089104 197
1694437977941 0.030735116491361947 198
1694437978011 0.17496432605040022 199
1694437978083 0.03840945630811115 200
1694437978155 0.0018168866322307092 201
1694437978225 0.02214183578567401 202
1694437978298 0.0444459015437403 203
1694437978372 0.0018768424852580803 204
1694437978442 0.09722090721379593 205
1694437978514 0.006304830075605809 206
1694437978585 0.0015261910894384298 207
1694437978656 0.039149581583242984 208
1694437978727 0.0010199191344464344 209
1694437978800 0.003147300731951371 210
1694437978871 0.19981305580798314 211
1694437978942 0.019831250794073416 212
1694437979021 0.04175506178814375 213
1694437979095 0.022265970887330615 214
1694437979169 0.006935630393826566 215
1694437979238 0.03376464692528218 216
1694437979311 0.0006361993825257651 217
1694437979382 0.2216938370425986 218
1694437979452 0.12962112090724218 219
1694437979527 0.401730395933068 220
1694437979601 0.020607536513441653 221
1694437979675 0.2842816072012539 222
1694437979746 0.008141699125417515 223
1694437979822 0.06423246860833413 224
1694437979895 0.015280203296374579 225
1694437979966 0.024926121961818426 226
1694437980039 0.015971988749471557 227
1694437980116 0.0819350183119418 228
1694437980189 0.0018424865074596487 229
1694437980260 0.009836859804780846 230
1694437980332 0.23477249946805878 231
1694437980406 0.18889312860021876 232
1694437980483 0.5045285576475955 233
1694437980554 0.3187754178124419 234
1694437980625 5.958892329278999e-05 235
1694437980701 0.0409877538079693 236
1694437980774 0.6663017975656708 237
1694437980850 0.13764393901758779 238
1694437980927 0.12968239494050196 239
1694437981003 0.016679294935654062 240
1694437981092 0.06535959053895622 241
1694437981169 0.09350793540452221 242
1694437981237 0.1599943012304606 243
1694437981315 0.004189545205951053 244
1694437981395 0.03649106452383915 245
1694437981466 0.028913546265670706 246
1694437981535 0.020039298601078268 247
1694437981604 0.0011618265008026903 248
1694437981673 0.007573548756808637 249
1694437981744 0.0638523913859254 250
1694437981815 0.008243011542613527 251
1694437981888 0.0027480930804993637 252
1694437981958 0.03536756899313579 253
1694437982027 0.011188460348309427 254
1694437982095 0.06229753590823717 255
1694437982164 0.01953211594424077 256
1694437982231 0.024725861719370214 257
1694437982299 0.0038774838247936285 258
1694437982366 0.0022967326690569007 259
1694437982435 0.025188462803206118 260
1694437982503 7.326363479901794e-05 261
1694437982573 0.13872398019125376 262
1694437982650 0.22483427297381928 263
1694437982725 0.008041363309056448 264
1694437982796 0.012240010521121475 265
1694437982864 0.12190825943571948 266
1694437982932 0.25427980290417607 267
1694437983003 0.048178508480657835 268
1694437983073 0.053038720622543875 269
1694437983141 0.010853261201523308 270
1694437983219 0.010838717322941564 271
1694437983288 4.377381166101131e-05 272
1694437983356 0.07289995040836765 273
1694437983424 0.03289983934085505 274
1694437983492 0.018374693920430427 275
1694437983559 0.009306519659697182 276
1694437983627 0.25279591156727077 277
1694437983694 2.4337479606478275e-05 278
1694437983761 0.28680914602402613 279
1694437983829 0.02566256663383138 280
1694437983897 0.024323025164052114 281
1694437983964 0.03290668165700108 282
1694437984031 0.06678446559477427 283
1694437984099 0.699692015289496 284
1694437984166 0.035061917751141744 285
1694437984235 1.1527336193315039 286
1694437984303 0.13991158389295835 287
1694437984372 0.022860857955205285 288
1694437984438 0.0001934316020749977 289
1694437984506 0.0883690991613724 290
1694437984574 0.0053380040139571795 291
1694437984641 0.04510606325157525 292
1694437984710 0.06783148465790678 293
1694437984777 0.1208513631527376 294
1694437984845 0.019210283930102143 295
1694437984912 0.04565569883270476 296
1694437984980 0.033096033163376656 297
1694437985046 0.1255740197686976 298
1694437985115 0.25699807697195987 299
1694437985182 0.00016359170819167613 300
1694437985250 0.9999522832305691 301
1694437985318 0.1011249450968841 302
1694437985385 0.1638187241679949 303
1694437985454 0.14599482035760325 304
1694437985521 0.06641251591182648 305
1694437985588 0.3159457521159034 306
1694437985659 0.008364658638268506 307
1694437985726 0.052341376284881246 308
1694437985794 0.0012363615767174798 309
1694437985862 0.0025802428504309253 310
1694437985928 0.21243740528291952 311
1694437985996 0.030780729508172473 312
1694437986063 0.18853653224514158 313
1694437986131 0.015945891395401358 314
1694437986198 4.949543186712323e-06 315
1694437986265 0.017818987055797934 316
1694437986333 0.17629444310148978 317
1694437986401 0.3152581488708038 318
1694437986468 0.28261976381431303 319
1694437986535 0.101478819454656 320
1694437986604 0.1692535537133935 321
1694437986671 0.00012050247270199347 322
1694437986738 0.024608246527331366 323
1694437986806 0.05145887541213522 324
1694437986874 0.2573922854683268 325
1694437986942 0.04715930002604842 326
1694437987009 0.9739289531864647 327
1694437987077 0.03945899433945896 328
1694437987145 0.015856833183470045 329
1694437987212 0.4476924085392488 330
1694437987280 0.0006636896715919087 331
1694437987349 0.00380014600617797 332
1694437987416 0.08315882644191096 333
1694437987483 0.11570458028699178 334
1694437987550 0.03038301128307893 335
1694437987617 0.08483289504228991 336
1694437987685 0.2164508192366949 337
1694437987752 0.08009994863406558 338
1694437987820 8.497933201750132e-05 339
1694437987888 0.020469358587202818 340
1694437987956 0.06848987827534003 341
1694437988024 1.341121399129115 342
1694437988102 0.07340622147642029 343
1694437988175 0.027488050698953014 344
1694437988246 0.1016075458405359 345
1694437988318 0.36282055079889874 346
1694437988390 0.03850767094993047 347
1694437988462 0.00751081802950071 348
1694437988533 0.07930478135110507 349
1694437988604 0.07360647797782408 350
1694437988678 1.582854895065954e-05 351
1694437988752 0.4348640079569608 352
1694437988823 0.06682708250723655 353
1694437988898 0.9617429632473515 354
1694437988976 0.007341408432217489 355
1694437989050 0.02649318272753941 356
1694437989123 0.03973348693557045 357
1694437989199 0.0008009077614964361 358
1694437989272 0.04972995646955576 359
1694437989343 0.00036087576125647716 360
1694437989414 0.030568604231836632 361
1694437989487 0.005344433253445824 362
1694437989557 0.11668979796971525 363
1694437989629 0.0008175431483543468 364
1694437989701 0.01679164831041052 365
1694437989779 0.13291684231910963 366
1694437989853 0.04781461182483639 367
1694437989924 0.015286532106721677 368
1694437989997 0.0436739674189755 369
1694437990073 0.3076802139290521 370
1694437990144 0.2256568212449997 371
1694437990216 0.019100514580705406 372
1694437990289 0.07520831795094486 373
1694437990364 0.03550407327026792 374
1694437990436 3.941047234306945e-05 375
1694437990510 0.010890838665731418 376
1694437990587 0.10455177377712296 377
1694437990663 0.013187419488587043 378
1694437990734 0.016656160541876304 379
1694437990807 0.1439996997710142 380
1694437990884 1.557223425711577e-05 381
1694437990957 0.014791567984283792 382
1694437991027 0.024174283237653096 383
1694437991098 0.021970524827994765 384
1694437991170 0.1336980674790631 385
1694437991239 0.06005673527223341 386
1694437991314 0.3337499797337405 387
1694437991387 0.18754997883754634 388
1694437991459 0.0005136299027610949 389
1694437991533 0.14025841738981343 390
1694437991604 0.0003445801405009006 391
1694437991674 0.1118200425072349 392
1694437991744 0.08025682073287113 393
1694437991815 0.4517336101691394 394
1694437991885 0.21342931411994856 395
1694437991957 0.0497080146749909 396
1694437992027 0.01211700477992491 397
1694437992100 0.10501060021600829 398
1694437992170 0.019315483259172272 399
1694437992239 0.008582024662639945 400
1694437992311 0.017432285448792502 401
1694437992385 0.1381923842598054 402
1694437992456 0.0012675647930534368 403
1694437992526 0.0683162131778463 404
1694437992596 0.027568456889011547 405
1694437992665 0.09752377188704923 406
1694437992739 1.7491258206002582 407
1694437992810 0.067372626601466 408
1694437992880 0.1726460725932713 409
1694437992950 0.0020233884640561816 410
1694437993018 0.02080100364048707 411
1694437993089 0.017773997513364934 412
1694437993159 0.12972057718512287 413
1694437993235 0.05009549611712029 414
1694437993306 0.0017217177891257203 415
1694437993377 0.23963404836853758 416
1694437993448 0.0057494618847410695 417
1694437993519 0.004583149557009403 418
1694437993589 0.10614372748568784 419
1694437993658 0.07371864895838864 420
1694437993731 0.012156523862732471 421
1694437993801 0.009383213563929745 422
1694437993872 0.0428742200958412 423
1694437993942 0.08814886115258982 424
1694437994024 0.03615975170519149 425
1694437994093 0.03476002530415276 426
1694437994163 0.054411164555931896 427
1694437994235 0.05233527297697088 428
1694437994308 0.03532488931549399 429
1694437994378 1.0378712795324059 430
1694437994448 0.6025884586129051 431
1694437994520 0.002745932007553557 432
1694437994590 0.00159993208185551 433
1694437994660 0.04993063123162772 434
1694437994731 0.01915951917881892 435
1694437994800 0.0330376036435417 436
1694437994876 0.02726587577874218 437
1694437994947 0.0009984599110628729 438
1694437995017 0.10897682356588279 439
1694437995087 0.008266715820406686 440
1694437995156 0.05668518850179092 441
1694437995229 0.05437958373015384 442
1694437995302 0.07532304628484898 443
1694437995371 0.006957703097615935 444
1694437995441 0.030948882146767852 445
1694437995511 0.0022810909700693746 446
1694437995583 0.005899939084082856 447
1694437995653 0.035635173531280276 448
1694437995728 0.03670880448802155 449
1694437995802 0.05369978751816209 450
1694437995871 0.09636636120957517 451
1694437995942 0.08318711450412358 452
1694437996013 0.10017808320008126 453
1694437996084 0.023494538388887067 454
1694437996156 0.01801695477055 455
1694437996228 0.1784189103221212 456
1694437996298 0.03371646306116663 457
1694437996368 0.03856852184258371 458
1694437996438 0.007432261880975928 459
1694437996509 0.2886814709691823 460
1694437996582 0.007761181339213717 461
1694437996655 0.011302138598980983 462
1694437996725 0.10062452068295548 463
1694437996796 0.07413770565081691 464
1694437996867 0.14701798134506794 465
1694437996939 0.5949334400303348 466
1694437997009 0.19491980176907653 467
1694437997079 0.021532471843154915 468
1694437997149 0.1571083825643668 469
1694437997218 0.11072699794693827 470
1694437997288 0.017093116183311163 471
1694437997360 0.09151284043911752 472
1694437997433 0.13622216793085692 473
1694437997504 0.004249417047801575 474
1694437997573 0.00985876957238381 475
1694437997646 0.07612026637231076 476
1694437997718 0.01205928118803202 477
1694437997800 0.04144043518382815 478
1694437997873 0.1015985057466085 479
1694437997944 0.010873697624316942 480
1694437998014 4.574334369242646e-05 481
1694437998085 0.01101928579754096 482
1694437998155 0.5389307433821315 483
1694437998225 0.09993463290168014 484
1694437998302 0.13447745903149028 485
1694437998374 0.11360665325733792 486
1694437998444 0.587649593461149 487
1694437998514 0.01765855305466483 488
1694437998583 0.7665938755837146 489
1694437998654 0.010570316677048842 490
1694437998726 0.02848293075195368 491
1694437998803 0.06660251675025379 492
1694437998874 0.07618110611137018 493
1694437998944 0.010884716296487892 494
1694437999015 0.1293592902874311 495
1694437999084 0.18529766631963712 496
1694437999159 0.021559688002992832 497
1694437999231 0.007310989425332879 498
1694437999300 0.030060600706990445 499
