1694428003624 154.71567768973273 0
1694428003689 160.4890533265775 1
1694428003759 169.65615100527495 2
1694428003824 162.78986830630265 3
1694428003911 177.9310376059992 4
1694428003976 169.20287910782363 5
1694428004040 167.4222966303973 6
1694428004104 164.42282460740302 7
1694428004167 175.36950415070916 8
1694428004231 189.3794003708566 9
1694428004297 175.15451584807317 10
1694428004381 163.9168474691128 11
1694428004454 171.76122870682775 12
1694428004519 145.86589070733646 13
1694428004585 173.05034977180395 14
1694428004649 158.3148271342467 15
1694428004714 174.9790757948242 16
1694428004778 171.91782140386775 17
1694428004846 172.62602026910758 18
1694428004915 159.2647171242093 19
1694428004985 176.47404898398716 20
1694428005051 167.56242953633767 21
1694428005115 188.2705527260028 22
1694428005180 169.0010148865376 23
1694428005244 179.2465556897064 24
1694428005310 171.76475698189708 25
1694428005375 163.10892580590698 26
1694428005447 178.87828789969035 27
1694428005511 165.62707900057555 28
1694428005575 197.19201526193038 29
1694428005639 166.1096678628024 30
1694428005702 178.66037328727123 31
1694428005769 173.02596642041794 32
1694428005834 176.69304549818054 33
1694428005900 177.01494435307833 34
1694428005964 174.12955961746505 35
1694428006028 165.37396044254268 36
1694428006093 182.92425141766847 37
1694428006156 169.23420191864219 38
1694428006222 171.56527114174767 39
1694428006294 167.85561106114122 40
1694428006357 181.28853267456546 41
1694428006427 155.92151887369096 42
1694428006495 172.2416424970656 43
1694428006563 176.6706087321085 44
1694428006632 129.0611528022048 45
1694428006700 161.10240513098174 46
1694428006766 172.03605694080298 47
1694428006830 166.06165573280032 48
1694428006893 177.4272126089278 49
1694428006957 164.7614523362953 50
1694428007023 166.13868891402345 51
1694428007090 162.9706464464812 52
1694428007156 158.14878291578822 53
1694428007221 171.81671188498663 54
1694428007285 174.02335394738805 55
1694428007349 167.59614540714372 56
1694428007413 182.86272460989514 57
1694428007477 150.60155392961568 58
1694428007542 175.50372288442074 59
1694428007606 166.66463620648685 60
1694428007671 166.2083978813065 61
1694428007736 160.32681818908762 62
1694428007801 170.97796223098922 63
1694428007865 144.06599606743094 64
1694428007929 168.66089172752098 65
1694428008003 179.63186922229266 66
1694428008067 149.22906415514237 67
1694428008132 164.36091346452696 68
1694428008195 141.47324294535667 69
1694428008259 186.1588210497632 70
1694428008323 179.14134702092855 71
1694428008387 178.2321338108817 72
1694428008450 159.2284881224865 73
1694428008514 154.50666224854382 74
1694428008579 183.02712816184422 75
1694428008649 190.8036909759278 76
1694428008713 173.50285672833664 77
1694428008777 174.28714463669917 78
1694428008847 152.39117211446987 79
1694428008914 151.33497411130764 80
1694428008979 171.12951681427234 81
1694428009043 176.97552488974011 82
1694428009107 152.69557849197267 83
1694428009171 162.8458176138567 84
1694428009235 167.3865510402699 85
1694428009300 160.33785180707665 86
1694428009363 171.00283260831696 87
1694428009427 176.64639576762622 88
1694428009491 155.43820873239702 89
1694428009556 169.9733010238316 90
1694428009620 172.9594925800333 91
1694428009690 166.39986079098378 92
1694428009754 186.17741209574993 93
1694428009819 176.05196489920118 94
1694428009883 176.35632579991298 95
1694428009946 149.81493277794797 96
1694428010011 171.53782391564928 97
1694428010074 180.54660231304956 98
1694428010138 170.57501338778226 99
1694428010203 165.98978812513292 100
1694428010268 175.63717208037184 101
1694428010331 169.3380441401844 102
1694428010403 172.12904150375863 103
1694428010469 176.34219318798608 104
1694428010536 176.81195302074116 105
1694428010601 172.63236417783014 106
1694428010664 171.63347508466885 107
1694428010729 160.88805077294418 108
1694428010793 167.63465056447205 109
1694428010857 160.02581631408108 110
1694428010920 173.167893502382 111
1694428010984 175.9920506503149 112
1694428011048 174.14718835176296 113
1694428011113 181.84863968482918 114
1694428011178 170.36994541421146 115
1694428011242 172.80460131859257 116
1694428011306 180.42799546856605 117
1694428011379 178.7153983234368 118
1694428011444 185.31405535181278 119
1694428011511 162.33519004944222 120
1694428011581 139.95535310220782 121
1694428011646 195.00450374975435 122
1694428011710 168.77548098196135 123
1694428011774 165.55727250671447 124
1694428011839 168.0992639399914 125
1694428011903 164.0296474941411 126
1694428011967 180.56105359626304 127
1694428012031 177.46935442199774 128
1694428012095 160.37947061502928 129
1694428012158 168.08057011328623 130
1694428012226 174.8823975218514 131
1694428012291 171.0675079611678 132
1694428012355 170.77073261514988 133
1694428012420 156.36269110190932 134
1694428012486 147.76316859983413 135
1694428012548 164.30516022131388 136
1694428012612 189.77935136653034 137
1694428012677 176.9810468853258 138
1694428012741 167.31529157824014 139
1694428012806 172.5003116577078 140
1694428012870 178.4195360337654 141
1694428012939 165.4882637859953 142
1694428013004 89.14764795791359 143
1694428013077 161.7664782920484 144
1694428013141 162.67937049670087 145
1694428013205 166.83230006640622 146
1694428013269 166.80739727072574 147
1694428013335 165.05869186732224 148
1694428013399 170.17826049002633 149
1694428013463 166.199748129088 150
1694428013526 152.4857471176069 151
1694428013591 176.45391863575435 152
1694428013656 174.1522108356844 153
1694428013721 144.1346218321228 154
1694428013784 171.05077676411932 155
1694428013849 166.22332729160988 156
1694428013917 168.01810701756673 157
1694428013983 180.06419053399634 158
1694428014047 174.7394297564864 159
1694428014113 182.41703138841186 160
1694428014177 169.97579741911358 161
1694428014240 149.33380196364084 162
1694428014305 177.4423670394176 163
1694428014369 165.4857046696987 164
1694428014433 175.5609343627883 165
1694428014497 165.62974807178068 166
1694428014561 184.49946855246893 167
1694428014626 174.33159688091504 168
1694428014690 126.1424734526591 169
1694428014763 147.13432903950982 170
1694428014827 176.3600919877595 171
1694428014892 178.18266854043426 172
1694428014961 176.8052007069118 173
1694428015026 176.28585047415874 174
1694428015090 169.31023328087525 175
1694428015155 149.12907922928767 176
1694428015220 167.43673960712152 177
1694428015283 165.70568324804933 178
1694428015349 176.1393002103253 179
1694428015415 196.31382402175785 180
1694428015478 180.79575782391066 181
1694428015541 150.75822083388047 182
1694428015608 161.0111253678692 183
1694428015673 168.80548465915248 184
1694428015738 174.72613381651092 185
1694428015802 145.5211412558648 186
1694428015865 174.1832473477277 187
1694428015930 167.3963091668789 188
1694428015993 173.04814958783328 189
1694428016056 166.82533141684056 190
1694428016121 179.5431949036268 191
1694428016185 127.12164399456249 192
1694428016251 144.85717163591477 193
1694428016314 159.51675121277225 194
1694428016378 166.88857897960807 195
1694428016446 177.88542614040085 196
1694428016510 163.4897277922921 197
1694428016574 151.38305088092986 198
1694428016638 161.50618796847536 199
1694428016702 176.32845670165446 200
1694428016766 162.71014859124696 201
1694428016830 153.45441659632368 202
1694428016894 169.3450119721594 203
1694428016957 177.25609599896737 204
1694428017022 181.18870396115753 205
1694428017086 165.29812889198172 206
1694428017152 174.4942431137321 207
1694428017215 167.8103255974432 208
1694428017283 177.42726413099288 209
1694428017348 174.14283884475128 210
1694428017412 165.56493334567298 211
1694428017474 182.65299241641677 212
1694428017537 157.5055241851301 213
1694428017603 176.31621567314798 214
1694428017667 167.64676891323276 215
1694428017732 179.45042809944343 216
1694428017797 173.95906016057955 217
1694428017861 175.17231806877177 218
1694428017927 176.0730347919341 219
1694428017990 172.40710099366328 220
1694428018054 189.15474284453484 221
1694428018120 173.71371206347018 222
1694428018185 165.0123752659781 223
1694428018249 156.94582175972707 224
1694428018314 164.51992752360604 225
1694428018377 178.83471200581866 226
1694428018441 165.97878853635785 227
1694428018504 165.7541353477728 228
1694428018570 129.3987216426821 229
1694428018634 142.60902976151735 230
1694428018699 164.26492639071222 231
1694428018763 180.99661331280905 232
1694428018828 168.9155936209016 233
1694428018892 170.2653216204836 234
1694428018964 162.4400933013916 235
1694428019029 169.1605059328915 236
1694428019093 170.12752443009435 237
1694428019157 155.90503962222854 238
1694428019220 132.64426861795485 239
1694428019285 179.64959974431446 240
1694428019349 172.88633987195794 241
1694428019412 158.4206458120565 242
1694428019477 156.25119911720572 243
1694428019542 170.64930604251083 244
1694428019606 169.5076459412541 245
1694428019672 148.45547818034734 246
1694428019735 170.79393685859588 247
1694428019809 164.4269274424509 248
1694428019931 159.8327125772889 249
1694428020000 179.40422150635726 250
1694428020085 180.9576512882156 251
1694428020151 173.59224579118157 252
1694428020215 163.02807219277574 253
1694428020279 173.30531832592115 254
1694428020344 156.11251644939216 255
1694428020409 170.01913966993615 256
1694428020473 176.79083933063006 257
1694428020539 153.5520597692293 258
1694428020605 144.82494955585474 259
1694428020677 168.83000045236372 260
1694428020742 130.59277816384056 261
1694428020808 174.0570645636438 262
1694428020872 183.09175974512902 263
1694428020936 163.90375189153525 264
1694428021007 162.11716274607573 265
1694428021071 175.454103895193 266
1694428021136 212.1052321937701 267
1694428021201 163.5508637777244 268
1694428021267 154.19324198813052 269
1694428021333 158.56762565135125 270
1694428021399 166.06170513145676 271
1694428021462 169.28193318371362 272
1694428021529 153.3928242016703 273
1694428021594 166.46502663921223 274
1694428021658 159.0355166039477 275
1694428021722 172.65784608126054 276
1694428021788 189.6022149415339 277
1694428021852 146.84836193744468 278
1694428021916 165.04288704124178 279
1694428021980 171.63369333775321 280
1694428022044 163.96290436620208 281
1694428022108 167.80959756371976 282
1694428022172 175.47840657104055 283
1694428022239 170.15217596148992 284
1694428022304 180.45078233159006 285
1694428022371 174.13594465759763 286
1694428022436 169.90382553829338 287
1694428022499 189.52472777476586 288
1694428022562 177.11743862717506 289
1694428022627 178.48040269368812 290
1694428022693 166.55543600217163 291
1694428022759 170.4234461059185 292
1694428022825 167.99502524415075 293
1694428022890 163.80644466198495 294
1694428022954 177.45330701903853 295
1694428023019 165.4769359210557 296
1694428023083 177.98292620134725 297
1694428023146 177.0288451844999 298
1694428023218 186.50125782366683 299
1694428023282 168.67596937828856 300
1694428023347 137.4375506913432 301
1694428023412 172.67448201371585 302
1694428023476 179.43729144285544 303
1694428023541 174.75973068057334 304
1694428023605 172.24759040095626 305
1694428023672 169.1284531839632 306
1694428023737 165.34745539786613 307
1694428023802 164.78001661431932 308
1694428023866 153.25551119722815 309
1694428023931 120.06498357112305 310
1694428023995 178.41773015794178 311
1694428024067 202.6324932556367 312
1694428024134 209.0567034142851 313
1694428024197 163.7194194763496 314
1694428024263 137.73873160124356 315
1694428024329 171.60758905691154 316
1694428024394 167.67807048498346 317
1694428024459 168.47250964793034 318
1694428024524 185.433931542225 319
1694428024588 164.60552362422578 320
1694428024652 165.8875005623292 321
1694428024716 181.6208832974533 322
1694428024780 136.3356068865956 323
1694428024846 181.06750119849178 324
1694428024913 169.92439751905232 325
1694428024978 146.91341011675863 326
1694428025044 167.33783342688338 327
1694428025110 158.79410579460594 328
1694428025174 145.19029316484657 329
1694428025238 159.73132194287206 330
1694428025302 180.15824367831573 331
1694428025367 170.61043227009168 332
1694428025432 154.10126809245835 333
1694428025497 164.21640949339596 334
1694428025561 166.38294037973634 335
1694428025626 169.17560419687493 336
1694428025689 176.52791169088584 337
1694428025757 163.71296686479735 338
1694428025821 181.89980920046386 339
1694428025886 181.708609208805 340
1694428025951 177.4515288280031 341
1694428026015 186.10875615699908 342
1694428026079 167.5032402041439 343
1694428026144 175.3539689112558 344
1694428026208 177.96565019711093 345
1694428026275 173.45541589846712 346
1694428026340 178.22900175715503 347
1694428026405 178.71066403901872 348
1694428026469 173.38475008214195 349
1694428026533 134.68554003002296 350
1694428026605 175.21242618483458 351
1694428026669 173.4640989525546 352
1694428026733 176.3749239816859 353
1694428026798 126.47575956274886 354
1694428026862 176.79896069544697 355
1694428026926 169.5105422191237 356
1694428026990 167.32264393376786 357
1694428027055 169.13758400962985 358
1694428027119 179.8889660064189 359
1694428027183 184.5012390803768 360
1694428027248 164.0758794525329 361
1694428027312 157.4768911775953 362
1694428027376 170.91223766547088 363
1694428027449 168.94955074614728 364
1694428027513 160.7096582357817 365
1694428027577 163.24153081465164 366
1694428027642 172.3092544799241 367
1694428027708 166.8312895923004 368
1694428027786 174.57016712914785 369
1694428027851 201.78092665042928 370
1694428027916 168.02201387614153 371
1694428027980 183.7008043420113 372
1694428028044 171.2577133519038 373
1694428028107 178.76035672919915 374
1694428028171 176.73287305786346 375
1694428028238 171.90961233327343 376
1694428028304 167.4439398719616 377
1694428028369 147.19669091428915 378
1694428028433 168.63042332796223 379
1694428028497 169.98184377191217 380
1694428028560 178.60211902626216 381
1694428028626 126.70853117773513 382
1694428028690 178.0688496691873 383
1694428028757 165.5487805948002 384
1694428028823 159.90479322070587 385
1694428028888 186.7873972875901 386
1694428028951 174.75958245659245 387
1694428029022 156.21901864021774 388
1694428029089 183.49903487325062 389
1694428029162 176.12717675889115 390
1694428029227 170.6988317802989 391
1694428029291 164.74375157473483 392
1694428029355 158.3574317919116 393
1694428029420 192.86222113644783 394
1694428029484 181.73313820406807 395
1694428029548 185.8717203826714 396
1694428029613 167.08661055694756 397
1694428029676 180.796022716102 398
1694428029740 176.03425013680936 399
1694428029805 182.94985037475973 400
1694428029869 168.32498653220162 401
1694428029934 158.882974809266 402
1694428029998 180.47533956443206 403
1694428030063 170.91904663336499 404
1694428030128 177.73086530001416 405
1694428030193 186.9698940494515 406
1694428030257 162.73714744525066 407
1694428030322 180.6934394618702 408
1694428030386 173.12607023116533 409
1694428030452 157.32063046334804 410
1694428030517 180.15302429983328 411
1694428030582 169.80053617347613 412
1694428030647 151.60665455460875 413
1694428030711 171.23355465584177 414
1694428030775 176.496229087749 415
1694428030841 175.6107944402183 416
1694428030905 170.35688281465806 417
1694428030970 183.9902853957397 418
1694428031036 162.6215881180561 419
1694428031100 171.02776497414925 420
1694428031163 159.24838613589827 421
1694428031227 163.15173876871862 422
1694428031292 162.24935253593088 423
1694428031357 178.92232687189647 424
1694428031420 164.97344769135384 425
1694428031484 168.86497494993367 426
1694428031549 186.67987902567057 427
1694428031613 152.69422299016225 428
1694428031678 176.30967948770154 429
1694428031744 170.84504458481504 430
1694428031809 178.68280040970672 431
1694428031875 183.6139105735518 432
1694428031939 164.61343016789627 433
1694428032003 169.8150285908426 434
1694428032067 145.37892047056937 435
1694428032132 167.8428466138005 436
1694428032196 162.6813759519054 437
1694428032261 171.20237022278707 438
1694428032327 183.13738587309018 439
1694428032391 170.57789297630717 440
1694428032456 178.6502363065282 441
1694428032525 171.93047401893992 442
1694428032590 177.38215962601768 443
1694428032655 174.32336062668577 444
1694428032720 179.49995839341105 445
1694428032786 149.42327818879318 446
1694428032851 162.05404566773052 447
1694428032916 152.24543021535175 448
1694428032979 179.42540825577447 449
1694428033045 171.2523978142418 450
1694428033111 162.99567549700706 451
1694428033176 174.27988089611753 452
1694428033242 182.6049684296248 453
1694428033306 163.57553047353144 454
1694428033374 175.66654131297017 455
1694428033438 174.62155620975403 456
1694428033504 159.81156642112143 457
1694428033569 150.4736415450365 458
1694428033631 160.35002029243103 459
1694428033696 163.6551465637868 460
1694428033762 183.01709728065947 461
1694428033828 137.07329116368166 462
1694428033893 165.2970445897832 463
1694428033956 187.8651227656507 464
1694428034020 168.82994446297806 465
1694428034084 172.93075824709535 466
1694428034149 170.52751952232921 467
1694428034214 172.13727205198927 468
1694428034278 167.35599349827538 469
1694428034343 178.0113758332398 470
1694428034407 152.55105167673298 471
1694428034472 167.1449987877182 472
1694428034535 166.76686483744132 473
1694428034599 177.13198903790354 474
1694428034663 172.75630980797226 475
1694428034729 179.51042582851238 476
1694428034793 176.89910216190748 477
1694428034860 180.10496164779425 478
1694428034923 160.71475230217433 479
1694428034990 172.59222492394858 480
1694428035058 165.75335436014208 481
1694428035123 172.12726307168472 482
1694428035187 158.99894520443155 483
1694428035254 184.50465204263608 484
1694428035318 183.8786745289793 485
1694428035383 169.8252085288315 486
1694428035448 165.43668753629592 487
1694428035512 160.85587507362214 488
1694428035575 159.30410949312585 489
1694428035639 164.2240840605987 490
1694428035703 183.57007901028865 491
1694428035768 173.61835507674016 492
1694428035833 167.06522224063764 493
1694428035900 158.94463684243598 494
1694428035966 180.65738291470663 495
1694428036030 171.31285092983487 496
1694428036095 176.41217303043476 497
1694428036159 142.27007424503847 498
1694428036224 153.5803183192759 499
