1694427667804 170.25622929149338 0
1694427667819 167.3248975851477 1
1694427667834 165.22495823408755 2
1694427667848 164.69072327689557 3
1694427667862 169.64047425082322 4
1694427667876 168.16329649190902 5
1694427667891 173.08348666077896 6
1694427667906 167.56100216472933 7
1694427667921 166.2537936485481 8
1694427667934 166.42249152612342 9
1694427667949 166.06816876160593 10
1694427667965 168.67554947828725 11
1694427667980 166.83675755271454 12
1694427667995 170.5535987142905 13
1694427668009 169.16265469635098 14
1694427668023 170.07530574369596 15
1694427668038 169.51803715347629 16
1694427668052 170.12870224394194 17
1694427668068 165.780836768829 18
1694427668083 173.2469790543817 19
1694427668097 168.67088778068396 20
1694427668111 171.24335534457973 21
1694427668126 170.5164282012422 22
1694427668142 170.29159299840924 23
1694427668157 169.2221506450647 24
1694427668172 169.85878897275362 25
1694427668186 167.8462353431024 26
1694427668203 170.99162850978095 27
1694427668218 170.30610310431823 28
1694427668232 166.57703777009303 29
1694427668246 170.10217234105977 30
1694427668264 168.73894030999506 31
1694427668283 165.3947374479189 32
1694427668301 167.4457535805289 33
1694427668320 170.35554754471136 34
1694427668339 168.26270381853072 35
1694427668361 166.22608061000463 36
1694427668380 166.18387375975013 37
1694427668402 169.16482539863912 38
1694427668422 167.26229276159327 39
1694427668439 170.71582095113885 40
1694427668453 164.2617417065418 41
1694427668468 165.48380833133984 42
1694427668483 166.96619705892704 43
1694427668498 166.32051233008178 44
1694427668513 170.89055392068332 45
1694427668527 165.41547212733738 46
1694427668542 169.3289897629846 47
1694427668557 166.12818385448801 48
1694427668570 170.5578028253962 49
1694427668585 167.0262218219807 50
1694427668600 165.1876803847487 51
1694427668614 166.18183124355005 52
1694427668628 168.3281024829391 53
1694427668643 171.80246749243466 54
1694427668661 162.60493204634508 55
1694427668678 168.28650952771918 56
1694427668697 168.43559314932028 57
1694427668711 167.78079026393522 58
1694427668725 165.6735336597542 59
1694427668739 169.81916778728674 60
1694427668753 165.8548581863512 61
1694427668768 172.04713088997568 62
1694427668782 164.76299583210817 63
1694427668797 173.1849057132594 64
1694427668811 167.24897517545736 65
1694427668826 169.16535063467467 66
1694427668840 167.00970546218431 67
1694427668855 167.05029415238928 68
1694427668869 166.58221432505803 69
1694427668883 166.80822627903197 70
1694427668897 167.72722485991537 71
1694427668912 166.07846063107786 72
1694427668928 167.979237988306 73
1694427668944 168.51070271433966 74
1694427668961 165.29897860869065 75
1694427668979 165.910057325623 76
1694427668993 169.59710787240957 77
1694427669008 173.34793402329404 78
1694427669022 169.40437253684016 79
1694427669036 168.07123062607616 80
1694427669051 171.68022337761502 81
1694427669066 167.86169822223292 82
1694427669080 168.61109478887593 83
1694427669094 169.04164749749276 84
1694427669108 167.02745073832398 85
1694427669123 164.5419066712739 86
1694427669137 171.2292174610063 87
1694427669153 170.2037679211363 88
1694427669167 169.09140563542837 89
1694427669181 169.9675480173823 90
1694427669196 167.6889858101727 91
1694427669210 166.17086263937307 92
1694427669225 171.96713673304265 93
1694427669240 168.76030386045537 94
1694427669255 167.46157974970697 95
1694427669269 167.15997755994843 96
1694427669284 166.80990073095782 97
1694427669298 166.97677043925063 98
1694427669312 166.08916847207814 99
1694427669326 169.84484916433777 100
1694427669340 167.5258916529313 101
1694427669354 169.29219505460193 102
1694427669372 167.51548079055485 103
1694427669391 172.2339860604415 104
1694427669409 170.2195560067182 105
1694427669426 168.16901151796108 106
1694427669440 173.2491568020771 107
1694427669454 169.88403432518572 108
1694427669469 169.3547261835535 109
1694427669484 170.52831746332976 110
1694427669498 171.15997743669874 111
1694427669512 169.90206155464026 112
1694427669526 169.38993447029006 113
1694427669540 167.11644412728182 114
1694427669555 169.16035757298297 115
1694427669570 170.25203827927908 116
1694427669585 163.911868957314 117
1694427669600 163.73336325935662 118
1694427669613 168.63582062728057 119
1694427669628 173.1657287144478 120
1694427669642 167.7213504696322 121
1694427669657 168.68103823328002 122
1694427669671 166.55759267720887 123
1694427669686 164.96559276999287 124
1694427669700 164.10854279508234 125
1694427669715 167.25375060684976 126
1694427669729 168.1713760959688 127
1694427669748 165.06322045654255 128
1694427669770 169.27939201759764 129
1694427669790 168.22699200371136 130
1694427669805 167.5228247854955 131
1694427669823 163.61462231512056 132
1694427669837 173.60866286756234 133
1694427669851 167.9860883112145 134
1694427669866 169.09563643845513 135
1694427669880 167.6464955375231 136
1694427669895 168.69510623341787 137
1694427669912 172.8049772731078 138
1694427669927 170.69035526389084 139
1694427669942 169.47700919122622 140
1694427669957 168.34890757932067 141
1694427669979 169.09595738362344 142
1694427669994 165.73196158391073 143
1694427670008 168.721922793916 144
1694427670023 171.80872725548338 145
1694427670039 169.39141691046788 146
1694427670059 170.90152091654218 147
1694427670078 171.06560822776814 148
1694427670096 172.4337563136135 149
1694427670114 169.25909217807083 150
1694427670131 169.86494114764307 151
1694427670149 169.42434125145232 152
1694427670168 167.16519299037253 153
1694427670188 169.17501795858502 154
1694427670208 165.9576403513166 155
1694427670226 168.87256461816168 156
1694427670244 168.32468349166928 157
1694427670262 176.17831793483646 158
1694427670280 164.4501831954085 159
1694427670297 164.20896860853594 160
1694427670312 164.9577360228536 161
1694427670326 169.87394889180572 162
1694427670341 170.12618940511945 163
1694427670356 168.10411040807892 164
1694427670370 168.9494655954807 165
1694427670385 166.97051047167307 166
1694427670400 171.31759036699674 167
1694427670415 171.84236135986944 168
1694427670429 171.03985278297725 169
1694427670444 168.35863478827733 170
1694427670459 166.34583990085108 171
1694427670478 170.06018622811953 172
1694427670495 166.84743002128357 173
1694427670514 169.53125404867555 174
1694427670530 169.13851169932633 175
1694427670545 164.015681019454 176
1694427670559 167.58533748423346 177
1694427670576 168.44120651923404 178
1694427670592 171.35750385507464 179
1694427670606 169.49662497165636 180
1694427670621 164.92906303287776 181
1694427670634 166.71841319468837 182
1694427670649 172.86001652077633 183
1694427670663 169.95461491836144 184
1694427670677 172.4800965732592 185
1694427670692 167.1873069367422 186
1694427670707 165.8906996766904 187
1694427670721 167.2653874824395 188
1694427670735 169.87786080945148 189
1694427670751 174.66327276895186 190
1694427670765 170.77025121181092 191
1694427670779 168.31091135235596 192
1694427670794 170.90956257189893 193
1694427670808 165.2138277383452 194
1694427670823 162.89997923028827 195
1694427670837 168.06183253239024 196
1694427670851 167.7117803372655 197
1694427670865 167.1389871540825 198
1694427670879 166.22223031481732 199
1694427670893 171.2522759843201 200
1694427670909 164.40602814777276 201
1694427670925 168.58280568706337 202
1694427670939 170.13183569173617 203
1694427670953 168.4515152722653 204
1694427670967 168.50519217972584 205
1694427670983 168.08317768637318 206
1694427670997 171.7216813101446 207
1694427671012 169.22404395802974 208
1694427671027 166.7944239613794 209
1694427671041 169.9011017837875 210
1694427671055 173.53213296882768 211
1694427671070 164.99316092397981 212
1694427671084 163.8194789190264 213
1694427671098 166.46157751212442 214
1694427671113 172.96570099524337 215
1694427671127 166.96097158168814 216
1694427671141 166.6716866000203 217
1694427671155 169.8232806346754 218
1694427671169 165.35155615418066 219
1694427671184 173.6868920085956 220
1694427671200 165.43805974166708 221
1694427671215 166.10484816287968 222
1694427671229 165.9339871980221 223
1694427671243 169.84481369408238 224
1694427671257 171.26136245501192 225
1694427671272 174.91164542216205 226
1694427671286 172.09652651263107 227
1694427671300 168.61452019835323 228
1694427671315 169.02694424912897 229
1694427671329 170.86356134210382 230
1694427671344 171.47694327221993 231
1694427671358 169.73751973338497 232
1694427671373 169.6523658311308 233
1694427671387 173.32598697412882 234
1694427671401 164.66566996432604 235
1694427671416 169.0180396175538 236
1694427671431 168.487694819009 237
1694427671445 169.3739576712874 238
1694427671459 170.77908019003235 239
1694427671473 169.10260670549255 240
1694427671487 170.39620212826907 241
1694427671501 170.88037179689385 242
1694427671517 172.135376258278 243
1694427671536 168.2167982056367 244
1694427671553 166.13893071214315 245
1694427671570 164.8178530548536 246
1694427671586 164.16223190600448 247
1694427671600 167.35579957821395 248
1694427671615 169.88440656945704 249
1694427671629 167.68293882796775 250
1694427671643 166.65981580629378 251
1694427671657 173.0835157719782 252
1694427671672 165.89176095765123 253
1694427671686 170.71507778448887 254
1694427671700 171.43234498264087 255
1694427671716 171.7594265691314 256
1694427671730 165.75067757624737 257
1694427671745 169.96009402934175 258
1694427671766 165.87071255872758 259
1694427671781 167.17290570072396 260
1694427671795 168.99609453026503 261
1694427671809 167.24616137875017 262
1694427671823 171.08876203355717 263
1694427671837 166.9433236558455 264
1694427671851 171.09433878838936 265
1694427671865 168.16916583948588 266
1694427671879 172.2145440156676 267
1694427671893 165.21332696020187 268
1694427671909 166.03991293242592 269
1694427671924 167.3224439153622 270
1694427671938 169.38326954184774 271
1694427671953 166.61425317712911 272
1694427671967 164.70747908714588 273
1694427671982 166.3874254624661 274
1694427671996 168.82748765554268 275
1694427672011 171.26153441967296 276
1694427672025 171.32322325509827 277
1694427672039 165.9670723509398 278
1694427672054 170.1198676957023 279
1694427672068 169.12860401813103 280
1694427672083 166.5430084493107 281
1694427672098 169.4570001412358 282
1694427672112 167.80878554259556 283
1694427672126 166.47054101799827 284
1694427672141 171.5175274626133 285
1694427672155 168.96448518489143 286
1694427672169 168.56871678967187 287
1694427672184 169.50958249906893 288
1694427672198 168.39824092897925 289
1694427672214 171.1294104159261 290
1694427672228 171.25828199040788 291
1694427672242 163.08947590292888 292
1694427672257 168.93954541807972 293
1694427672271 172.26133094699543 294
1694427672285 166.29522673777953 295
1694427672300 171.13496471400867 296
1694427672314 169.38847917691382 297
1694427672328 168.95259557561434 298
1694427672342 170.27882591505696 299
1694427672356 166.97780588934188 300
1694427672371 164.55288962663636 301
1694427672385 165.2177806161781 302
1694427672399 165.93784825222988 303
1694427672413 171.2978260604732 304
1694427672429 166.64932302305155 305
1694427672443 167.97254661965852 306
1694427672457 168.29811108937523 307
1694427672471 169.7554061318163 308
1694427672485 169.29690681527805 309
1694427672500 168.93686805785438 310
1694427672514 164.6615054108043 311
1694427672528 164.06203006046556 312
1694427672543 165.67760560148855 313
1694427672557 168.13261799656198 314
1694427672575 170.28454564293148 315
1694427672590 167.51391802793844 316
1694427672610 169.2357261812083 317
1694427672629 167.4642022322308 318
1694427672646 167.48663522327047 319
1694427672661 167.10691129749526 320
1694427672676 165.28720702580247 321
1694427672690 165.1120187359718 322
1694427672705 165.0675954457848 323
1694427672719 168.78057470809284 324
1694427672734 168.0011878610479 325
1694427672747 164.46278735985533 326
1694427672762 167.48670079639746 327
1694427672776 167.68636977591606 328
1694427672790 168.99926519429323 329
1694427672805 169.4727805026117 330
1694427672819 167.81536842015427 331
1694427672833 167.979397976293 332
1694427672847 163.19282845317716 333
1694427672862 167.7505086898125 334
1694427672876 166.77102684121368 335
1694427672891 170.01512751015466 336
1694427672908 167.05650828309226 337
1694427672924 165.88286503814294 338
1694427672939 163.00503084074018 339
1694427672953 169.2817968605876 340
1694427672968 169.84222637102093 341
1694427672982 167.94765668712142 342
1694427672997 169.95120143639448 343
1694427673011 173.70547065016723 344
1694427673025 173.33514156559258 345
1694427673039 167.72579150754746 346
1694427673055 166.88083689400813 347
1694427673072 168.38398164714664 348
1694427673087 171.04204975999738 349
1694427673101 169.84406299479187 350
1694427673115 170.17387509470763 351
1694427673129 167.42988282131518 352
1694427673144 165.36371222563685 353
1694427673158 168.3333207943577 354
1694427673172 173.9104573738854 355
1694427673188 167.60858392346262 356
1694427673203 168.8892748388686 357
1694427673217 168.84621303006784 358
1694427673232 165.85316698237608 359
1694427673246 171.61691450834968 360
1694427673260 168.56909339396125 361
1694427673275 168.4325195478678 362
1694427673289 167.98348870254546 363
1694427673303 166.9546879611955 364
1694427673317 175.03493578489085 365
1694427673332 171.10830042109782 366
1694427673346 168.30067492258974 367
1694427673360 165.3627883358154 368
1694427673375 165.25871653884602 369
1694427673389 165.59336326045417 370
1694427673403 166.23318749286975 371
1694427673418 168.83381180593847 372
1694427673433 167.1673945371744 373
1694427673447 165.72216207643606 374
1694427673461 167.94099888929895 375
1694427673475 168.81408931466257 376
1694427673489 162.6818318725618 377
1694427673504 169.9219902782011 378
1694427673518 165.31718423063688 379
1694427673532 169.32632097255652 380
1694427673547 168.2382244268265 381
1694427673561 166.76329903922843 382
1694427673575 162.96447946529617 383
1694427673590 167.0508325583895 384
1694427673604 170.48969505868374 385
1694427673619 168.75297841127255 386
1694427673636 171.76308911810227 387
1694427673654 170.13166757494432 388
1694427673672 172.04400849049233 389
1694427673692 168.6232486016945 390
1694427673707 173.27088008604755 391
1694427673722 165.13677936615446 392
1694427673736 165.05826275073537 393
1694427673751 168.90930031975782 394
1694427673766 170.57579150704714 395
1694427673780 170.94334236062676 396
1694427673794 168.65062763949882 397
1694427673808 168.0453326551458 398
1694427673822 168.2562422994766 399
1694427673837 166.18409303765378 400
1694427673851 170.17207446479506 401
1694427673865 170.11315144084674 402
1694427673879 162.66966512200435 403
1694427673894 167.39114882629198 404
1694427673908 172.94166280582886 405
1694427673922 169.87692442455065 406
1694427673938 166.50093315519862 407
1694427673952 170.23987980847215 408
1694427673967 165.51290170369205 409
1694427673982 163.9155650400468 410
1694427673996 168.0351470962012 411
1694427674011 172.77437234647678 412
1694427674030 168.3036213616984 413
1694427674046 169.8420824955653 414
1694427674060 172.29564374059632 415
1694427674074 172.24067167676642 416
1694427674088 167.75595971270545 417
1694427674103 165.74576943366267 418
1694427674117 172.89640341235665 419
1694427674131 169.96320209703717 420
1694427674146 168.79975761143913 421
1694427674161 169.8497979606156 422
1694427674176 170.73705800941042 423
1694427674190 165.53758999945202 424
1694427674205 169.03850709397733 425
1694427674220 171.11154695484748 426
1694427674234 169.59005214446907 427
1694427674248 167.59640761754721 428
1694427674262 167.32316475008886 429
1694427674276 170.83351419889212 430
1694427674290 167.34280587235017 431
1694427674305 168.27531736049264 432
1694427674320 170.56774354695781 433
1694427674334 167.38101759977914 434
1694427674349 170.25849069900804 435
1694427674363 165.38339142625202 436
1694427674377 169.82922015689905 437
1694427674391 167.5519944666512 438
1694427674405 169.6580124335419 439
1694427674421 161.71307891417104 440
1694427674435 166.75172368835007 441
1694427674450 169.0219336489675 442
1694427674465 173.2535403545713 443
1694427674479 169.38320263350414 444
1694427674493 169.26684987619137 445
1694427674508 169.93594731089146 446
1694427674522 169.08021334592877 447
1694427674536 172.97955169754115 448
1694427674550 167.87922375208925 449
1694427674564 169.50139474187299 450
1694427674578 169.1710346762317 451
1694427674592 171.85797312711074 452
1694427674607 166.52496115487446 453
1694427674621 170.7017365349283 454
1694427674636 167.91970643878184 455
1694427674651 169.22467199248425 456
1694427674665 165.61951484635907 457
1694427674679 168.255307355491 458
1694427674694 167.45130859328694 459
1694427674709 171.62116550038826 460
1694427674727 167.43962533938983 461
1694427674742 168.8174782147616 462
1694427674761 168.14936434782967 463
1694427674775 169.3999025633216 464
1694427674791 162.27392262049474 465
1694427674805 171.44842713502706 466
1694427674819 167.84202727953843 467
1694427674833 164.57106356857975 468
1694427674847 170.23255344955456 469
1694427674862 169.5190809177456 470
1694427674876 168.01816921168248 471
1694427674890 167.05757130141905 472
1694427674904 171.9433826212081 473
1694427674920 171.88800611412677 474
1694427674935 170.56616825180555 475
1694427674949 166.4270756271027 476
1694427674963 165.67608664253086 477
1694427674978 170.0074999431449 478
1694427674992 168.75067184321807 479
1694427675006 170.53249555495537 480
1694427675021 165.75607114682117 481
1694427675035 172.24605036072586 482
1694427675049 172.59445146182853 483
1694427675063 169.64028253936243 484
1694427675077 167.61537086481295 485
1694427675091 169.07107815516898 486
1694427675106 166.93824701632215 487
1694427675120 166.7455734791095 488
1694427675135 172.4824957717655 489
1694427675149 167.490896365285 490
1694427675166 171.44949458149418 491
1694427675185 169.76809544463362 492
1694427675201 170.5978438146761 493
1694427675215 167.3890121578906 494
1694427675230 165.16558319025484 495
1694427675244 167.51302386820348 496
1694427675258 166.30328189220134 497
1694427675272 168.49318297645024 498
1694427675286 165.25999748467558 499
