1694429723103 0.9895546896850183 0
1694429723171 0.11271224333668546 1
1694429723241 0.7860862391665828 2
1694429723308 0.00425534317633336 3
1694429723375 0.4929308690406443 4
1694429723441 0.036155800058449886 5
1694429723508 0.3360709899208691 6
1694429723573 0.1456880639092401 7
1694429723638 0.0043945983176727375 8
1694429723706 0.008573401821644363 9
1694429723771 0.03961608932112801 10
1694429723836 0.4114642656419316 11
1694429723903 0.05908995777925859 12
1694429723968 0.1428401194415712 13
1694429724035 1.6920724193398884 14
1694429724101 0.28888187105130775 15
1694429724167 0.09790851821654312 16
1694429724234 0.09504715617913843 17
1694429724302 0.1564314360265293 18
1694429724370 0.2766443802537476 19
1694429724435 0.06640628141236275 20
1694429724501 0.13090601446964492 21
1694429724567 0.10256104872279749 22
1694429724633 0.832849587535595 23
1694429724699 0.08266062634254327 24
1694429724765 0.057353937129668645 25
1694429724832 0.3432977309703483 26
1694429724899 0.31725598311890946 27
1694429724966 0.004022229158130024 28
1694429725032 0.406416887614429 29
1694429725105 0.14456994556511782 30
1694429725170 0.016659175265799596 31
1694429725236 0.08819061618135797 32
1694429725303 0.8362071638707129 33
1694429725368 1.1645012548292955 34
1694429725436 0.2625136604941734 35
1694429725503 0.10980970185808972 36
1694429725568 0.09385255394263771 37
1694429725633 0.050343789866883946 38
1694429725700 0.08119305746594607 39
1694429725764 0.38215511473067376 40
1694429725832 0.47158054802946175 41
1694429725898 1.1142536930565627 42
1694429725963 0.35653167659273316 43
1694429726030 0.3167250787097526 44
1694429726096 2.0568097292767935 45
1694429726162 0.5507984914825452 46
1694429726228 0.026486969392624522 47
1694429726294 0.32635490562499997 48
1694429726360 0.0068442533366389335 49
1694429726426 0.02361432539362193 50
1694429726492 0.05068476828451416 51
1694429726558 0.021991961299956266 52
1694429726624 0.10250159490911953 53
1694429726691 0.30148394266485185 54
1694429726756 0.11591112945834163 55
1694429726821 0.2619280616036713 56
1694429726887 0.2462102274454843 57
1694429726952 0.05447233612194479 58
1694429727018 0.19669537987868224 59
1694429727084 0.09154221450842229 60
1694429727150 0.04010373659818955 61
1694429727217 1.2023304274959057 62
1694429727283 0.008288940248619437 63
1694429727350 0.007239198474887931 64
1694429727416 0.14178591180926772 65
1694429727481 0.2745071813978948 66
1694429727547 0.670607341677741 67
1694429727612 0.03262222844013548 68
1694429727678 0.3298185684242971 69
1694429727745 0.49433003664054964 70
1694429727811 0.4896835642502211 71
1694429727877 0.6692807614492561 72
1694429727945 0.025674040972638475 73
1694429728011 0.6904253700700362 74
1694429728076 0.17524002064479777 75
1694429728143 0.09086076347059575 76
1694429728208 0.019894056054528146 77
1694429728274 0.11153965612226006 78
1694429728341 0.14851599098705678 79
1694429728406 0.1445372815670927 80
1694429728471 0.1576860142280526 81
1694429728537 0.07385462658008847 82
1694429728604 0.025306959863090055 83
1694429728670 0.07562877658468305 84
1694429728735 0.017614458773550987 85
1694429728803 0.06850223657596195 86
1694429728869 0.16129124020344882 87
1694429728935 0.2414509567747586 88
1694429729001 0.1834247861911044 89
1694429729066 0.3898667691354645 90
1694429729133 0.3920036690633617 91
1694429729199 0.2567244926796735 92
1694429729265 0.0022133725499493833 93
1694429729331 0.1993911560199896 94
1694429729397 0.4417483338086677 95
1694429729464 0.1231635536318408 96
1694429729530 0.08174760148077462 97
1694429729595 0.2842528036284348 98
1694429729662 0.23631513682040853 99
1694429729729 1.0204032822685996 100
1694429729794 0.00012770406241880704 101
1694429729860 0.11645701937875888 102
1694429729927 0.23302704339709202 103
1694429729993 0.14915338853446306 104
1694429730059 0.7115275013022784 105
1694429730125 0.41223977338866835 106
1694429730191 0.49298056699854154 107
1694429730258 0.19169578197552406 108
1694429730324 0.26997689877659287 109
1694429730390 0.1385927127219053 110
1694429730456 0.31699214004907456 111
1694429730522 0.37516476514524805 112
1694429730588 0.1071458897775933 113
1694429730654 0.5043548995643412 114
1694429730719 0.02466660189263948 115
1694429730785 0.41362184755653353 116
1694429730850 0.4217260719549738 117
1694429730915 0.2017183075648015 118
1694429730980 0.4123575962524291 119
1694429731046 0.20974436301370997 120
1694429731111 0.03662867597608711 121
1694429731176 0.11722005928989733 122
1694429731243 0.05646460939914125 123
1694429731308 0.4907947052635374 124
1694429731374 0.2872823744736684 125
1694429731440 0.391943758637795 126
1694429731506 0.48224364008211257 127
1694429731574 1.668334986347737e-06 128
1694429731640 0.8586697641210007 129
1694429731705 0.2522236908619155 130
1694429731771 0.30068373649453917 131
1694429731838 0.004514699965657069 132
1694429731902 0.2602246758070004 133
1694429731969 0.0993219641535767 134
1694429732035 0.530689650836996 135
1694429732102 0.3080421490205068 136
1694429732167 0.48838145866146665 137
1694429732233 0.08355723491235632 138
1694429732300 0.23236459867269077 139
1694429732365 0.03842118695702674 140
1694429732431 0.3334846097634935 141
1694429732497 0.5899925155792596 142
1694429732562 0.009928326796357663 143
1694429732628 0.45401192655880185 144
1694429732694 0.13321676281112996 145
1694429732761 0.7134027750172621 146
1694429732827 0.4778220424668631 147
1694429732892 0.2870385686014978 148
1694429732957 0.10844489200676988 149
1694429733023 0.5250913605711541 150
1694429733090 0.05360433462483537 151
1694429733155 0.04609459673686889 152
1694429733220 0.41638408869180127 153
1694429733286 0.14014813983105856 154
1694429733352 0.24549155881705764 155
1694429733417 2.551756298603376 156
1694429733483 0.2230043303509187 157
1694429733548 0.1722685900298523 158
1694429733615 0.43816151182362806 159
1694429733681 0.3016364820072761 160
1694429733748 0.07231901974388615 161
1694429733815 0.2907486650009948 162
1694429733882 0.6673168609032124 163
1694429733947 0.3542872403009201 164
1694429734014 0.1917278797326672 165
1694429734078 0.4997266763526932 166
1694429734144 0.5320158453881577 167
1694429734209 0.13703133087071254 168
1694429734275 0.675391315500426 169
1694429734341 0.28239943877020157 170
1694429734408 0.004955280183815301 171
1694429734473 0.00010070163625684479 172
1694429734539 0.9381611327680696 173
1694429734604 0.46616179229734295 174
1694429734669 0.04691699906482189 175
1694429734735 0.2907614807597573 176
1694429734802 0.2446311181068334 177
1694429734866 0.006724743984546975 178
1694429734932 0.9179603110989631 179
1694429734998 0.5665467688887739 180
1694429735064 0.12856466913933015 181
1694429735130 0.05027350799952368 182
1694429735195 0.19735217508523326 183
1694429735260 0.01495376350211928 184
1694429735326 0.33636711393236185 185
1694429735391 0.5042700539034329 186
1694429735458 0.6281947412819296 187
1694429735523 0.31275982025088084 188
1694429735590 0.17907916453382203 189
1694429735655 0.7560229067540118 190
1694429735721 0.6961680650747109 191
1694429735788 0.5156007341224781 192
1694429735854 0.1478004030439616 193
1694429735921 0.003321150470408576 194
1694429735987 0.12143946447365159 195
1694429736052 0.1952652845704531 196
1694429736118 0.9644639282159577 197
1694429736184 0.06956935421414027 198
1694429736251 0.6464528399808556 199
1694429736317 0.022561710748483812 200
1694429736384 0.09245524180496847 201
1694429736450 0.020437474623088394 202
1694429736516 0.017523372324425093 203
1694429736582 0.1379846353576276 204
1694429736647 0.9809481651663632 205
1694429736714 0.274767077365784 206
1694429736779 0.4668952711215468 207
1694429736845 0.5675110282151404 208
1694429736911 0.16824791019892096 209
1694429736977 0.08980324081052661 210
1694429737042 0.3236765202925403 211
1694429737108 0.4727632481598428 212
1694429737173 0.43159811995972164 213
1694429737239 0.22295695209060812 214
1694429737305 0.13056570714083612 215
1694429737371 0.006013745250133588 216
1694429737436 0.00027179089376677684 217
1694429737502 0.2744709762790423 218
1694429737567 0.4955486994973615 219
1694429737633 0.13681508917089827 220
1694429737699 0.17564592475409993 221
1694429737765 0.1940819476837724 222
1694429737831 0.4150325026139823 223
1694429737897 0.616824140677811 224
1694429737964 0.7083448584589946 225
1694429738030 0.11952987815297177 226
1694429738097 0.39173139514839894 227
1694429738163 0.2797691403126107 228
1694429738229 0.22925664205958707 229
1694429738296 1.4669686948517722 230
1694429738362 0.2368462668311072 231
1694429738428 0.5364126588993389 232
1694429738493 1.1634335100348576 233
1694429738558 0.3440697378025902 234
1694429738625 0.3873053203445884 235
1694429738690 0.5053390734826402 236
1694429738756 0.1657016353649895 237
1694429738822 0.552338850054553 238
1694429738887 0.38467898033468995 239
1694429738955 0.24159311046049775 240
1694429739021 0.19029731670209335 241
1694429739086 2.8588708544394406 242
1694429739152 0.02492718718830701 243
1694429739219 0.045398498004609975 244
1694429739285 0.7592327905374109 245
1694429739351 0.10901127771707649 246
1694429739419 0.05830310026550345 247
1694429739484 0.6223715402747778 248
1694429739549 0.1775564608209201 249
1694429739616 0.08370646714284523 250
1694429739682 1.0655627541697534 251
1694429739748 0.25843580056926413 252
1694429739813 0.43178312055402157 253
1694429739880 0.49444100310546607 254
1694429739947 0.23300003398633556 255
1694429740014 0.1592291449656354 256
1694429740079 0.6601238435689549 257
1694429740145 0.3505602637617588 258
1694429740210 0.09607837111217597 259
1694429740277 0.003249620308105709 260
1694429740343 0.14615793611298214 261
1694429740408 0.14832629461789504 262
1694429740472 0.0873316213460377 263
1694429740538 0.28480450479016095 264
1694429740604 0.6965719183964791 265
1694429740670 0.38835889506531035 266
1694429740735 0.012560628970806922 267
1694429740801 0.11330476501072603 268
1694429740866 0.28495763224067566 269
1694429740932 1.459944744031879 270
1694429740997 0.16322870210677515 271
1694429741063 0.4413373416385244 272
1694429741130 0.04427477654574338 273
1694429741196 0.017982770688046924 274
1694429741262 0.9646820822818899 275
1694429741328 0.5575993910346225 276
1694429741395 0.1345723366121758 277
1694429741461 0.2887017393273361 278
1694429741526 0.625406562745799 279
1694429741593 0.2384225136854375 280
1694429741659 0.1548916414494077 281
1694429741726 1.3012602324335758 282
1694429741792 1.1369268904063352 283
1694429741858 0.3213150320162137 284
1694429741924 0.3037451263114332 285
1694429741990 0.012103997473385492 286
1694429742056 0.2758330013892912 287
1694429742123 0.2932036451168726 288
1694429742188 0.0536379954078173 289
1694429742254 0.4081309871390615 290
1694429742322 0.5859120358987637 291
1694429742389 0.32194508145023026 292
1694429742455 0.2615017592722772 293
1694429742520 0.3064860900096473 294
1694429742586 0.6369356774406495 295
1694429742652 0.6798198927498212 296
1694429742718 0.44316204422545236 297
1694429742784 0.010351087468835831 298
1694429742849 0.5860378861050544 299
1694429742915 0.5706488017618144 300
1694429742981 0.5387131487620609 301
1694429743047 0.34062636464585144 302
1694429743112 0.28863051258702827 303
1694429743180 0.17790940651028028 304
1694429743246 0.19063181316622121 305
1694429743311 0.24836717994957325 306
1694429743378 0.33574653631821716 307
1694429743444 0.3767007653916632 308
1694429743510 0.07674337834850077 309
1694429743577 0.38832244823830886 310
1694429743642 0.6755022469718683 311
1694429743709 0.28246653465255195 312
1694429743775 0.010302456344656933 313
1694429743841 0.010487712310134525 314
1694429743907 0.0031701958337373593 315
1694429743973 0.0006385602394729475 316
1694429744039 0.3054259283934439 317
1694429744110 0.017662097979409118 318
1694429744177 0.025468990914178546 319
1694429744244 0.35375373319994124 320
1694429744308 1.0698771372462792 321
1694429744374 0.13603479352034423 322
1694429744440 0.15483405858042792 323
1694429744506 0.30066354268156154 324
1694429744571 0.16129331680857487 325
1694429744637 0.3728325501157854 326
1694429744704 0.05643289832254476 327
1694429744769 0.35131449432785417 328
1694429744834 0.014406889712088547 329
1694429744899 0.0014278883139998834 330
1694429744966 0.14809306174579012 331
1694429745031 0.07636505619268989 332
1694429745097 0.5460451233798596 333
1694429745163 0.23113129397588214 334
1694429745230 0.15065678232940563 335
1694429745295 0.433932656119002 336
1694429745362 0.6467220398333796 337
1694429745428 0.13058761000212216 338
1694429745495 0.3492658168576239 339
1694429745560 0.05876879428001522 340
1694429745626 0.05245581521871997 341
1694429745692 0.35219057665939907 342
1694429745758 7.78493354898045e-06 343
1694429745824 0.37841536458540587 344
1694429745891 0.07994190557208807 345
1694429745956 0.4200730873454177 346
1694429746022 0.21599186634015619 347
1694429746087 0.0198892271035439 348
1694429746161 1.9384986339534118 349
1694429746228 0.010279652557675073 350
1694429746295 0.12701045753113824 351
1694429746361 0.7887682503456548 352
1694429746427 0.6461642244977813 353
1694429746493 0.293659132234149 354
1694429746561 0.038290471675413315 355
1694429746627 0.017023394329818458 356
1694429746693 0.0024519817039226973 357
1694429746759 0.2655588269846329 358
1694429746826 0.5823612043171998 359
1694429746892 0.2265681862737564 360
1694429746958 0.3906304558263339 361
1694429747024 0.5110913458454451 362
1694429747089 1.8939610478449405 363
1694429747155 0.06002650914301113 364
1694429747220 0.08774350496149472 365
1694429747285 0.2930073918709714 366
1694429747350 0.14954707601813377 367
1694429747416 0.2841137729422086 368
1694429747482 0.4044814755231965 369
1694429747548 0.006730297293002458 370
1694429747614 0.04217291839966921 371
1694429747679 1.1019284985491238 372
1694429747744 0.4564463551849619 373
1694429747810 0.5942015545520396 374
1694429747875 1.0453939054527868 375
1694429747942 0.23296707701587072 376
1694429748009 0.18700933761478908 377
1694429748075 0.26118779299839184 378
1694429748141 0.1383861550910085 379
1694429748208 0.16807738767132996 380
1694429748276 0.190657329154233 381
1694429748341 0.024195994782102808 382
1694429748407 0.4436245645474387 383
1694429748472 0.7909588930866671 384
1694429748537 0.4089955392656995 385
1694429748603 0.3149339624147698 386
1694429748670 0.02007071227643115 387
1694429748735 0.28710963754609525 388
1694429748801 0.5559261699572552 389
1694429748867 0.03581883783744314 390
1694429748934 0.701349173972571 391
1694429749000 0.3228995218306981 392
1694429749065 0.3808065268360738 393
1694429749132 0.009183986950953984 394
1694429749198 0.22575859107496724 395
1694429749265 0.4401479231475964 396
1694429749330 0.574622910592416 397
1694429749397 0.5206323725158487 398
1694429749464 0.21757530691123048 399
1694429749529 0.11967987314425448 400
1694429749595 0.7009544063654314 401
1694429749660 0.002194580978264563 402
1694429749726 0.10627454043851783 403
1694429749792 0.5292429784861202 404
1694429749858 0.15038332929595133 405
1694429749930 1.6126231237412043 406
1694429749997 0.49228300013882903 407
1694429750063 0.08915806942169882 408
1694429750128 0.002250456353749981 409
1694429750193 0.3450108892864692 410
1694429750258 0.4473035766215745 411
1694429750324 0.03186898938623444 412
1694429750388 0.5007055139739661 413
1694429750454 0.8053184776683103 414
1694429750520 0.11518175478062613 415
1694429750585 0.004779762502801281 416
1694429750651 0.14071037115448132 417
1694429750716 0.8931012299161291 418
1694429750785 0.0005671271768737938 419
1694429750852 0.0251241378113075 420
1694429750918 0.0004103461893832454 421
1694429750985 0.12322140678452173 422
1694429751051 0.08567830480457221 423
1694429751117 0.05766015564114204 424
1694429751184 0.4214063547370507 425
1694429751250 0.3244514921561836 426
1694429751314 0.35388111042840636 427
1694429751379 0.27267876943586344 428
1694429751445 0.0016977314412347328 429
1694429751510 0.08066583492057255 430
1694429751576 0.06328473371415815 431
1694429751641 0.013014862557917978 432
1694429751708 0.19527742951060303 433
1694429751774 0.35005582916858446 434
1694429751840 0.3301294367300035 435
1694429751907 0.9423352464424964 436
1694429751972 0.8817821460897567 437
1694429752039 0.2510409135020845 438
1694429752105 0.47186003411715266 439
1694429752170 0.3729981288210193 440
1694429752236 0.5712231392007736 441
1694429752303 0.2193772547753564 442
1694429752369 0.0799868677886098 443
1694429752435 0.0673964450746701 444
1694429752502 0.14859841591130218 445
1694429752568 0.4453355377127872 446
1694429752634 0.6295128005046282 447
1694429752701 0.013409705088232552 448
1694429752766 0.3768650572409488 449
1694429752833 0.465650661559061 450
1694429752899 0.09685521392930624 451
1694429752965 0.02009630745076019 452
1694429753030 0.14578585422562537 453
1694429753097 0.15691136236109401 454
1694429753162 0.3973965715748798 455
1694429753228 0.40609055392212295 456
1694429753294 0.06837816968016971 457
1694429753360 0.049007204851307835 458
1694429753427 0.07789147437667646 459
1694429753492 0.25071001600338916 460
1694429753558 1.3277324701282185 461
1694429753623 0.03720172132804978 462
1694429753689 0.05407997166372605 463
1694429753759 0.03607670857370558 464
1694429753826 0.218674823791917 465
1694429753893 0.47493263508261363 466
1694429753964 0.24644981150869189 467
1694429754032 0.5276524882118565 468
1694429754098 0.38501054803370366 469
1694429754165 0.27088327118057554 470
1694429754230 0.2574273602600815 471
1694429754296 0.4530049497825473 472
1694429754362 0.025361039792384663 473
1694429754430 0.5477015970187302 474
1694429754495 0.47008723620533815 475
1694429754562 0.30441117102795484 476
1694429754628 0.10538144381561296 477
1694429754696 0.018965077044424496 478
1694429754762 0.25655909858411613 479
1694429754830 0.38028196819181836 480
1694429754897 0.23761427561771292 481
1694429754965 0.7928989785155552 482
1694429755031 0.5907779756505207 483
1694429755098 0.527655243530023 484
1694429755167 0.04389217126405296 485
1694429755235 0.14697499703176375 486
1694429755303 0.1192350299221371 487
1694429755370 0.03132845507321889 488
1694429755438 0.13290133122489453 489
1694429755523 0.8160887043139256 490
1694429755592 0.42479034704118424 491
1694429755661 0.18160999817025417 492
1694429755730 0.34179321274752766 493
1694429755800 0.004953877327803817 494
1694429755867 1.1870605020895466 495
1694429755932 0.1040323329848739 496
1694429755999 0.43814263044601764 497
1694429756065 0.3064750648535037 498
1694429756130 0.23130713372074171 499
