1694435502976 35.91322345513176 0
1694435502993 7.539132500688693 1
1694435503011 1.569693132408844 2
1694435503029 0.5307103511881681 3
1694435503047 0.37711323553098924 4
1694435503065 0.051908297762463675 5
1694435503083 0.11148355957002935 6
1694435503100 0.10646527103673498 7
1694435503121 0.11767817270848688 8
1694435503140 0.19441291569293745 9
1694435503160 0.09366826711268038 10
1694435503182 0.07885455857348286 11
1694435503203 0.11970918445605326 12
1694435503227 0.08867461087155774 13
1694435503251 0.07939982566397889 14
1694435503273 0.15217051466284398 15
1694435503296 0.12316887437631666 16
1694435503319 0.1205039611365757 17
1694435503339 0.1755891289567447 18
1694435503359 0.18404264013142518 19
1694435503376 0.15948885792190332 20
1694435503393 0.101754500615977 21
1694435503411 0.09637164464631383 22
1694435503430 0.12624820541144158 23
1694435503448 0.22385337691235216 24
1694435503471 0.06739432788656383 25
1694435503494 0.15480384096881247 26
1694435503515 0.14853559599481184 27
1694435503533 0.059985765726680365 28
1694435503553 0.39846713840227366 29
1694435503571 0.05818388085076636 30
1694435503588 0.06998584621946267 31
1694435503605 0.06186745119969593 32
1694435503623 0.08488019329720897 33
1694435503643 0.10998670477856938 34
1694435503672 0.17151763266386083 35
1694435503690 0.14544399641838776 36
1694435503708 0.130884808931046 37
1694435503726 0.0744564019547039 38
1694435503746 0.09412707234827451 39
1694435503765 0.09619379885178879 40
1694435503782 0.1596968796962051 41
1694435503799 0.19171920142557278 42
1694435503817 0.2072259436741369 43
1694435503834 0.14035901743492346 44
1694435503853 0.0710668832571668 45
1694435503870 0.17335612056676344 46
1694435503888 0.14128466029122458 47
1694435503905 0.07685929367295771 48
1694435503923 0.15441796017264844 49
1694435503941 0.1000628351041558 50
1694435503959 0.09538590635717992 51
1694435503976 0.12326857386074129 52
1694435503994 0.10033773514698399 53
1694435504012 0.12415001110024275 54
1694435504030 0.12797073389250027 55
1694435504046 0.054953415387328 56
1694435504065 0.07214342110846228 57
1694435504082 0.1360994606604861 58
1694435504103 0.09378717274024691 59
1694435504125 0.09183428305984884 60
1694435504149 0.1559379851487366 61
1694435504174 0.11403497372234961 62
1694435504194 0.15916187736361193 63
1694435504212 0.07469932179703949 64
1694435504232 0.12484930779487492 65
1694435504249 0.07105736570272023 66
1694435504269 0.16574292700569118 67
1694435504287 0.08270321808145396 68
1694435504304 0.06077287483929227 69
1694435504321 0.10290418254130122 70
1694435504339 0.14665511495093422 71
1694435504357 0.04748187882629741 72
1694435504376 0.06322265838689718 73
1694435504395 0.07394769196368142 74
1694435504419 0.12783557413787197 75
1694435504440 0.11549113345000346 76
1694435504458 0.24621776717221927 77
1694435504476 0.1112672145775454 78
1694435504494 0.06833932181050721 79
1694435504511 0.30190527823859875 80
1694435504530 0.10479605109738399 81
1694435504547 0.16276597079156813 82
1694435504566 0.15534419020994464 83
1694435504583 0.12430787223900633 84
1694435504600 0.16671500052150565 85
1694435504617 0.07408265371792759 86
1694435504634 0.1225245041908539 87
1694435504652 0.1464961364432459 88
1694435504671 0.11569135618350741 89
1694435504689 0.13925909802186792 90
1694435504706 0.1304655345248125 91
1694435504723 0.13429548500541022 92
1694435504740 0.22687416241222244 93
1694435504758 0.11410157022798069 94
1694435504778 0.06616647115444127 95
1694435504795 0.11496471773974704 96
1694435504813 0.1291288368626981 97
1694435504831 0.15214306646323733 98
1694435504848 0.08995388174096311 99
1694435504866 0.1504562565664045 100
1694435504883 0.066696352087346 101
1694435504906 0.12272727972027964 102
1694435504929 0.10206788177032759 103
1694435504948 0.15194142445441017 104
1694435504968 0.09610321503711074 105
1694435504986 0.1748472377356797 106
1694435505003 0.1725461437258339 107
1694435505021 0.10683464657391895 108
1694435505038 0.19130556303856097 109
1694435505055 0.141548726878382 110
1694435505074 0.07655524382218694 111
1694435505092 0.19962885826511326 112
1694435505109 0.08612589199763196 113
1694435505127 0.27274966642830106 114
1694435505144 0.24157024648656314 115
1694435505161 0.06614894405128201 116
1694435505181 0.15105186119434602 117
1694435505198 0.08205641156925525 118
1694435505216 0.11000515655110081 119
1694435505233 0.09004149094586987 120
1694435505251 0.10740476894533173 121
1694435505271 0.08336225554914359 122
1694435505288 0.08660678488552645 123
1694435505305 0.09562028532898692 124
1694435505323 0.06892082648061904 125
1694435505340 0.21808817481537118 126
1694435505358 0.10630551251635993 127
1694435505378 0.09403764683861866 128
1694435505395 0.11526061397779386 129
1694435505413 0.14234743964837607 130
1694435505431 0.09099159618511479 131
1694435505447 0.10742324346190697 132
1694435505465 0.08829356035901327 133
1694435505483 0.09577254778203696 134
1694435505502 0.07433411885563845 135
1694435505521 0.07093650777793083 136
1694435505538 0.05587604277698044 137
1694435505555 0.08472733519535813 138
1694435505574 0.06263341736022243 139
1694435505595 0.10401171258811777 140
1694435505613 0.14505807663768447 141
1694435505630 0.7820494923143648 142
1694435505648 0.05813447346086291 143
1694435505666 0.0982518189855341 144
1694435505685 0.12108299829354816 145
1694435505702 0.1009243828086285 146
1694435505719 0.1476716582405025 147
1694435505736 0.08565347229440883 148
1694435505754 0.04241414456829034 149
1694435505773 0.0830160559264096 150
1694435505791 0.14908161089429064 151
1694435505808 0.08164119306749903 152
1694435505826 0.12682719407016688 153
1694435505844 0.10207231281020354 154
1694435505862 0.12302239394042148 155
1694435505880 0.08342229403580105 156
1694435505897 0.07874577172198718 157
1694435505915 0.1339139546306409 158
1694435505933 0.12169837090400969 159
1694435505950 0.07375326391161911 160
1694435505967 0.1578210935009658 161
1694435505988 0.22800037148674693 162
1694435506005 0.09343475408401392 163
1694435506023 0.1377082935556762 164
1694435506042 0.11653477107302852 165
1694435506059 0.13478345093306257 166
1694435506078 0.1018670974248657 167
1694435506096 0.11092652101553326 168
1694435506114 0.1417381373170502 169
1694435506134 0.12486127203213573 170
1694435506153 0.09145231048514156 171
1694435506171 0.08651928660298698 172
1694435506188 0.09349213752783515 173
1694435506206 0.05092507906523007 174
1694435506224 0.07166968562277487 175
1694435506241 0.15402843648566397 176
1694435506258 0.037887269601821406 177
1694435506277 0.08730002092364633 178
1694435506295 0.13748471861595707 179
1694435506313 0.1387379008785123 180
1694435506330 0.11064236717607781 181
1694435506347 0.05246548543937284 182
1694435506365 0.09646651302482327 183
1694435506383 0.13445804240263245 184
1694435506401 0.09336858167849219 185
1694435506419 0.1409298992903265 186
1694435506436 0.12917845778823248 187
1694435506453 0.14719410658311904 188
1694435506473 0.059364551482494275 189
1694435506491 0.0568689557947567 190
1694435506508 0.14546111238803033 191
1694435506526 0.1323509506565329 192
1694435506544 0.06906217275878121 193
1694435506562 0.09427530761678404 194
1694435506582 0.7557858635661528 195
1694435506599 0.07130201441969111 196
1694435506617 0.11552989352941485 197
1694435506635 0.10349535819729196 198
1694435506652 0.201342243028394 199
1694435506669 0.1413953115233631 200
1694435506689 0.051754554844600335 201
1694435506706 0.1575574185558016 202
1694435506724 0.1028348233421236 203
1694435506742 0.13086124749669056 204
1694435506760 0.04386555632239227 205
1694435506782 0.1172478971956108 206
1694435506804 0.09568332523049143 207
1694435506822 0.1371685159484768 208
1694435506839 0.11814472764436831 209
1694435506857 0.28680044493094725 210
1694435506876 0.051757192304314345 211
1694435506894 0.16147053001086922 212
1694435506912 0.09421904919557149 213
1694435506930 0.1454277483418195 214
1694435506949 0.17398835029536924 215
1694435506967 0.1204842975660266 216
1694435506986 0.10994593225597131 217
1694435507003 0.09170719986801885 218
1694435507022 0.09094278032145753 219
1694435507039 0.11232224488425246 220
1694435507056 0.1983824957353367 221
1694435507076 0.12038123464817982 222
1694435507094 0.08578689715081932 223
1694435507111 0.07354182874344768 224
1694435507129 0.1144779774763854 225
1694435507146 0.031069711570873647 226
1694435507163 0.0861723953548238 227
1694435507181 0.030219836884120947 228
1694435507199 0.20499663789222863 229
1694435507216 0.10749231027484316 230
1694435507234 0.08144169057264775 231
1694435507252 0.17722118519497518 232
1694435507269 0.10003136549397199 233
1694435507289 0.1518039650323082 234
1694435507307 0.14652042911599983 235
1694435507324 0.07516697025254795 236
1694435507343 0.08468293298432548 237
1694435507365 0.08602893967419444 238
1694435507389 0.19742632816324976 239
1694435507407 0.14000772451858906 240
1694435507425 0.11518503081201546 241
1694435507442 0.08679174811156644 242
1694435507459 0.10557130423703134 243
1694435507477 0.09105522912827023 244
1694435507497 0.11509034777339447 245
1694435507514 0.13485343840348446 246
1694435507532 0.10198314619291127 247
1694435507549 0.0820645163029271 248
1694435507566 0.30645782121728277 249
1694435507586 0.2687495707318254 250
1694435507603 0.24781154022835056 251
1694435507621 0.08974593770689532 252
1694435507638 0.16132067589753743 253
1694435507656 0.17126155350919145 254
1694435507674 0.13054238357180972 255
1694435507692 0.2357965925310141 256
1694435507710 0.10001826345619434 257
1694435507728 0.1252474165513065 258
1694435507745 0.11491436945135118 259
1694435507763 0.10226584711060542 260
1694435507781 0.1773792915158115 261
1694435507799 0.09985402432406768 262
1694435507817 0.07485216633340509 263
1694435507834 0.14294974234283034 264
1694435507851 0.10401377353606889 265
1694435507869 0.07814047613185851 266
1694435507888 0.1375329200768001 267
1694435507907 0.050502786215631014 268
1694435507924 0.08910975627124607 269
1694435507941 0.12485625503405887 270
1694435507958 0.0803326217307961 271
1694435507976 0.10722549895287163 272
1694435507995 0.13484537271804184 273
1694435508016 0.09269329640845003 274
1694435508034 0.07334717774489455 275
1694435508052 0.15808499270281068 276
1694435508069 0.14173844129191185 277
1694435508087 0.04135043570503214 278
1694435508105 0.07792314121702426 279
1694435508123 0.1287793806735076 280
1694435508140 0.11569634183340967 281
1694435508157 0.03330385895462095 282
1694435508174 0.0733882596909843 283
1694435508193 0.2554764852821623 284
1694435508210 0.15237325545997543 285
1694435508228 0.17400566832318304 286
1694435508245 0.08373860713115798 287
1694435508264 0.1946103660471255 288
1694435508281 0.11905947577812104 289
1694435508300 0.08619334162163377 290
1694435508318 0.08831553301726304 291
1694435508336 0.10440997386849027 292
1694435508353 0.16814712134392748 293
1694435508372 0.12875784292014344 294
1694435508390 0.10541453387785264 295
1694435508407 0.25395244381970883 296
1694435508425 0.08292185808756937 297
1694435508443 0.18733327340901765 298
1694435508459 0.10732743876561592 299
1694435508477 0.13292726494765875 300
1694435508497 0.08124838141056899 301
1694435508516 0.1671725585629707 302
1694435508533 0.07030579534161539 303
1694435508552 0.10210345733485228 304
1694435508569 0.08617877136330457 305
1694435508590 0.0576142120506195 306
1694435508611 0.18425566300608737 307
1694435508630 0.15366293682950163 308
1694435508648 0.1661740113688471 309
1694435508666 0.10872623380137923 310
1694435508684 0.14210091855453746 311
1694435508703 0.09958380963629461 312
1694435508721 0.09974358483151442 313
1694435508739 0.08335428278305891 314
1694435508759 0.0831177606019728 315
1694435508777 0.09269546505733849 316
1694435508798 0.07714848879995861 317
1694435508815 0.09954668812130056 318
1694435508833 0.19261477039971214 319
1694435508850 0.12325027688569075 320
1694435508868 0.12185568207800464 321
1694435508886 0.07689487927031564 322
1694435508904 0.11431512930170197 323
1694435508922 0.15662611968902598 324
1694435508938 0.273804667854456 325
1694435508956 0.05363669662787918 326
1694435508973 0.14089138715214986 327
1694435508991 0.070729148395492 328
1694435509009 0.07860854719930213 329
1694435509028 0.05788555209210355 330
1694435509046 0.2340362498280955 331
1694435509063 0.21833549577943145 332
1694435509080 0.12318824256382178 333
1694435509098 0.21850312115784437 334
1694435509116 0.1373723996759263 335
1694435509134 0.06349510038435004 336
1694435509151 0.110495080849963 337
1694435509167 0.09305455934672832 338
1694435509186 0.06997230185090375 339
1694435509208 0.09539393666324554 340
1694435509227 0.08358278574120456 341
1694435509245 0.10106786153319273 342
1694435509263 0.0907985826471535 343
1694435509280 0.0815174711218639 344
1694435509297 0.1399114944677621 345
1694435509316 0.08601380946904909 346
1694435509334 0.24127557938667524 347
1694435509352 0.14360894432854085 348
1694435509370 0.16015529236843468 349
1694435509387 0.058342933896222145 350
1694435509406 0.06804629445990813 351
1694435509425 0.1740521515757922 352
1694435509442 0.11926384812597947 353
1694435509459 0.04520321766104394 354
1694435509477 0.20862325548106136 355
1694435509495 0.06789622690660954 356
1694435509514 0.08390051763304031 357
1694435509532 0.06786565621918711 358
1694435509549 0.10224024110339236 359
1694435509566 0.1488291892946185 360
1694435509584 0.05080517423955504 361
1694435509604 0.09430035270020523 362
1694435509623 0.025882392950562296 363
1694435509640 0.15597756479791755 364
1694435509657 0.07608966222790149 365
1694435509675 0.11824850091393627 366
1694435509694 0.20240783555250189 367
1694435509714 0.14949760720512453 368
1694435509732 0.05735662487743457 369
1694435509749 0.16276780538038604 370
1694435509766 0.08697205944938009 371
1694435509785 0.10817496020852128 372
1694435509805 0.05974622673801612 373
1694435509828 0.09247467519711262 374
1694435509845 0.0842050824811834 375
1694435509862 0.0436832666499015 376
1694435509881 0.07436657886266003 377
1694435509898 0.132059625630546 378
1694435509919 0.162226469809686 379
1694435509936 0.2132421198554069 380
1694435509953 0.07152517733408863 381
1694435509970 0.09760381072232098 382
1694435509988 0.10498757021976705 383
1694435510006 0.07765997786511036 384
1694435510024 0.3153864153793596 385
1694435510041 0.1345730182479787 386
1694435510059 0.2094900840146737 387
1694435510077 0.11080945813815282 388
1694435510094 0.08729551363691661 389
1694435510111 0.08189936919528717 390
1694435510129 0.06489704040135275 391
1694435510146 0.14134332906488292 392
1694435510163 0.22500736007631295 393
1694435510184 0.20522652490565102 394
1694435510205 0.13138033233474652 395
1694435510225 0.1443567106944885 396
1694435510242 0.09145211675381495 397
1694435510259 0.040888025824569504 398
1694435510276 0.0927119006493043 399
1694435510295 0.09008479282050481 400
1694435510313 0.18869092731419418 401
1694435510331 0.07362487663553365 402
1694435510349 0.1338986771528213 403
1694435510366 0.7763236638630516 404
1694435510384 0.2885960067613768 405
1694435510400 0.06260865389752804 406
1694435510422 0.11711896197121548 407
1694435510444 0.1271441191169836 408
1694435510465 0.12633799352524233 409
1694435510482 0.10625098443169377 410
1694435510499 0.031937787514642164 411
1694435510517 0.06607163727354068 412
1694435510535 0.09796444645547439 413
1694435510552 0.08449705957654272 414
1694435510570 0.13746941143411023 415
1694435510587 0.14716651605181785 416
1694435510603 0.0645614311520524 417
1694435510624 0.0631098566499069 418
1694435510642 0.11852737833756842 419
1694435510658 0.09983812608451191 420
1694435510676 0.16147129713584568 421
1694435510693 0.19290577914571092 422
1694435510711 0.07872636580124336 423
1694435510731 0.2528428277096849 424
1694435510748 0.06540426203661573 425
1694435510765 0.09747861518833004 426
1694435510782 0.17572109883917114 427
1694435510800 0.18745682946994494 428
1694435510820 0.09662515865581003 429
1694435510838 0.08774953886306668 430
1694435510854 0.08863509536401556 431
1694435510872 0.1219348620107751 432
1694435510890 0.1359864562869341 433
1694435510907 0.11265254619702798 434
1694435510926 0.03898203589158612 435
1694435510944 0.1851840173636036 436
1694435510962 0.2336453695172345 437
1694435510980 0.11143376070857218 438
1694435510999 0.09824552296388725 439
1694435511022 0.08887305186310253 440
1694435511041 0.10084199313558992 441
1694435511058 0.32788428663529595 442
1694435511075 0.07772486171303905 443
1694435511093 0.2365600917000847 444
1694435511109 0.10789924811507154 445
1694435511129 0.07322013554879676 446
1694435511146 0.16948097337941567 447
1694435511164 0.07343460747561441 448
1694435511181 0.06446047556997432 449
1694435511199 0.09987673346799061 450
1694435511216 0.17338966768419067 451
1694435511235 0.12668467169331393 452
1694435511253 0.07499777850472976 453
1694435511270 0.13381664899584178 454
1694435511288 0.06331171525392928 455
1694435511305 0.1552945595944726 456
1694435511326 0.15650978844233757 457
1694435511344 0.05748204480860438 458
1694435511362 0.2850018851726623 459
1694435511379 0.06335468499145905 460
1694435511396 0.15474005162889176 461
1694435511414 0.10940088628333111 462
1694435511434 0.13343855286122108 463
1694435511451 0.12219458651509621 464
1694435511469 0.09778608243460549 465
1694435511486 0.08123218991504608 466
1694435511504 0.11616356242791841 467
1694435511526 0.15292697881150058 468
1694435511544 0.13509817915769637 469
1694435511562 0.16289188099575372 470
1694435511579 0.11303643404340645 471
1694435511595 0.07310924790677557 472
1694435511615 0.13382931775162868 473
1694435511634 0.11241999922414699 474
1694435511654 0.09459972482583853 475
1694435511671 0.1650526364490134 476
1694435511689 0.10763133772420817 477
1694435511706 0.05180696878422382 478
1694435511725 0.06875259517098493 479
1694435511743 0.14361987329474152 480
1694435511760 0.08024534925615821 481
1694435511777 0.7807189383757108 482
1694435511795 0.15537984816079994 483
1694435511812 0.12883726135613752 484
1694435511831 0.1492015265825781 485
1694435511848 0.12217683573681913 486
1694435511866 0.1502568114575618 487
1694435511883 0.1449974777668596 488
1694435511901 0.16158351102748997 489
1694435511919 0.09207156794564442 490
1694435511937 0.1289677266296113 491
1694435511954 0.06852033277573752 492
1694435511972 0.15774458519299858 493
1694435511989 0.12217110704123867 494
1694435512007 0.1281373027639355 495
1694435512026 0.17196759882382326 496
1694435512044 0.12609452504911717 497
1694435512061 0.06783377368990079 498
1694435512078 0.09946392828275154 499
