1694436101789 0.002877029013053354 0
1694436101882 0.08757317648087024 1
1694436101982 0.010386431038170715 2
1694436102054 0.2265799689081027 3
1694436102128 0.021052411349910333 4
1694436102208 0.00929730240944845 5
1694436102286 0.0588531469428301 6
1694436102360 0.002420417895780406 7
1694436102435 0.18121740137914671 8
1694436102516 0.010664870962877902 9
1694436102590 0.07845605922290504 10
1694436102662 0.002408229687513782 11
1694436102737 0.026187471557317276 12
1694436102810 0.05189529561895824 13
1694436102886 0.0505766189427075 14
1694436102972 0.03416368983369135 15
1694436103047 0.016779086527377862 16
1694436103121 0.05144409509746463 17
1694436103195 0.016262927153792527 18
1694436103268 0.011274678135573033 19
1694436103342 0.04920737446707984 20
1694436103425 0.07743018373213685 21
1694436103499 0.03154758137711316 22
1694436103572 0.14928899938729065 23
1694436103646 0.44275849813976215 24
1694436103726 0.0931836472436579 25
1694436103801 0.009893293107721524 26
1694436103873 0.001489483600820146 27
1694436103948 0.08164665765075946 28
1694436104022 0.02954701267364041 29
1694436104096 0.07785061969869699 30
1694436104168 0.20330634187421426 31
1694436104249 0.06653721869694225 32
1694436104325 0.180637923195949 33
1694436104397 0.02149202780625759 34
1694436104469 0.0007212496832580348 35
1694436104544 0.024246889962933397 36
1694436104619 0.001877272108113596 37
1694436104691 0.13812354737992283 38
1694436104764 0.02038791853221592 39
1694436104838 0.08014849916886475 40
1694436104911 0.13527658620370284 41
1694436104983 0.1377690037313113 42
1694436105057 0.25810185242284256 43
1694436105134 0.027124701207757403 44
1694436105208 0.20204138291825718 45
1694436105281 0.28733210615335236 46
1694436105356 0.09060867888486589 47
1694436105429 0.24036547858364388 48
1694436105503 0.10098624347861232 49
1694436105576 6.331231223682279e-05 50
1694436105650 0.09420558884908178 51
1694436105725 0.5759017538167446 52
1694436105799 0.18610868758488813 53
1694436105873 0.067991436161358 54
1694436105948 0.003707050297561161 55
1694436106025 0.004277122561827671 56
1694436106097 0.033068108989322706 57
1694436106172 0.1243891238096434 58
1694436106252 7.473449916814888e-05 59
1694436106327 0.09754304777666165 60
1694436106403 0.026780291587636167 61
1694436106476 0.1897054601922416 62
1694436106549 0.009327028931826105 63
1694436106624 0.013304445520854346 64
1694436106697 0.03465190540300685 65
1694436106772 0.046641596222952865 66
1694436106854 5.366170544217625e-06 67
1694436106928 0.187357440634333 68
1694436107002 1.543299320246971e-06 69
1694436107079 0.06753017306110945 70
1694436107151 0.01222627263971572 71
1694436107226 0.14844241819914186 72
1694436107299 0.07865816547594837 73
1694436107373 0.10662718891464744 74
1694436107446 0.5550499649768512 75
1694436107520 0.04974022882897701 76
1694436107593 0.04104203621523854 77
1694436107667 0.025707782677670415 78
1694436107745 0.0007380487352872018 79
1694436107820 0.006725352831248147 80
1694436107893 0.638971470587505 81
1694436107965 0.0008467721428155184 82
1694436108039 0.068963246047997 83
1694436108111 0.3750562452872324 84
1694436108186 0.2228073422678806 85
1694436108259 0.0005611431185043926 86
1694436108333 0.42205762994542717 87
1694436108408 0.005095653613846516 88
1694436108483 1.1748974555667098 89
1694436108560 0.2915429590766059 90
1694436108632 0.005391502136623298 91
1694436108706 0.05740917547937728 92
1694436108779 0.11427135902229951 93
1694436108852 0.14055722671209656 94
1694436108926 0.15785001002782156 95
1694436108999 0.07495302059180381 96
1694436109073 0.3284657245487762 97
1694436109148 0.02273905703093152 98
1694436109221 0.02555019989750499 99
1694436109293 0.1537043730048325 100
1694436109368 1.4119201776355942e-05 101
1694436109448 0.001230066711443919 102
1694436109521 6.660861764928764e-05 103
1694436109595 0.21836183815657625 104
1694436109669 0.18133632791800675 105
1694436109746 0.0302587397976255 106
1694436109818 0.015850756058977934 107
1694436109894 0.06219533048220434 108
1694436109968 0.05822049545110547 109
1694436110042 0.021332182823480043 110
1694436110114 0.17444600446961417 111
1694436110190 0.024584628968247865 112
1694436110274 0.0215357871490661 113
1694436110351 0.014029640922511027 114
1694436110424 0.10655445064654158 115
1694436110498 0.013025822699503163 116
1694436110572 0.06004223908287105 117
1694436110647 0.1385106299701264 118
1694436110720 0.0006813276818083538 119
1694436110793 0.05712376765723825 120
1694436110869 0.22895924730461142 121
1694436110945 0.3594904790846856 122
1694436111020 0.023149180944696653 123
1694436111096 0.07459211278638464 124
1694436111170 0.01901506229023853 125
1694436111245 0.11077417606592425 126
1694436111318 0.21862578894380502 127
1694436111392 0.30843951047982604 128
1694436111465 0.025794198730036348 129
1694436111539 0.25682937466763883 130
1694436111612 0.06425748349986352 131
1694436111687 0.0011479765226982289 132
1694436111764 0.041430236630317155 133
1694436111835 0.03244813365037231 134
1694436111908 0.31430996357540547 135
1694436111984 0.005012595346539677 136
1694436112059 0.06661599157335894 137
1694436112130 0.9968718891337701 138
1694436112204 0.09351809273428424 139
1694436112279 0.1435603558793783 140
1694436112352 0.008065783587236532 141
1694436112425 0.0006904904643202329 142
1694436112498 0.004904367023179382 143
1694436112572 0.002362325815469252 144
1694436112645 0.0004004516499168122 145
1694436112720 0.1662696135747038 146
1694436112792 1.440613677004965 147
1694436112873 0.2969042928106152 148
1694436112946 0.0013148582569575764 149
1694436113020 0.1049870681027539 150
1694436113094 0.08153580612086866 151
1694436113168 0.0018952337293821739 152
1694436113241 0.001425997499389587 153
1694436113316 0.01139150171003526 154
1694436113391 0.0071173465601573165 155
1694436113465 0.1747748508343884 156
1694436113538 0.002434924607511079 157
1694436113612 0.004976241527238827 158
1694436113690 0.001914315564970597 159
1694436113764 0.09540437599211322 160
1694436113837 0.11204925238063924 161
1694436113909 0.06409812460188921 162
1694436113984 0.014868487845883597 163
1694436114056 0.10066080498162726 164
1694436114130 0.012222409710647808 165
1694436114204 0.16337327555671982 166
1694436114282 0.03261633538122531 167
1694436114354 0.06447259402007774 168
1694436114429 0.028152294727138927 169
1694436114505 0.09875822822937565 170
1694436114585 0.003427041718456807 171
1694436114657 0.033698859920367065 172
1694436114730 6.340865856026012e-05 173
1694436114805 0.009966475822074543 174
1694436114879 0.01286457924858014 175
1694436114952 0.09450716103467119 176
1694436115026 0.1129904917567488 177
1694436115101 0.003146247674276859 178
1694436115175 0.011258298749214768 179
1694436115249 0.0042988361865271465 180
1694436115325 0.07702497228936844 181
1694436115400 0.0022777258803704883 182
1694436115476 0.5199244846632921 183
1694436115549 0.14021691340189357 184
1694436115623 0.07180717263496897 185
1694436115696 0.0014239060910402055 186
1694436115768 0.04108787679216214 187
1694436115841 0.0033576331520825415 188
1694436115914 0.12466275648960749 189
1694436115986 0.13437276992062233 190
1694436116058 0.023351652202778246 191
1694436116131 0.20200070673658843 192
1694436116205 1.1544640698027315 193
1694436116278 0.002587627645545476 194
1694436116354 0.005773466507927145 195
1694436116429 0.0732766881799961 196
1694436116503 0.008027798793337185 197
1694436116577 0.0565470167221709 198
1694436116655 0.16547920006410544 199
1694436116729 0.11935121470202703 200
1694436116803 0.05246513227863115 201
1694436116875 0.09441462052819516 202
1694436116948 0.009365762305727226 203
1694436117024 1.176481158554602 204
1694436117101 0.3227462836530196 205
1694436117181 0.03748364337923683 206
1694436117253 0.03250493990330203 207
1694436117326 0.009071097051342694 208
1694436117398 0.12101732819779865 209
1694436117471 0.04931347674196337 210
1694436117546 0.6847227507799363 211
1694436117622 0.01741222954516862 212
1694436117694 0.0034659378673789006 213
1694436117769 1.2894879094165914 214
1694436117847 0.0009101175820780736 215
1694436117922 0.35825950366783216 216
1694436117994 0.04005589688124927 217
1694436118070 0.040291987993805886 218
1694436118144 0.003858879844154339 219
1694436118221 0.0035910982568641897 220
1694436118295 0.0080896366242274 221
1694436118370 0.1748003701999826 222
1694436118447 0.02396940904718433 223
1694436118521 0.008403185889873486 224
1694436118592 0.6987556494909243 225
1694436118666 0.06731384312351134 226
1694436118742 0.01622753116903395 227
1694436118815 8.907891468405462e-05 228
1694436118895 0.17735374345928634 229
1694436118967 0.07340996663052485 230
1694436119042 0.2479683365304335 231
1694436119115 0.09459417716806831 232
1694436119188 0.11345470768157932 233
1694436119263 0.05552265418458907 234
1694436119340 0.03416392030004153 235
1694436119413 0.07080070604638991 236
1694436119485 0.0035348805656529396 237
1694436119557 0.0032447822872230603 238
1694436119631 0.4141527633189814 239
1694436119705 0.05065348394116378 240
1694436119784 0.0001802715883994412 241
1694436119858 0.0193138788801708 242
1694436119931 0.0005811430686339209 243
1694436120005 0.3097431118136075 244
1694436120102 0.025240874560600524 245
1694436120176 0.08495279535948158 246
1694436120250 0.48660030191962045 247
1694436120326 0.3124547455814765 248
1694436120400 0.0011281917943345631 249
1694436120473 3.3631169321314926e-06 250
1694436120546 0.3921393799800029 251
1694436120619 0.42446981056623767 252
1694436120693 0.4085098850227456 253
1694436120769 0.009887620572343278 254
1694436120845 0.018426518415933343 255
1694436120918 0.0014606025085888387 256
1694436120992 0.1572456992290099 257
1694436121068 0.18823254995032832 258
1694436121146 0.16663682721843726 259
1694436121234 0.008173763785633743 260
1694436121308 5.036864805420815e-06 261
1694436121386 0.003826589194491737 262
1694436121474 0.03355837357542588 263
1694436121555 1.3830423561755423 264
1694436121629 1.6329085804811039 265
1694436121704 0.14342088081335835 266
1694436121782 0.05258385082047511 267
1694436121861 0.1436668085778362 268
1694436121937 0.00023144098988760016 269
1694436122012 0.0004884682970027728 270
1694436122092 0.022086411552511277 271
1694436122167 0.1978865434478291 272
1694436122240 0.06886532072705678 273
1694436122315 0.052367582832343294 274
1694436122392 0.04384218537563528 275
1694436122466 0.016867727612858253 276
1694436122541 0.03865940603187701 277
1694436122617 0.0014523300706194705 278
1694436122692 0.30207284379469146 279
1694436122769 0.027386589596562608 280
1694436122842 0.14109896175659828 281
1694436122919 0.5078201696759082 282
1694436122994 0.18896926488721427 283
1694436123070 0.03291844576253476 284
1694436123143 0.1732386564552778 285
1694436123216 1.2277866908912147 286
1694436123291 0.04968060299329379 287
1694436123369 0.0006266007909045012 288
1694436123441 0.026994307854676405 289
1694436123515 0.011592913337161354 290
1694436123590 0.19759942157241633 291
1694436123666 0.1425176163931441 292
1694436123754 0.13924133096321895 293
1694436123826 0.011983156051151538 294
1694436123900 0.0032314638500142105 295
1694436123975 0.05762016996489267 296
1694436124048 0.032500422143494696 297
1694436124123 0.4841567606753801 298
1694436124199 0.04651099074328131 299
1694436124275 0.2116473244858779 300
1694436124349 0.0010219733488195382 301
1694436124425 0.14857024183894796 302
1694436124500 0.004939344190764888 303
1694436124574 0.005331738611359572 304
1694436124650 0.013052955501804388 305
1694436124725 0.2863321807634042 306
1694436124800 0.23702275243362156 307
1694436124884 0.00032039258984288565 308
1694436124956 0.00011323706704645176 309
1694436125035 0.0025107383712076547 310
1694436125110 0.1792276869197637 311
1694436125186 0.05936660465342735 312
1694436125260 0.05559147076233099 313
1694436125334 0.29299822931682695 314
1694436125409 0.2467738355189754 315
1694436125485 0.0006970373479460285 316
1694436125557 0.6837293483659307 317
1694436125631 0.0951718991906728 318
1694436125710 5.428641069115721e-05 319
1694436125785 0.0009510882563196552 320
1694436125859 0.04036221609255013 321
1694436125935 0.37290672267441527 322
1694436126010 0.03177147372505435 323
1694436126083 0.06009934119282779 324
1694436126156 0.19680556265178184 325
1694436126228 0.010860957415495443 326
1694436126305 0.03681035733522154 327
1694436126383 0.00027653469288729614 328
1694436126460 0.005220558362600072 329
1694436126534 0.15361740077354416 330
1694436126609 0.19994791561209163 331
1694436126682 0.3782657447627485 332
1694436126755 0.026095323478984713 333
1694436126839 0.007781484566439483 334
1694436126912 0.1874380629306384 335
1694436126988 0.04673690334399039 336
1694436127062 0.008191797075071469 337
1694436127136 0.04814103439465004 338
1694436127214 0.3285988220136739 339
1694436127286 0.007439799074695234 340
1694436127361 0.09966499140403827 341
1694436127437 0.06317003304833928 342
1694436127512 0.1642161098341888 343
1694436127584 0.24796599835806737 344
1694436127660 0.23261259849555024 345
1694436127736 0.022943799073930043 346
1694436127809 0.024347875092419573 347
1694436127881 0.0250804912684237 348
1694436127959 0.011495555161243431 349
1694436128035 0.11650707573292834 350
1694436128117 0.01996262597730483 351
1694436128189 0.037089438721170466 352
1694436128265 0.006070331074562796 353
1694436128339 0.020219563784381143 354
1694436128414 0.014999105116261397 355
1694436128487 0.04713549087646838 356
1694436128561 0.22704323042142885 357
1694436128634 0.07375307330808929 358
1694436128710 0.11161039191248984 359
1694436128787 0.07130850523959625 360
1694436128860 0.16876489075792672 361
1694436128938 0.007525736152363831 362
1694436129014 0.003578992899695078 363
1694436129086 0.0007977815595546544 364
1694436129165 0.006680768860908634 365
1694436129240 0.065354932569922 366
1694436129314 1.0087939371420802 367
1694436129387 0.0004362090904763919 368
1694436129460 0.020677866764672426 369
1694436129550 0.004159694064469967 370
1694436129627 0.0007648138493005874 371
1694436129699 0.03889071985120135 372
1694436129779 0.018082986192099717 373
1694436129866 0.3815340925525761 374
1694436129952 0.005249264513443198 375
1694436130025 0.15341827065575595 376
1694436130097 0.0033917678024925103 377
1694436130173 0.0776057251489415 378
1694436130248 0.1370838184294576 379
1694436130321 0.009657175303734365 380
1694436130402 0.019852683327956033 381
1694436130476 0.1698462690576919 382
1694436130549 0.09829101265580821 383
1694436130622 0.03189462148734707 384
1694436130699 0.3042672552025771 385
1694436130774 0.031640207405954364 386
1694436130848 0.4579828392430944 387
1694436130922 0.047059919650059616 388
1694436130997 1.2777164051324978 389
1694436131072 0.026222856279055858 390
1694436131146 0.0067547607237297665 391
1694436131218 0.41357772514610497 392
1694436131292 0.26607833033588474 393
1694436131379 0.08884138187278455 394
1694436131452 0.197869359383822 395
1694436131529 0.0019034248872691003 396
1694436131603 0.04173573646392908 397
1694436131678 0.1838074721514411 398
1694436131754 0.03361515665967805 399
1694436131826 0.03147245844438426 400
1694436131898 0.017459097955725086 401
1694436131975 8.602496412062759e-05 402
1694436132052 0.0009949525301448118 403
1694436132125 0.02540729394541115 404
1694436132206 0.2791244427654309 405
1694436132279 0.18178416838828637 406
1694436132354 0.08136475349273756 407
1694436132427 0.010170873432008736 408
1694436132501 0.10638010691137546 409
1694436132574 0.41587507797988343 410
1694436132648 0.022182478713927034 411
1694436132720 0.09859435999073386 412
1694436132804 0.0420061097031821 413
1694436132880 0.07533831570977605 414
1694436132953 0.19174553227211114 415
1694436133033 0.05431498170903818 416
1694436133106 0.006303680188521584 417
1694436133181 0.00778746658383471 418
1694436133253 0.043614780538126965 419
1694436133326 0.010421510151238053 420
1694436133400 0.13756632255299128 421
1694436133475 0.04807737118410812 422
1694436133549 0.04561766688083262 423
1694436133622 0.043115743117687885 424
1694436133697 0.012340916074615717 425
1694436133772 0.0011081132166135847 426
1694436133847 0.012561829413882118 427
1694436133928 0.02895972788379234 428
1694436134002 0.008498033176872153 429
1694436134077 0.09282635713049672 430
1694436134152 0.1543401960337966 431
1694436134226 0.040125394426266614 432
1694436134301 0.07820744580263195 433
1694436134380 0.42989596303476374 434
1694436134454 0.0006854331636017298 435
1694436134528 0.03448108099868633 436
1694436134604 4.094967916596593e-05 437
1694436134678 0.015467565796417468 438
1694436134756 0.5483685334523001 439
1694436134833 0.17109275939803814 440
1694436134906 0.029293795616243106 441
1694436134983 0.017389552699815666 442
1694436135056 0.06919397001926207 443
1694436135130 0.6003725691038871 444
1694436135206 0.06353475914712264 445
1694436135283 0.010932797858318298 446
1694436135355 0.005701781844630251 447
1694436135430 0.4087139688115899 448
1694436135506 0.016075939663832157 449
1694436135579 0.020697808392698674 450
1694436135657 0.09900896927447571 451
1694436135731 0.02834858958459094 452
1694436135804 0.009547872767919225 453
1694436135879 0.002324011113541086 454
1694436135953 0.10754592751704076 455
1694436136028 0.04341437121464576 456
1694436136100 0.1041538541124407 457
1694436136173 0.07909162595234684 458
1694436136247 0.0007000332563521227 459
1694436136323 0.2665980596878538 460
1694436136397 0.2573000197099789 461
1694436136472 0.02608698087443351 462
1694436136549 0.01073222961158888 463
1694436136624 0.0980959820813745 464
1694436136697 0.19877708533667449 465
1694436136771 0.10962730238078255 466
1694436136845 0.19740893356894632 467
1694436136918 0.07795338778179992 468
1694436136993 0.012538266475347653 469
1694436137065 0.000693088525153899 470
1694436137142 0.012352564352064922 471
1694436137215 0.41383580689704846 472
1694436137287 0.07746327921961062 473
1694436137366 0.1155479207911249 474
1694436137442 0.014493571874187261 475
1694436137515 0.30469156526770824 476
1694436137587 0.04393504695803428 477
1694436137661 0.16051127131079304 478
1694436137736 0.12875225222455028 479
1694436137811 0.14667284720990895 480
1694436137884 0.001312326530887866 481
1694436137957 0.07380754489106907 482
1694436138040 0.03706171414915549 483
1694436138113 0.0018055793675635962 484
1694436138191 0.020340486139277407 485
1694436138265 0.079608090040279 486
1694436138340 0.023684066045847593 487
1694436138420 1.5227393201510624 488
1694436138491 0.07005854546043355 489
1694436138564 0.04571120242188062 490
1694436138638 0.022376389420003535 491
1694436138713 0.004746888630737657 492
1694436138786 0.6164777975112256 493
1694436138861 0.013603104675546818 494
1694436138934 0.048933896685610996 495
1694436139008 1.4114710024439809e-05 496
1694436139093 0.006600678979410696 497
1694436139167 0.46616327033358584 498
1694436139241 0.017963936006385833 499
