1694438754640 0.08337426129034008 0
1694438754711 0.1284624080595248 1
1694438754783 0.01901539739290896 2
1694438754855 3.485202695916621e-06 3
1694438754926 0.4496817857349436 4
1694438755000 0.02251254762596265 5
1694438755069 0.07798520147736361 6
1694438755139 0.008251820830327165 7
1694438755208 0.9685021284664348 8
1694438755279 0.002292435353445373 9
1694438755348 0.010107529680499678 10
1694438755416 0.1540923105441826 11
1694438755486 0.16246476731283782 12
1694438755555 0.11587344247532876 13
1694438755624 4.038864465352069e-05 14
1694438755694 0.025486345370320823 15
1694438755763 0.032306681165367994 16
1694438755833 0.00016425356231359367 17
1694438755903 0.1555095273593456 18
1694438755972 0.11083683160817794 19
1694438756042 1.5672742580508527e-06 20
1694438756111 0.003922590814138963 21
1694438756181 0.09844687130933444 22
1694438756251 0.049733808235717554 23
1694438756320 0.15993642009080425 24
1694438756390 0.16078074755826902 25
1694438756459 0.18507174321870792 26
1694438756528 0.00020076484162440206 27
1694438756597 0.03874083352993332 28
1694438756666 0.7411622158044183 29
1694438756735 0.040763617551424 30
1694438756811 0.052797892769799286 31
1694438756880 0.010284387835299277 32
1694438756950 0.0024819413798059325 33
1694438757019 0.002590436967391582 34
1694438757089 0.1275997552990414 35
1694438757159 0.015629917581875628 36
1694438757228 0.2906654703365061 37
1694438757298 0.007289498974139604 38
1694438757368 0.07504820813658032 39
1694438757438 0.5316780149400298 40
1694438757507 0.02169635960568632 41
1694438757576 0.013366254664325224 42
1694438757646 0.1584853598590793 43
1694438757715 0.02924453845226218 44
1694438757785 0.05374404763705373 45
1694438757854 0.005309349540327333 46
1694438757924 0.08581173566875953 47
1694438757994 0.04001323033106484 48
1694438758062 0.013112957997471576 49
1694438758131 0.0006005651183901766 50
1694438758199 0.010625499916942364 51
1694438758268 0.0015731688891350807 52
1694438758338 0.033969207007630384 53
1694438758406 0.18115543912728677 54
1694438758475 0.2896130284820863 55
1694438758543 0.00904587235254062 56
1694438758612 0.02197690381843307 57
1694438758682 0.039522036864133456 58
1694438758752 0.2267504035621631 59
1694438758822 0.04259048068723406 60
1694438758892 0.000946594529383465 61
1694438758962 0.6373606436433837 62
1694438759032 0.0003667321241170486 63
1694438759101 0.03804074035560901 64
1694438759170 0.02884811499447505 65
1694438759238 0.003015196905057895 66
1694438759306 0.07444127481753997 67
1694438759376 0.0017623405741111315 68
1694438759445 0.0005043902008740626 69
1694438759514 0.003121511955195429 70
1694438759582 0.14055255535510827 71
1694438759653 0.0018471683213328958 72
1694438759722 0.0006213909261446946 73
1694438759791 0.0001152360354553181 74
1694438759860 0.10981973776700067 75
1694438759929 0.020910490282644925 76
1694438759998 0.02779053323509725 77
1694438760069 0.025494348431682242 78
1694438760140 0.0013237538060241812 79
1694438760209 0.03203529528817389 80
1694438760278 3.1094419920078966e-06 81
1694438760347 0.028372164019199998 82
1694438760422 0.15086495850515602 83
1694438760491 0.013020143099830045 84
1694438760558 0.010362458240712457 85
1694438760628 0.0211012642293884 86
1694438760696 0.02207220899040083 87
1694438760766 0.0610277864881663 88
1694438760834 0.0015024467023964933 89
1694438760904 0.08896947462683438 90
1694438760973 0.059419380639004225 91
1694438761043 0.0914587283668961 92
1694438761112 0.13195928113181501 93
1694438761181 1.2567976676414445e-05 94
1694438761250 0.0816562943914526 95
1694438761320 0.06388687625284731 96
1694438761390 0.001966834627675951 97
1694438761459 0.016405386577421122 98
1694438761528 0.6706957085039725 99
1694438761598 0.003423675694223709 100
1694438761675 0.5910438288349841 101
1694438761754 0.29394421262160836 102
1694438761830 0.3191917280045399 103
1694438761899 0.00023858077637623558 104
1694438761968 0.7275882589834125 105
1694438762038 0.0001459977029401943 106
1694438762106 0.07668462458220393 107
1694438762176 0.005257194827229421 108
1694438762245 0.06458375880057426 109
1694438762314 0.1981565987144146 110
1694438762383 0.09091693313609227 111
1694438762451 0.6831854759705436 112
1694438762521 0.08294310904974167 113
1694438762590 0.2974943113270912 114
1694438762660 0.06701190214519014 115
1694438762729 0.175218557401452 116
1694438762799 0.027358456512265435 117
1694438762868 0.04914487391097826 118
1694438762937 0.031949281320335844 119
1694438763006 0.009340283744418941 120
1694438763076 0.054085465638678235 121
1694438763144 3.1382122283921384e-05 122
1694438763214 0.010915737656018158 123
1694438763283 0.03707399922881456 124
1694438763352 0.2681054807574592 125
1694438763420 0.005783040997744216 126
1694438763489 0.003099720335314857 127
1694438763558 0.22380262415881172 128
1694438763626 0.01300260840561128 129
1694438763694 0.5423151660702624 130
1694438763764 0.040317628550904185 131
1694438763833 0.0159235826896331 132
1694438763903 0.05198982286346754 133
1694438763974 0.05114369182716012 134
1694438764042 4.1022406606787744e-05 135
1694438764111 0.009296863175484548 136
1694438764181 0.05117919547267639 137
1694438764249 0.03048377215588578 138
1694438764319 0.45208219060681354 139
1694438764388 0.00634871433325813 140
1694438764456 0.611076584853647 141
1694438764526 0.08678583098475354 142
1694438764596 0.5318213128466889 143
1694438764665 0.34766847361499476 144
1694438764734 0.26195245021446956 145
1694438764802 0.010387431411085913 146
1694438764872 0.09049892748840105 147
1694438764941 0.1211016143247686 148
1694438765009 0.0012116264571092787 149
1694438765078 0.0525861584393442 150
1694438765146 0.07935333089855977 151
1694438765216 0.007575774704471775 152
1694438765286 0.13782453470873088 153
1694438765354 0.16196017933592413 154
1694438765422 0.0027004317972656603 155
1694438765492 0.09576129353661077 156
1694438765563 0.02301097829511936 157
1694438765632 0.25191617652483944 158
1694438765701 0.003077635848499275 159
1694438765770 0.018434453589783246 160
1694438765840 1.0168056934002458 161
1694438765909 0.1915865182957283 162
1694438765978 0.04940562501915529 163
1694438766047 0.00034302945261657325 164
1694438766116 0.04398514155363267 165
1694438766185 0.3906760918196459 166
1694438766255 0.0025485072645292208 167
1694438766325 0.2283663674506406 168
1694438766395 0.10732646504826344 169
1694438766463 0.007608692931419793 170
1694438766533 0.002137438625039937 171
1694438766601 0.0700097177040596 172
1694438766671 0.08970637796871977 173
1694438766739 0.023551380788262397 174
1694438766809 0.060681142552340514 175
1694438766878 0.08988810610537008 176
1694438766946 0.013432899357931048 177
1694438767015 0.0872482695793075 178
1694438767083 0.0948924950847851 179
1694438767152 0.05484638271700645 180
1694438767221 0.011034899171584902 181
1694438767293 0.5950298576028602 182
1694438767362 0.019408457953605875 183
1694438767432 0.040872018266517984 184
1694438767501 0.0029667554440473043 185
1694438767569 0.09161610216207489 186
1694438767639 0.005429259807215006 187
1694438767708 0.3326276666716163 188
1694438767777 0.1256652453031825 189
1694438767846 3.2887445204115665e-05 190
1694438767915 0.5874327240837532 191
1694438767984 0.2534860930170103 192
1694438768053 0.013191796242648718 193
1694438768124 0.06321192922642166 194
1694438768192 0.08942350801564458 195
1694438768261 1.0351615353326644 196
1694438768330 0.03829849290571109 197
1694438768398 0.005298274636391758 198
1694438768467 0.054193695802539604 199
1694438768537 0.0012138597669114726 200
1694438768606 0.014328615313577882 201
1694438768675 0.07390594470981558 202
1694438768744 2.5147161237699212e-05 203
1694438768813 0.02372771048721435 204
1694438768883 0.1064479270050055 205
1694438768951 0.0008343487498356671 206
1694438769021 0.015249054884187761 207
1694438769090 0.17648746460136722 208
1694438769159 0.005450407305944456 209
1694438769228 0.015432163256238621 210
1694438769298 0.00582881894427486 211
1694438769367 0.0034698029797551036 212
1694438769436 0.00869322746727651 213
1694438769505 0.32204799665744355 214
1694438769575 0.19567485994303235 215
1694438769645 0.1701105414602084 216
1694438769714 0.04443290539606841 217
1694438769784 0.09809376509842496 218
1694438769856 0.004153558914378045 219
1694438769925 0.016849792333024364 220
1694438769995 0.30965114450676035 221
1694438770063 0.6648192193980911 222
1694438770133 0.00010619938109659809 223
1694438770200 0.047386257401053504 224
1694438770269 0.3240554255163442 225
1694438770337 0.1465535881119289 226
1694438770406 0.05340709266898396 227
1694438770475 0.02734033095390019 228
1694438770545 3.006678971731514 229
1694438770613 0.11224782011962244 230
1694438770683 0.05316196591043714 231
1694438770751 9.697583273530705e-05 232
1694438770820 0.1510555574943475 233
1694438770889 0.051548620657392165 234
1694438770958 0.03244913262155223 235
1694438771028 0.07710549911195265 236
1694438771097 0.06527987249900608 237
1694438771166 5.249913947832164e-06 238
1694438771235 0.13925617016937164 239
1694438771304 0.03742231325562515 240
1694438771373 0.04767651982968853 241
1694438771442 0.6431818916140907 242
1694438771512 0.02400184334346787 243
1694438771581 0.007459603123186764 244
1694438771650 0.0005926640880427593 245
1694438771720 0.005217077419882729 246
1694438771790 0.00108848031607043 247
1694438771859 0.10919385512512932 248
1694438771928 0.05531471990570616 249
1694438771997 0.006191797642528972 250
1694438772066 0.11048129644981589 251
1694438772134 0.002551204123852887 252
1694438772203 0.0003216713017341454 253
1694438772271 0.0005189888522360276 254
1694438772340 0.0015425732839290723 255
1694438772412 0.07881872014276019 256
1694438772481 0.002126160864451139 257
1694438772550 0.09884789421843314 258
1694438772619 0.07609206125265103 259
1694438772688 3.5186518504171136e-05 260
1694438772758 0.603596269148262 261
1694438772827 0.0563295345938715 262
1694438772896 0.36959376836339336 263
1694438772965 0.010260308932453013 264
1694438773033 0.11870312375685271 265
1694438773103 0.0023571818497320853 266
1694438773171 0.018304492995009677 267
1694438773239 0.0015144845854995147 268
1694438773308 0.019658342206527745 269
1694438773377 0.0009218001500848637 270
1694438773446 0.008329269321570366 271
1694438773515 0.040262395630031644 272
1694438773584 0.4458427754940973 273
1694438773655 0.007809830129152795 274
1694438773723 0.0028142999304440934 275
1694438773793 0.022571401521454124 276
1694438773862 0.06205847482879546 277
1694438773931 0.01124163834289657 278
1694438773999 0.11648016891463929 279
1694438774068 0.02844963504506248 280
1694438774138 0.021301322033285896 281
1694438774207 0.0009531378621386319 282
1694438774278 0.18262722381454494 283
1694438774347 0.026432454085674476 284
1694438774417 0.06852331843262022 285
1694438774487 0.05975918043841331 286
1694438774556 0.05708063603038024 287
1694438774626 0.03973781206076736 288
1694438774696 0.0004552706890235585 289
1694438774764 0.12726562749875647 290
1694438774833 0.08725324356591417 291
1694438774901 0.24922046264182424 292
1694438774972 0.09520561754311864 293
1694438775040 0.0031167623341507 294
1694438775109 0.00029205240938119236 295
1694438775179 0.18968682742858997 296
1694438775249 9.760154923425632e-06 297
1694438775318 0.540897261546555 298
1694438775387 0.0007187367899986783 299
1694438775456 0.021386573920586568 300
1694438775525 0.00788051664041343 301
1694438775594 0.1490633305748896 302
1694438775663 0.06123749120083639 303
1694438775732 0.0152943761510697 304
1694438775800 0.09632646640403852 305
1694438775868 0.30810372128977453 306
1694438775937 0.08096182701245333 307
1694438776007 0.003799625324557117 308
1694438776076 0.1454482094737735 309
1694438776145 0.10234157248651723 310
1694438776213 0.048155742515872145 311
1694438776282 0.16497337393608966 312
1694438776352 0.0005470908314009471 313
1694438776421 0.0073760637371560024 314
1694438776490 8.989359492883284e-05 315
1694438776559 0.035036510700714105 316
1694438776627 0.022653314640465595 317
1694438776697 0.01026046728732118 318
1694438776767 0.028189647859066386 319
1694438776837 0.06027794207710642 320
1694438776905 0.019965432753415134 321
1694438776974 0.2585401427500683 322
1694438777042 0.010996709875105868 323
1694438777110 0.006019120520067424 324
1694438777179 0.0027379210834877483 325
1694438777248 0.0135232913625436 326
1694438777318 0.17236778365138755 327
1694438777388 0.0703076345667872 328
1694438777458 0.009931840584834614 329
1694438777527 0.02617074776444502 330
1694438777596 0.02562959474473168 331
1694438777665 0.035679788620367914 332
1694438777738 0.011337511169327921 333
1694438777810 0.03004294875886 334
1694438777880 0.2231388003014088 335
1694438777951 0.06409572423097215 336
1694438778020 0.005996281304935492 337
1694438778089 0.08900823323098946 338
1694438778158 0.034638864216331625 339
1694438778227 0.01306458252700968 340
1694438778297 0.00763418902268676 341
1694438778381 0.08485815657561457 342
1694438778450 0.025565016014996736 343
1694438778519 0.05852858923450293 344
1694438778588 0.006957583121201608 345
1694438778658 1.0395067532558657 346
1694438778728 0.008011422636029573 347
1694438778798 0.0010551865012814968 348
1694438778868 0.11908138355390882 349
1694438778941 0.06658188911211053 350
1694438779011 0.009482637653872868 351
1694438779082 0.12957097874962661 352
1694438779151 0.028613544939827113 353
1694438779221 0.02943691329939104 354
1694438779290 0.30718272936059016 355
1694438779360 0.3702795573275503 356
1694438779430 0.031151346045816326 357
1694438779511 0.13170732743113436 358
1694438779585 0.027688692831872825 359
1694438779655 0.11621726844813621 360
1694438779725 0.3835094191622894 361
1694438779794 0.06626296652067587 362
1694438779863 0.00558749131729983 363
1694438779935 0.12266309317564739 364
1694438780005 0.0015109828607081566 365
1694438780074 0.03006968255193292 366
1694438780144 0.411733904426959 367
1694438780214 5.1757166427178854e-05 368
1694438780284 0.0512021621013387 369
1694438780352 0.4413852022700368 370
1694438780423 0.04254029538079317 371
1694438780492 0.11464833418445847 372
1694438780561 0.07696645836342661 373
1694438780631 0.052529210258785694 374
1694438780699 0.04253726467310331 375
1694438780769 0.44747508179933343 376
1694438780838 0.00043476736776777274 377
1694438780907 0.004276189280735267 378
1694438780976 0.0060885422126905455 379
1694438781045 0.1018669495668312 380
1694438781114 0.05001638633237445 381
1694438781189 0.021070238383498228 382
1694438781260 0.02654372784230546 383
1694438781331 0.035040680969179484 384
1694438781403 0.17355128731448513 385
1694438781471 0.08557558142915697 386
1694438781541 0.00036545876067062386 387
1694438781609 0.07329169266244169 388
1694438781680 0.0007123217822739492 389
1694438781749 0.01575488172079324 390
1694438781819 0.04084102922791284 391
1694438781889 0.06533680413263897 392
1694438781958 0.0014196586006666601 393
1694438782029 0.001142514149079091 394
1694438782098 0.49203080600406846 395
1694438782167 0.0009502846998121797 396
1694438782236 0.027289220953324655 397
1694438782303 0.02540241656665181 398
1694438782373 0.6391986061646543 399
1694438782443 0.03940439801208944 400
1694438782513 0.00018076455484080018 401
1694438782582 0.06773224614863921 402
1694438782652 0.10130286824128638 403
1694438782721 0.05139011683247042 404
1694438782790 0.006771798140615833 405
1694438782858 0.008736722383835377 406
1694438782928 0.07534808756442495 407
1694438782997 0.050097666841957926 408
1694438783066 0.02112124803240242 409
1694438783135 0.0186277213376982 410
1694438783204 0.0376391699445807 411
1694438783274 0.04776619823936887 412
1694438783344 0.024732771535602438 413
1694438783412 0.1713273849137398 414
1694438783482 0.28565515302734623 415
1694438783552 0.1338997571577772 416
1694438783621 0.03954080501414051 417
1694438783691 0.007712408619530006 418
1694438783760 0.07804037670291215 419
1694438783829 0.040574741188329676 420
1694438783899 0.09998653378603926 421
1694438783967 0.02888606350245903 422
1694438784036 0.10937520013477334 423
1694438784106 0.09589144523644572 424
1694438784177 0.0038341081686222595 425
1694438784247 0.06089736641680742 426
1694438784320 0.020627360547711557 427
1694438784391 0.001774050339547971 428
1694438784460 0.04442288969224199 429
1694438784529 0.5329527355680571 430
1694438784598 0.14169588968332583 431
1694438784668 0.000524156639478367 432
1694438784737 0.011573127535264368 433
1694438784805 0.011437055755033409 434
1694438784873 0.0456476175128124 435
1694438784942 0.9420091585242272 436
1694438785011 0.0010761482483912033 437
1694438785080 0.03204040934562761 438
1694438785148 0.13018479304580505 439
1694438785218 0.0044169232675001615 440
1694438785287 0.047459867001546065 441
1694438785356 0.1662247326703619 442
1694438785425 0.13850062202943306 443
1694438785494 0.000784776595424543 444
1694438785564 0.18700735040314528 445
1694438785633 0.0010696302118972346 446
1694438785703 0.1803044896558008 447
1694438785773 0.09918390931881486 448
1694438785841 0.008620123917212855 449
1694438785911 0.3673698084519462 450
1694438785980 0.5743807678402832 451
1694438786049 0.04256549079085003 452
1694438786119 0.09678814697918113 453
1694438786189 0.0027234561465532855 454
1694438786258 0.5825628010673471 455
1694438786328 0.08650431724972421 456
1694438786399 0.03821478900712733 457
1694438786469 0.006574028607333187 458
1694438786537 0.0785609410960225 459
1694438786605 0.0029481060136775316 460
1694438786676 0.01798898698792094 461
1694438786745 0.01918962265637021 462
1694438786815 0.04261926432723837 463
1694438786885 0.000718472635532743 464
1694438786955 0.06870341939315217 465
1694438787025 0.007391214618077695 466
1694438787094 0.4784893482749655 467
1694438787163 0.14511841901418784 468
1694438787233 0.08871521334440438 469
1694438787301 0.02190425047452017 470
1694438787370 0.013919496874945609 471
1694438787438 0.0003530502016918562 472
1694438787507 0.11250929162593486 473
1694438787577 0.0022292555031751585 474
1694438787653 0.1374084369757553 475
1694438787726 1.9368335850722228e-05 476
1694438787795 0.07116855994207294 477
1694438787864 0.0947250293420991 478
1694438787934 0.036199153616506476 479
1694438788003 0.033668075880024524 480
1694438788072 0.0845404390827778 481
1694438788141 7.721795379003769e-05 482
1694438788211 0.055355568891160924 483
1694438788289 0.057352259110690446 484
1694438788363 3.2323994115651402e-06 485
1694438788431 0.035931037537084355 486
1694438788501 0.5554405487145578 487
1694438788571 0.012591440434629559 488
1694438788645 0.009815099283451083 489
1694438788714 0.30260111518008237 490
1694438788783 0.03109686247153708 491
1694438788852 0.13545482981862067 492
1694438788922 0.0012877898499054719 493
1694438788991 0.06521398210546858 494
1694438789059 0.0014069432626985711 495
1694438789128 0.10902456009506765 496
1694438789197 0.009565073009879006 497
1694438789268 0.07542907589178371 498
1694438789338 0.04022344706930774 499
