1694430655718 36.21859750857091 0
1694430655734 8.71403682337463 1
1694430655751 2.61685674043854 2
1694430655767 0.9832141707520778 3
1694430655785 0.6354423834181331 4
1694430655802 0.5396389673904489 5
1694430655818 0.4850591790833589 6
1694430655835 0.24077304417834747 7
1694430655852 0.30795351032480184 8
1694430655870 0.3060983669643989 9
1694430655889 0.20244945493724492 10
1694430655906 0.2317253039606859 11
1694430655922 0.3790954367313538 12
1694430655940 0.3364823700902998 13
1694430655957 0.23961495747528122 14
1694430655975 0.3894750874804745 15
1694430655993 0.2963184861727307 16
1694430656012 0.24898394757372655 17
1694430656030 0.2771126976809491 18
1694430656050 0.3191644170062101 19
1694430656069 0.28898486294930326 20
1694430656089 0.29576065171995086 21
1694430656108 0.503619829105811 22
1694430656127 0.2970043395360564 23
1694430656143 0.2195549288345978 24
1694430656160 0.2985584081233947 25
1694430656177 0.1717837514512127 26
1694430656195 0.32588080219262366 27
1694430656211 0.3155551359439177 28
1694430656228 0.24297492137497106 29
1694430656244 0.28319497994751736 30
1694430656261 0.2795783393668537 31
1694430656278 0.23076366886652827 32
1694430656297 0.28145796426782865 33
1694430656312 0.260496417402895 34
1694430656330 0.1998873371700736 35
1694430656347 0.26516127019221397 36
1694430656363 0.34867452884949607 37
1694430656380 0.2815926540256888 38
1694430656398 0.2641795309161477 39
1694430656414 0.23841550471325182 40
1694430656431 0.18457893037706455 41
1694430656447 0.2568887719235849 42
1694430656464 0.3728800047216888 43
1694430656481 0.38651250400958886 44
1694430656498 0.2717639692542209 45
1694430656515 0.38986414366667205 46
1694430656532 0.2559414127688556 47
1694430656547 0.17521376373348033 48
1694430656563 0.22371601194152851 49
1694430656580 0.2392501996603246 50
1694430656598 0.29576872864857284 51
1694430656614 0.4210174222782193 52
1694430656631 0.2686098053688516 53
1694430656648 0.2523541943065426 54
1694430656665 0.34554688314573945 55
1694430656682 0.2732002852218487 56
1694430656700 0.2897492336071809 57
1694430656718 0.25520351879836206 58
1694430656735 0.2650048353978844 59
1694430656751 0.2605526957377776 60
1694430656767 0.2789686493445319 61
1694430656784 1.1631510094591633 62
1694430656801 0.3297097329477832 63
1694430656817 0.22866647102984244 64
1694430656835 0.28800905104031516 65
1694430656852 0.24084168424081595 66
1694430656868 0.2177603339532515 67
1694430656888 0.2642193593626529 68
1694430656907 0.23056599989193413 69
1694430656924 0.3716686399773138 70
1694430656941 0.37064249777864333 71
1694430656957 0.19281271188803178 72
1694430656974 0.2583224509943622 73
1694430656991 0.30007854353709656 74
1694430657008 0.24694304116001062 75
1694430657024 0.19617754893468597 76
1694430657040 0.3262271512462712 77
1694430657057 0.2620961984017493 78
1694430657073 0.33178986298620133 79
1694430657091 0.2773498980388612 80
1694430657108 0.2972153525496239 81
1694430657125 0.2817945927205188 82
1694430657142 0.24149349083126406 83
1694430657159 0.23072499940949562 84
1694430657177 0.2455206613943895 85
1694430657194 0.3775092671506371 86
1694430657210 0.3436624396101376 87
1694430657227 0.4752108805240059 88
1694430657245 0.2576144543698954 89
1694430657261 0.42720271175119817 90
1694430657278 0.3661676491000251 91
1694430657294 0.4091504677111228 92
1694430657312 0.18815957754365792 93
1694430657328 0.2806021993033464 94
1694430657345 0.2929730094827802 95
1694430657362 0.27727776172427127 96
1694430657378 0.27968248069879975 97
1694430657395 0.34535985524575613 98
1694430657412 0.29311351067538827 99
1694430657429 0.4094297325057338 100
1694430657445 0.39402119027128835 101
1694430657462 0.3512590098949623 102
1694430657479 0.36485039607102937 103
1694430657496 0.3417374541466901 104
1694430657513 0.2952047735314016 105
1694430657530 0.4097178985140569 106
1694430657546 0.29283681058768624 107
1694430657563 0.34725119822374234 108
1694430657579 0.29489125746099504 109
1694430657597 0.22173278165306512 110
1694430657614 0.2594546841053098 111
1694430657631 0.20234092045257013 112
1694430657649 0.17819718669903292 113
1694430657665 0.24845209841214203 114
1694430657682 0.28741931747057936 115
1694430657701 0.30808765634731344 116
1694430657718 0.4250696927036147 117
1694430657736 0.188192209495325 118
1694430657752 0.19051020086271106 119
1694430657769 0.18642019169542173 120
1694430657786 0.3130809672828514 121
1694430657803 0.26520272351278085 122
1694430657820 0.2484117153550196 123
1694430657837 0.25780040274943705 124
1694430657853 0.33128910614340884 125
1694430657871 0.26085449879792494 126
1694430657889 0.27630697885879896 127
1694430657906 0.2535356812389452 128
1694430657923 0.3035239302449814 129
1694430657940 0.3276062351359796 130
1694430657957 0.2445706686987892 131
1694430657972 0.23776464629869581 132
1694430657990 0.22012397930700658 133
1694430658007 0.4142017005455971 134
1694430658023 0.30301948667151113 135
1694430658040 0.43969696664936864 136
1694430658057 0.23179783543314475 137
1694430658072 0.1679624842695324 138
1694430658090 0.29711281268163486 139
1694430658108 0.2552521709967473 140
1694430658124 0.36257850751689585 141
1694430658141 0.270551240099514 142
1694430658158 0.32859923437324284 143
1694430658174 0.2380258297177866 144
1694430658192 0.25657732778312814 145
1694430658208 0.25826180004653176 146
1694430658226 0.3930930334701669 147
1694430658242 0.3163133016049348 148
1694430658259 0.3169465200005721 149
1694430658275 0.16699347904170228 150
1694430658292 0.2608921298452387 151
1694430658311 0.33852097710712964 152
1694430658329 0.3835744107534374 153
1694430658347 0.3295339299103282 154
1694430658364 0.179721253386171 155
1694430658381 0.23024958833224687 156
1694430658398 0.21625709188082973 157
1694430658416 0.37176354391833094 158
1694430658433 0.340547047020116 159
1694430658449 0.22033390650252652 160
1694430658466 0.2709249410521731 161
1694430658482 0.3750433797726784 162
1694430658499 0.26444138260069633 163
1694430658516 0.2896842053620449 164
1694430658532 0.21843150951660698 165
1694430658548 0.20602693413890125 166
1694430658565 0.28220299990540204 167
1694430658582 0.25283389749145735 168
1694430658600 0.17300246099059816 169
1694430658617 0.400792047940797 170
1694430658633 0.2216754015488498 171
1694430658651 0.29008109754749734 172
1694430658668 0.29409895071468173 173
1694430658685 0.2105779959011936 174
1694430658702 0.3439386924826711 175
1694430658720 0.3616303779549427 176
1694430658736 0.39855454606875484 177
1694430658752 0.402412715526741 178
1694430658769 0.49666914807169815 179
1694430658786 0.3346933636162676 180
1694430658804 0.3002301566586364 181
1694430658821 0.2466691412546586 182
1694430658838 0.17674356825180285 183
1694430658855 0.40560514581310797 184
1694430658872 0.2584382001735594 185
1694430658891 0.40434953957924075 186
1694430658909 0.24760687417552438 187
1694430658926 0.19246855920486636 188
1694430658942 0.34440976778866556 189
1694430658960 0.2272473968944003 190
1694430658976 0.23630316211524233 191
1694430658993 0.26156570799923645 192
1694430659010 0.4029321934904139 193
1694430659027 0.22446203284931945 194
1694430659044 0.22927341843164065 195
1694430659061 0.45910215488707307 196
1694430659078 0.6247575879423125 197
1694430659095 0.31752770989349344 198
1694430659112 0.1597582275501008 199
1694430659129 0.41095732398385126 200
1694430659146 0.27926463115094874 201
1694430659163 0.2872916354628154 202
1694430659180 0.26508269742976637 203
1694430659196 0.24548310638417006 204
1694430659213 0.24502645163130313 205
1694430659230 0.5124053631364035 206
1694430659246 0.2773927922505456 207
1694430659263 0.2270809766453967 208
1694430659280 0.25519433646189493 209
1694430659296 0.17702430433565022 210
1694430659314 0.38260249717880324 211
1694430659331 0.317689574758094 212
1694430659348 0.30265823720577084 213
1694430659364 0.3365168100249051 214
1694430659380 0.49735991681033526 215
1694430659397 0.3059139421141051 216
1694430659413 0.2671340440934396 217
1694430659430 0.2539905457072275 218
1694430659448 0.2710925111594693 219
1694430659464 0.3447133366760991 220
1694430659481 0.2560318391923179 221
1694430659497 0.3454742573688582 222
1694430659515 0.3129560021280303 223
1694430659532 0.3015040626417899 224
1694430659548 0.2609417502357986 225
1694430659565 0.46646553951181646 226
1694430659581 0.2297310760014479 227
1694430659599 0.3324355968823008 228
1694430659616 0.3160794788541016 229
1694430659633 0.28931836930539745 230
1694430659650 0.35978977368913384 231
1694430659667 0.29156540268962433 232
1694430659684 0.43210859646105954 233
1694430659703 0.4099659520314634 234
1694430659721 0.2679051269331694 235
1694430659738 0.38338671188476603 236
1694430659753 0.337436735144105 237
1694430659771 0.2670774601901433 238
1694430659788 0.24172317739017454 239
1694430659804 0.2201490856886608 240
1694430659822 0.33424099716832484 241
1694430659839 0.2505575273090591 242
1694430659856 0.2229657443930615 243
1694430659872 0.2812943319048937 244
1694430659889 0.28673855302053053 245
1694430659906 0.3027028311470845 246
1694430659923 0.2570208761492595 247
1694430659940 0.454514592542107 248
1694430659956 0.47725225047247916 249
1694430659973 0.36328497256306463 250
1694430659991 0.4157203119528776 251
1694430660010 0.29802521015485717 252
1694430660029 0.4886286799637074 253
1694430660046 0.38469293536824534 254
1694430660063 0.25417734064717545 255
1694430660081 0.3732804577300136 256
1694430660100 0.3511886654214869 257
1694430660118 0.29524100337938386 258
1694430660134 0.2756325064439625 259
1694430660150 0.25401104507950567 260
1694430660167 0.40248339237244435 261
1694430660184 0.29261980896642964 262
1694430660202 1.209330499129404 263
1694430660218 0.31894597819796916 264
1694430660236 0.4836982221394324 265
1694430660253 0.39238505462393813 266
1694430660270 0.26808975266536333 267
1694430660287 0.2927545240844517 268
1694430660304 0.29365155645147795 269
1694430660319 0.15049938545628946 270
1694430660337 0.598777636564383 271
1694430660354 0.3319433494661124 272
1694430660371 0.28534907796707276 273
1694430660388 0.2276594128809227 274
1694430660405 0.26344841328403296 275
1694430660422 0.2982059752612522 276
1694430660440 0.3710191764021261 277
1694430660456 0.3357876892080891 278
1694430660472 0.342901213681246 279
1694430660489 0.2592316337784442 280
1694430660506 0.3687726560526781 281
1694430660523 0.20042459412043692 282
1694430660540 0.2154329291040109 283
1694430660556 0.24837295961181155 284
1694430660572 0.4731953331195041 285
1694430660589 0.26608677221526594 286
1694430660606 0.33713755840195964 287
1694430660623 0.2944114006510233 288
1694430660643 0.3168919448350365 289
1694430660660 0.3885331777453754 290
1694430660677 0.26830568977778024 291
1694430660694 0.3193851534313156 292
1694430660710 0.3368935060106323 293
1694430660728 0.23564728980188754 294
1694430660745 0.34941053860793503 295
1694430660762 0.30074164296923095 296
1694430660779 0.17850906077529455 297
1694430660796 0.31581157742634475 298
1694430660813 0.35765769967488403 299
1694430660831 0.2954387773823507 300
1694430660847 0.3689948835387929 301
1694430660864 0.3581081663075366 302
1694430660882 0.5770707958999673 303
1694430660898 0.42207381009292494 304
1694430660915 0.341169792854768 305
1694430660932 0.37216969260488275 306
1694430660949 0.28641409373073384 307
1694430660965 0.3367947212871944 308
1694430660982 0.3448236495833323 309
1694430660999 0.2447509727363441 310
1694430661015 0.2580814929132848 311
1694430661032 0.33684326148045673 312
1694430661048 0.3187079450135892 313
1694430661065 0.2659548036988569 314
1694430661082 0.5774308760095678 315
1694430661100 0.36011204322034607 316
1694430661116 0.2934015329753184 317
1694430661133 0.2453749013507366 318
1694430661150 0.2232421554562567 319
1694430661166 0.3501374610381146 320
1694430661184 0.21580473792768515 321
1694430661200 0.3373039493581373 322
1694430661218 0.2094945055323519 323
1694430661235 0.2370478515298522 324
1694430661253 0.29042285330137646 325
1694430661270 0.24711891976666173 326
1694430661287 0.29028524159063274 327
1694430661304 0.2935982426257909 328
1694430661321 0.25220556601391836 329
1694430661339 0.2507606716647551 330
1694430661356 0.29529269259474944 331
1694430661372 0.381747074940495 332
1694430661389 0.40780721302447226 333
1694430661405 0.360839452454094 334
1694430661422 0.23600878963098235 335
1694430661439 0.37277386145835234 336
1694430661456 0.4085501536711988 337
1694430661472 0.40265254404428996 338
1694430661489 0.25193684381017845 339
1694430661505 0.332055338889901 340
1694430661522 0.3955445087963691 341
1694430661539 0.30041767904926026 342
1694430661555 0.2675025373871767 343
1694430661572 0.24314136710218598 344
1694430661590 0.26084077396143807 345
1694430661607 0.30294083174436687 346
1694430661625 0.25026103249414866 347
1694430661642 0.31108529937971846 348
1694430661659 0.31823208392487246 349
1694430661676 0.3840496327767641 350
1694430661692 0.24119019768209501 351
1694430661708 0.3274407813729804 352
1694430661725 0.3483477699798071 353
1694430661743 0.1340928033174728 354
1694430661760 0.2807893017488447 355
1694430661776 0.18011796922457515 356
1694430661794 0.28772089550283664 357
1694430661810 0.25319606344688006 358
1694430661829 0.3225577123333772 359
1694430661848 0.15994657877735105 360
1694430661864 0.3577619959389998 361
1694430661881 0.18672974574051512 362
1694430661899 0.4055067320683299 363
1694430661915 0.3066798866785422 364
1694430661932 0.28135733542588276 365
1694430661949 0.42489431056107785 366
1694430661966 0.2940844962186095 367
1694430661982 0.391783738421982 368
1694430661998 0.32515374123031476 369
1694430662015 0.4342012957685267 370
1694430662032 0.2572242814154803 371
1694430662049 0.3758057503131167 372
1694430662066 0.25260231655544446 373
1694430662083 0.3099990990415837 374
1694430662099 0.352061611621444 375
1694430662116 0.3402973669311945 376
1694430662133 0.3561909027455622 377
1694430662151 0.4029335078896616 378
1694430662167 0.3317013953021927 379
1694430662184 0.36887539640926875 380
1694430662202 0.25202952090322983 381
1694430662217 0.29661410962602236 382
1694430662234 0.24641063162869006 383
1694430662251 0.27260581223890773 384
1694430662268 0.3166665374318324 385
1694430662284 0.13893544807825878 386
1694430662301 0.2012339001864039 387
1694430662317 0.3381167477952035 388
1694430662334 0.22206890738198065 389
1694430662351 0.19325175088394375 390
1694430662368 0.22987431007045386 391
1694430662385 0.3083056203368821 392
1694430662402 0.47549426132155254 393
1694430662420 0.1383393352979236 394
1694430662438 0.2513844937171777 395
1694430662456 0.367137505314392 396
1694430662475 0.5985423973619277 397
1694430662492 0.3076873733794055 398
1694430662508 0.2768535477996391 399
1694430662524 0.19591225141005122 400
1694430662541 0.2274905349231414 401
1694430662559 0.26215454114595993 402
1694430662575 0.30617722353803173 403
1694430662593 0.24954688393690788 404
1694430662610 0.38205105239805404 405
1694430662627 0.28348869698511103 406
1694430662645 0.42937449125127497 407
1694430662662 0.5302384719037077 408
1694430662679 0.4049608286417329 409
1694430662696 0.24528904517475986 410
1694430662712 0.2945799961471285 411
1694430662729 0.24179395354216168 412
1694430662746 0.22310212354035228 413
1694430662763 0.2708556326955758 414
1694430662780 0.28309725100052013 415
1694430662797 0.3220385854988867 416
1694430662814 0.23107481692226634 417
1694430662831 0.33667298011521524 418
1694430662848 0.3558686240558568 419
1694430662866 0.274510386359999 420
1694430662883 0.38685206886719176 421
1694430662900 0.24687850125729213 422
1694430662916 0.30271165798962824 423
1694430662933 0.41277539217818754 424
1694430662952 0.34641758162277114 425
1694430662968 0.2759284794630385 426
1694430662985 0.22857610230204145 427
1694430663002 0.2875285284355717 428
1694430663020 0.2636708711724283 429
1694430663037 0.2853374322565781 430
1694430663054 0.3584848333643246 431
1694430663071 0.2248353786865461 432
1694430663088 0.5607904656077718 433
1694430663105 0.6726434711327439 434
1694430663122 0.2542199157475217 435
1694430663139 0.2620741492100355 436
1694430663156 0.3118622448179168 437
1694430663173 0.2914346365069656 438
1694430663190 0.38860180047049236 439
1694430663207 0.408156779417549 440
1694430663224 0.2705818992555142 441
1694430663242 0.19376271384678714 442
1694430663259 0.14544439713766663 443
1694430663275 0.17362234916378255 444
1694430663292 0.1746452843284458 445
1694430663309 0.19410012298646756 446
1694430663326 0.20226495942303502 447
1694430663343 0.19843458359597185 448
1694430663360 0.4004240296800197 449
1694430663377 0.22281189629333475 450
1694430663394 0.30505275506135066 451
1694430663410 0.247139125519036 452
1694430663427 0.498394248402256 453
1694430663444 0.276194764316393 454
1694430663462 0.43683168290490515 455
1694430663478 0.4804787266712828 456
1694430663495 0.34867069970155534 457
1694430663511 0.2862356880451601 458
1694430663527 0.23976089223860272 459
1694430663544 0.5134104606039431 460
1694430663561 0.3870739852620205 461
1694430663577 0.2625429996060117 462
1694430663595 0.28038029264482833 463
1694430663612 0.2674459708978828 464
1694430663630 0.22858142804756204 465
1694430663647 0.29427465574326556 466
1694430663664 0.14372556244908494 467
1694430663681 0.38421118476332633 468
1694430663698 0.40113421195662907 469
1694430663714 0.40120446654776937 470
1694430663732 0.24987582199146355 471
1694430663748 0.3692342045870605 472
1694430663766 0.34566159766393934 473
1694430663783 0.24674149098475093 474
1694430663799 0.3864650058156905 475
1694430663816 0.2585242099490308 476
1694430663832 0.21288606296671628 477
1694430663850 0.25612891779778035 478
1694430663867 0.3375457490418267 479
1694430663884 0.16692649105642435 480
1694430663900 0.21682148484923797 481
1694430663917 0.29609183785911114 482
1694430663934 0.21161573583591625 483
1694430663951 0.3520387750514325 484
1694430663968 0.3255811824595015 485
1694430663984 0.32353346365328084 486
1694430664001 0.31516455074701893 487
1694430664017 0.2311421740788032 488
1694430664033 0.2884681734475888 489
1694430664050 0.5346902611454512 490
1694430664067 0.24838170619897373 491
1694430664083 0.4763055419977634 492
1694430664101 0.3571921581649012 493
1694430664117 0.2636426165560844 494
1694430664134 0.16963311976238635 495
1694430664151 0.37738421551432155 496
1694430664169 0.35234810898071617 497
1694430664187 0.3241440314651574 498
1694430664204 0.5180239929218505 499
