1694428449897 169.39527028113514 0
1694428449913 169.39380659352562 1
1694428449927 169.39234510260616 2
1694428449942 169.39088580500865 3
1694428449957 169.3894286973701 4
1694428449970 169.38797377633284 5
1694428449985 169.38652103854426 6
1694428449998 169.38507048065705 7
1694428450012 169.38362209932907 8
1694428450026 169.38217589122337 9
1694428450040 169.38073185300811 10
1694428450055 169.37928998135664 11
1694428450072 169.37785027294748 12
1694428450090 169.3764127244643 13
1694428450104 169.37497733259582 14
1694428450118 169.37354409403608 15
1694428450132 169.372113005484 16
1694428450146 169.3706840636438 17
1694428450162 169.36925726522472 18
1694428450176 169.3678326069411 19
1694428450189 169.3664100855124 20
1694428450203 169.36498969766313 21
1694428450217 169.3635714401229 22
1694428450231 169.36215530962636 23
1694428450246 169.36074130291323 24
1694428450260 169.35932941672831 25
1694428450274 169.35791964782132 26
1694428450288 169.35651199294722 27
1694428450302 169.35510644886583 28
1694428450317 169.353703012342 29
1694428450334 169.3523016801457 30
1694428450348 169.3509024490518 31
1694428450362 169.3495053158402 32
1694428450376 169.34811027729575 33
1694428450390 169.34671733020835 34
1694428450404 169.34532647137277 35
1694428450418 169.34393769758893 36
1694428450432 169.3425510056615 37
1694428450449 169.34116639240017 38
1694428450467 169.3397838546196 39
1694428450485 169.33840338913942 40
1694428450503 169.33702499278405 41
1694428450521 169.33564866238297 42
1694428450542 169.33427439477043 43
1694428450562 169.33290218678576 44
1694428450581 169.331532035273 45
1694428450600 169.3301639370812 46
1694428450619 169.32879788906428 47
1694428450637 169.32743388808092 48
1694428450652 169.32607193099483 49
1694428450666 169.32471201467442 50
1694428450679 169.3233541359931 51
1694428450694 169.32199829182898 52
1694428450708 169.32064447906515 53
1694428450721 169.31929269458934 54
1694428450735 169.31794293529427 55
1694428450750 169.31659519807738 56
1694428450763 169.315249479841 57
1694428450777 169.31390577749207 58
1694428450791 169.31256408794258 59
1694428450804 169.31122440810904 60
1694428450818 169.30988673491296 61
1694428450833 169.30855106528054 62
1694428450846 169.30721739614256 63
1694428450861 169.30588572443486 64
1694428450879 169.3045560470978 65
1694428450893 169.3032283610766 66
1694428450907 169.30190266332113 67
1694428450920 169.30057895078596 68
1694428450935 169.29925722043055 69
1694428450948 169.2979374692188 70
1694428450963 169.2966196941196 71
1694428450979 169.2953038921063 72
1694428450993 169.293990060157 73
1694428451008 169.29267819525458 74
1694428451021 169.29136829438647 75
1694428451035 169.2900603545448 76
1694428451049 169.28875437272637 77
1694428451062 169.28745034593265 78
1694428451076 169.2861482711697 79
1694428451090 169.28484814544828 80
1694428451104 169.28354996578366 81
1694428451118 169.2822537291959 82
1694428451132 169.28095943270947 83
1694428451146 169.27966707335364 84
1694428451161 169.2783766481622 85
1694428451175 169.2770881541735 86
1694428451188 169.2758015884305 87
1694428451202 169.2745169479808 88
1694428451216 169.2732342298764 89
1694428451230 169.27195343117407 90
1694428451243 169.270674548935 91
1694428451257 169.269397580225 92
1694428451273 169.26812252211434 93
1694428451288 169.2668493716779 94
1694428451302 169.26557812599515 95
1694428451315 169.26430878214984 96
1694428451330 169.2630413372305 97
1694428451345 169.26177578832997 98
1694428451360 169.26051213254578 99
1694428451374 169.25925036697978 100
1694428451387 169.25799048873841 101
1694428451401 169.25673249493252 102
1694428451415 169.2554763826775 103
1694428451429 169.25422214909312 104
1694428451443 169.2529697913037 105
1694428451457 169.25171930643793 106
1694428451471 169.25047069162906 107
1694428451484 169.2492239440146 108
1694428451498 169.24797906073667 109
1694428451512 169.24673603894172 110
1694428451526 169.2454948757806 111
1694428451540 169.2442555684086 112
1694428451557 169.2430181139854 113
1694428451573 169.24178250967512 114
1694428451588 169.24054875264628 115
1694428451605 169.23931684007164 116
1694428451619 169.23808676912853 117
1694428451632 169.23685853699848 118
1694428451646 169.23563214086747 119
1694428451661 169.23440757792585 120
1694428451675 169.23318484536827 121
1694428451688 169.23196394039377 122
1694428451702 169.2307448602056 123
1694428451715 169.22952760201156 124
1694428451729 169.22831216302353 125
1694428451743 169.22709854045792 126
1694428451758 169.22588673153527 127
1694428451771 169.22467673348052 128
1694428451785 169.22346854352287 129
1694428451799 169.22226215889586 130
1694428451813 169.2210575768372 131
1694428451827 169.21985479458903 132
1694428451842 169.21865380939764 133
1694428451855 169.21745461851359 134
1694428451869 169.2162572191917 135
1694428451884 169.21506160869112 136
1694428451898 169.21386778427512 137
1694428451911 169.2126757432113 138
1694428451925 169.2114854827714 139
1694428451939 169.2102970002315 140
1694428451954 169.20911029287177 141
1694428451973 169.20792535797668 142
1694428451992 169.2067421928348 143
1694428452011 169.20556079473906 144
1694428452026 169.2043811609864 145
1694428452041 169.2032032888781 146
1694428452055 169.20202717571945 147
1694428452070 169.20085281882 148
1694428452088 169.19968021549354 149
1694428452102 169.19850936305784 150
1694428452116 169.19734025883503 151
1694428452130 169.1961729001512 152
1694428452144 169.19500728433658 153
1694428452158 169.19384340872568 154
1694428452172 169.19268127065712 155
1694428452186 169.19152086747337 156
1694428452199 169.19036219652142 157
1694428452213 169.18920525515202 158
1694428452228 169.18805004072016 159
1694428452242 169.18689655058495 160
1694428452255 169.18574478210954 161
1694428452270 169.18459473266117 162
1694428452284 169.18344639961114 163
1694428452298 169.18229978033483 164
1694428452312 169.18115487221166 165
1694428452326 169.18001167262523 166
1694428452340 169.17887017896294 167
1694428452355 169.17773038861645 168
1694428452369 169.17659229898135 169
1694428452383 169.17545590745726 170
1694428452398 169.1743212114479 171
1694428452412 169.17318820836095 172
1694428452426 169.17205689560808 173
1694428452440 169.170927270605 174
1694428452454 169.16979933077138 175
1694428452467 169.16867307353095 176
1694428452481 169.16754849631135 177
1694428452495 169.16642559654423 178
1694428452509 169.16530437166523 179
1694428452522 169.16418481911393 180
1694428452536 169.16306693633388 181
1694428452550 169.1619507207726 182
1694428452565 169.16083616988155 183
1694428452579 169.15972328111607 184
1694428452593 169.1586120519355 185
1694428452608 169.15750247980318 186
1694428452628 169.15639456218622 187
1694428452643 169.15528829655574 188
1694428452663 169.15418368038678 189
1694428452678 169.1530807111582 190
1694428452692 169.15197938635285 191
1694428452706 169.15087970345743 192
1694428452720 169.14978165996254 193
1694428452732 169.14868525336266 194
1694428452747 169.1475904811562 195
1694428452762 169.14649734084526 196
1694428452775 169.145405829936 197
1694428452789 169.1443159459384 198
1694428452803 169.1432276863662 199
1694428452816 169.14214104873702 200
1694428452830 169.14105603057237 201
1694428452846 169.13997262939753 202
1694428452860 169.13889084274172 203
1694428452875 169.13781066813777 204
1694428452888 169.13673210312257 205
1694428452902 169.13565514523663 206
1694428452916 169.13457979202437 207
1694428452929 169.1335060410339 208
1694428452944 169.13243388981732 209
1694428452958 169.13136333593033 210
1694428452973 169.13029437693243 211
1694428452988 169.12922701038698 212
1694428453003 169.12816123386105 213
1694428453017 169.1270970449255 214
1694428453031 169.1260344411549 215
1694428453045 169.1249734201276 216
1694428453060 169.1239139794257 217
1694428453075 169.12285611663503 218
1694428453089 169.1217998293452 219
1694428453103 169.12074511514945 220
1694428453120 169.1196919716448 221
1694428453140 169.118640396432 222
1694428453155 169.1175903871155 223
1694428453169 169.11654194130344 224
1694428453183 169.1154950566076 225
1694428453196 169.1144497306436 226
1694428453210 169.1134059610306 227
1694428453224 169.11236374539155 228
1694428453238 169.11132308135296 229
1694428453252 169.11028396654513 230
1694428453266 169.10924639860198 231
1694428453280 169.10821037516106 232
1694428453294 169.10717589386357 233
1694428453308 169.1061429523544 234
1694428453322 169.10511154828205 235
1694428453337 169.10408167929867 236
1694428453352 169.10305334306003 237
1694428453366 169.10202653722553 238
1694428453379 169.1010012594582 239
1694428453394 169.09997750742463 240
1694428453407 169.09895527879507 241
1694428453421 169.09793457124346 242
1694428453437 169.09691538244707 243
1694428453451 169.09589771008697 244
1694428453465 169.0948815518479 245
1694428453479 169.09386690541788 246
1694428453493 169.09285376848874 247
1694428453506 169.0918421387558 248
1694428453520 169.090832013918 249
1694428453535 169.08982339167773 250
1694428453549 169.08881626974105 251
1694428453563 169.08781064581746 252
1694428453577 169.08680651762 253
1694428453591 169.08580388286543 254
1694428453606 169.08480273927378 255
1694428453620 169.0838030845688 256
1694428453633 169.08280491647764 257
1694428453648 169.08180823273102 258
1694428453662 169.0808130310632 259
1694428453677 169.0798193092118 260
1694428453693 169.07882706491816 261
1694428453710 169.07783629592691 262
1694428453727 169.0768469999862 263
1694428453744 169.0758591748478 264
1694428453757 169.0748728182668 265
1694428453771 169.07388792800182 266
1694428453785 169.07290450181497 267
1694428453799 169.07192253747172 268
1694428453813 169.07094203274113 269
1694428453827 169.06996298539565 270
1694428453841 169.06898539321116 271
1694428453855 169.06800925396684 272
1694428453869 169.06703456544565 273
1694428453883 169.06606132543365 274
1694428453897 169.06508953172047 275
1694428453911 169.0641191820991 276
1694428453925 169.06315027436605 277
1694428453939 169.06218280632103 278
1694428453954 169.06121677576738 279
1694428453970 169.06025218051167 280
1694428453984 169.05928901836396 281
1694428453998 169.05832728713756 282
1694428454010 169.05736698464935 283
1694428454025 169.05640810871944 284
1694428454038 169.0554506571714 285
1694428454052 169.054494627832 286
1694428454067 169.05354001853163 287
1694428454081 169.0525868271038 288
1694428454095 169.05163505138546 289
1694428454109 169.0506846892169 290
1694428454122 169.04973573844174 291
1694428454136 169.04878819690694 292
1694428454151 169.04784206246285 293
1694428454165 169.04689733296297 294
1694428454179 169.04595400626425 295
1694428454193 169.04501208022697 296
1694428454207 169.04407155271463 297
1694428454224 169.04313242159404 298
1694428454243 169.04219468473542 299
1694428454262 169.04125834001212 300
1694428454276 169.0403233853008 301
1694428454290 169.03938981848165 302
1694428454303 169.03845763743774 303
1694428454318 169.03752684005573 304
1694428454332 169.03659742422533 305
1694428454346 169.03566938783965 306
1694428454361 169.03474272879507 307
1694428454376 169.033817444991 308
1694428454391 169.0328935343304 309
1694428454405 169.03197099471927 310
1694428454419 169.03104982406688 311
1694428454433 169.0301300202858 312
1694428454447 169.02921158129172 313
1694428454460 169.02829450500363 314
1694428454476 169.0273787893437 315
1694428454490 169.02646443223733 316
1694428454504 169.02555143161308 317
1694428454518 169.0246397854028 318
1694428454532 169.0237294915414 319
1694428454546 169.02282054796711 320
1694428454559 169.02191295262125 321
1694428454574 169.02100670344845 322
1694428454588 169.02010179839633 323
1694428454604 169.01919823541581 324
1694428454618 169.01829601246098 325
1694428454633 169.017395127489 326
1694428454648 169.01649557846028 327
1694428454662 169.01559736333832 328
1694428454676 169.01470048008977 329
1694428454690 169.0138049266845 330
1694428454705 169.01291070109528 331
1694428454718 169.01201780129838 332
1694428454733 169.0111262252729 333
1694428454747 169.01023597100118 334
1694428454762 169.0093470364687 335
1694428454776 169.0084594196639 336
1694428454795 169.0075731185785 337
1694428454810 169.00668813120726 338
1694428454828 169.005804455548 339
1694428454842 169.00492208960173 340
1694428454856 169.00404103137242 341
1694428454872 169.00316127886717 342
1694428454885 169.00228283009625 343
1694428454899 169.00140568307285 344
1694428454913 169.00052983581332 345
1694428454926 168.9996552863371 346
1694428454940 168.9987820326666 347
1694428454955 168.99791007282735 348
1694428454969 168.9970394048479 349
1694428454983 168.99617002675987 350
1694428454996 168.99530193659788 351
1694428455011 168.99443513239964 352
1694428455025 168.99356961220582 353
1694428455038 168.9927053740602 354
1694428455052 168.99184241600946 355
1694428455066 168.99098073610344 356
1694428455080 168.99012033239492 357
1694428455094 168.98926120293967 358
1694428455108 168.98840334579646 359
1694428455122 168.98754675902714 360
1694428455136 168.9866914406964 361
1694428455150 168.98583738887208 362
1694428455164 168.98498460162494 363
1694428455178 168.98413307702867 364
1694428455192 168.98328281315997 365
1694428455206 168.9824338080986 366
1694428455219 168.9815860599271 367
1694428455233 168.9807395667312 368
1694428455246 168.9798943265993 369
1694428455260 168.97905033762302 370
1694428455275 168.97820759789673 371
1694428455290 168.97736610551792 372
1694428455303 168.97652585858683 373
1694428455318 168.9756868552068 374
1694428455336 168.97484909348404 375
1694428455356 168.9740125715276 376
1694428455373 168.97317728744957 377
1694428455387 168.97234323936487 378
1694428455400 168.97151042539141 379
1694428455415 168.9706788436499 380
1694428455428 168.96984849226408 381
1694428455442 168.96901936936047 382
1694428455456 168.96819147306854 383
1694428455471 168.96736480152063 384
1694428455486 168.96653935285198 385
1694428455500 168.9657151252007 386
1694428455514 168.96489211670777 387
1694428455527 168.96407032551704 388
1694428455542 168.96324974977526 389
1694428455555 168.96243038763197 390
1694428455569 168.9616122372396 391
1694428455583 168.96079529675345 392
1694428455597 168.9599795643317 393
1694428455611 168.95916503813527 394
1694428455626 168.958351716328 395
1694428455640 168.9575395970765 396
1694428455654 168.95672867855032 397
1694428455668 168.95591895892179 398
1694428455683 168.9551104363659 399
1694428455697 168.95430310906073 400
1694428455710 168.95349697518694 401
1694428455725 168.95269203292816 402
1694428455739 168.9518882804707 403
1694428455754 168.9510857160038 404
1694428455767 168.95028433771938 405
1694428455781 168.9494841438122 406
1694428455796 168.94868513247977 407
1694428455809 168.94788730192246 408
1694428455823 168.94709065034334 409
1694428455836 168.94629517594825 410
1694428455850 168.9455008769459 411
1694428455865 168.9447077515476 412
1694428455881 168.94391579796766 413
1694428455897 168.94312501442286 414
1694428455913 168.94233539913293 415
1694428455926 168.94154695032034 416
1694428455940 168.94075966621014 417
1694428455954 168.9399735450303 418
1694428455969 168.9391885850115 419
1694428455983 168.938404784387 420
1694428455996 168.93762214139295 421
1694428456009 168.93684065426817 422
1694428456024 168.93606032125422 423
1694428456039 168.93528114059527 424
1694428456053 168.93450311053834 425
1694428456067 168.9337262293331 426
1694428456082 168.93295049523186 427
1694428456096 168.9321759064897 428
1694428456109 168.93140246136437 429
1694428456124 168.9306301581163 430
1694428456139 168.92985899500863 431
1694428456153 168.92908897030716 432
1694428456168 168.9283200822804 433
1694428456182 168.92755232919941 434
1694428456195 168.9267857093381 435
1694428456209 168.9260202209729 436
1694428456224 168.92525586238295 437
1694428456238 168.92449263185011 438
1694428456252 168.92373052765876 439
1694428456266 168.92296954809598 440
1694428456279 168.9222096914516 441
1694428456293 168.92145095601785 442
1694428456308 168.92069334008985 443
1694428456321 168.91993684196524 444
1694428456335 168.91918145994424 445
1694428456350 168.91842719232974 446
1694428456364 168.91767403742728 447
1694428456379 168.91692199354495 448
1694428456394 168.9161710589935 449
1694428456408 168.91542123208623 450
1694428456422 168.91467251113912 451
1694428456439 168.91392489447065 452
1694428456458 168.91317838040203 453
1694428456473 168.9124329672569 454
1694428456486 168.9116886533617 455
1694428456499 168.91094543704511 456
1694428456514 168.91020331663876 457
1694428456527 168.90946229047663 458
1694428456542 168.9087223568953 459
1694428456555 168.90798351423402 460
1694428456570 168.90724576083443 461
1694428456583 168.90650909504095 462
1694428456598 168.90577351520028 463
1694428456611 168.90503901966187 464
1694428456627 168.90430560677777 465
1694428456641 168.90357327490233 466
1694428456656 168.90284202239258 467
1694428456670 168.9021118476082 468
1694428456684 168.90138274891115 469
1694428456699 168.90065472466608 470
1694428456712 168.8999277732402 471
1694428456726 168.89920189300304 472
1694428456739 168.89847708232682 473
1694428456754 168.89775333958622 474
1694428456768 168.8970306631585 475
1694428456781 168.8963090514232 476
1694428456795 168.8955885027626 477
1694428456810 168.8948690155614 478
1694428456824 168.8941505882067 479
1694428456837 168.89343321908822 480
1694428456851 168.8927169065981 481
1694428456865 168.89200164913098 482
1694428456880 168.89128744508386 483
1694428456894 168.89057429285643 484
1694428456908 168.88986219085064 485
1694428456922 168.88915113747103 486
1694428456936 168.88844113112458 487
1694428456949 168.8877321702207 488
1694428456964 168.8870242531712 489
1694428456982 168.88631737839052 490
1694428457001 168.88561154429533 491
1694428457019 168.8849067493049 492
1694428457034 168.88420299184077 493
1694428457048 168.88350027032715 494
1694428457067 168.88279858319044 495
1694428457081 168.88209792885968 496
1694428457095 168.8813983057661 497
1694428457108 168.88069971234358 498
1694428457122 168.88000214702825 499
