1694427678047 165.38336711642722 0
1694427678070 170.38292252278256 1
1694427678095 174.076378986867 2
1694427678117 170.89158226268873 3
1694427678136 167.8221438962104 4
1694427678155 171.74951841771127 5
1694427678170 162.80917237149288 6
1694427678185 178.0528071660744 7
1694427678200 174.54145960956208 8
1694427678215 167.9502366196128 9
1694427678230 172.71391167367162 10
1694427678246 162.38015809082168 11
1694427678260 165.22265792724176 12
1694427678274 176.11725710045718 13
1694427678288 163.17099267539012 14
1694427678303 160.4460385912005 15
1694427678317 166.43661820150425 16
1694427678332 163.2694967866431 17
1694427678348 165.73399166849873 18
1694427678362 163.94458068885146 19
1694427678377 173.251744842732 20
1694427678391 167.46181457587812 21
1694427678406 173.1994266647699 22
1694427678420 168.3372914630276 23
1694427678436 171.22699722852073 24
1694427678449 167.12803084523142 25
1694427678463 164.6783540329359 26
1694427678486 174.51927713531134 27
1694427678500 158.75670885071693 28
1694427678515 169.73133135356696 29
1694427678528 169.18338372524437 30
1694427678544 168.39294970356653 31
1694427678558 179.6176895330281 32
1694427678573 164.57406046007677 33
1694427678586 173.26286479773904 34
1694427678605 162.9669729715641 35
1694427678620 165.88390696322534 36
1694427678638 165.15438477787595 37
1694427678657 163.40267276014447 38
1694427678677 164.2679859197024 39
1694427678700 172.24523080842363 40
1694427678723 171.06878554261192 41
1694427678745 176.08092682059956 42
1694427678764 161.16413451154767 43
1694427678779 171.61553014015956 44
1694427678793 166.78929637496185 45
1694427678807 165.13952449631458 46
1694427678822 171.10039474500536 47
1694427678837 175.48540959486346 48
1694427678851 172.75793598712738 49
1694427678865 172.44702955518102 50
1694427678879 175.65405531582675 51
1694427678894 175.05860045498372 52
1694427678908 178.78392429060258 53
1694427678923 162.87221421677035 54
1694427678937 162.46429513227508 55
1694427678951 164.9921764681564 56
1694427678967 172.4610479945461 57
1694427678982 168.51477777886097 58
1694427678996 165.88329497495832 59
1694427679011 167.30600743932334 60
1694427679025 161.9480785353246 61
1694427679041 168.93576719024924 62
1694427679057 163.6644375672667 63
1694427679072 175.0659247367203 64
1694427679086 172.33278754349587 65
1694427679101 172.38174018754697 66
1694427679115 160.06463720737898 67
1694427679129 176.765650300049 68
1694427679144 167.5416342684219 69
1694427679158 173.14030006051726 70
1694427679172 168.74132247125888 71
1694427679187 165.6814484362044 72
1694427679201 176.78620846413918 73
1694427679216 165.78997984757652 74
1694427679232 179.49811991987977 75
1694427679247 164.65563180528653 76
1694427679261 166.56551866670762 77
1694427679275 170.22997749650875 78
1694427679289 163.4813246030135 79
1694427679303 187.32607870382483 80
1694427679317 170.37280116684457 81
1694427679331 171.4153064423862 82
1694427679346 164.16784811298254 83
1694427679361 169.39621863906876 84
1694427679375 159.39972984410403 85
1694427679390 180.2265240573819 86
1694427679404 172.02254633352638 87
1694427679418 165.96809236421927 88
1694427679432 165.5824814128587 89
1694427679450 177.2212077313678 90
1694427679465 166.01737125902395 91
1694427679480 163.37005040197855 92
1694427679494 161.2654803811863 93
1694427679508 163.1975087133317 94
1694427679523 168.32750003024128 95
1694427679537 163.47039718255294 96
1694427679551 168.16506459606134 97
1694427679565 163.9012085598103 98
1694427679580 164.79176133964185 99
1694427679594 162.06594191465788 100
1694427679608 163.00310527658544 101
1694427679622 169.03119213015887 102
1694427679636 167.3472913677464 103
1694427679651 169.6371736595485 104
1694427679665 167.95374885031316 105
1694427679678 175.14903890715348 106
1694427679692 164.00268607084058 107
1694427679707 176.50904568152552 108
1694427679722 169.73101061499162 109
1694427679743 167.16742893241604 110
1694427679759 173.47478548029736 111
1694427679778 168.89380910871 112
1694427679796 166.94562817947045 113
1694427679810 164.41999720227494 114
1694427679825 174.23482242343056 115
1694427679840 164.90440297799026 116
1694427679854 175.85685417882604 117
1694427679869 171.15842838038614 118
1694427679883 163.97003583580377 119
1694427679897 169.86096137772037 120
1694427679911 166.66847934074775 121
1694427679925 165.33675564871552 122
1694427679940 171.58707537763163 123
1694427679954 167.76773218590432 124
1694427679975 170.27029407504148 125
1694427679991 171.33154963575674 126
1694427680005 177.8906655731141 127
1694427680020 164.1260480631059 128
1694427680034 165.14803634382156 129
1694427680049 166.9127762706626 130
1694427680063 165.5615113290119 131
1694427680077 174.2498518139627 132
1694427680091 168.44980928662594 133
1694427680106 169.72980326609886 134
1694427680120 181.64395352219157 135
1694427680134 169.19398997991516 136
1694427680149 165.75798553150412 137
1694427680164 176.73424209310565 138
1694427680182 162.66548009027701 139
1694427680202 171.04009004854794 140
1694427680217 167.01052317318388 141
1694427680233 172.35289199253322 142
1694427680248 162.6899622522093 143
1694427680262 164.17780561022172 144
1694427680276 165.26416049921477 145
1694427680291 168.32181442938327 146
1694427680306 163.72004541594893 147
1694427680320 176.370194252745 148
1694427680335 159.91905836862438 149
1694427680349 161.80576069902614 150
1694427680363 162.7021348807159 151
1694427680378 166.38857646665306 152
1694427680392 165.96427000044943 153
1694427680406 169.07204398419876 154
1694427680420 166.96218303067172 155
1694427680435 176.68726029775345 156
1694427680449 170.5536064042326 157
1694427680463 169.1614451429589 158
1694427680479 172.70748871010397 159
1694427680495 168.6556371830312 160
1694427680509 174.89238001654968 161
1694427680523 164.0608433583682 162
1694427680538 160.96648971691806 163
1694427680552 167.42262581896506 164
1694427680566 169.6088339471271 165
1694427680580 174.02584871462275 166
1694427680594 174.45530277370014 167
1694427680609 169.4679077899082 168
1694427680623 169.73350834468874 169
1694427680638 161.1014172945971 170
1694427680652 168.95459109403416 171
1694427680666 164.25212170028584 172
1694427680680 170.6588180923138 173
1694427680694 169.22690016823324 174
1694427680708 171.45502825758268 175
1694427680722 171.21492948361814 176
1694427680737 179.3953879217924 177
1694427680752 171.5588277324911 178
1694427680766 168.6997676456152 179
1694427680780 164.6694921692031 180
1694427680795 169.21620842409743 181
1694427680809 171.45898712792095 182
1694427680827 166.42864679284023 183
1694427680847 171.02969754798846 184
1694427680865 169.54812557507344 185
1694427680884 168.73786899049955 186
1694427680899 170.8375519044825 187
1694427680913 168.1584825657626 188
1694427680928 161.70719163609047 189
1694427680942 164.5988752068544 190
1694427680956 167.8951740080549 191
1694427680971 168.5739130123606 192
1694427680985 169.07324008304772 193
1694427680999 168.04684987056785 194
1694427681014 162.20353973133192 195
1694427681028 166.09693528804524 196
1694427681042 167.93405787687152 197
1694427681057 186.94823862527113 198
1694427681071 171.51576319354882 199
1694427681085 174.55512996399582 200
1694427681099 178.7896609118179 201
1694427681114 167.42008194338024 202
1694427681129 179.55008154476872 203
1694427681143 160.61656613394774 204
1694427681158 164.62158671549315 205
1694427681173 170.68441669921685 206
1694427681187 174.88279222492883 207
1694427681201 172.80431610319957 208
1694427681215 161.46339043838108 209
1694427681230 175.30617508762435 210
1694427681245 163.65443416478692 211
1694427681259 168.92914723090522 212
1694427681273 167.90426403843824 213
1694427681289 164.1894245350931 214
1694427681309 175.02043197703577 215
1694427681327 173.66634862467933 216
1694427681344 165.97958006079463 217
1694427681359 165.07300914036298 218
1694427681374 176.87960884643675 219
1694427681388 170.94487619076105 220
1694427681402 172.50525672746772 221
1694427681416 166.8518418272788 222
1694427681430 163.3917758996002 223
1694427681445 172.2116300951882 224
1694427681459 167.00073093142214 225
1694427681473 160.83670165017165 226
1694427681488 169.36133216210942 227
1694427681502 165.356915802748 228
1694427681516 166.81243994671985 229
1694427681531 169.81303267266273 230
1694427681545 169.98577770440232 231
1694427681559 167.44940832613358 232
1694427681573 161.0531498293117 233
1694427681588 170.11630748777557 234
1694427681602 166.8621315611735 235
1694427681617 170.95386454578767 236
1694427681631 161.07633658941472 237
1694427681645 170.2609363729574 238
1694427681659 176.9534812933544 239
1694427681673 173.37403712547763 240
1694427681687 164.3518941487068 241
1694427681701 165.98014452139282 242
1694427681716 166.20476168272015 243
1694427681729 173.52312723786534 244
1694427681744 164.2085036648792 245
1694427681758 168.2860838177376 246
1694427681772 162.34766826453188 247
1694427681787 173.2737298510205 248
1694427681801 170.60876552611322 249
1694427681815 172.78866615530316 250
1694427681829 168.30651918116564 251
1694427681844 169.82600570873814 252
1694427681859 174.97850408961514 253
1694427681872 163.3390641714663 254
1694427681887 165.14141122838438 255
1694427681901 163.23404445696139 256
1694427681917 176.37924860092608 257
1694427681933 172.37391655686812 258
1694427681951 176.71287771261015 259
1694427681970 164.90612210291482 260
1694427681986 165.6850436312021 261
1694427682000 170.82803048464692 262
1694427682015 168.32903731126382 263
1694427682029 164.4943085281332 264
1694427682044 166.34588729637474 265
1694427682058 174.53008967647494 266
1694427682073 161.57302843224903 267
1694427682087 177.6920116695557 268
1694427682101 166.19907699527272 269
1694427682116 168.8833859791915 270
1694427682132 162.4147191567441 271
1694427682146 179.90356987438685 272
1694427682161 159.39652958441383 273
1694427682175 166.1425716140109 274
1694427682189 159.5328332043022 275
1694427682203 173.05552675996267 276
1694427682217 165.1134589509622 277
1694427682231 162.4270621823933 278
1694427682247 165.9749934223648 279
1694427682261 171.5845502736409 280
1694427682276 165.07526443480316 281
1694427682290 164.42081779232353 282
1694427682304 168.15680548635558 283
1694427682318 169.03118178324917 284
1694427682333 172.72897755097273 285
1694427682347 166.37187449454635 286
1694427682362 162.66944417025516 287
1694427682377 174.67282782367323 288
1694427682391 168.78677937735918 289
1694427682406 170.84732767442733 290
1694427682421 170.68163139092968 291
1694427682440 180.08653780954316 292
1694427682458 167.24996555445023 293
1694427682473 164.13130891572933 294
1694427682488 164.8664945372315 295
1694427682503 170.51227112467745 296
1694427682518 175.6843575703904 297
1694427682532 163.44994291415222 298
1694427682547 166.3218112051808 299
1694427682561 168.5553782639483 300
1694427682575 181.92612169720988 301
1694427682590 178.35497359616056 302
1694427682604 170.49199242519668 303
1694427682619 168.47449136548124 304
1694427682632 169.19548862635676 305
1694427682648 162.33436651778086 306
1694427682662 174.34554888179733 307
1694427682677 166.387462582955 308
1694427682691 171.22489259972863 309
1694427682705 168.55674548422206 310
1694427682720 165.36709440697868 311
1694427682734 169.1729551363936 312
1694427682749 167.76167922046525 313
1694427682764 165.04572135533482 314
1694427682779 165.8204884705363 315
1694427682792 170.38761181216472 316
1694427682806 168.1002611760225 317
1694427682821 164.87173160237518 318
1694427682835 167.97106510393547 319
1694427682849 164.83873982886175 320
1694427682864 164.71905293391993 321
1694427682878 165.6514949082623 322
1694427682893 166.53992653826097 323
1694427682907 173.8956351275635 324
1694427682922 166.39824110474154 325
1694427682937 167.51299488388227 326
1694427682951 172.4296276510194 327
1694427682964 162.5663644777217 328
1694427682978 169.7684609895287 329
1694427682992 166.04846498668707 330
1694427683008 166.94912778012346 331
1694427683022 175.84976923937128 332
1694427683040 164.9723502197822 333
1694427683058 167.403714712703 334
1694427683075 170.2115993406559 335
1694427683091 166.1730273784875 336
1694427683105 169.9120531318333 337
1694427683119 174.0525012376011 338
1694427683134 171.54880380951803 339
1694427683149 167.90900314061642 340
1694427683163 169.48511249998916 341
1694427683177 176.87725754449053 342
1694427683191 161.4644382347103 343
1694427683205 165.92861239898886 344
1694427683220 158.1881248475716 345
1694427683235 164.75183339855604 346
1694427683249 163.5180860497705 347
1694427683263 171.2172481054375 348
1694427683278 172.1856498290643 349
1694427683291 181.0833608708821 350
1694427683306 184.16983415891386 351
1694427683320 168.9668499488942 352
1694427683334 166.13628778020302 353
1694427683349 167.8004330753416 354
1694427683364 162.95460959609568 355
1694427683379 175.42797475156723 356
1694427683394 169.39226282790875 357
1694427683408 171.94451244396137 358
1694427683422 163.87602659898698 359
1694427683437 169.84075123175109 360
1694427683451 167.28763537792278 361
1694427683465 170.06206652388204 362
1694427683481 169.82371101465134 363
1694427683494 160.59924398525496 364
1694427683509 169.31273230270307 365
1694427683523 166.98771037076673 366
1694427683542 173.25842267446143 367
1694427683559 167.3799890721557 368
1694427683577 166.9226928334526 369
1694427683591 166.8183611303114 370
1694427683606 170.50130917335446 371
1694427683621 163.9651345062771 372
1694427683636 166.00067990807574 373
1694427683651 166.05265946916546 374
1694427683666 168.86847572680813 375
1694427683681 163.0130682476183 376
1694427683695 167.4511756688103 377
1694427683709 161.7131414768075 378
1694427683724 179.31550030041103 379
1694427683738 165.74416667952565 380
1694427683754 171.95639030334084 381
1694427683767 176.37507345602015 382
1694427683782 167.50317756445585 383
1694427683797 168.67653645611375 384
1694427683811 172.38627532494795 385
1694427683825 160.05948684367908 386
1694427683839 193.67546476312643 387
1694427683854 165.14114185599783 388
1694427683868 172.63633562233832 389
1694427683882 164.18256086117057 390
1694427683897 168.79866838182826 391
1694427683911 163.91832765234875 392
1694427683926 163.17458999892003 393
1694427683940 176.1487337766501 394
1694427683955 170.44888945520162 395
1694427683969 166.56232027499507 396
1694427683983 171.03976949581138 397
1694427683997 169.9071287903435 398
1694427684012 170.1213021675385 399
1694427684027 165.47778977936304 400
1694427684040 175.64463616376048 401
1694427684055 165.68189535639672 402
1694427684070 168.85177128293475 403
1694427684083 163.8861627331797 404
1694427684097 168.12861561701652 405
1694427684112 174.05574246467444 406
1694427684128 163.65875580656981 407
1694427684147 171.58452249540264 408
1694427684167 169.98324715992163 409
1694427684182 172.24390412173008 410
1694427684197 159.67219444296776 411
1694427684211 165.52673435077364 412
1694427684226 172.82422039727265 413
1694427684240 174.07209984504183 414
1694427684255 165.4792023620912 415
1694427684270 163.61030458522652 416
1694427684284 173.4902374525781 417
1694427684298 164.10135819839277 418
1694427684312 175.46729510793767 419
1694427684327 164.8309832871276 420
1694427684341 160.45095780509948 421
1694427684356 169.7421130640219 422
1694427684370 171.26893208481326 423
1694427684385 165.21652450606808 424
1694427684400 161.57704952525177 425
1694427684414 167.0374165638349 426
1694427684429 175.83917696697395 427
1694427684443 170.3647821710431 428
1694427684457 167.71013839961276 429
1694427684471 163.8870067110171 430
1694427684486 169.50843581845717 431
1694427684500 162.95530772331273 432
1694427684515 166.40591699975056 433
1694427684529 169.27615780144285 434
1694427684543 166.7285128099963 435
1694427684558 162.74875383356022 436
1694427684572 162.43706351296595 437
1694427684586 163.86790703924476 438
1694427684600 166.41030640571685 439
1694427684614 166.11350358182608 440
1694427684629 178.3429282556942 441
1694427684643 178.744118031502 442
1694427684663 170.80686889530872 443
1694427684680 167.57803426714432 444
1694427684697 166.64465984239953 445
1694427684712 162.13991120667242 446
1694427684726 169.72045838277697 447
1694427684741 163.39976535251108 448
1694427684755 161.44776750238725 449
1694427684770 172.10464671810752 450
1694427684784 165.16858230635532 451
1694427684800 163.67638146413668 452
1694427684814 163.22991422185214 453
1694427684829 161.05240369561426 454
1694427684843 162.08870726145975 455
1694427684857 173.7777783304833 456
1694427684872 173.85970109099543 457
1694427684885 177.67515812020415 458
1694427684900 182.65077311622414 459
1694427684917 166.18322782967692 460
1694427684934 174.35172367957827 461
1694427684952 169.7946507092121 462
1694427684974 177.9786499330671 463
1694427684992 169.70367001268235 464
1694427685014 159.55205996537367 465
1694427685031 165.32327509833044 466
1694427685052 173.6420671622016 467
1694427685072 164.49484503121553 468
1694427685091 158.15190449454786 469
1694427685111 176.57837638976113 470
1694427685129 166.79993640630912 471
1694427685144 166.89555424280002 472
1694427685158 168.01760451922308 473
1694427685172 172.12571334724495 474
1694427685186 174.37970466713028 475
1694427685200 169.5688664161486 476
1694427685215 161.5039762843203 477
1694427685229 164.40556434894322 478
1694427685247 165.39768408110757 479
1694427685263 169.64218866529845 480
1694427685280 165.17985548483998 481
1694427685294 162.93213236864653 482
1694427685309 176.37537965872747 483
1694427685323 169.34371737898232 484
1694427685337 165.48050378026207 485
1694427685352 166.73298332252662 486
1694427685366 168.796450594062 487
1694427685381 174.2251583345259 488
1694427685396 175.48679849506394 489
1694427685410 172.99761320634448 490
1694427685424 173.8477900858747 491
1694427685440 171.67061564284478 492
1694427685454 178.14567356512475 493
1694427685468 162.26760413797527 494
1694427685482 166.5854218230558 495
1694427685497 169.7929305429427 496
1694427685510 162.62970731989117 497
1694427685525 160.93329705796478 498
1694427685539 171.3445247073283 499
