1694433984271 170.89675603282686 0
1694433984288 167.48059642955005 1
1694433984305 164.16336714295593 2
1694433984322 160.91208276565973 3
1694433984339 157.72542915438257 4
1694433984355 154.6021184294566 5
1694433984374 151.54088844750578 6
1694433984394 148.5405022848033 7
1694433984411 145.599747731087 8
1694433984427 142.71743679361663 9
1694433984443 139.89240521126365 10
1694433984460 137.12351197842656 11
1694433984477 134.4096388785712 12
1694433984493 131.7496900271976 13
1694433984511 129.14259142404086 14
1694433984527 126.58729051431673 15
1694433984544 124.08275575882647 16
1694433984561 121.62797621273988 17
1694433984578 119.2219611128793 18
1694433984595 116.86373947333004 19
1694433984612 114.5523596892079 20
1694433984629 112.28688914841692 21
1694433984645 110.06641385123386 22
1694433984661 107.89003803756044 23
1694433984678 105.75688382168647 24
1694433984698 103.66609083441087 25
1694433984717 101.61681587237084 26
1694433984734 99.60823255443219 27
1694433984753 97.63953098499715 28
1694433984771 95.70991742408897 29
1694433984791 93.81861396407535 30
1694433984809 91.96485821289598 31
1694433984827 90.14790298366154 32
1694433984845 88.36701599049529 33
1694433984864 86.62147955049011 34
1694433984882 84.91059029165692 35
1694433984898 83.23365886674303 36
1694433984914 81.59000967280113 37
1694433984931 79.97898057639257 38
1694433984949 78.40058040904346 39
1694433984966 76.85349159409739 40
1694433984982 75.33709169621777 41
1694433984999 73.8507706712958 42
1694433985016 72.39393061941065 43
1694433985032 70.96598554272502 44
1694433985049 69.56636110821763 45
1694433985066 68.19449441515496 46
1694433985083 66.84983376720776 47
1694433985099 65.53183844911881 48
1694433985117 64.2399785078313 49
1694433985133 62.97373453798777 50
1694433985150 61.73259747171249 51
1694433985168 60.5160683725914 52
1694433985184 59.323658233765315 53
1694433985200 58.154887780054324 54
1694433985217 57.009287274032374 55
1694433985233 55.88639632597314 56
1694433985249 54.785763707589545 57
1694433985266 53.706947169491066 58
1694433985284 52.6495132622843 59
1694433985300 51.613037161244115 60
1694433985318 50.59710249448349 61
1694433985336 49.60130117455253 62
1694433985356 48.62523323339773 63
1694433985376 47.66850666061427 64
1694433985398 46.730737244925656 65
1694433985414 45.811548418825936 66
1694433985431 44.91057110632138 67
1694433985449 44.02744357370957 68
1694433985466 43.161811283335126 69
1694433985482 42.313326750262746 70
1694433985499 41.481649401808895 71
1694433985516 40.66644543987535 72
1694433985532 39.867387706028296 73
1694433985548 39.08415554926829 74
1694433985567 38.316434696437234 75
1694433985584 37.56391712520967 76
1694433985600 36.82630093961671 77
1694433985616 36.10329024805203 78
1694433985633 35.39459504371041 79
1694433985650 34.69993108741 80
1694433985667 34.01901979275099 81
1694433985684 33.35158811356367 82
1694433985700 32.697368433600595 83
1694433985716 32.056098458427435 84
1694433985733 31.427521109469247 85
1694433985749 30.811384420168554 86
1694433985767 30.207441434213507 87
1694433985784 29.61545010579445 88
1694433985802 29.03517320184864 89
1694433985820 28.466378206253264 90
1694433985837 27.908837225927915 91
1694433985854 27.362326898808444 92
1694433985872 26.826628303654754 93
1694433985888 26.30152687165599 94
1694433985904 25.78681229979721 95
1694433985920 25.282278465952405 96
1694433985936 24.787723345669388 97
1694433985954 24.302948930612875 98
1694433985971 23.827761148632465 99
1694433985987 23.361969785423366 100
1694433986003 22.90538840774782 101
1694433986020 22.457834288186344 102
1694433986035 22.019128331388014 103
1694433986053 21.589095001790078 104
1694433986070 21.167562252777483 105
1694433986087 20.754361457253655 106
1694433986103 20.34932733959425 107
1694433986120 19.952297908956556 108
1694433986136 19.563114393917154 109
1694433986153 19.181621178411604 110
1694433986171 18.80766573895016 111
1694433986188 18.441098583083967 112
1694433986205 18.08177318909682 113
1694433986221 17.7295459468981 114
1694433986237 17.384276100092986 115
1694433986254 17.045825689206282 116
1694433986272 16.714059496037006 117
1694433986288 16.38884498912114 118
1694433986305 16.070052270280566 119
1694433986321 15.757554022236269 120
1694433986338 15.451225457264826 121
1694433986354 15.150944266877328 122
1694433986372 14.8565905725003 123
1694433986388 14.568046877138652 124
1694433986405 14.28519801800115 125
1694433986421 14.007931120069163 126
1694433986438 13.736135550589859 127
1694433986455 13.469702874475557 128
1694433986472 13.208526810590959 129
1694433986488 12.952503188910786 130
1694433986504 12.701529908530349 131
1694433986521 12.45550689651204 132
1694433986537 12.214336067551168 133
1694433986553 11.97792128444476 134
1694433986570 11.746168319347323 135
1694433986587 11.518984815797916 136
1694433986603 11.296280251503113 137
1694433986620 11.07796590186084 138
1694433986637 10.863954804210318 139
1694433986653 10.65416172279365 140
1694433986671 10.448503114414809 141
1694433986687 10.246897094782204 142
1694433986704 10.049263405521206 143
1694433986720 9.855523381843252 144
1694433986736 9.665599920858423 145
1694433986754 9.479417450518778 146
1694433986771 9.296901899179726 147
1694433986787 9.117980665767298 148
1694433986803 8.942582590539098 149
1694433986820 8.770637926427197 150
1694433986837 8.60207831095135 151
1694433986854 8.436836738691172 152
1694433986872 8.274847534306149 153
1694433986890 8.116046326092563 154
1694433986908 7.960370020066653 155
1694433986925 7.807756774563496 156
1694433986941 7.658145975341395 157
1694433986957 7.51147821118164 158
1694433986975 7.367695249973801 159
1694433986992 7.22674001527696 160
1694433987008 7.088556563347236 161
1694433987025 6.953090060622466 162
1694433987041 6.820286761654909 163
1694433987059 6.6900939874829755 164
1694433987076 6.562460104433314 165
1694433987093 6.437334503344698 166
1694433987109 6.3146675792052305 167
1694433987126 6.194410711194706 168
1694433987142 6.0765162431240505 169
1694433987159 5.960937464263903 170
1694433987176 5.847628590554644 171
1694433987192 5.736544746190206 172
1694433987209 5.627641945568306 173
1694433987225 5.5208770755997145 174
1694433987242 5.416207878369487 175
1694433987259 5.313592934143109 176
1694433987277 5.2129916447107165 177
1694433987293 5.11436421706263 178
1694433987309 5.01767164738962 179
1694433987326 4.922875705401464 180
1694433987343 4.829938918957396 181
1694433987360 4.738824559002325 182
1694433987378 4.64949662480265 183
1694433987395 4.561919829475766 184
1694433987413 4.476059585807397 185
1694433987428 4.391881992350999 186
1694433987445 4.309353819803705 187
1694433987461 4.228442497653156 188
1694433987478 4.149116101090013 189
1694433987495 4.071343338180672 190
1694433987512 3.995093537295189 191
1694433987529 3.920336634785162 192
1694433987546 3.847043162906716 193
1694433987563 3.77518423798366 194
1694433987580 3.70473154880606 195
1694433987596 3.635657345259503 196
1694433987612 3.56793442718051 197
1694433987629 3.50153613343358 198
1694433987646 3.436436331205414 199
1694433987663 3.3726094055120677 200
1694433987680 3.3100302489147264 201
1694433987696 3.2486742514400255 202
1694433987712 3.1885172907007413 203
1694433987729 3.1295357222129927 204
1694433987744 3.0717063699059337 205
1694433987760 3.015006516820144 206
1694433987777 2.959413895991008 207
1694433987794 2.9049066815133116 208
1694433987811 2.85146347978354 209
1694433987826 2.799063320916278 210
1694433987843 2.7476856503312703 211
1694433987860 2.6973103205077615 212
1694433987877 2.647917582902742 213
1694433987893 2.5994880800299045 214
1694433987910 2.552002837696054 215
1694433987926 2.505443257391854 216
1694433987942 2.459791108833875 217
1694433987959 2.4150285226548753 218
1694433987976 2.371137983239406 219
1694433987993 2.3281023217018406 220
1694433988010 2.2859047090039906 221
1694433988029 2.244528649209524 222
1694433988046 2.203957972872479 223
1694433988065 2.164176830557199 224
1694433988081 2.125169686487068 225
1694433988098 2.0869213123195065 226
1694433988114 2.0494167810446546 227
1694433988130 2.0126414610053915 228
1694433988146 1.9765810100361654 229
1694433988163 1.941221369718314 230
1694433988179 1.9065487597495971 231
1694433988197 1.872549672425603 232
1694433988213 1.83921086723085 233
1694433988229 1.80651936553736 234
1694433988245 1.7744624454086244 235
1694433988262 1.743027636506812 236
1694433988279 1.7122027151011845 237
1694433988297 1.6819756991757115 238
1694433988314 1.6523348436339071 239
1694433988330 1.623268635598957 240
1694433988346 1.5947657898072378 241
1694433988362 1.5668152440933658 242
1694433988378 1.539406154964959 243
1694433988395 1.5125278932653445 244
1694433988412 1.486170039922434 245
1694433988428 1.4603223817820579 246
1694433988445 1.4349749075241074 247
1694433988462 1.4101178036598139 248
1694433988478 1.3857414506085242 249
1694433988495 1.3618364188524734 250
1694433988511 1.3383934651678977 251
1694433988528 1.3154035289310675 252
1694433988544 1.2928577284976783 253
1694433988562 1.2707473576541821 254
1694433988580 1.249063882139606 255
1694433988597 1.2277989362364818 256
1694433988613 1.2069443194294764 257
1694433988629 1.186491993130404 258
1694433988645 1.166434077468295 259
1694433988663 1.146762848143228 260
1694433988680 1.1274707333426397 261
1694433988696 1.1085503107189028 262
1694433988713 1.0899943044269147 263
1694433988730 1.071795582220554 264
1694433988746 1.0539471526067743 265
1694433988763 1.0364421620562314 266
1694433988778 1.019273892269314 267
1694433988796 1.0024357574964653 268
1694433988812 0.9859213019117209 269
1694433988830 0.9697241970384048 270
1694433988846 0.953838239225945 271
1694433988862 0.9382573471767987 272
1694433988878 0.9229755595224814 273
1694433988895 0.9079870324477366 274
1694433988913 0.8932860373618647 275
1694433988928 0.8788669586163133 276
1694433988945 0.8647242912675573 277
1694433988961 0.8508526388844212 278
1694433988978 0.8372467113989249 279
1694433988995 0.8239013229997969 280
1694433989011 0.8108113900678078 281
1694433989027 0.7979719291521009 282
1694433989044 0.7853780549866893 283
1694433989061 0.7730249785463307 284
1694433989077 0.7609080051409991 285
1694433989094 0.7490225325481747 286
1694433989111 0.7373640491822178 287
1694433989128 0.7259281323000691 288
1694433989145 0.7147104462425734 289
1694433989162 0.7037067407107053 290
1694433989178 0.6929128490760114 291
1694433989196 0.6823246867245838 292
1694433989213 0.6719382494339018 293
1694433989230 0.6617496117818751 294
1694433989246 0.6517549255874833 295
1694433989263 0.641950418382344 296
1694433989279 0.6323323919126095 297
1694433989296 0.6228972206706063 298
1694433989313 0.6136413504555931 299
1694433989329 0.6045612969630959 300
1694433989346 0.5956536444022152 301
1694433989362 0.5869150441403833 302
1694433989378 0.5783422133749941 303
1694433989396 0.5699319338314036 304
1694433989411 0.5616810504867501 305
1694433989429 0.5535864703191017 306
1694433989445 0.5456451610814035 307
1694433989462 0.5378541500997656 308
1694433989479 0.5302105230955724 309
1694433989496 0.5227114230309622 310
1694433989513 0.5153540489772147 311
1694433989528 0.5081356550055687 312
1694433989545 0.5010535491000542 313
1694433989562 0.49410509209187814 314
1694433989578 0.48728769661494387 315
1694433989596 0.4805988260820896 316
1694433989611 0.47403599368162297 317
1694433989628 0.4675967613937575 318
1694433989644 0.4612787390265608 319
1694433989661 0.4550795832709985 320
1694433989678 0.4489969967747408 321
1694433989695 0.4430287272343124 322
1694433989711 0.4371725665052514 323
1694433989728 0.43142634972991023 324
1694433989745 0.42578795448254403 325
1694433989762 0.4202552999313533 326
1694433989780 0.41482634601712626 327
1694433989797 0.409499092648182 328
1694433989814 0.4042715789112537 329
1694433989830 0.39914188229801956 330
1694433989846 0.39410811794696654 331
1694433989863 0.38916843790027383 332
1694433989881 0.38432103037543736 333
1694433989898 0.3795641190513084 334
1694433989915 0.3748959623682984 335
1694433989932 0.3703148528424481 336
1694433989948 0.3658191163930803 337
1694433989964 0.3614071116837803 338
1694433989981 0.3570772294764372 339
1694433989998 0.3528278919980804 340
1694433990015 0.34865755232025497 341
1694433990031 0.3445646937507026 342
1694433990047 0.34054782923708554 343
1694433990064 0.33660550078252527 344
1694433990081 0.33273627887271773 345
1694433990098 0.32893876191439686 346
1694433990115 0.3252115756849165 347
1694433990131 0.32155337279274115 348
1694433990147 0.3179628321486141 349
1694433990164 0.3144386584471965 350
1694433990180 0.310979581658985 351
1694433990197 0.30758435653227145 352
1694433990214 0.30425176210498106 353
1694433990231 0.30098060122616205 354
1694433990247 0.29776970008696 355
1694433990263 0.2946179077608693 356
1694433990279 0.2915240957530944 357
1694433990295 0.2884871575588235 358
1694433990313 0.28550600823024935 359
1694433990329 0.28257958395216376 360
1694433990345 0.279706841625946 361
1694433990363 0.27688675846178495 362
1694433990379 0.27411833157897864 363
1694433990398 0.2714005776141369 364
1694433990415 0.2687325323371332 365
1694433990432 0.2661132502746665 366
1694433990449 0.2635418043412633 367
1694433990465 0.2610172854775814 368
1694433990481 0.2585388022958689 369
1694433990498 0.2561054807324415 370
1694433990514 0.253716463707024 371
1694433990532 0.2513709107888439 372
1694433990547 0.249067997869315 373
1694433990564 0.24680691684120473 374
1694433990582 0.24458687528413994 375
1694433990599 0.2424070961563379 376
1694433990616 0.2402668174924271 377
1694433990632 0.23816529210724588 378
1694433990648 0.23610178730549397 379
1694433990665 0.2340755845971321 380
1694433990682 0.23208597941839823 381
1694433990698 0.23013228085834359 382
1694433990715 0.22821381139077293 383
1694433990731 0.22632990661148442 384
1694433990747 0.22447991498070055 385
1694433990764 0.22266319757058978 386
1694433990779 0.2208791278177742 387
1694433990798 0.2191270912807358 388
1694433990815 0.2174064854020078 389
1694433990831 0.21571671927506536 390
1694433990847 0.21405721341582384 391
1694433990864 0.21242739953865122 392
1694433990880 0.21082672033680153 393
1694433990897 0.2092546292671878 394
1694433990914 0.2077105903394027 395
1694433990931 0.20619407790890912 396
1694433990949 0.20470457647431098 397
1694433990969 0.20324158047862736 398
1694433990986 0.20180459411449367 399
1694433991002 0.20039313113320328 400
1694433991019 0.19900671465752245 401
1694433991034 0.1976448769981974 402
1694433991051 0.19630715947408614 403
1694433991069 0.19499311223583476 404
1694433991085 0.1937022940930396 405
1694433991102 0.19243427234481486 406
1694433991119 0.19118862261370556 407
1694433991135 0.18996492868287657 408
1694433991152 0.18876278233651148 409
1694433991169 0.187581783203365 410
1694433991186 0.18642153860339364 411
1694433991202 0.18528166339741786 412
1694433991218 0.184161779839744 413
1694433991235 0.18306151743369517 414
1694433991252 0.18198051278998864 415
1694433991269 0.18091840948790772 416
1694433991285 0.1798748579392053 417
1694433991302 0.17884951525469725 418
1694433991318 0.17784204511347895 419
1694433991334 0.1768521176347218 420
1694433991351 0.17587940925199547 421
1694433991368 0.17492360259006673 422
1694433991384 0.17398438634412552 423
1694433991400 0.17306145516138977 424
1694433991417 0.17215450952504363 425
1694433991434 0.17126325564045822 426
1694433991452 0.1703874053236567 427
1694433991468 0.1695266758919745 428
1694433991485 0.1686807900568727 429
1694433991502 0.16784947581885837 430
1694433991518 0.16703246636447858 431
1694433991534 0.16622949996533848 432
1694433991553 0.16544031987910832 433
1694433991569 0.16466467425247794 434
1694433991586 0.16390231602601993 435
1694433991603 0.16315300284092474 436
1694433991619 0.16241649694757396 437
1694433991636 0.161692565115907 438
1694433991652 0.16098097854755203 439
1694433991668 0.16028151278968825 440
1694433991685 0.15959394765059856 441
1694433991702 0.15891806711688164 442
1694433991719 0.15825365927229484 443
1694433991735 0.15760051621819 444
1694433991752 0.15695843399551504 445
1694433991769 0.15632721250834425 446
1694433991785 0.15570665544891682 447
1694433991801 0.15509657022414367 448
1694433991819 0.15449676788355887 449
1694433991836 0.15390706304868754 450
1694433991852 0.1533272738437993 451
1694433991869 0.15275722182802517 452
1694433991886 0.15219673192879996 453
1694433991903 0.15164563237661918 454
1694433991920 0.1511037546410708 455
1694433991936 0.15057093336812735 456
1694433991954 0.15004700631866266 457
1694433991971 0.14953181430818122 458
1694433991987 0.1490252011477255 459
1694433992004 0.14852701358594336 460
1694433992022 0.1480371012522938 461
1694433992039 0.14755531660136278 462
1694433992055 0.14708151485827503 463
1694433992072 0.14661555396517062 464
1694433992089 0.14615729452873763 465
1694433992105 0.14570659976876527 466
1694433992123 0.1452633354677123 467
1694433992140 0.1448273699212585 468
1694433992157 0.14439857388982671 469
1694433992173 0.14397682055105565 470
1694433992190 0.14356198545319981 471
1694433992206 0.14315394646944557 472
1694433992222 0.1427525837531196 473
1694433992239 0.14235777969377544 474
1694433992256 0.14196941887413625 475
1694433992273 0.14158738802788504 476
1694433992289 0.1412115759982765 477
1694433992306 0.14084187369756 478
1694433992323 0.14047817406719748 479
1694433992340 0.14012037203885658 480
1694433992357 0.13976836449616775 481
1694433992374 0.13932305341777593 482
1694433992390 0.13898259162232957 483
1694433992406 0.13864763343174116 484
1694433992423 0.13831808288510702 485
1694433992439 0.13799384580126658 486
1694433992456 0.13767482974461231 487
1694433992472 0.13726371518500013 488
1694433992490 0.1369550597951176 489
1694433992506 0.13665136800581973 490
1694433992523 0.13635255365047286 491
1694433992540 0.1360585321587602 492
1694433992557 0.13576922052594162 493
1694433992574 0.13538887602238683 494
1694433992590 0.1351088684468598 495
1694433992607 0.13483334287298854 496
1694433992624 0.13456222178972835 497
1694433992640 0.13429542912214493 498
1694433992658 0.13403289020363077 499
