1694433992754 167.94192054151998 0
1694433992773 164.56981124530944 1
1694433992792 161.26681506687257 2
1694433992809 158.0314630421688 3
1694433992829 154.86231957368116 4
1694433992848 151.7579815862254 5
1694433992866 148.71707770738536 6
1694433992884 145.7382674717451 7
1694433992902 142.82024054811862 8
1694433992919 139.9617159890094 9
1694433992936 137.1614415015599 10
1694433992954 134.41819273927865 11
1694433992970 131.73077261386024 12
1694433992987 129.09801062643686 13
1694433993004 126.51876221762694 14
1694433993020 123.99190813576784 15
1694433993037 121.51825663997276 16
1694433993054 119.0946950076862 17
1694433993073 116.72018363098195 18
1694433993089 114.39370550627442 19
1694433993107 112.11426570071157 20
1694433993125 109.88089083282837 21
1694433993141 107.6926285670187 22
1694433993157 105.54854712139998 23
1694433993173 103.4477347886586 24
1694433993190 101.3892994694805 25
1694433993206 99.37236821818333 26
1694433993222 97.39608680018094 27
1694433993238 95.459619260924 28
1694433993257 93.56214750597199 29
1694433993274 91.70287089186455 30
1694433993292 89.8823342911084 31
1694433993310 88.09835961562865 32
1694433993330 86.35020051367599 33
1694433993349 84.63712634550703 34
1694433993367 82.95842183294461 35
1694433993383 81.31338671755559 36
1694433993399 79.70133542720231 37
1694433993415 78.12159675073389 38
1694433993433 76.57351352058932 39
1694433993449 75.05644230309305 40
1694433993466 73.56975309622958 41
1694433993482 72.11282903469203 42
1694433993499 70.68506610200441 43
1694433993515 69.28587284952492 44
1694433993532 67.91467012214352 45
1694433993549 66.57089079049221 46
1694433993567 65.25397948949313 47
1694433993583 63.96339236307428 48
1694433993601 62.69859681488824 49
1694433993617 61.45907126487466 50
1694433993634 60.244304911511435 51
1694433993652 59.05379749960506 52
1694433993668 57.88705909347471 53
1694433993685 56.743609855389124 54
1694433993701 55.622979829119785 55
1694433993717 54.5247087284777 56
1694433993735 53.44834573070531 57
1694433993752 52.39344927459901 58
1694433993769 51.35958686324076 59
1694433993785 50.3463348712219 60
1694433993801 49.35327835624482 61
1694433993820 48.380010874991946 62
1694433993838 47.426134303154576 63
1694433993856 46.491258659517335 64
1694433993873 45.57500193399677 65
1694433993890 44.676989919535906 66
1694433993911 43.796856047759 67
1694433993934 42.93424122829365 68
1694433993952 42.08879369167011 69
1694433993969 41.26016883571016 70
1694433993986 40.44802907531997 71
1694433994003 39.65204369560467 72
1694433994020 38.87188870822344 73
1694433994037 38.10724671090748 74
1694433994054 37.357806750064015 75
1694433994072 36.62326418639288 76
1694433994088 35.90332056344318 77
1694433994103 35.19768347904028 78
1694433994120 34.50606645951465 79
1694433994138 33.828188836666435 80
1694433994156 33.16377562740112 81
1694433994172 32.51255741597328 82
1694433994189 31.87427023877756 83
1694433994205 31.248655471626975 84
1694433994221 30.635459719460872 85
1694433994238 30.034434708425813 86
1694433994255 29.44533718027457 87
1694433994272 28.86792878902963 88
1694433994287 28.30197599985902 89
1694433994303 27.747249990113595 90
1694433994319 27.203526552476454 91
1694433994337 26.670586000175973 92
1694433994354 26.148213074215615 93
1694433994371 25.636196852574706 94
1694433994387 25.134330661335333 95
1694433994404 24.64244138526918 96
1694433994419 24.160288994302196 97
1694433994438 23.687654999167 98
1694433994455 23.22440590876945 99
1694433994473 22.770306134915447 100
1694433994490 22.325215150919252 101
1694433994507 21.888929999404578 102
1694433994523 21.46126632220647 103
1694433994541 21.042076933850222 104
1694433994557 20.631175180894363 105
1694433994575 20.22840803347354 106
1694433994591 19.833607793983013 107
1694433994607 19.446616060204367 108
1694433994623 19.067283096134858 109
1694433994641 18.695445574992874 110
1694433994659 18.330970773643063 111
1694433994675 17.973690865389187 112
1694433994691 17.62348923472211 113
1694433994707 17.280193957597433 114
1694433994722 16.94370366246602 115
1694433994739 16.61386869571778 116
1694433994756 16.290527122908557 117
1694433994773 15.973601824175205 118
1694433994790 15.662909399953172 119
1694433994807 15.358385890710712 120
1694433994823 15.059882142271377 121
1694433994841 14.767238262148503 122
1694433994857 14.480411594110194 123
1694433994874 14.199252949484814 124
1694433994891 13.92360328524112 125
1694433994907 13.653439581261411 126
1694433994923 13.388563634004873 127
1694433994939 13.128962683523513 128
1694433994957 12.87448892469509 129
1694433994973 12.62498595256598 130
1694433994991 12.380458207774309 131
1694433995008 12.140758314004694 132
1694433995025 11.90579035177958 133
1694433995042 11.675398538744105 134
1694433995060 11.449610038409764 135
1694433995076 11.228277320599293 136
1694433995093 11.01124594419552 137
1694433995110 10.798557093699777 138
1694433995126 10.590064067072856 139
1694433995143 10.385683560097233 140
1694433995160 10.185262114118467 141
1694433995176 9.988859732883247 142
1694433995193 9.796330033988736 143
1694433995210 9.607596159107345 144
1694433995226 9.422505824328786 145
1694433995243 9.241135842666965 146
1694433995260 9.063340402138035 147
1694433995277 8.889048588517733 148
1694433995293 8.718109457713524 149
1694433995310 8.55061480477606 150
1694433995326 8.386419606730643 151
1694433995344 8.225458431137396 152
1694433995361 8.067581814303889 153
1694433995377 7.912894873063435 154
1694433995394 7.761253562988594 155
1694433995411 7.612597507405902 156
1694433995428 7.466867533176474 157
1694433995444 7.323915489311391 158
1694433995461 7.183862474345804 159
1694433995478 7.046565168146276 160
1694433995495 6.911968967144233 161
1694433995512 6.780020355642427 162
1694433995530 6.6506668839934475 163
1694433995547 6.523761681780371 164
1694433995564 6.399443281349597 165
1694433995582 6.277569003363536 166
1694433995598 6.158090445899764 167
1694433995617 6.040960170748142 168
1694433995634 5.926131684099903 169
1694433995652 5.8134596725835515 170
1694433995669 5.703097256722775 171
1694433995686 5.594902758301046 172
1694433995702 5.488833269438337 173
1694433995719 5.384846736085456 174
1694433995735 5.28290194093059 175
1694433995752 5.182855343169631 176
1694433995769 5.084872192192395 177
1694433995785 4.9888120997752665 178
1694433995801 4.89463702577848 179
1694433995818 4.802309686625046 180
1694433995833 4.711793540166864 181
1694433995851 4.623052770856351 182
1694433995868 4.536052275217373 183
1694433995884 4.450650208284894 184
1694433995901 4.367026605183562 185
1694433995917 4.285042197992654 186
1694433995933 4.2046645871079855 187
1694433995950 4.125862016844845 188
1694433995967 4.048603362570878 189
1694433995983 3.972858118098237 190
1694433996000 3.89859638332974 191
1694433996017 3.8256783092343607 192
1694433996034 3.754295396359213 193
1694433996052 3.6843098970967594 194
1694433996069 3.6156942128068206 195
1694433996086 3.5484212929889556 196
1694433996102 3.482464624339103 197
1694433996119 3.417798220026387 198
1694433996135 3.354396609185582 199
1694433996152 3.2921221424166927 200
1694433996169 3.231175066645738 201
1694433996187 3.171419441789323 202
1694433996203 3.112831756189506 203
1694433996220 3.0553889648640604 204
1694433996237 2.999068480196727 205
1694433996254 2.9438481628145143 206
1694433996273 2.8897063126482103 207
1694433996289 2.8366216601724044 208
1694433996307 2.784573357821358 209
1694433996323 2.7334260014190996 210
1694433996341 2.6833890755023364 211
1694433996358 2.634328469424873 212
1694433996374 2.5862249378411644 213
1694433996391 2.539059617098288 214
1694433996407 2.4928140176285494 215
1694433996424 2.447470016494681 216
1694433996440 2.40300985008453 217
1694433996457 2.3594161069522253 218
1694433996473 2.3166717208028205 219
1694433996490 2.2746437146387897 220
1694433996506 2.2335479319061187 221
1694433996523 2.1932523644132673 222
1694433996540 2.153741256369076 223
1694433996558 2.114999164227452 224
1694433996575 2.0770109504690173 225
1694433996592 2.0397617775072994 226
1694433996608 2.003237101716993 227
1694433996625 1.9674226675818096 228
1694433996640 1.932304501959478 229
1694433996658 1.8977521339431052 230
1694433996674 1.863985554610944 231
1694433996691 1.8308750097118294 232
1694433996707 1.7984075981574101 233
1694433996723 1.7665706743366183 234
1694433996739 1.7353518430312682 235
1694433996756 1.7047389544334652 236
1694433996773 1.674720099262681 237
1694433996792 1.6452836039805412 238
1694433996808 1.6164180261013055 239
1694433996825 1.5881121495961394 240
1694433996841 1.5602379934320785 241
1694433996858 1.5330187290915531 242
1694433996874 1.5063268721990382 243
1694433996891 1.4801520663795702 244
1694433996907 1.4544841601656102 245
1694433996923 1.4293132029219646 246
1694433996939 1.4046294408521713 247
1694433996956 1.380423313084732 248
1694433996973 1.3566854478375574 249
1694433996989 1.3334066586590825 250
1694433997006 1.310461452780624 251
1694433997022 1.2880740138278488 252
1694433997039 1.2661192027075474 253
1694433997056 1.2445885363752212 254
1694433997073 1.2234736994965056 255
1694433997090 1.2027665411136168 256
1694433997107 1.1824590713784116 257
1694433997123 1.1625434583507055 258
1694433997139 1.1430120248605682 259
1694433997156 1.1238572454332971 260
1694433997172 1.105071743275771 261
1694433997189 1.0865323768333333 262
1694433997206 1.068463965416598 263
1694433997222 1.050743595333569 264
1694433997239 1.033364453964914 265
1694433997254 1.0163198632515087 266
1694433997272 0.9996032770213695 267
1694433997289 0.983208278369964 268
1694433997306 0.9671285770928256 269
1694433997322 0.9513580071694545 270
1694433997338 0.9358905242974177 271
1694433997354 0.9206052742817663 272
1694433997371 0.9057264163567393 273
1694433997388 0.8911332480906062 274
1694433997405 0.8768201868949702 275
1694433997420 0.8627817603507338 276
1694433997437 0.8490126040205188 277
1694433997453 0.8355074593047802 278
1694433997470 0.8222611713407112 279
1694433997487 0.8092686869431062 280
1694433997504 0.7965250525862927 281
1694433997520 0.7839115529662145 282
1694433997537 0.771651267127088 283
1694433997555 0.7596255764035872 284
1694433997571 0.7478299051565778 285
1694433997588 0.7362597679612639 286
1694433997604 0.7249107678166046 287
1694433997620 0.7137785943904706 288
1694433997637 0.7028590222998394 289
1694433997654 0.6921479094253178 290
1694433997671 0.6815286054169113 291
1694433997688 0.6712224240332646 292
1694433997704 0.661112785083587 293
1694433997722 0.65119586200745 294
1694433997738 0.6414679036258104 295
1694433997755 0.6319252326452558 296
1694433997772 0.6225642441921209 297
1694433997789 0.613381404375859 298
1694433997805 0.6043732488811089 299
1694433997822 0.5954250290939346 300
1694433997839 0.5867562259674913 301
1694433997856 0.5782521436801015 302
1694433997873 0.5699095814366684 303
1694433997889 0.5617254014394709 304
1694433997906 0.5536965276384611 305
1694433997922 0.545819944506531 306
1694433997937 0.5380926958392337 307
1694433997955 0.5305118835784695 308
1694433997973 0.5229645044560046 309
1694433997990 0.5156681909060414 310
1694433998006 0.5085099822527444 311
1694433998023 0.5014872005069535 312
1694433998039 0.49459722033679193 313
1694433998057 0.48783746802333117 314
1694433998073 0.4812054204371275 315
1694433998090 0.4746986040352075 316
1694433998106 0.46820574682617755 317
1694433998122 0.46194223687134356 318
1694433998138 0.45579685054714336 319
1694433998155 0.4497673018170897 320
1694433998173 0.44385134955741756 321
1694433998190 0.43804679666639845 322
1694433998206 0.4323514891914694 323
1694433998221 0.42676331547380947 324
1694433998238 0.42117258610466135 325
1694433998256 0.41579255963438044 326
1694433998273 0.4105136028282645 327
1694433998289 0.40533376379031016 328
1694433998306 0.4002511289389518 329
1694433998322 0.3952638222472359 330
1694433998338 0.3903700044982136 331
1694433998355 0.385567872555224 332
1694433998372 0.38074918192638696 333
1694433998389 0.37612518168795933 334
1694433998405 0.37158769283312926 335
1694433998421 0.3671350483488178 336
1694433998438 0.36276561391443296 337
1694433998454 0.35847778725350066 338
1694433998471 0.35426999749830435 339
1694433998489 0.3501407045672389 340
1694433998506 0.3459829814693303 341
1694433998522 0.34200619052199116 342
1694433998542 0.33810348060446216 343
1694433998559 0.3342734276155909 344
1694433998577 0.3305146353563597 345
1694433998594 0.32682573497647077 346
1694433998610 0.32320538443202546 347
1694433998627 0.3195480585936279 348
1694433998643 0.3160608664955927 349
1694433998661 0.31263838005880534 350
1694433998678 0.3092793580582434 351
1694433998695 0.3059825835701174 352
1694433998711 0.3027468634896763 353
1694433998727 0.2995710280586998 354
1694433998743 0.29635083287273917 355
1694433998761 0.2932913027850816 356
1694433998778 0.29028831050437076 357
1694433998795 0.28734077390944923 358
1694433998811 0.28444763204974655 359
1694433998827 0.28160784472498845 360
1694433998843 0.27882039207335574 361
1694433998861 0.2759821995611092 362
1694433998878 0.2732963660541431 363
1694433998895 0.27065995311926117 364
1694433998912 0.2680720170705618 365
1694433998928 0.265531632670806 366
1694433998944 0.26303789276491496 367
1694433998961 0.2605899079208748 368
1694433998979 0.25808567191050624 369
1694433998996 0.2557265056148122 370
1694433999012 0.2534105568603375 371
1694433999029 0.2511370024253574 372
1694433999045 0.24890503517011406 373
1694433999062 0.24671386371707946 374
1694433999079 0.24456271213767986 375
1694433999096 0.24235054935074166 376
1694433999112 0.24027705672601363 377
1694433999131 0.2382413741999768 378
1694433999148 0.23624278338860125 379
1694433999166 0.2342805799318918 380
1694433999183 0.23235407321478713 381
1694433999200 0.2303633984552118 382
1694433999215 0.22850612426422448 383
1694433999232 0.22668258392510113 384
1694433999249 0.22489213785177503 385
1694433999265 0.22313415894029615 386
1694433999283 0.2214080323200254 387
1694433999299 0.21971315510990888 388
1694433999315 0.21795044183330098 389
1694433999332 0.2163161422865238 390
1694433999349 0.21471138258415856 391
1694433999366 0.21313560418725133 392
1694433999383 0.21158825945031728 393
1694433999399 0.21006881140390643 394
1694433999416 0.2084791872350083 395
1694433999432 0.20701377791484882 396
1694433999448 0.20557474657079478 397
1694433999464 0.20416159554945582 398
1694433999481 0.20277383690222808 399
1694433999498 0.20141099219117153 400
1694433999514 0.19997591791469987 401
1694433999531 0.19866129351603062 402
1694433999547 0.19737023383924066 403
1694433999565 0.19610229530317994 404
1694433999582 0.19485704297683906 405
1694433999598 0.19363405040590229 406
1694433999614 0.1923370271173582 407
1694433999630 0.19115707641049712 408
1694433999647 0.1899981868005619 409
1694433999664 0.188859962733331 410
1694433999679 0.18774201636894064 411
1694433999696 0.18664396742677192 412
1694433999712 0.1854703085630761 413
1694433999730 0.184410691522814 414
1694433999746 0.1833699069921269 415
1694433999765 0.18234760207947576 416
1694433999782 0.18134343077730408 417
1694433999799 0.18035705382318631 418
1694433999816 0.17929368287534478 419
1694433999833 0.17834163291812424 420
1694433999848 0.1774064312249095 421
1694433999865 0.1764877628065865 422
1694433999882 0.1755853188211385 423
1694433999899 0.17469879644920897 424
1694433999915 0.17373406744990116 425
1694433999931 0.1728782159374217 426
1694433999947 0.17203744554437567 427
1694433999964 0.17121147495949432 428
1694433999981 0.17040002836462778 429
1694433999997 0.16950995518489523 430
1694434000015 0.16872643480427796 431
1694434000031 0.16795667677589532 432
1694434000047 0.1672004247367274 433
1694434000065 0.16645742733762367 434
1694434000081 0.16572743814084526 435
1694434000099 0.16491782731675406 436
1694434000115 0.16421280546289227 437
1694434000131 0.16352011525305912 438
1694434000148 0.1628395274809525 439
1694434000165 0.16217081742750017 440
1694434000182 0.16142222631736522 441
1694434000198 0.16077626083713553 442
1694434000215 0.1601415600331595 443
1694434000231 0.15951791477011365 444
1694434000248 0.15890512001594592 445
1694434000265 0.1583029747570457 446
1694434000281 0.15762012337416487 447
1694434000298 0.1570383256673251 448
1694434000316 0.156466633011057 449
1694434000335 0.1559048581862372 450
1694434000353 0.15535281765253975 451
1694434000370 0.1547199366901466 452
1694434000386 0.15418644159628403 453
1694434000403 0.15366218753510139 454
1694434000418 0.15314700343823529 455
1694434000435 0.15264072160862868 456
1694434000451 0.15214317764985727 457
1694434000468 0.15156410034775133 458
1694434000484 0.15108315781954065 459
1694434000501 0.15061051525194177 460
1694434000518 0.1501460192798567 461
1694434000535 0.14968951956702675 462
1694434000551 0.1491514492360408 463
1694434000567 0.14871008813043343 464
1694434000584 0.14827632664644042 465
1694434000601 0.14785002441758072 466
1694434000617 0.14743104386010866 467
1694434000633 0.1469304706057366 468
1694434000650 0.14652529769112685 469
1694434000666 0.14612708724926912 470
1694434000682 0.14573571070497168 471
1694434000699 0.14535104204290117 472
1694434000716 0.1448847716713825 473
1694434000732 0.14451269931257385 474
1694434000748 0.1441470096049475 475
1694434000764 0.14378758467122368 476
1694434000781 0.14343430899211476 477
1694434000798 0.1430870693549968 478
1694434000815 0.14265766567626648 479
1694434000831 0.14232171461877416 480
1694434000848 0.14199151122663362 481
1694434000865 0.14166694946855588 482
1694434000881 0.14134792544188815 483
1694434000899 0.14094679486024164 484
1694434000917 0.14063807358942432 485
1694434000933 0.14033462909320252 486
1694434000950 0.14003636395164065 487
1694434000966 0.1397431827121608 488
1694434000983 0.13936795592865045 489
1694434001000 0.13908417934707312 490
1694434001017 0.13880525060202506 491
1694434001034 0.13853108009076678 492
1694434001050 0.13826158003179362 493
1694434001067 0.1379100980494071 494
1694434001083 0.13764918419695651 495
1694434001100 0.13739272733176544 496
1694434001117 0.13714064494875386 497
1694434001133 0.13689285623166952 498
1694434001150 0.13656315101247402 499
