1694428905391 172.77177165276737 0
1694428905459 169.61280596300622 1
1694428905530 168.30286256932058 2
1694428905598 171.7798051631143 3
1694428905667 169.03278467037342 4
1694428905734 172.43386124137686 5
1694428905807 177.45529708763155 6
1694428905875 163.77606195813522 7
1694428905944 192.80211360771906 8
1694428906018 162.60001714032083 9
1694428906089 155.0320397404626 10
1694428906158 179.45240276108285 11
1694428906226 172.00795771604112 12
1694428906293 155.4494134389652 13
1694428906360 158.2256188739112 14
1694428906428 175.51206418362506 15
1694428906496 160.14380058417706 16
1694428906571 171.54284339535886 17
1694428906639 184.78937320134767 18
1694428906706 176.6167949517642 19
1694428906774 157.1230357103686 20
1694428906844 145.87315502661178 21
1694428906911 174.38408933137623 22
1694428906978 176.0597898224624 23
1694428907049 170.6463732656999 24
1694428907118 160.04045183797646 25
1694428907185 159.45454484114333 26
1694428907253 161.11320065779577 27
1694428907320 160.74180494761893 28
1694428907388 151.51995254416337 29
1694428907456 156.85507237830603 30
1694428907525 165.46703514958293 31
1694428907593 159.4127026707202 32
1694428907661 163.81210784864072 33
1694428907728 182.59723547077883 34
1694428907795 173.59381040194253 35
1694428907864 169.61209157514327 36
1694428907933 160.85539640229862 37
1694428908001 167.35680777303847 38
1694428908068 181.7276857131013 39
1694428908136 168.5067948668054 40
1694428908203 164.99887508940145 41
1694428908271 157.71804223903942 42
1694428908338 153.46814689125983 43
1694428908406 169.53287299360687 44
1694428908473 154.91508354004972 45
1694428908541 166.2720879297665 46
1694428908610 166.932683071499 47
1694428908678 157.16241369770012 48
1694428908746 162.48307593498188 49
1694428908813 156.857835337554 50
1694428908880 175.4561898636746 51
1694428908948 210.89201890412298 52
1694428909015 156.74752442116915 53
1694428909082 164.4396933536153 54
1694428909151 194.4208503452342 55
1694428909218 168.03178770766897 56
1694428909286 153.8004631099699 57
1694428909353 170.21341104180047 58
1694428909421 153.37340665487338 59
1694428909488 172.86438745684518 60
1694428909558 172.3475519084781 61
1694428909627 147.96926476644958 62
1694428909694 220.91678729645048 63
1694428909762 158.78158153764142 64
1694428909829 160.33142092577248 65
1694428909897 157.60979927813977 66
1694428909964 173.0113556979138 67
1694428910032 197.3354075908686 68
1694428910100 162.88281828866474 69
1694428910166 156.70957674813997 70
1694428910234 164.1774595567301 71
1694428910303 191.9849097742383 72
1694428910370 187.8042199018821 73
1694428910443 160.18441911546654 74
1694428910511 175.57706321193808 75
1694428910579 178.44569505132185 76
1694428910648 197.81815061915734 77
1694428910716 263.7936437818963 78
1694428910785 182.32006561880002 79
1694428910854 151.2878019871114 80
1694428910921 160.58235160212206 81
1694428910988 180.89832940100402 82
1694428911056 158.66094252559026 83
1694428911123 171.09828359827333 84
1694428911190 152.61362486898443 85
1694428911257 189.63055787683479 86
1694428911325 159.73853788631519 87
1694428911393 147.3086310269116 88
1694428911461 185.91739103124496 89
1694428911527 206.01743092131693 90
1694428911596 158.62620463939834 91
1694428911664 162.29527567129153 92
1694428911731 136.92966634208943 93
1694428911799 165.59425024009795 94
1694428911867 158.84899963142877 95
1694428911937 157.90198531651578 96
1694428912004 190.68060124246858 97
1694428912074 161.57726375357996 98
1694428912141 165.86816976127878 99
1694428912209 161.75773477827877 100
1694428912276 161.03400797138602 101
1694428912346 158.36686646807092 102
1694428912413 157.0403117454642 103
1694428912481 209.44474827973346 104
1694428912552 155.64608673237808 105
1694428912626 186.47286573487412 106
1694428912702 153.23175822120595 107
1694428912771 184.87119474151396 108
1694428912843 159.12856880243714 109
1694428912912 155.83257885115896 110
1694428912984 161.10637103040253 111
1694428913052 159.42138895424918 112
1694428913120 157.56576691936905 113
1694428913188 191.18173126975103 114
1694428913260 148.431275097884 115
1694428913327 143.0908689405725 116
1694428913396 158.50674351911846 117
1694428913464 152.06943276839036 118
1694428913533 175.8815781865795 119
1694428913601 173.4356230909983 120
1694428913669 167.91097766493328 121
1694428913736 203.03219707235274 122
1694428913804 183.31022480972717 123
1694428913873 157.51516584687346 124
1694428913941 165.76247766945843 125
1694428914008 177.12035997718505 126
1694428914075 162.77496838555487 127
1694428914143 171.1747567302825 128
1694428914210 165.18730930875557 129
1694428914278 163.77769391709214 130
1694428914346 156.06529110564313 131
1694428914413 192.46513511993052 132
1694428914481 157.96681563372672 133
1694428914548 177.7429702763607 134
1694428914615 153.7218597734592 135
1694428914683 157.07679900373978 136
1694428914750 161.0353066373238 137
1694428914818 174.56382289896177 138
1694428914885 152.77127976826975 139
1694428914953 218.81447835836406 140
1694428915020 147.28125308632468 141
1694428915089 153.1567242728099 142
1694428915157 156.27699966376326 143
1694428915225 198.0132944531564 144
1694428915291 174.451967521681 145
1694428915360 155.22264953251266 146
1694428915428 142.56690002201063 147
1694428915496 167.8188075175542 148
1694428915564 162.1073040054298 149
1694428915631 159.251880230991 150
1694428915700 160.08919327432568 151
1694428915767 154.24534590292598 152
1694428915835 154.90726535512906 153
1694428915902 156.69949751688256 154
1694428915970 221.4416647940376 155
1694428916037 172.012389397889 156
1694428916105 160.54478064367814 157
1694428916171 181.8072017188296 158
1694428916239 147.3780003781937 159
1694428916307 175.17025218578593 160
1694428916376 154.85648000414741 161
1694428916444 172.37433496421383 162
1694428916515 210.98569014938406 163
1694428916582 163.38481284866293 164
1694428916651 165.58838938045372 165
1694428916719 158.58029903013275 166
1694428916787 152.7273210546435 167
1694428916855 163.0156773408726 168
1694428916922 144.23627745283733 169
1694428916989 204.96494652973058 170
1694428917056 168.80395696248473 171
1694428917124 160.4694061499232 172
1694428917191 140.774825992751 173
1694428917259 157.2351013721847 174
1694428917326 169.40806102149617 175
1694428917393 162.07871610184895 176
1694428917461 163.75756761401183 177
1694428917528 166.17779173551634 178
1694428917596 174.32923483080407 179
1694428917664 161.13087913949107 180
1694428917732 167.09892730925674 181
1694428917798 167.1579603648026 182
1694428917866 154.82134881901675 183
1694428917933 163.43191954593223 184
1694428918000 172.056958551228 185
1694428918068 165.5373549996974 186
1694428918136 146.58037134594707 187
1694428918203 168.4601169326973 188
1694428918271 160.8973269199255 189
1694428918338 208.65771304294915 190
1694428918405 164.3818833443133 191
1694428918472 165.50131745492862 192
1694428918539 215.4575960672679 193
1694428918608 178.48009282946632 194
1694428918677 150.17363115442166 195
1694428918744 174.714611226354 196
1694428918812 158.2534897006712 197
1694428918879 199.5539043988026 198
1694428918947 160.4995808936098 199
1694428919014 152.30244944992924 200
1694428919082 165.95491649639035 201
1694428919149 164.9460038409372 202
1694428919216 168.00195152357145 203
1694428919284 160.85741436456578 204
1694428919351 170.87137371615978 205
1694428919420 148.73516201897587 206
1694428919488 188.35043695753356 207
1694428919555 159.74135067561667 208
1694428919623 174.39970205009323 209
1694428919692 147.03857293194258 210
1694428919759 175.40712162527822 211
1694428919827 166.40676719176923 212
1694428919894 157.66600926732332 213
1694428919963 170.48565848033124 214
1694428920031 161.91053662499877 215
1694428920099 176.50539666829567 216
1694428920166 160.44867892231954 217
1694428920233 173.54486167605603 218
1694428920301 165.73028317388187 219
1694428920368 152.09035285527622 220
1694428920436 164.66664957294537 221
1694428920505 181.5307765896903 222
1694428920573 157.59549859525197 223
1694428920644 183.66845706135797 224
1694428920713 156.47335596143046 225
1694428920780 145.02943254700583 226
1694428920847 147.13811102884785 227
1694428920915 167.63837779303225 228
1694428920982 171.32123055056704 229
1694428921049 148.4021337725667 230
1694428921117 176.9266659160857 231
1694428921186 170.8165238896471 232
1694428921254 136.4796796547631 233
1694428921321 222.30265967655248 234
1694428921388 152.63532613060843 235
1694428921456 174.1802957711318 236
1694428921524 173.24429340265286 237
1694428921590 187.314968398215 238
1694428921658 153.70322563098082 239
1694428921726 213.4535180883483 240
1694428921793 172.54397757990068 241
1694428921860 150.9594080522829 242
1694428921929 147.69946214822136 243
1694428921996 195.42757479551508 244
1694428922063 155.81592405630445 245
1694428922131 159.40806592817987 246
1694428922198 157.70432808354053 247
1694428922266 175.58024847007496 248
1694428922334 157.163220399203 249
1694428922404 189.33927189445868 250
1694428922472 168.43181403893675 251
1694428922540 166.24153713980294 252
1694428922608 192.8737530922197 253
1694428922674 165.73433024567458 254
1694428922743 179.7618396967891 255
1694428922810 157.47912586555873 256
1694428922878 174.12638930751172 257
1694428922945 159.58791202405493 258
1694428923013 179.82045634505525 259
1694428923080 175.13542282475527 260
1694428923148 177.03418754588378 261
1694428923214 163.38616956193457 262
1694428923283 168.30248170273532 263
1694428923350 155.27098106481014 264
1694428923418 166.04728431844586 265
1694428923485 159.14898778894946 266
1694428923557 165.90671918320155 267
1694428923627 179.55078899806819 268
1694428923694 154.5088246094671 269
1694428923760 169.60780173652688 270
1694428923828 156.1615049196917 271
1694428923896 168.84779387795902 272
1694428923962 168.4257748514134 273
1694428924030 160.47617525948198 274
1694428924096 161.98848648813055 275
1694428924165 167.62836747958153 276
1694428924233 207.00009317943565 277
1694428924301 179.1479090923551 278
1694428924368 173.8466909664464 279
1694428924437 154.22019014374487 280
1694428924507 162.5091383825106 281
1694428924577 191.0747003321644 282
1694428924647 163.04440932896054 283
1694428924716 153.63929044716733 284
1694428924797 181.7649335440433 285
1694428924870 161.4238209215458 286
1694428924942 142.1188311681327 287
1694428925014 156.20671690544992 288
1694428925098 161.47604674168983 289
1694428925167 173.26505974477274 290
1694428925235 159.27773909877357 291
1694428925306 176.08399614854133 292
1694428925376 179.54628160508142 293
1694428925446 178.41145946009985 294
1694428925516 173.79250332604275 295
1694428925585 173.37852407586854 296
1694428925654 195.8239196718331 297
1694428925722 144.8700249892858 298
1694428925794 158.80024925658893 299
1694428925863 178.03879259088805 300
1694428925930 163.73466606638573 301
1694428925999 177.38185984954822 302
1694428926068 156.7982290652213 303
1694428926136 159.76743778272456 304
1694428926204 158.72398753663498 305
1694428926271 158.0044666922457 306
1694428926341 153.65396123460863 307
1694428926411 161.22361951274817 308
1694428926479 151.43171308747444 309
1694428926547 162.00212647818913 310
1694428926617 159.59951733162237 311
1694428926686 169.000244230469 312
1694428926754 156.80801021248743 313
1694428926821 160.0808415431774 314
1694428926891 185.9873080800544 315
1694428926959 166.0507323685117 316
1694428927028 165.25105471843221 317
1694428927097 163.77966835546715 318
1694428927178 156.42994068882925 319
1694428927255 193.27727451352555 320
1694428927329 205.0202461979589 321
1694428927396 169.07287395591624 322
1694428927469 166.6505312500215 323
1694428927536 154.37895715808835 324
1694428927605 170.83960651253162 325
1694428927673 148.70388291743149 326
1694428927742 164.19724346539877 327
1694428927811 163.39125424038934 328
1694428927880 162.44273944902744 329
1694428927947 165.50901733261253 330
1694428928016 180.21881065838363 331
1694428928084 174.22663704513596 332
1694428928153 157.23727193353488 333
1694428928221 171.35025719473612 334
1694428928291 153.6424356327185 335
1694428928361 185.44893934514315 336
1694428928432 163.13938868923722 337
1694428928503 159.82582603018676 338
1694428928570 176.33659101029903 339
1694428928639 158.79648607343287 340
1694428928711 156.3967431484897 341
1694428928778 161.6721046567016 342
1694428928846 163.62798810718866 343
1694428928914 155.32534557419183 344
1694428928982 173.74496848777744 345
1694428929050 161.5827940668985 346
1694428929119 155.0477996543438 347
1694428929187 150.76443659993416 348
1694428929254 166.90358977089005 349
1694428929323 163.5932033675463 350
1694428929391 166.1715468039238 351
1694428929459 158.45960905487868 352
1694428929526 170.59019305583993 353
1694428929594 189.14236954603368 354
1694428929662 156.97774845449766 355
1694428929730 169.83731129052043 356
1694428929797 160.81388110299943 357
1694428929866 166.7406660609841 358
1694428929934 173.97796388314976 359
1694428930002 163.9531705716641 360
1694428930071 159.41335683184687 361
1694428930140 173.30102095436752 362
1694428930209 157.2732183363633 363
1694428930278 180.66116794470167 364
1694428930352 143.51054807679887 365
1694428930423 159.69932944469474 366
1694428930491 200.19661059836866 367
1694428930559 183.2280366284059 368
1694428930627 148.06258173635945 369
1694428930694 189.05329495273168 370
1694428930763 197.05084070587418 371
1694428930832 175.59837325352794 372
1694428930901 154.54319853095097 373
1694428930968 178.41216074788807 374
1694428931034 234.0342892008805 375
1694428931103 163.02060002394472 376
1694428931171 164.32194934610797 377
1694428931240 149.01871284440261 378
1694428931308 144.19485078356843 379
1694428931377 150.1063402779727 380
1694428931445 175.9157117045149 381
1694428931513 171.8727964218366 382
1694428931582 182.3525960665503 383
1694428931650 157.45687636065585 384
1694428931717 158.95095397329908 385
1694428931786 152.34031005222036 386
1694428931853 181.9385966455778 387
1694428931923 160.57630965063763 388
1694428931991 165.16848635706984 389
1694428932058 167.63313160355054 390
1694428932126 151.39445398609527 391
1694428932194 173.5628543576745 392
1694428932262 174.76217026372706 393
1694428932329 176.57933866091236 394
1694428932397 173.8382548481507 395
1694428932466 157.85083847739574 396
1694428932534 167.43783379505598 397
1694428932602 207.43532091808265 398
1694428932669 167.81916083674923 399
1694428932737 163.28657731474627 400
1694428932804 154.05433288307 401
1694428932872 159.41988019067028 402
1694428932941 166.16987602018648 403
1694428933008 167.92151219618844 404
1694428933078 192.47499674749253 405
1694428933145 152.92375790397475 406
1694428933212 173.66112158403465 407
1694428933280 184.2572437021898 408
1694428933347 161.52260366852877 409
1694428933414 160.64540629256368 410
1694428933483 159.26069614645175 411
1694428933550 161.87971736406033 412
1694428933618 150.5059378542879 413
1694428933689 158.99755103987914 414
1694428933756 168.52288732003584 415
1694428933824 179.5399758129736 416
1694428933893 156.7046668886047 417
1694428933961 172.60514795572843 418
1694428934028 177.6436293729739 419
1694428934098 172.76117510687808 420
1694428934165 169.28112844233442 421
1694428934235 180.025577120059 422
1694428934302 150.0697176283348 423
1694428934370 184.77729539907946 424
1694428934439 175.85739861909022 425
1694428934506 173.8190466092968 426
1694428934575 159.23461718816398 427
1694428934643 159.61393768406546 428
1694428934711 147.91036673610898 429
1694428934778 172.3474911737263 430
1694428934846 160.99973587250832 431
1694428934914 165.90114959388282 432
1694428934982 175.0043195574815 433
1694428935049 172.18243216979846 434
1694428935118 166.96102736178221 435
1694428935185 161.66615804913872 436
1694428935252 178.96289349224836 437
1694428935321 168.3570425262645 438
1694428935388 196.2257976419856 439
1694428935457 160.4331701464089 440
1694428935524 163.26527715641737 441
1694428935593 158.71979798136994 442
1694428935661 151.44880951617716 443
1694428935728 172.15756744950727 444
1694428935796 191.14804165260813 445
1694428935864 171.6997278526477 446
1694428935932 159.8181599837747 447
1694428936001 155.1062524589734 448
1694428936070 203.0359362947248 449
1694428936137 185.91439448277163 450
1694428936206 178.9060008631777 451
1694428936273 160.9916191894611 452
1694428936342 159.0842923145907 453
1694428936410 200.14487628628072 454
1694428936477 149.04106295009163 455
1694428936545 173.07271657327942 456
1694428936616 163.23352364340028 457
1694428936685 146.3327196508833 458
1694428936752 167.1421652330271 459
1694428936820 153.45692372949242 460
1694428936888 180.4021598473523 461
1694428936956 166.59254357253548 462
1694428937024 174.423183487389 463
1694428937092 226.2999907160558 464
1694428937161 165.5273106170886 465
1694428937229 183.60150194575743 466
1694428937299 195.81657842543956 467
1694428937366 157.65015502283129 468
1694428937433 171.23365179392053 469
1694428937501 191.2892341121903 470
1694428937569 158.82051702635212 471
1694428937638 211.39215353036522 472
1694428937706 158.8524500806508 473
1694428937774 157.3306445127604 474
1694428937841 185.49271779825727 475
1694428937910 180.949379167259 476
1694428937977 173.91247010400986 477
1694428938046 161.2041816218291 478
1694428938113 190.30989957950226 479
1694428938181 170.0866094635661 480
1694428938248 156.09213846193637 481
1694428938316 159.8781344257955 482
1694428938385 157.486069717661 483
1694428938454 139.86402630043608 484
1694428938522 162.06770385157608 485
1694428938590 171.83257366451397 486
1694428938658 176.8560824583679 487
1694428938727 162.74486753339644 488
1694428938795 173.3819604283032 489
1694428938863 178.41496414658062 490
1694428938931 152.98343209508985 491
1694428938999 155.2085923481066 492
1694428939066 165.80246193417966 493
1694428939134 159.5714119175518 494
1694428939202 163.68926547751428 495
1694428939269 160.25876271256692 496
1694428939337 147.73437480462204 497
1694428939405 156.3522489296146 498
1694428939471 179.0323012179463 499
