1694432890431 146.52698956236628 0
1694432890449 127.37679630340675 1
1694432890467 119.99637830107983 2
1694432890484 97.76351864887155 3
1694432890502 90.6741765658966 4
1694432890519 76.20456613115326 5
1694432890536 68.02702055294652 6
1694432890553 55.23920847893627 7
1694432890571 53.85027269511721 8
1694432890591 47.912273115960076 9
1694432890607 40.00466707184089 10
1694432890625 35.43355535634714 11
1694432890644 31.900123945426287 12
1694432890662 28.060352904581077 13
1694432890681 25.21347196429941 14
1694432890701 21.729321587610663 15
1694432890719 17.297883993208767 16
1694432890739 16.084413839114696 17
1694432890760 15.432035543254944 18
1694432890779 11.794284595453977 19
1694432890797 10.872235662327496 20
1694432890815 9.530398717755508 21
1694432890832 8.513897578657605 22
1694432890849 8.341391211747759 23
1694432890868 8.081108566328925 24
1694432890885 5.583079425218427 25
1694432890902 5.818550681336871 26
1694432890918 5.023785723882911 27
1694432890937 3.855469077214867 28
1694432890954 3.3713820240658765 29
1694432890972 2.903099533631274 30
1694432890989 2.411334896528107 31
1694432891006 2.4644573025499312 32
1694432891024 2.114415067634595 33
1694432891042 2.299667368955691 34
1694432891059 1.43097531443587 35
1694432891076 1.7768867331228666 36
1694432891094 1.5999833595750417 37
1694432891111 1.3699911978849781 38
1694432891127 1.0696306530174318 39
1694432891145 1.0336682514993654 40
1694432891162 0.974823733337358 41
1694432891180 0.8151919028615608 42
1694432891198 0.9304874824510575 43
1694432891215 0.545532280066399 44
1694432891232 0.5258268868265897 45
1694432891249 0.29503114118760815 46
1694432891267 0.3798328895064701 47
1694432891285 0.7001539526358911 48
1694432891302 0.5091601269421856 49
1694432891319 0.3521571160837419 50
1694432891336 0.3398909514972132 51
1694432891354 0.4414365517711522 52
1694432891371 0.30791039412407945 53
1694432891388 0.27282973178124126 54
1694432891405 0.3385222484375566 55
1694432891423 0.3554272975399505 56
1694432891441 0.17483611552137918 57
1694432891458 0.16843366659639142 58
1694432891475 0.1839926984656352 59
1694432891493 0.23837139328165582 60
1694432891510 0.10709195685458092 61
1694432891528 0.11360859957106569 62
1694432891548 0.17292825138308848 63
1694432891566 0.13934738258457094 64
1694432891585 0.13971533962604005 65
1694432891603 0.10987991004475997 66
1694432891620 0.15148215558956166 67
1694432891637 0.1094250544357793 68
1694432891653 0.19978975670937762 69
1694432891671 0.11571314512036 70
1694432891690 0.061151911743430605 71
1694432891707 0.1341646166657605 72
1694432891724 0.09072925138631117 73
1694432891741 0.06341894506212797 74
1694432891758 0.23446120163453582 75
1694432891775 0.13587739010650882 76
1694432891794 0.1881167135966961 77
1694432891811 0.12229167526191978 78
1694432891830 0.2337700459095151 79
1694432891848 0.12005130142942014 80
1694432891865 0.211827298059561 81
1694432891883 0.8190023842632126 82
1694432891900 0.10597998316688614 83
1694432891916 0.1521200149739914 84
1694432891933 0.1627356940971245 85
1694432891950 0.11164912832541254 86
1694432891966 0.13059921067486627 87
1694432891984 0.15685009181012569 88
1694432892001 0.14863811077096836 89
1694432892019 0.0974195760150688 90
1694432892036 0.1698270092722555 91
1694432892053 0.11002788785305218 92
1694432892070 0.1572522055408187 93
1694432892088 0.12372996732952128 94
1694432892105 0.08774701083574578 95
1694432892121 0.08560657349148915 96
1694432892138 0.16997743536487026 97
1694432892156 0.13520895703290958 98
1694432892172 0.13309560014783464 99
1694432892190 0.1456728529165557 100
1694432892208 0.04144798946354145 101
1694432892225 0.14311316168111995 102
1694432892243 0.06912651473492289 103
1694432892260 0.16589930139075423 104
1694432892277 0.16005132891006155 105
1694432892295 0.23030978201374666 106
1694432892312 0.11741847418798328 107
1694432892330 0.12713921593030783 108
1694432892348 0.12849181591763056 109
1694432892366 0.1589996745638271 110
1694432892383 0.07411708726496614 111
1694432892401 0.13541350862470383 112
1694432892418 0.2151196259455048 113
1694432892435 0.11863800973818471 114
1694432892453 0.10182365431945976 115
1694432892470 0.09120941966004639 116
1694432892488 0.1332008202979511 117
1694432892505 0.08559081608806303 118
1694432892522 0.12714557235236898 119
1694432892540 0.06303603682318262 120
1694432892556 0.08962943809349234 121
1694432892573 0.053477356275644414 122
1694432892592 0.17515720633570928 123
1694432892608 0.18049104214669767 124
1694432892625 0.2827730625417274 125
1694432892642 0.15074562286467402 126
1694432892661 0.16403538573515822 127
1694432892678 0.17683124961411173 128
1694432892696 0.0922232220555357 129
1694432892712 0.1895624954753236 130
1694432892729 0.04653906919001903 131
1694432892746 0.1443300844319774 132
1694432892763 0.13182749451049575 133
1694432892780 0.0792421306430618 134
1694432892798 0.21039173107621637 135
1694432892815 0.0808730563232715 136
1694432892832 0.05561020894950225 137
1694432892849 0.14950489651341728 138
1694432892867 0.0648906804066703 139
1694432892884 0.0725777369256347 140
1694432892902 0.16557123480038385 141
1694432892918 0.2594994831941379 142
1694432892936 0.07097453911698685 143
1694432892954 0.10064299053180625 144
1694432892972 0.13299176440783583 145
1694432892991 0.092843571043437 146
1694432893008 0.039707277673634925 147
1694432893026 0.062223409837568286 148
1694432893043 0.10435446681822012 149
1694432893059 0.136872137376539 150
1694432893076 0.14406933728271945 151
1694432893095 0.06657112023310875 152
1694432893112 0.08989010830730422 153
1694432893129 0.043512784302637955 154
1694432893146 0.14266579457290743 155
1694432893163 0.2238833031125449 156
1694432893180 0.12136441603493316 157
1694432893198 0.18731588272934863 158
1694432893215 0.06576712084570116 159
1694432893232 0.06801364233351855 160
1694432893249 0.06267651768882995 161
1694432893266 0.030744053208775546 162
1694432893283 0.05837776862600933 163
1694432893300 0.1361769233939828 164
1694432893318 0.08453538383364978 165
1694432893335 0.13472254097663572 166
1694432893351 0.1385430034552128 167
1694432893369 0.16022036965161252 168
1694432893387 0.11437034405595288 169
1694432893405 0.12067704886279369 170
1694432893421 0.22088481657318168 171
1694432893439 0.08708053622447574 172
1694432893457 0.041476209626245875 173
1694432893473 0.13314120429054876 174
1694432893491 0.2087281069931699 175
1694432893509 0.10239010333001206 176
1694432893528 0.06783248503265273 177
1694432893548 0.07163557030754744 178
1694432893565 0.05735258972725131 179
1694432893581 0.08729079979073544 180
1694432893599 0.15100599923316693 181
1694432893617 0.11524409106893319 182
1694432893634 0.09858645509761435 183
1694432893652 0.03526933647241146 184
1694432893669 0.06939791431138734 185
1694432893687 0.14165446583857783 186
1694432893704 0.07164071696351242 187
1694432893721 0.1566093769396407 188
1694432893738 0.08899212609830383 189
1694432893755 0.09800822254889528 190
1694432893772 0.1487822003527548 191
1694432893790 0.10231830297052844 192
1694432893806 0.12943802527930778 193
1694432893824 0.1316580801696406 194
1694432893841 0.17967989796460482 195
1694432893859 0.10670857347087291 196
1694432893875 0.19245756791541865 197
1694432893894 0.0637259129064653 198
1694432893911 0.035438352877096825 199
1694432893928 0.11045441776734337 200
1694432893946 0.18421998071604337 201
1694432893963 0.15625968665089432 202
1694432893980 0.25490412716991034 203
1694432893998 0.11011626356207692 204
1694432894016 0.15666197391293268 205
1694432894033 0.19003696985685953 206
1694432894050 0.17049852601470403 207
1694432894067 0.15125936962761677 208
1694432894084 0.09938229682725772 209
1694432894101 0.15165654498218034 210
1694432894118 0.10020039796802775 211
1694432894135 0.17561098988557275 212
1694432894154 0.04966303260131609 213
1694432894172 0.10731684009893615 214
1694432894190 0.1435923482900734 215
1694432894207 0.11427485489489043 216
1694432894224 0.18540422364865677 217
1694432894242 0.12362270995554306 218
1694432894259 0.10576420974976497 219
1694432894277 0.09122108655910607 220
1694432894294 0.2144554715675373 221
1694432894312 0.0697971780759519 222
1694432894329 0.076579065871248 223
1694432894346 0.16842147263687954 224
1694432894363 0.1405669356266081 225
1694432894380 0.10701044034320106 226
1694432894399 0.07807645415396298 227
1694432894415 0.0901465338393388 228
1694432894432 0.11963357481711426 229
1694432894450 0.09016647925948852 230
1694432894467 0.041148690428416616 231
1694432894484 0.08901897929033245 232
1694432894503 0.11965642006053745 233
1694432894520 0.11096200041947081 234
1694432894537 0.10976809325804206 235
1694432894553 0.08964557735439153 236
1694432894570 0.08663791847299196 237
1694432894587 0.17800154512631353 238
1694432894604 0.14112757609340693 239
1694432894622 0.15530739071689895 240
1694432894639 0.08415541273987145 241
1694432894656 0.18969217942362332 242
1694432894673 0.07987502562835644 243
1694432894690 0.07399123601917547 244
1694432894709 0.1152296365560416 245
1694432894728 0.10876594623825901 246
1694432894746 0.06992954329280379 247
1694432894763 0.06278352864234252 248
1694432894781 0.12297579501991496 249
1694432894799 0.15830414744114013 250
1694432894816 0.10909535446526768 251
1694432894833 0.07529852790669797 252
1694432894849 0.10023160582925254 253
1694432894867 0.16827558017645616 254
1694432894885 0.14353215039540151 255
1694432894901 0.09187171655413269 256
1694432894918 0.23339730149183843 257
1694432894936 0.13455824100921418 258
1694432894952 0.10324079957630394 259
1694432894970 0.24252355066340175 260
1694432894988 0.04388911151234239 261
1694432895006 0.8431350699351977 262
1694432895024 0.07198724736970781 263
1694432895042 0.052499178511159116 264
1694432895058 0.06548050256966319 265
1694432895075 0.06637529206895126 266
1694432895093 0.10309106116489128 267
1694432895111 0.07602013453420484 268
1694432895129 0.26535650346510026 269
1694432895146 0.05777278203878398 270
1694432895163 0.04332946662190672 271
1694432895180 0.31398896209468974 272
1694432895198 0.12946185288743425 273
1694432895215 0.08297235125023181 274
1694432895232 0.17813107998098032 275
1694432895248 0.06330148423550433 276
1694432895265 0.10217366031809362 277
1694432895283 0.11671176010521625 278
1694432895300 0.06058449545382603 279
1694432895319 0.17317908254245637 280
1694432895336 0.0730692340761632 281
1694432895354 0.051588250215494395 282
1694432895371 0.21077661003914178 283
1694432895388 0.12737772365594904 284
1694432895405 0.07896000640156876 285
1694432895423 0.07278902356266033 286
1694432895440 0.17385867000454583 287
1694432895457 0.13404491686803968 288
1694432895474 0.24889246529817063 289
1694432895492 0.2034274711381546 290
1694432895510 0.09734692432659565 291
1694432895526 0.08700096708835922 292
1694432895544 0.11184840931181535 293
1694432895560 0.05263574236918111 294
1694432895578 0.161312081654716 295
1694432895595 0.19870610503333677 296
1694432895613 0.07301034402079985 297
1694432895631 0.11181290898565788 298
1694432895647 0.1307626922896092 299
1694432895664 0.11655459572697781 300
1694432895682 0.16496008569859708 301
1694432895698 0.16809018683726018 302
1694432895717 0.08599281374754686 303
1694432895734 0.093046133360694 304
1694432895752 0.10079953126361578 305
1694432895768 0.050128864046483215 306
1694432895786 0.10694951738786138 307
1694432895804 0.09121026347000509 308
1694432895821 0.05952464406118898 309
1694432895838 0.07188245317123469 310
1694432895854 0.1332651257720877 311
1694432895871 0.10729687807922793 312
1694432895888 0.17155707596833572 313
1694432895906 0.1790376019860462 314
1694432895924 0.05533626451626985 315
1694432895942 0.11928794678891888 316
1694432895959 0.1403116588140578 317
1694432895977 0.06400773524658618 318
1694432895995 0.19308456404404598 319
1694432896012 0.15203291417687298 320
1694432896029 0.08546943008246266 321
1694432896046 0.12508360913020947 322
1694432896063 0.1153763115646029 323
1694432896080 0.10827960514653764 324
1694432896098 0.13624502526198104 325
1694432896116 0.04590892371674821 326
1694432896134 0.07254318953770934 327
1694432896150 0.13120277972428587 328
1694432896168 0.14677745622628788 329
1694432896185 0.04958173072430626 330
1694432896202 0.0904112089937262 331
1694432896221 0.11226789073690947 332
1694432896238 0.1219603470824281 333
1694432896254 0.12390283775781942 334
1694432896272 0.049088936691846385 335
1694432896289 0.2515347927504603 336
1694432896306 0.15781051692861506 337
1694432896323 0.10658774822638009 338
1694432896341 0.06605459020009212 339
1694432896358 0.10620939023732166 340
1694432896374 0.104758984441348 341
1694432896391 0.10354185802060166 342
1694432896409 0.1641843585303754 343
1694432896426 0.15846046566860153 344
1694432896444 0.10880188230981716 345
1694432896462 0.18775712622401003 346
1694432896478 0.12088387179785941 347
1694432896496 0.14814296154054407 348
1694432896515 0.10486712147712443 349
1694432896532 0.2292334208666476 350
1694432896551 0.06268455354825632 351
1694432896568 0.06958572169475812 352
1694432896585 0.14840480021345756 353
1694432896601 0.023877762131046327 354
1694432896618 0.07092898944586855 355
1694432896637 0.11347543676638674 356
1694432896652 0.07547981993857104 357
1694432896669 0.15682461868215336 358
1694432896687 0.11320738625193963 359
1694432896705 0.07322875286288041 360
1694432896722 0.16960575017670787 361
1694432896740 0.13723931975072792 362
1694432896759 0.13225504770449545 363
1694432896777 0.09248055450770665 364
1694432896795 0.10372586494066104 365
1694432896813 0.08343719457263317 366
1694432896832 0.07662760356362422 367
1694432896849 0.1125494914622618 368
1694432896867 0.0760830000027785 369
1694432896885 0.1212727412998529 370
1694432896903 0.06467234084466979 371
1694432896922 0.05786137293223853 372
1694432896940 0.07632657302425512 373
1694432896957 0.13651483854793608 374
1694432896975 0.10258389484641184 375
1694432896992 0.04995585249571126 376
1694432897009 0.14965430294039214 377
1694432897026 0.180536382529827 378
1694432897044 0.16230827402151624 379
1694432897061 0.07254213126533215 380
1694432897078 0.16476570489929712 381
1694432897096 0.09429841224221272 382
1694432897114 0.09494016772599287 383
1694432897132 0.0896842266150426 384
1694432897151 0.06112890086877233 385
1694432897167 0.11827323932026988 386
1694432897186 0.14980404666704397 387
1694432897203 0.17286602935167947 388
1694432897220 0.1291254079628039 389
1694432897238 0.10071104428188292 390
1694432897255 0.09235312711819695 391
1694432897272 0.20753981926531437 392
1694432897289 0.07735204448485034 393
1694432897306 0.09863162522607127 394
1694432897324 0.11117943719449433 395
1694432897341 0.15389594595936715 396
1694432897358 0.16742179468209165 397
1694432897375 0.1322776614606712 398
1694432897392 0.1505532838000438 399
1694432897408 0.10330387743287954 400
1694432897426 0.09593313433493912 401
1694432897443 0.13082952313985002 402
1694432897461 0.06806435961104068 403
1694432897478 0.14345892280073705 404
1694432897496 0.037843626921487836 405
1694432897512 0.16350792867739822 406
1694432897530 0.10488109881298582 407
1694432897547 0.06524566420794777 408
1694432897565 0.09993444419372474 409
1694432897582 0.04112680777803503 410
1694432897601 0.1971693310489757 411
1694432897618 0.062969701692879 412
1694432897636 0.07556616215765223 413
1694432897653 0.10355937113756213 414
1694432897670 0.1099775155598347 415
1694432897688 0.04396109385502204 416
1694432897704 0.11679094160598709 417
1694432897723 0.1140356217552367 418
1694432897740 0.15641099238403822 419
1694432897758 0.11045345413931859 420
1694432897775 0.10395959071167157 421
1694432897793 0.13915288006030435 422
1694432897810 0.09670194612685731 423
1694432897828 0.07547484162883791 424
1694432897845 0.1385736669208357 425
1694432897862 0.08367231287242181 426
1694432897879 0.0937402033045085 427
1694432897895 0.08798714138358385 428
1694432897912 0.25640585047819814 429
1694432897930 0.2447753583966183 430
1694432897948 0.06137813181252848 431
1694432897965 0.08787917731432657 432
1694432897983 0.1796534521685276 433
1694432898000 0.13673485814263145 434
1694432898017 0.05342202990970641 435
1694432898035 0.11804995554279893 436
1694432898052 0.06806070918184377 437
1694432898069 0.0814075431935469 438
1694432898087 0.0847928805525175 439
1694432898104 0.2050312014237879 440
1694432898121 0.11843906915089455 441
1694432898139 0.07348679832213825 442
1694432898156 0.07823243584567999 443
1694432898173 0.06512160022111255 444
1694432898190 0.09464372835631758 445
1694432898208 0.032945429315743714 446
1694432898226 0.08247527976387825 447
1694432898243 0.08469843304905951 448
1694432898260 0.053563154177387544 449
1694432898278 0.10070200789846186 450
1694432898296 0.10793985847183286 451
1694432898313 0.15427855338180338 452
1694432898331 0.06518800436878093 453
1694432898349 0.06166052391417719 454
1694432898366 0.10139276528279866 455
1694432898383 0.1269555436733242 456
1694432898401 0.23507459908251999 457
1694432898418 0.05535454668510324 458
1694432898436 0.183757697092836 459
1694432898454 0.056266069021766854 460
1694432898472 0.04203770645647089 461
1694432898489 0.1310182989442062 462
1694432898506 0.21484693838389615 463
1694432898524 0.19420571419871685 464
1694432898541 0.21099804863547103 465
1694432898558 0.06141534763916588 466
1694432898575 0.2799669534472058 467
1694432898592 0.13162542256531362 468
1694432898610 0.10721820016040777 469
1694432898627 0.0933300155875773 470
1694432898645 0.14177251081429715 471
1694432898662 0.17005965607711612 472
1694432898680 0.09554007537248992 473
1694432898698 0.057004459325291836 474
1694432898714 0.10324248662766025 475
1694432898732 0.18964754274468473 476
1694432898749 0.12140064375388208 477
1694432898766 0.036756617801646706 478
1694432898783 0.15344924092580997 479
1694432898801 0.10655563737358761 480
1694432898818 0.1443925021637283 481
1694432898835 0.12854680613149894 482
1694432898851 0.14833184841501937 483
1694432898869 0.12281296619446659 484
1694432898886 0.1500706355430954 485
1694432898905 0.13690215095425975 486
1694432898922 0.10800023545499556 487
1694432898941 0.08460013928468835 488
1694432898958 0.10895414817498604 489
1694432898974 0.03558645614380372 490
1694432898993 0.18462722943447324 491
1694432899009 0.10224763536780282 492
1694432899026 0.12131112454771047 493
1694432899045 0.1321053530326516 494
1694432899063 0.13515571858978653 495
1694432899080 0.0898214858349156 496
1694432899097 0.20084533755399198 497
1694432899114 0.11284188446258647 498
1694432899132 0.15663456026836614 499
