1694430808057 167.39512213712928 0
1694430808074 153.00164754400285 1
1694430808092 155.93755880491054 2
1694430808108 157.27325921275653 3
1694430808125 154.97812992432827 4
1694430808142 164.487223166167 5
1694430808159 145.96699848115728 6
1694430808175 149.74956323089847 7
1694430808192 150.13134163024867 8
1694430808210 138.82775376096996 9
1694430808228 141.24352153526175 10
1694430808246 140.79743560915585 11
1694430808266 137.86950192255765 12
1694430808286 136.01989539385886 13
1694430808304 130.1642206908767 14
1694430808325 129.37815702091183 15
1694430808348 135.11716399347378 16
1694430808367 120.27523342043581 17
1694430808388 127.21356592714707 18
1694430808407 121.3678418335737 19
1694430808427 119.48760570320532 20
1694430808447 118.29382626426572 21
1694430808464 109.73139182771378 22
1694430808481 115.04989855261658 23
1694430808498 111.19459392829162 24
1694430808515 119.81266164599944 25
1694430808532 109.13192423272913 26
1694430808549 107.26459667361914 27
1694430808566 105.60327198408187 28
1694430808582 106.83020710589071 29
1694430808600 101.01028865739401 30
1694430808616 100.77176644534828 31
1694430808634 96.21286585590428 32
1694430808652 95.91439219659391 33
1694430808668 93.8992333276873 34
1694430808686 94.38854006611015 35
1694430808704 90.09235773543642 36
1694430808721 89.11983210162255 37
1694430808739 84.91182101577114 38
1694430808755 88.21890785933294 39
1694430808772 86.627158230718 40
1694430808789 81.05482327644684 41
1694430808806 83.07684357310244 42
1694430808824 80.95491451629762 43
1694430808840 80.52234097302605 44
1694430808857 77.75066656504535 45
1694430808874 79.06973084754648 46
1694430808890 75.39319479723746 47
1694430808907 72.36244860363622 48
1694430808925 81.72131731730016 49
1694430808943 76.39985504043061 50
1694430808959 71.83113003499997 51
1694430808976 69.8915766012548 52
1694430808993 66.67042564066631 53
1694430809010 69.38089891702795 54
1694430809027 66.3840608197929 55
1694430809044 66.6577102498368 56
1694430809061 58.97536938801882 57
1694430809077 67.85272105407167 58
1694430809096 61.53756464022662 59
1694430809114 64.38366662506436 60
1694430809131 62.85393291491618 61
1694430809148 60.30121809295564 62
1694430809165 60.6789460320556 63
1694430809182 60.362253384447335 64
1694430809200 55.939765443109984 65
1694430809217 56.66885932001296 66
1694430809242 56.27824850757512 67
1694430809263 53.72376981119181 68
1694430809281 54.84553093030115 69
1694430809298 52.54046682647785 70
1694430809314 52.526419377005546 71
1694430809331 54.175659950153424 72
1694430809348 50.186846860426456 73
1694430809365 49.50628909342658 74
1694430809384 52.46905396458197 75
1694430809401 49.9148815734295 76
1694430809419 47.829175299427504 77
1694430809437 47.79763583963717 78
1694430809453 44.394110832514045 79
1694430809470 47.56715415949106 80
1694430809487 43.149158251561296 81
1694430809504 44.488297736815205 82
1694430809520 42.140444902548765 83
1694430809538 41.846161534114856 84
1694430809556 39.25891386347301 85
1694430809573 43.71296200868418 86
1694430809589 40.179045748359236 87
1694430809606 40.108249685994146 88
1694430809623 38.85746309908637 89
1694430809641 37.55193420499025 90
1694430809657 37.66650538530077 91
1694430809673 39.56547064147511 92
1694430809690 36.06590398155492 93
1694430809709 35.048710346760046 94
1694430809728 36.766190536385714 95
1694430809745 32.87788834093093 96
1694430809762 35.94434983544399 97
1694430809779 34.69324963224993 98
1694430809797 33.116729215108094 99
1694430809815 32.398969002001316 100
1694430809832 32.842296532796965 101
1694430809849 31.220343357611814 102
1694430809866 30.073970886032363 103
1694430809883 29.39507516058621 104
1694430809901 30.841381961817785 105
1694430809919 31.070983681582664 106
1694430809938 30.867608888729105 107
1694430809955 27.56531466755144 108
1694430809970 27.801439154687777 109
1694430809988 30.119660110008073 110
1694430810005 28.07490852027655 111
1694430810022 27.87991295793599 112
1694430810040 28.209111566233613 113
1694430810057 27.21919973845698 114
1694430810074 25.030379867897864 115
1694430810091 26.54629490932447 116
1694430810108 27.110679540251052 117
1694430810125 25.58518933588893 118
1694430810142 23.903233109185944 119
1694430810158 24.91179672437547 120
1694430810175 23.53189838751576 121
1694430810192 23.34661796752649 122
1694430810208 21.191751174445475 123
1694430810225 22.715061205717916 124
1694430810242 22.943439142758056 125
1694430810259 22.44293325767016 126
1694430810276 23.709475655519075 127
1694430810293 22.566580869652704 128
1694430810309 20.840586217640357 129
1694430810326 18.771559301502396 130
1694430810344 22.460714243405214 131
1694430810361 19.921693029689216 132
1694430810378 19.854271080806775 133
1694430810395 19.301883073577898 134
1694430810411 19.27793673019232 135
1694430810428 19.66301676449326 136
1694430810445 18.336066084801466 137
1694430810461 18.75890208045372 138
1694430810478 18.399580407104768 139
1694430810495 18.940845554203015 140
1694430810511 17.05147217894332 141
1694430810531 16.306224804008487 142
1694430810548 16.489153755153634 143
1694430810565 17.190243816667426 144
1694430810583 16.183935888461342 145
1694430810599 16.776793496361055 146
1694430810617 17.762782999587404 147
1694430810634 15.845860743387627 148
1694430810651 15.386311823031603 149
1694430810668 15.87000047244651 150
1694430810686 14.93652603144387 151
1694430810702 14.334636173957506 152
1694430810718 15.150563084071148 153
1694430810735 13.61656251332089 154
1694430810752 14.71872738856226 155
1694430810769 13.720724111307309 156
1694430810787 15.512847211762354 157
1694430810803 13.80882698560427 158
1694430810820 13.092554641447391 159
1694430810837 12.346845138734457 160
1694430810854 13.101020535690465 161
1694430810871 13.490718631551387 162
1694430810889 13.164516939390483 163
1694430810905 12.638617229054192 164
1694430810922 12.333155426454145 165
1694430810940 12.282940838001332 166
1694430810958 11.609629205280827 167
1694430810975 12.269809883410279 168
1694430810992 11.054640901992057 169
1694430811009 11.057370362228198 170
1694430811025 10.997569852881773 171
1694430811042 10.881962226800626 172
1694430811060 11.365985956950608 173
1694430811077 11.837102429264034 174
1694430811095 10.18399828746347 175
1694430811111 11.00851998335236 176
1694430811129 10.00205913730045 177
1694430811147 11.251665044723639 178
1694430811164 9.446376701715522 179
1694430811181 9.48666977698745 180
1694430811198 9.070267827416473 181
1694430811215 10.250146782140321 182
1694430811232 10.311736660143827 183
1694430811249 9.747031203519517 184
1694430811266 9.322994580712708 185
1694430811282 8.50889996381023 186
1694430811299 9.349307230065818 187
1694430811315 8.972130566214904 188
1694430811333 8.653576284081927 189
1694430811350 9.278116744855838 190
1694430811366 8.100058311749724 191
1694430811382 8.818402790299567 192
1694430811400 8.550475945221423 193
1694430811417 8.209988051397719 194
1694430811433 8.699900750641133 195
1694430811451 8.158187895569666 196
1694430811467 7.326767289106699 197
1694430811485 7.2396408198647695 198
1694430811501 7.62726118148566 199
1694430811518 7.990443069051872 200
1694430811535 7.149136634319398 201
1694430811552 7.347547633216737 202
1694430811569 7.697219238982966 203
1694430811587 8.180316646312523 204
1694430811604 6.740646477584859 205
1694430811621 7.483775389579823 206
1694430811639 6.631097259381903 207
1694430811656 6.28169656850339 208
1694430811673 7.519010192604941 209
1694430811690 6.895542935443315 210
1694430811707 6.5776185182165126 211
1694430811724 7.03583581616139 212
1694430811743 5.545081916081351 213
1694430811761 6.179549549036418 214
1694430811778 6.107396275192593 215
1694430811795 6.630783946429285 216
1694430811811 6.514936889569254 217
1694430811829 5.795041956489153 218
1694430811846 5.553816626107706 219
1694430811862 5.532895218189522 220
1694430811879 5.905932060466012 221
1694430811898 5.666879046114351 222
1694430811914 6.308593958526889 223
1694430811930 5.3912373211669005 224
1694430811948 5.30365450139152 225
1694430811965 5.365999954513659 226
1694430811982 5.143600142838266 227
1694430811999 4.525568307371635 228
1694430812015 5.2200888637971365 229
1694430812032 5.060536472880656 230
1694430812049 5.09336431947079 231
1694430812066 4.591184270072026 232
1694430812083 5.245643616849692 233
1694430812101 4.366764265545504 234
1694430812118 4.469552426668685 235
1694430812134 4.9560881022198755 236
1694430812151 5.073933714965274 237
1694430812169 4.807138220703393 238
1694430812186 4.170159890518619 239
1694430812203 6.20331485664336 240
1694430812220 4.203648145572991 241
1694430812236 4.422386058144171 242
1694430812254 4.2941376116919505 243
1694430812270 3.941499252806183 244
1694430812288 4.983329313620316 245
1694430812305 4.273861898853601 246
1694430812322 4.372011466464837 247
1694430812339 3.6757909602453402 248
1694430812356 3.911936733980575 249
1694430812372 3.6400936279481644 250
1694430812390 4.230040167558145 251
1694430812407 3.7464384726317244 252
1694430812424 3.8177623797089013 253
1694430812441 4.093775134218359 254
1694430812459 3.6238185487728596 255
1694430812475 4.208758029064848 256
1694430812493 3.4611945994310203 257
1694430812509 3.799742839683433 258
1694430812525 3.4373139883083814 259
1694430812542 4.013147249649301 260
1694430812560 3.737571379670928 261
1694430812576 3.0053082742175454 262
1694430812593 3.6440190575188596 263
1694430812610 3.205680695389053 264
1694430812627 3.524046541346983 265
1694430812644 3.222555885910387 266
1694430812662 3.1936998094561004 267
1694430812678 3.0739173042248433 268
1694430812695 2.629874122883576 269
1694430812712 2.647090333353823 270
1694430812729 3.446938681610743 271
1694430812746 3.0397610881177775 272
1694430812762 3.26258000203192 273
1694430812780 3.0922728370782555 274
1694430812797 2.547039160003305 275
1694430812814 3.173433195637186 276
1694430812830 2.857795919698313 277
1694430812848 2.962580722239505 278
1694430812865 2.576283094659302 279
1694430812883 2.511311005949011 280
1694430812900 2.6899252267246823 281
1694430812918 2.5794329521313246 282
1694430812935 1.9907425590101675 283
1694430812952 2.4750754219150233 284
1694430812968 2.4654901257043 285
1694430812986 2.721102737247546 286
1694430813003 2.353503188683194 287
1694430813020 2.1014374586798605 288
1694430813037 2.2876168352220185 289
1694430813053 2.289081438880719 290
1694430813071 1.8794182955418892 291
1694430813088 2.346681756247301 292
1694430813105 2.4401802412197946 293
1694430813121 2.164808639208321 294
1694430813139 2.564649754114176 295
1694430813156 2.260028273110906 296
1694430813173 2.118833549625092 297
1694430813190 2.125031131192018 298
1694430813207 2.106228469835186 299
1694430813224 1.9996987241094464 300
1694430813241 2.1416057967356106 301
1694430813258 1.7449362908320782 302
1694430813276 2.2600017712120235 303
1694430813293 1.7939948058022923 304
1694430813309 1.7371404878810979 305
1694430813326 2.1653519867669875 306
1694430813343 1.9977187043506432 307
1694430813361 1.5226900483385133 308
1694430813378 1.9269994835451292 309
1694430813395 1.6603338494082511 310
1694430813411 1.950092446148162 311
1694430813428 1.7361112977120106 312
1694430813444 1.8468192244890684 313
1694430813462 1.7876997806232862 314
1694430813480 1.8967856235301104 315
1694430813500 1.572064810580916 316
1694430813517 1.4290560935769072 317
1694430813534 1.5916989121555414 318
1694430813550 1.9161825473558771 319
1694430813567 1.6482483641619403 320
1694430813584 1.7919809503596107 321
1694430813601 1.9781774448132283 322
1694430813618 1.6229070123274278 323
1694430813634 1.5749491059300378 324
1694430813653 1.8931287001567514 325
1694430813670 2.1611769586690195 326
1694430813687 1.4569034248911426 327
1694430813704 1.2539095480474083 328
1694430813721 1.6862958849326979 329
1694430813738 1.342767338337484 330
1694430813755 1.2224064110943345 331
1694430813773 1.2361276051970436 332
1694430813790 1.678245293366808 333
1694430813807 1.343200294161377 334
1694430813824 1.2787159117290727 335
1694430813841 1.4883364504855068 336
1694430813858 1.6765726163827384 337
1694430813875 1.7932356333650685 338
1694430813892 1.5762954792978905 339
1694430813909 1.614014130060996 340
1694430813926 1.5743444918942606 341
1694430813943 1.4644434033230738 342
1694430813960 1.389936471762878 343
1694430813978 1.3227141892147862 344
1694430813995 1.3415297672090885 345
1694430814012 1.7749272535501295 346
1694430814029 1.2876202558321097 347
1694430814046 1.0200508446012748 348
1694430814063 1.2425738609074308 349
1694430814082 1.160287315915905 350
1694430814104 1.2308104602597216 351
1694430814122 1.361288778546342 352
1694430814139 1.1390975910150136 353
1694430814156 0.9330524566629826 354
1694430814174 1.157071230925155 355
1694430814191 0.9812605768170498 356
1694430814209 1.307511238450098 357
1694430814225 1.3163634134187574 358
1694430814242 1.3588996256435935 359
1694430814259 0.952957693852609 360
1694430814276 1.3633277319837964 361
1694430814294 1.24135220445884 362
1694430814310 1.1135394973180037 363
1694430814327 1.1445742229365758 364
1694430814344 1.1142394791634949 365
1694430814361 0.8994577218493708 366
1694430814378 1.1943682302634637 367
1694430814395 0.8283114962495282 368
1694430814412 1.1814369033715195 369
1694430814430 1.266987130669653 370
1694430814446 0.948412843138079 371
1694430814463 1.1824316060359028 372
1694430814480 1.074293047103582 373
1694430814497 0.8666107076294395 374
1694430814514 1.100492269229777 375
1694430814531 1.1781029645809578 376
1694430814547 1.2292307142817884 377
1694430814565 0.9570762281253398 378
1694430814582 0.9551849277024248 379
1694430814599 0.7857390269828616 380
1694430814616 1.0805123384277058 381
1694430814632 0.8162696200571399 382
1694430814649 0.8313355900327994 383
1694430814667 0.8072007865056795 384
1694430814686 1.2319431816649058 385
1694430814703 0.9026562498490074 386
1694430814719 0.8906880698730127 387
1694430814736 0.8457482005519148 388
1694430814752 0.803759544705515 389
1694430814769 0.673673356919111 390
1694430814786 1.0809281643142314 391
1694430814804 0.6497952733178679 392
1694430814821 0.9205320185519099 393
1694430814838 0.7734326095658375 394
1694430814855 1.08697420174007 395
1694430814872 0.7394547702987403 396
1694430814889 1.0790763877477874 397
1694430814906 0.909164706175775 398
1694430814922 1.129577898183442 399
1694430814940 0.5841159757216771 400
1694430814957 0.897770433684438 401
1694430814974 0.5768952376115871 402
1694430814992 0.875568260652357 403
1694430815007 0.7957640553959985 404
1694430815025 0.5466502080598847 405
1694430815041 0.9289651137069618 406
1694430815058 0.787362415889401 407
1694430815075 0.9020521639770446 408
1694430815092 1.0741343460434893 409
1694430815108 0.8153906953706366 410
1694430815124 0.6770590819195804 411
1694430815142 0.5347534976463895 412
1694430815159 0.8521169321530717 413
1694430815175 0.8382084423703916 414
1694430815192 0.9371458688027355 415
1694430815209 0.8556294230744905 416
1694430815226 0.8272988454007468 417
1694430815243 0.985145514632609 418
1694430815261 0.7246700698129093 419
1694430815279 0.6566390230088628 420
1694430815297 0.6482839225637109 421
1694430815314 0.6719673702110589 422
1694430815331 0.7261383530765307 423
1694430815347 0.6274854667985793 424
1694430815364 0.5921334957859673 425
1694430815381 0.7178769758904051 426
1694430815398 0.641904763660956 427
1694430815415 0.5977924250483742 428
1694430815432 0.7622906880611328 429
1694430815449 0.8757855498179286 430
1694430815466 0.6798788865810097 431
1694430815483 0.6324124285480007 432
1694430815500 0.4120147298034484 433
1694430815516 0.7975756535261356 434
1694430815533 0.5896980020209321 435
1694430815550 0.5930500076674005 436
1694430815567 0.7213169650763144 437
1694430815585 0.8271934348193973 438
1694430815602 0.6185335375647878 439
1694430815618 0.6808996515498408 440
1694430815635 0.42162306771607605 441
1694430815652 1.0260151025098196 442
1694430815668 0.6472936138673345 443
1694430815685 0.6632138055629343 444
1694430815702 0.463476501503246 445
1694430815719 0.7030645866561702 446
1694430815735 0.6866938629123742 447
1694430815752 0.5897692471093651 448
1694430815769 0.4422900371314529 449
1694430815786 0.7952101966412553 450
1694430815802 0.6249053909669854 451
1694430815819 0.9706231042378278 452
1694430815836 0.7032417530568952 453
1694430815854 0.7503346556783802 454
1694430815872 0.6116392205134723 455
1694430815890 0.7026778542623082 456
1694430815907 0.4535423233313357 457
1694430815924 0.6575273991777291 458
1694430815941 0.5779853096605152 459
1694430815958 0.7278220842749455 460
1694430815975 0.5069965657865624 461
1694430815992 0.6726721364527533 462
1694430816008 0.45103579564654644 463
1694430816025 0.6618308531102451 464
1694430816042 0.37722465967633634 465
1694430816059 0.5077443868302268 466
1694430816075 0.5772296357860681 467
1694430816093 0.5339363903752969 468
1694430816109 0.5777026667571354 469
1694430816125 0.44892201002112103 470
1694430816142 0.5847078781295113 471
1694430816159 0.5842284857981824 472
1694430816176 0.5625962001037422 473
1694430816194 0.6888117986204414 474
1694430816211 0.4919120731243059 475
1694430816227 0.537641102041832 476
1694430816244 0.8137618192448263 477
1694430816261 0.5697880306888188 478
1694430816278 0.5512109968575468 479
1694430816296 0.7674916831422578 480
1694430816312 0.4683117951173689 481
1694430816329 0.5014422089557434 482
1694430816346 0.597880449060429 483
1694430816362 0.6282739541753618 484
1694430816379 0.48869795685941997 485
1694430816397 0.4351147217295999 486
1694430816413 0.5624498545185191 487
1694430816429 0.5263943107518015 488
1694430816447 0.5601772723067835 489
1694430816464 0.4875885023040497 490
1694430816481 0.5355342577800515 491
1694430816499 0.5269330290901165 492
1694430816515 0.27989162769096104 493
1694430816532 0.4383429077286284 494
1694430816550 0.5038474194823269 495
1694430816566 0.5451908407550075 496
1694430816583 0.38532545669622337 497
1694430816600 0.4152936346315016 498
1694430816617 0.49178027104825917 499
