1694434012548 175.21920988566916 0
1694434012566 174.86527612175115 1
1694434012583 174.5120604136107 2
1694434012599 174.15956128909022 3
1694434012615 173.80777727911558 4
1694434012631 173.45670691768956 5
1694434012649 173.1063487418851 6
1694434012668 172.7567012918386 7
1694434012685 172.4077631107433 8
1694434012702 172.05953274484258 9
1694434012718 171.71200874342327 10
1694434012734 171.36518965880913 11
1694434012751 171.0190740463542 12
1694434012769 170.67366046443615 13
1694434012785 170.3289474744498 14
1694434012802 169.98493364080045 15
1694434012818 169.6416175308974 16
1694434012835 169.3021058958947 17
1694434012853 168.96327981759092 18
1694434012869 168.62513789403332 19
1694434012887 168.28767872620085 20
1694434012905 167.95090091799784 21
1694434012921 167.61480307624777 22
1694434012937 167.27938381068654 23
1694434012955 166.9446417339566 24
1694434012972 166.6105754616003 25
1694434012990 166.2771836120538 26
1694434013007 165.94446480664058 27
1694434013024 165.61241766956533 28
1694434013041 165.28104082790762 29
1694434013058 164.95033291161562 30
1694434013074 164.6202925534999 31
1694434013090 164.29091838922722 32
1694434013108 163.96220905731442 33
1694434013127 163.634163199122 34
1694434013144 163.3067794588481 35
1694434013162 162.9800564835224 36
1694434013180 162.65399292299975 37
1694434013200 162.32858742995438 38
1694434013220 162.00383865987337 39
1694434013237 161.67974527105096 40
1694434013257 161.35630592458202 41
1694434013275 161.03351928435643 42
1694434013293 160.71138401705272 43
1694434013313 160.38989879213207 44
1694434013331 160.06906228183234 45
1694434013349 159.74887316116204 46
1694434013368 159.42933010789426 47
1694434013386 159.11043180256075 48
1694434013405 158.79217692844594 49
1694434013423 158.4745641715809 50
1694434013442 158.15759222073743 51
1694434013459 157.84125976742226 52
1694434013476 157.52556550587087 53
1694434013494 157.2105081330417 54
1694434013511 156.89608634861045 55
1694434013528 156.58229885496377 56
1694434013544 156.26914435719382 57
1694434013563 155.95662156309214 58
1694434013579 155.64472918314388 59
1694434013597 155.3334659305221 60
1694434013613 155.02283052108177 61
1694434013630 154.71282167335406 62
1694434013646 154.4034381085405 63
1694434013665 154.09467855050733 64
1694434013684 153.78654172577959 65
1694434013703 153.4790263635355 66
1694434013722 153.17213119560049 67
1694434013739 152.8658549564419 68
1694434013755 152.56019638316283 69
1694434013772 152.25515421549667 70
1694434013788 151.95072719580148 71
1694434013806 151.64691406905405 72
1694434013823 151.34371358284463 73
1694434013838 151.04112448737092 74
1694434013854 150.73914553543264 75
1694434013871 150.43777548242585 76
1694434013887 150.13701308633736 77
1694434013905 149.83685710773926 78
1694434013920 149.53730630978302 79
1694434013936 149.23835945819425 80
1694434013954 148.94001532126705 81
1694434013970 148.6422726698584 82
1694434013986 148.3451302773826 83
1694434014003 148.04858691980596 84
1694434014019 147.75264137564113 85
1694434014035 147.45729242594157 86
1694434014052 147.16253885429626 87
1694434014070 146.86837944682406 88
1694434014086 146.57481299216838 89
1694434014104 146.2818382814916 90
1694434014120 145.9894541084698 91
1694434014136 145.69765926928727 92
1694434014155 145.40645256263105 93
1694434014173 145.11583278968567 94
1694434014189 144.82579875412773 95
1694434014207 144.53634926212032 96
1694434014226 144.24748312230807 97
1694434014241 143.9591991458115 98
1694434014258 143.67149614622178 99
1694434014275 143.3843729395955 100
1694434014292 143.0978283444491 101
1694434014308 142.81186118175395 102
1694434014325 142.5264702749308 103
1694434014341 142.24165444984456 104
1694434014357 141.95741253479918 105
1694434014374 141.67374336053211 106
1694434014390 141.39064576020957 107
1694434014407 141.10811856942067 108
1694434014424 140.82616062617282 109
1694434014441 140.54477077088612 110
1694434014458 140.2639478463884 111
1694434014474 139.98369069790982 112
1694434014490 139.7039981730781 113
1694434014507 139.4248691219129 114
1694434014524 139.14630239682103 115
1694434014540 138.86829685259113 116
1694434014558 138.59085134638872 117
1694434014575 138.31396473775098 118
1694434014590 138.03763588858155 119
1694434014607 137.76186366314573 120
1694434014623 137.48664692806526 121
1694434014639 137.21198455231323 122
1694434014658 136.9378754072091 123
1694434014673 136.66431836641357 124
1694434014690 136.39131230592378 125
1694434014707 136.11885610406796 126
1694434014724 135.84694864150072 127
1694434014741 135.57558880119802 128
1694434014757 135.304775468452 129
1694434014774 135.03450753086628 130
1694434014790 134.76478387835084 131
1694434014807 134.49560340311697 132
1694434014824 134.22696499967276 133
1694434014840 133.9588675648176 134
1694434014856 133.6913099976378 135
1694434014872 133.4242911995014 136
1694434014889 133.15781007405323 137
1694434014907 132.8918655272103 138
1694434014924 132.6264564671568 139
1694434014940 132.36158180433904 140
1694434014957 132.097240451461 141
1694434014974 131.83343132347923 142
1694434014991 131.570153337598 143
1694434015008 131.30740541326472 144
1694434015024 131.04518647216503 145
1694434015040 130.78349543821778 146
1694434015057 130.52233123757074 147
1694434015073 130.26169279859528 148
1694434015090 130.0015790518821 149
1694434015106 129.74198893023615 150
1694434015123 129.48292136867207 151
1694434015139 129.22437530440942 152
1694434015157 128.9663496768679 153
1694434015174 128.70884342766286 154
1694434015190 128.4518555006002 155
1694434015207 128.19538484167217 156
1694434015224 127.93943039905243 157
1694434015240 127.68399112309133 158
1694434015257 127.42906596631148 159
1694434015275 127.17465388340297 160
1694434015292 126.92075383121872 161
1694434015310 126.66736476876993 162
1694434015326 126.4144856572215 163
1694434015343 126.1621154598873 164
1694434015360 125.91025314222574 165
1694434015377 125.6588976718351 166
1694434015392 125.4080480184489 167
1694434015409 125.15770315393155 168
1694434015425 124.90786205227363 169
1694434015441 124.6585236895874 170
1694434015459 124.40968704410224 171
1694434015475 124.16135109616025 172
1694434015492 123.91351482821165 173
1694434015509 123.66617722481023 174
1694434015526 123.41933727260904 175
1694434015542 123.17299396035575 176
1694434015560 122.92714627888827 177
1694434015576 122.68179322113029 178
1694434015592 122.43693378208678 179
1694434015609 122.1925669588396 180
1694434015628 121.94869175054315 181
1694434015644 121.70530715841971 182
1694434015660 121.4624121857554 183
1694434015678 121.2200058378954 184
1694434015694 120.97808712223988 185
1694434015710 120.73665504823947 186
1694434015729 120.49570862739087 187
1694434015746 120.25524687323254 188
1694434015762 120.01526880134043 189
1694434015779 119.7757734293235 190
1694434015796 119.53675977681952 191
1694434015812 119.29822686549065 192
1694434015829 119.06017371901922 193
1694434015845 118.82259936310332 194
1694434015862 118.58550282545269 195
1694434015878 118.34888313578426 196
1694434015895 118.11273932581798 197
1694434015911 117.87707042927255 198
1694434015928 117.64187548186113 199
1694434015945 117.40715352128719 200
1694434015961 117.1729035872401 201
1694434015977 116.93912472139118 202
1694434015994 116.70581596738921 203
1694434016011 116.47297637085643 204
1694434016028 116.2406049793842 205
1694434016044 116.00870084252897 206
1694434016061 115.77726301180797 207
1694434016077 115.54629054069507 208
1694434016094 115.31578248461673 209
1694434016111 115.08573790094776 210
1694434016127 114.8561558490071 211
1694434016143 114.62703539005393 212
1694434016160 114.39837558728331 213
1694434016176 114.17017550582223 214
1694434016192 113.94243421272544 215
1694434016208 113.71515077697136 216
1694434016225 113.48832426945802 217
1694434016241 113.26195376299897 218
1694434016258 113.03603833231921 219
1694434016275 112.8105770540512 220
1694434016291 112.58556900673072 221
1694434016307 112.36101327079287 222
1694434016324 112.13690892856809 223
1694434016340 111.91325506427809 224
1694434016358 111.69005076403178 225
1694434016375 111.46729511582144 226
1694434016392 111.24498720951858 227
1694434016408 111.02312613687 228
1694434016425 110.80171099149388 229
1694434016442 110.58074086887565 230
1694434016459 110.3602148663642 231
1694434016476 110.14013208316791 232
1694434016493 109.9204916203506 233
1694434016510 109.70129258082773 234
1694434016526 109.48253406936236 235
1694434016543 109.26421519256141 236
1694434016560 109.04633505887149 237
1694434016577 108.8288927785753 238
1694434016593 108.6118874637875 239
1694434016609 108.395318228451 240
1694434016625 108.17918418833302 241
1694434016642 107.96348446102122 242
1694434016660 107.74821816591988 243
1694434016676 107.533384424246 244
1694434016692 107.31898235902551 245
1694434016708 107.10501109508948 246
1694434016724 106.89146975907025 247
1694434016741 106.67835747939762 248
1694434016758 106.46567338629505 249
1694434016774 106.25341661177586 250
1694434016791 106.04158628963948 251
1694434016807 105.83018155546772 252
1694434016824 105.6192015466208 253
1694434016841 105.40864540223389 254
1694434016859 105.19851226321303 255
1694434016875 104.98880127223173 256
1694434016891 104.77951157372688 257
1694434016907 104.57064231389538 258
1694434016926 104.36219264069014 259
1694434016944 104.1541617038165 260
1694434016961 103.94654865472852 261
1694434016978 103.73935264662522 262
1694434016994 103.53257283444707 263
1694434017011 103.32620837487205 264
1694434017029 103.1202584263122 265
1694434017046 102.91472214890992 266
1694434017063 102.70959870453419 267
1694434017078 102.50488725677708 268
1694434017095 102.30073052386507 269
1694434017111 102.09698333605391 270
1694434017128 101.89364486555374 271
1694434017144 101.6907142862689 272
1694434017160 101.48819077379437 273
1694434017177 101.28607350541225 274
1694434017193 101.08436166008813 275
1694434017210 100.88305441846776 276
1694434017227 100.68215096287337 277
1694434017244 100.48165047730018 278
1694434017261 100.28155214741297 279
1694434017277 100.08185516054257 280
1694434017294 99.88255870568236 281
1694434017311 99.68366197348472 282
1694434017327 99.48516415625768 283
1694434017345 99.28706444796143 284
1694434017361 99.0893620442048 285
1694434017378 98.89205614224184 286
1694434017394 98.69514594096847 287
1694434017410 98.49863064091889 288
1694434017427 98.30250944426224 289
1694434017443 98.10678155479928 290
1694434017460 97.91144617795875 291
1694434017477 97.71650252079418 292
1694434017494 97.52194979198038 293
1694434017510 97.32778720181007 294
1694434017527 97.13401396219058 295
1694434017544 96.94062928664032 296
1694434017561 96.74763239028555 297
1694434017579 96.55502248985698 298
1694434017596 96.36279880368642 299
1694434017612 96.17096055170339 300
1694434017628 95.97950695543187 301
1694434017645 95.7884372379869 302
1694434017662 95.59775062407127 303
1694434017678 95.40744633997225 304
1694434017695 95.21752361355823 305
1694434017711 95.0279816742754 306
1694434017728 94.83881975314456 307
1694434017745 94.65003708275778 308
1694434017762 94.46163289727502 309
1694434017778 94.27360643242103 310
1694434017795 94.08595692548194 311
1694434017810 93.89868361530208 312
1694434017827 93.71178574228078 313
1694434017844 93.52526254836899 314
1694434017861 93.3391132770661 315
1694434017877 93.15333717341676 316
1694434017894 92.96793348400763 317
1694434017910 92.7829014569641 318
1694434017926 92.59824034194719 319
1694434017943 92.41394939015028 320
1694434017960 92.23002785429587 321
1694434017977 92.04647498863254 322
1694434017993 91.86329004893165 323
1694434018010 91.68047229248414 324
1694434018026 91.4980209780975 325
1694434018043 91.31593536609243 326
1694434018060 91.13421471829987 327
1694434018077 90.95285829805773 328
1694434018093 90.77186537020778 329
1694434018110 90.59123520109253 330
1694434018128 90.41096705855207 331
1694434018146 90.23106021192106 332
1694434018163 90.0515139320254 333
1694434018179 89.87232749117936 334
1694434018195 89.69350016318236 335
1694434018212 89.51503122331584 336
1694434018228 89.33691994834028 337
1694434018246 89.15916561649205 338
1694434018263 88.98176750748036 339
1694434018279 88.80472490248414 340
1694434018296 88.62803708414913 341
1694434018312 88.45170333658466 342
1694434018329 88.27572294536063 343
1694434018346 88.1000951975046 344
1694434018362 87.92481938149861 345
1694434018379 87.74989478727618 346
1694434018395 87.5753207062194 347
1694434018411 87.40109643115579 348
1694434018428 87.2272212563553 349
1694434018446 87.0536944775274 350
1694434018462 86.88051539181804 351
1694434018479 86.70768329780658 352
1694434018495 86.53519749550298 353
1694434018512 86.36305728634466 354
1694434018529 86.19126197319362 355
1694434018545 86.01981086033342 356
1694434018563 85.84870325346635 357
1694434018579 85.67793845971029 358
1694434018596 85.50751578759595 359
1694434018612 85.33743454706378 360
1694434018628 85.16769404946118 361
1694434018644 84.99829360753942 362
1694434018662 84.82923253545091 363
1694434018678 84.66051014874613 364
1694434018695 84.49223751692146 365
1694434018712 84.32430157733765 366
1694434018729 84.15670165249905 367
1694434018747 83.98943706628513 368
1694434018766 83.82250714394739 369
1694434018782 83.65591121210684 370
1694434018798 83.48964859875092 371
1694434018815 83.32371863323074 372
1694434018831 83.15812064625842 373
1694434018848 82.99285396990409 374
1694434018865 82.82791793759323 375
1694434018880 82.66331188410376 376
1694434018897 82.4990351455634 377
1694434018913 82.33508705944674 378
1694434018929 82.17146696457259 379
1694434018946 82.00817420110111 380
1694434018963 81.84520811053119 381
1694434018980 81.68256803569746 382
1694434018996 81.52025332076775 383
1694434019013 81.35826331124032 384
1694434019030 81.196597353941 385
1694434019048 81.03525479702056 386
1694434019065 80.87423498995196 387
1694434019080 80.71353728352763 388
1694434019097 80.5531610298567 389
1694434019113 80.39310558236238 390
1694434019130 80.23337029577921 391
1694434019146 80.07395452615035 392
1694434019163 79.9148576308249 393
1694434019179 79.7560789684552 394
1694434019195 79.59761789899422 395
1694434019212 79.4394737836927 396
1694434019228 79.28164598509677 397
1694434019244 79.124133867045 398
1694434019261 78.96693679466591 399
1694434019279 78.81005413437522 400
1694434019296 78.65348525387331 401
1694434019313 78.49722952214248 402
1694434019332 78.34128630944433 403
1694434019349 78.18565498731725 404
1694434019366 78.03033492857357 405
1694434019382 77.87532550729713 406
1694434019398 77.7206260988406 407
1694434019415 77.56623607982286 408
1694434019432 77.41215482812635 409
1694434019447 77.25838172289465 410
1694434019465 77.10491614452964 411
1694434019482 76.95175747468915 412
1694434019500 76.79890509628417 413
1694434019516 76.64635839347646 414
1694434019533 76.49411675167583 415
1694434019549 76.34217955753763 416
1694434019566 76.19054619896026 417
1694434019583 76.0392160650825 418
1694434019599 75.888188546281 419
1694434019615 75.73746303416779 420
1694434019631 75.58703892158766 421
1694434019648 75.43691560261573 422
1694434019665 75.2870924725548 423
1694434019682 75.13756892793292 424
1694434019697 74.98834436650078 425
1694434019714 74.83941818722936 426
1694434019731 74.69078979030724 427
1694434019747 74.5424585771382 428
1694434019765 74.39442395033875 429
1694434019782 74.24668531373554 430
1694434019798 74.09924207236294 431
1694434019814 73.95209363246055 432
1694434019829 73.80523940147074 433
1694434019846 73.6586787880362 434
1694434019863 73.51241120199732 435
1694434019881 73.36643605439001 436
1694434019898 73.22075275744291 437
1694434019915 73.07536072457529 438
1694434019931 72.93025937039432 439
1694434019947 72.7854481106928 440
1694434019964 72.6409263624466 441
1694434019981 72.49669354381243 442
1694434019996 72.35274907412514 443
1694434020017 72.20909237389559 444
1694434020036 72.065722864808 445
1694434020053 71.9226399697177 446
1694434020072 71.7798431126486 447
1694434020090 71.63733171879093 448
1694434020107 71.49510521449876 449
1694434020123 71.3531630272876 450
1694434020138 71.21150458583205 451
1694434020155 71.07012931996348 452
1694434020173 70.9290366606675 453
1694434020189 70.78822604008177 454
1694434020206 70.6476968914935 455
1694434020223 70.50744864933715 456
1694434020238 70.36748074919208 457
1694434020255 70.22779262778026 458
1694434020272 70.08838372296377 459
1694434020289 69.9492534737426 460
1694434020306 69.81040132025227 461
1694434020323 69.67182670376145 462
1694434020340 69.53352906666979 463
1694434020356 69.39550785250542 464
1694434020374 69.25776250592274 465
1694434020390 69.12029247270011 466
1694434020407 68.98309719973749 467
1694434020424 68.84617613505417 468
1694434020439 68.70952872778652 469
1694434020456 68.57315442818566 470
1694434020475 68.4370526876151 471
1694434020492 68.30122295854862 472
1694434020511 68.1656646945679 473
1694434020528 68.03037735036021 474
1694434020544 67.89536038171626 475
1694434020561 67.76061324552784 476
1694434020578 67.62613539978557 477
1694434020595 67.49192630357675 478
1694434020610 67.35798541708294 479
1694434020628 67.22431220157792 480
1694434020644 67.09090611942531 481
1694434020661 66.95776663407635 482
1694434020678 66.82489321006773 483
1694434020695 66.69228531301933 484
1694434020711 66.55994240963201 485
1694434020727 66.42786396768538 486
1694434020744 66.29604945603563 487
1694434020761 66.16449834461329 488
1694434020778 66.03321010442102 489
1694434020795 65.90218420753148 490
1694434020812 65.77142012708505 491
1694434020827 65.64091733728773 492
1694434020844 65.51067531340884 493
1694434020861 65.38069353177899 494
1694434020878 65.25097146978784 495
1694434020894 65.12150860588189 496
1694434020910 64.99230441956234 497
1694434020926 64.86335839138303 498
1694434020943 64.73467000294809 499
