1694430573169 168.8996754444555 0
1694430573187 165.52985848779414 1
1694430573206 162.22883341720353 2
1694430573223 158.99516999232932 3
1694430573240 155.82746843918693 4
1694430573258 152.7243587738654 5
1694430573275 149.68450014235634 6
1694430573293 146.70658017607906 7
1694430573312 143.78931436268488 8
1694430573328 140.9314454317378 9
1694430573345 138.13174275487955 10
1694430573361 135.3890017601001 11
1694430573377 132.70204335974492 12
1694430573394 130.0697133919024 13
1694430573409 127.49088207482463 14
1694430573425 124.96444347404518 15
1694430573442 122.48931498186816 16
1694430573458 120.06443680891118 17
1694430573474 117.68877148739509 18
1694430573491 115.36130338588197 19
1694430573509 113.08103823517139 20
1694430573524 110.8470026650735 21
1694430573540 108.6582437517855 22
1694430573556 106.51382857560579 23
1694430573572 104.41284378872787 24
1694430573589 102.35439519286314 25
1694430573604 100.33760732644907 26
1694430573620 98.36162306120542 27
1694430573636 96.42560320780909 28
1694430573654 94.52872613046306 29
1694430573672 92.67018737014202 30
1694430573690 90.84919927630334 31
1694430573707 89.06499064685724 32
1694430573723 87.31680637619608 33
1694430573738 85.60390711108819 34
1694430573756 83.92556891424657 35
1694430573772 82.28108293538848 36
1694430573788 80.66975508960599 37
1694430573805 79.0909057428736 38
1694430573821 77.54386940452247 39
1694430573838 76.02799442651627 40
1694430573854 74.5426427093672 41
1694430573870 73.08718941453587 42
1694430573887 71.66102268316212 43
1694430573903 70.26354336097799 44
1694430573919 68.8941647292584 45
1694430573935 67.55231224166813 46
1694430573950 66.23742326686788 47
1694430573966 64.94894683674562 48
1694430573983 63.68634340014259 49
1694430574000 62.449084581947034 50
1694430574015 61.236652947431566 51
1694430574031 60.048541771713865 52
1694430574046 58.884254814222516 53
1694430574061 57.74330609805362 54
1694430574077 56.6252196941063 55
1694430574094 55.52952950988795 56
1694430574110 54.45577908288299 57
1694430574126 53.40352137838133 58
1694430574142 52.37231859166572 59
1694430574158 51.36174195445899 60
1694430574174 50.37137154553516 61
1694430574190 49.4007961054007 62
1694430574207 48.449612854954076 63
1694430574223 47.517427318034585 64
1694430574238 46.603853147773144 65
1694430574255 45.70851195665998 66
1694430574274 44.83103315024636 67
1694430574292 43.97105376439916 68
1694430574308 43.12821830602943 69
1694430574326 42.30217859721769 70
1694430574343 41.49259362266051 71
1694430574360 40.69912938036513 72
1694430574375 39.92145873552003 73
1694430574392 39.159261277471494 74
1694430574408 38.4122231797378 75
1694430574423 37.680037062993954 76
1694430574439 36.96240186096199 77
1694430574455 36.259022689142896 78
1694430574471 35.56961071632797 79
1694430574487 34.89388303882886 80
1694430574504 34.23156255736681 81
1694430574519 33.58237785656304 82
1694430574536 32.946063086973865 83
1694430574552 32.32235784961479 84
1694430574567 31.71100708291976 85
1694430574583 31.11176095208264 86
1694430574600 30.524374740729193 87
1694430574615 29.948608744869258 88
1694430574631 29.384228169079584 89
1694430574647 28.831003024869354 90
1694430574662 28.28870803118113 91
1694430574678 27.757122516981283 92
1694430574695 27.236030325894838 93
1694430574711 26.725219722840855 94
1694430574727 26.22448330262518 95
1694430574742 25.733617900448834 96
1694430574759 25.2524245042906 97
1694430574774 24.780708169123958 98
1694430574791 24.318277932928886 99
1694430574807 23.864946734460332 100
1694430574824 23.420531332735646 101
1694430574841 22.984852228204378 102
1694430574857 22.557733585564545 103
1694430574873 22.139003158190246 104
1694430574889 21.728492214136324 105
1694430574905 21.326035463686658 106
1694430574920 20.931470988412897 107
1694430574936 20.544640171712064 108
1694430574952 20.165387630791194 109
1694430574968 19.793561150068612 110
1694430574983 19.42901161596154 111
1694430575000 19.07159295303106 112
1694430575017 18.721162061455303 113
1694430575032 18.377578755803043 114
1694430575048 18.040705705080068 115
1694430575064 17.710408374021547 116
1694430575080 17.386554965603956 117
1694430575096 17.06901636475104 118
1694430575112 16.757666083208377 119
1694430575127 16.452380205562164 120
1694430575143 16.15303733637801 121
1694430575159 15.859518548436158 122
1694430575176 15.57170733204009 123
1694430575192 15.289489545376014 124
1694430575209 15.012753365901027 125
1694430575224 14.741389242738517 126
1694430575242 14.475289850059502 127
1694430575258 14.214350041429286 128
1694430575273 13.958466805099292 129
1694430575289 13.707539220224046 130
1694430575307 13.461468413984182 131
1694430575323 13.220157519596302 132
1694430575339 12.983511635191196 133
1694430575356 12.751437783542325 134
1694430575373 12.52384487262667 135
1694430575389 12.300643657000686 136
1694430575407 12.081746699974149 137
1694430575424 11.867068336565454 138
1694430575441 11.656524637221858 139
1694430575457 11.45003337228882 140
1694430575473 11.24751397721279 141
1694430575489 11.048887518462113 142
1694430575505 10.854076660151126 143
1694430575521 10.663005631352831 144
1694430575537 10.475600194085652 145
1694430575554 10.291787611960434 146
1694430575569 10.111496619473815 147
1694430575585 9.934657391934541 148
1694430575603 9.761201516009622 149
1694430575619 9.591061960877346 150
1694430575635 9.424173049974632 151
1694430575652 9.26047043332626 152
1694430575668 9.09989106044403 153
1694430575684 8.942373153783866 154
1694430575700 8.787856182749415 155
1694430575716 8.636280838230688 156
1694430575732 8.487589007666683 157
1694430575748 8.341723750621185 158
1694430575763 8.198629274860963 159
1694430575780 8.058250912926098 160
1694430575796 7.920535099182077 161
1694430575813 7.785429347343846 162
1694430575830 7.652882228461882 163
1694430575845 7.522843349360869 164
1694430575860 7.395263331521417 165
1694430575877 7.270093790395872 166
1694430575893 7.147287315149016 167
1694430575910 7.026797448815043 168
1694430575926 6.908578668862067 169
1694430575942 6.792586368155829 170
1694430575957 6.678776836314249 171
1694430575976 6.567107241444858 172
1694430575992 6.457535612257078 173
1694430576010 6.350020820541692 174
1694430576026 6.244522564009874 175
1694430576043 6.1410013494843465 176
1694430576059 6.039418476435399 177
1694430576074 5.939736020854685 178
1694430576090 5.841916819459705 179
1694430576106 5.745924454222349 180
1694430576122 5.651723237214567 181
1694430576139 5.559278195764838 182
1694430576154 5.468555057918866 183
1694430576170 5.379520238198338 184
1694430576186 5.292140823651537 185
1694430576201 5.2063845601897585 186
1694430576218 5.122219839203749 187
1694430576234 5.039615684454292 188
1694430576248 4.958541739231325 189
1694430576264 4.8789682537760415 190
1694430576281 4.800866072960585 191
1694430576298 4.72420662421999 192
1694430576314 4.648961905731217 193
1694430576331 4.575104474834149 194
1694430576347 4.502607436689586 195
1694430576363 4.431444433169358 196
1694430576379 4.361589631973772 197
1694430576395 4.293017715971713 198
1694430576411 4.2257038727588245 199
1694430576427 4.159623784429271 200
1694430576444 4.0947536175566634 201
1694430576459 4.031070013379911 202
1694430576475 3.9685500781896974 203
1694430576491 3.9071713739115337 204
1694430576507 3.8469119088812893 205
1694430576524 3.7877501288092414 206
1694430576541 3.729664907928847 207
1694430576558 3.6726355403263065 208
1694430576574 3.616641731447312 209
1694430576592 3.5616635897772952 210
1694430576607 3.5076816186916093 211
1694430576624 3.4546767084721575 212
1694430576641 3.402630128487043 213
1694430576656 3.3515235195298936 214
1694430576672 3.3013388863155777 215
1694430576688 3.2520585901291184 216
1694430576704 3.203665341624615 217
1694430576720 3.1561421937711382 218
1694430576736 3.109472534942564 219
1694430576752 3.0636400821483667 220
1694430576768 3.018628874402523 221
1694430576783 2.974423266227635 222
1694430576800 2.9310079212915605 223
1694430576816 2.888367806173791 224
1694430576833 2.846488184258894 225
1694430576848 2.805354609754468 226
1694430576864 2.7649529218310485 227
1694430576880 2.7252692388813693 228
1694430576896 2.686289952896681 229
1694430576912 2.6480017239576 230
1694430576929 2.6103914748372183 231
1694430576945 2.573446385714102 232
1694430576961 2.537153888993005 233
1694430576976 2.5015016642310206 234
1694430576993 2.4664776331670417 235
1694430577010 2.432069954852423 236
1694430577026 2.398267020880724 237
1694430577042 2.3650574507145685 238
1694430577058 2.33243008710756 239
1694430577074 2.3003739916193626 240
1694430577091 2.2688784402220143 241
1694430577106 2.2379329189955985 242
1694430577122 2.207527119911434 243
1694430577140 2.1776509367010486 244
1694430577156 2.1482944608090895 245
1694430577173 2.1194479774285355 246
1694430577189 2.0911019616164603 247
1694430577206 2.0632470744887628 248
1694430577222 2.035874159492169 249
1694430577239 2.008974238752004 250
1694430577254 1.9825385094941037 251
1694430577270 1.9565583405394502 252
1694430577286 1.931025268869922 253
1694430577303 1.9059309962638016 254
1694430577319 1.8812673859995568 255
1694430577335 1.8570264596265413 256
1694430577350 1.8332003938011983 257
1694430577366 1.8097815171874672 258
1694430577382 1.7867623074200576 259
1694430577398 1.764135388129315 260
1694430577415 1.7418935260264143 261
1694430577431 1.7200296280476495 262
1694430577447 1.6985367385566221 263
1694430577462 1.6774080366031165 264
1694430577478 1.6566368332375234 265
1694430577495 1.636216568879689 266
1694430577510 1.6161408107410449 267
1694430577527 1.5964032502989591 268
1694430577543 1.5769977008222216 269
1694430577559 1.5579180949466338 270
1694430577574 1.5391584822996716 271
1694430577591 1.5207130271732097 272
1694430577607 1.5025760062433522 273
1694430577623 1.48474180633639 274
1694430577639 1.4672049222399317 275
1694430577655 1.449959954558311 276
1694430577671 1.4330016076113505 277
1694430577687 1.4163246873756004 278
1694430577703 1.3999240994671907 279
1694430577720 1.3837948471654435 280
1694430577737 1.3679320294764057 281
1694430577757 1.352330839235495 282
1694430577774 1.3369865612484733 283
1694430577790 1.3218945704699527 284
1694430577807 1.3070503302186447 285
1694430577823 1.2924493904286651 286
1694430577839 1.2780873859361048 287
1694430577855 1.2639600348001583 288
1694430577871 1.2500631366581214 289
1694430577888 1.2363925711135706 290
1694430577905 1.2229442961570085 291
1694430577921 1.2097143466183702 292
1694430577937 1.1966988326506944 293
1694430577953 1.1838939382443454 294
1694430577969 1.1712959197711654 295
1694430577984 1.1589011045579483 296
1694430578000 1.1467058894886153 297
1694430578015 1.1347067396345423 298
1694430578032 1.122900186912442 299
1694430578048 1.111282828769245 300
1694430578064 1.099851326893428 301
1694430578080 1.0886024059522754 302
1694430578096 1.0775328523544947 303
1694430578113 1.0666395130377246 304
1694430578128 1.055919294280395 305
1694430578145 1.0453691605374664 306
1694430578161 1.0349861332995316 307
1694430578176 1.0247672899748395 308
1694430578193 1.0147097627937538 309
1694430578208 1.0048107377351982 310
1694430578225 0.9950674534746411 311
1694430578241 0.9854772003531665 312
1694430578257 0.9760373193672407 313
1694430578272 0.9667452011787019 314
1694430578289 0.9575982851446152 315
1694430578306 0.9485940583665431 316
1694430578323 0.9397300547588755 317
1694430578340 0.9310038541358028 318
1694430578355 0.9224130813165691 319
1694430578371 0.9139554052486346 320
1694430578387 0.9056285381483729 321
1694430578403 0.8974302346589608 322
1694430578418 0.8893582910250998 323
1694430578434 0.8814105442842405 324
1694430578449 0.8735848714739631 325
1694430578466 0.8658791888551982 326
1694430578482 0.858291451150939 327
1694430578499 0.8508196508001828 328
1694430578515 0.8434618172267363 329
1694430578531 0.8362160161226229 330
1694430578547 0.8290803487457825 331
1694430578564 0.8220529512317597 332
1694430578580 0.8151319939191295 333
1694430578596 0.8083156806883582 334
1694430578612 0.8016022483138219 335
1694430578629 0.7949899658287461 336
1694430578645 0.7884771339027766 337
1694430578661 0.7820620842319346 338
1694430578676 0.7757431789407107 339
1694430578692 0.7695188099960466 340
1694430578708 0.763387398632967 341
1694430578724 0.7573473947916259 342
1694430578741 0.7513972765655279 343
1694430578757 0.7455355496607142 344
1694430578773 0.7397607468656833 345
1694430578789 0.7340714275318222 346
1694430578806 0.7284661770641556 347
1694430578822 0.7229436064221746 348
1694430578838 0.7175023516305853 349
1694430578854 0.7121410732997198 350
1694430578871 0.7068584561554667 351
1694430578888 0.7016532085785053 352
1694430578905 0.6965240621526497 353
1694430578920 0.6914697712221355 354
1694430578936 0.6864891124576553 355
1694430578954 0.6815808844309753 356
1694430578969 0.6767439071979623 357
1694430578986 0.6719770218898292 358
1694430579002 0.6672790903124698 359
1694430579017 0.662648994553682 360
1694430579034 0.6580856365981559 361
1694430579050 0.6535879379500401 362
1694430579066 0.6491548392629565 363
1694430579083 0.6447852999772891 364
1694430579099 0.6404782979646374 365
1694430579114 0.6362328291792478 366
1694430579130 0.6320479073163134 367
1694430579145 0.6279225634769892 368
1694430579162 0.6238558458399986 369
1694430579178 0.6198468193396806 370
1694430579193 0.6158945653503709 371
1694430579211 0.6119981813769739 372
1694430579226 0.6081567807516013 373
1694430579243 0.6043694923361712 374
1694430579259 0.6006354602308258 375
1694430579273 0.5969538434880671 376
1694430579290 0.5933238158324907 377
1694430579306 0.5897445653860046 378
1694430579322 0.5862152943984237 379
1694430579338 0.5827352189833301 380
1694430579354 0.5793035688591065 381
1694430579369 0.5759195870950087 382
1694430579385 0.5725825298622161 383
1694430579402 0.5692916661897264 384
1694430579418 0.5660462777250203 385
1694430579434 0.5628456584993862 386
1694430579450 0.5596891146978169 387
1694430579467 0.5565759644333979 388
1694430579485 0.5535055375260687 389
1694430579501 0.5504771752857022 390
1694430579517 0.5474902302993988 391
1694430579532 0.5445440662229072 392
1694430579549 0.5416380575761028 393
1694430579565 0.5387715895424361 394
1694430579581 0.5359440577722622 395
1694430579597 0.5331548681899985 396
1694430579614 0.5304034368049997 397
1694430579628 0.5276891895261141 398
1694430579645 0.5250115619798206 399
1694430579660 0.5223699993318779 400
1694430579677 0.5197639561124335 401
1694430579693 0.5171928960444988 402
1694430579708 0.5146562918757467 403
1694430579724 0.5121536252135512 404
1694430579741 0.5096843863632021 405
1694430579758 0.5072480741692456 406
1694430579773 0.5048441958598785 407
1694430579789 0.5024722668943367 408
1694430579806 0.500131810813219 409
1694430579822 0.4978223590916866 410
1694430579839 0.4955434509954848 411
1694430579854 0.49329463343973506 412
1694430579869 0.4910754608504232 413
1694430579886 0.48888549502854994 414
1694430579903 0.48672430501689123 415
1694430579918 0.484591466969295 416
1694430579935 0.4824865640224908 417
1694430579951 0.48040918617034756 418
1694430579966 0.478358930140531 419
1694430579983 0.47633539927352053 420
1694430579999 0.47433820340392907 421
1694430580014 0.4723669587440939 422
1694430580030 0.4704212877698775 423
1694430580048 0.4685008191086475 424
1694430580063 0.46660518742938867 425
1694430580079 0.4647340333349013 426
1694430580096 0.46288700325604343 427
1694430580111 0.4610637493479976 428
1694430580127 0.45926392938848204 429
1694430580143 0.4574872066779159 430
1694430580159 0.4557332499414515 431
1694430580174 0.45400173323288046 432
1694430580190 0.452292335840346 433
1694430580206 0.4506047421938436 434
1694430580221 0.4489386417744601 435
1694430580237 0.44729372902533754 436
1694430580253 0.44566970326430067 437
1694430580269 0.44406626859814724 438
1694430580286 0.4424831338385361 439
1694430580302 0.44092001241946577 440
1694430580317 0.43937662231630314 441
1694430580333 0.4378526859663314 442
1694430580350 0.43634793019078777 443
1694430580365 0.43486208611836585 444
1694430580382 0.43339488911014645 445
1694430580398 0.43194607868593293 446
1694430580414 0.4305153984519738 447
1694430580430 0.42910259603002104 448
1694430580448 0.42770742298772546 449
1694430580463 0.4263296347703183 450
1694430580479 0.4249689906335744 451
1694430580495 0.4236252535780255 452
1694430580512 0.422298190284386 453
1694430580528 0.4209875710501862 454
1694430580544 0.41969316972758497 455
1694430580560 0.41841476366232766 456
1694430580576 0.4171521336338428 457
1694430580593 0.4159050637964409 458
1694430580609 0.4146733416216094 459
1694430580625 0.4134567578413654 460
1694430580642 0.41225510639265645 461
1694430580659 0.4110681843627943 462
1694430580674 0.409895791935883 463
1694430580690 0.40873773234024136 464
1694430580707 0.4075938117967887 465
1694430580722 0.40646383946838005 466
1694430580738 0.40534762741006836 467
1694430580755 0.40424499052028495 468
1694430580770 0.4031557464929077 469
1694430580787 0.4020797157702123 470
1694430580803 0.4010167214966793 471
1694430580819 0.39996658947364294 472
1694430580835 0.398929148114775 473
1694430580852 0.39790422840237427 474
1694430580868 0.3968916638444489 475
1694430580884 0.39589129043259086 476
1694430580899 0.39490294660060205 477
1694430580915 0.3939264731838802 478
1694430580932 0.3929617133795342 479
1694430580948 0.39200851270723336 480
1694430580965 0.3910667189707505 481
1694430580981 0.39013618222020774 482
1694430580998 0.3892167547150067 483
1694430581012 0.38830829088741864 484
1694430581027 0.38741064730683594 485
1694430581045 0.3865236826446686 486
1694430581061 0.3856472576398635 487
1694430581076 0.3847812350650508 488
1694430581093 0.38392547969329227 489
1694430581109 0.38307985826542934 490
1694430581124 0.38224423945800856 491
1694430581140 0.38141849385178733 492
1694430581157 0.38060249390079715 493
1694430581174 0.37979611390196244 494
1694430581191 0.37899922996525487 495
1694430581207 0.3782117199843783 496
1694430581224 0.37743346360798496 497
1694430581239 0.3766643422113858 498
1694430581255 0.37590423886877694 499
