1694429996998 0.03141604573818638 0
1694429997065 0.06064286158277213 1
1694429997132 0.878261098215886 2
1694429997198 3.465802484840575 3
1694429997265 0.732792705316989 4
1694429997330 0.6042659084527913 5
1694429997396 0.20824068090127204 6
1694429997465 0.615307377265549 7
1694429997531 0.11525907844090127 8
1694429997596 0.0016634543341515983 9
1694429997663 0.17545902691779816 10
1694429997729 0.1322648736378222 11
1694429997796 0.0722027168712062 12
1694429997863 1.3274933329727283 13
1694429997928 0.32526183086886595 14
1694429997994 0.014249057937607041 15
1694429998061 0.18012403948756878 16
1694429998133 0.5694638867395486 17
1694429998206 1.9187847332105208 18
1694429998272 0.49996133886036065 19
1694429998338 0.545949504051163 20
1694429998405 0.22387626563804064 21
1694429998472 0.05752232652384872 22
1694429998538 0.07087802400582077 23
1694429998605 0.34811537743713133 24
1694429998673 0.4360914983395225 25
1694429998738 0.3486114733210394 26
1694429998804 0.2816021877265974 27
1694429998871 0.00016821528798416092 28
1694429998937 0.0042615641750676945 29
1694429999003 0.23237005858368331 30
1694429999069 0.1791701856700371 31
1694429999136 0.4775670368113416 32
1694429999210 0.059422856757946334 33
1694429999277 0.00026160183799011315 34
1694429999342 0.11981932644203518 35
1694429999409 0.5545548214964824 36
1694429999474 0.5528017419263807 37
1694429999540 0.24516888975884288 38
1694429999606 0.1576548331059396 39
1694429999673 0.37324421710913186 40
1694429999738 0.0007644482416779018 41
1694429999805 0.17395743384 42
1694429999871 0.1347376927812546 43
1694429999936 0.20614120192112564 44
1694430000004 0.007021372003126521 45
1694430000074 0.2587197637914737 46
1694430000140 0.045349953342601036 47
1694430000206 0.022250702415060133 48
1694430000271 0.08238902088306203 49
1694430000338 0.4329087635872321 50
1694430000403 0.2124140415548714 51
1694430000469 0.6014400881684928 52
1694430000536 0.1937839343838197 53
1694430000602 0.023876898411310753 54
1694430000668 0.0010511891050048701 55
1694430000734 0.00469050265799569 56
1694430000802 0.30269746220822463 57
1694430000867 0.33309552554259647 58
1694430000934 0.5148183735450574 59
1694430001001 0.4171152326560001 60
1694430001066 0.5945179542991422 61
1694430001132 0.3257729728965012 62
1694430001198 0.21069554272037982 63
1694430001264 0.3675341821470253 64
1694430001330 0.25413715629352884 65
1694430001396 0.0014363866201074912 66
1694430001462 1.2093777438069162 67
1694430001529 0.5399655345441261 68
1694430001596 0.290206852881033 69
1694430001661 0.26091183811558033 70
1694430001727 0.34038433876673974 71
1694430001795 0.15058596509572303 72
1694430001861 0.0015004933923871372 73
1694430001928 0.9022579231219209 74
1694430001995 0.17802604004939732 75
1694430002060 0.29247531978007124 76
1694430002127 0.5329421704313994 77
1694430002194 0.15488389355073828 78
1694430002258 0.23259505551410886 79
1694430002325 0.3583964651702466 80
1694430002390 0.09992291883937414 81
1694430002456 0.6900241515305915 82
1694430002522 0.7166707291086217 83
1694430002588 0.26765733397506897 84
1694430002655 0.2305322200429189 85
1694430002720 0.042480582774347866 86
1694430002786 0.1459337757329667 87
1694430002852 0.33600311198391464 88
1694430002918 0.1720946277205454 89
1694430002984 0.15897946169061736 90
1694430003050 0.16879450965651752 91
1694430003116 0.010547501554113343 92
1694430003181 0.41934528270611116 93
1694430003247 0.0022980508713333864 94
1694430003313 0.15972087445022023 95
1694430003377 0.4463059174848396 96
1694430003444 0.11617460223690812 97
1694430003510 0.27833737720743645 98
1694430003576 0.09414105179365734 99
1694430003642 0.025838985061094187 100
1694430003710 0.4917695840956598 101
1694430003775 0.49159047555109653 102
1694430003841 0.6395974818013953 103
1694430003907 0.5055271687684911 104
1694430003974 0.044798456520454596 105
1694430004040 0.024535572462271636 106
1694430004106 0.23947011934591605 107
1694430004170 0.014679223681222582 108
1694430004237 0.46371588623909116 109
1694430004303 0.04363692974979519 110
1694430004369 0.0076177293984529175 111
1694430004435 1.293187048128735 112
1694430004501 0.44147864742789816 113
1694430004567 0.5191953270251379 114
1694430004633 0.32886309103791483 115
1694430004698 0.01879985395764019 116
1694430004764 0.060383363503332364 117
1694430004831 0.1565871579390278 118
1694430004896 0.3716012509914614 119
1694430004962 0.641568342978902 120
1694430005029 0.04193210417943589 121
1694430005095 0.09424240855210259 122
1694430005162 0.23107084804835334 123
1694430005228 0.15619703419410438 124
1694430005295 0.4228989955711557 125
1694430005361 0.1925658368864376 126
1694430005427 0.008257706160045586 127
1694430005492 0.32168337335450486 128
1694430005558 0.1426986246567407 129
1694430005624 0.013391532288866281 130
1694430005690 0.0723217546084254 131
1694430005756 0.34308603199901067 132
1694430005821 0.7177903722220976 133
1694430005887 0.2857158013184685 134
1694430005952 0.48296807963764926 135
1694430006020 0.45368675643323025 136
1694430006085 1.5744201737050822 137
1694430006151 0.18548964811262927 138
1694430006217 0.6688766187192684 139
1694430006283 0.12423329104384162 140
1694430006348 0.15002878350236556 141
1694430006414 1.0266053898120069 142
1694430006480 0.12071487023173119 143
1694430006545 0.29397185894850236 144
1694430006609 0.1107622042698324 145
1694430006674 0.052008692757069534 146
1694430006741 0.0890561323947225 147
1694430006806 0.5464565606855141 148
1694430006874 0.42520745260185944 149
1694430006941 0.18521702750112837 150
1694430007007 0.10150362771251867 151
1694430007072 0.6352045710296895 152
1694430007139 0.46716009216176485 153
1694430007204 0.13890944427479873 154
1694430007270 1.3770005730444665 155
1694430007335 0.012641727856279388 156
1694430007401 1.4734948497549787 157
1694430007466 0.2564830377321161 158
1694430007533 0.11388386513184659 159
1694430007598 0.42096854563963365 160
1694430007666 0.470690696645948 161
1694430007733 0.14807995261787935 162
1694430007799 0.4216251954993114 163
1694430007864 0.4377061674286592 164
1694430007930 0.0023263246481890166 165
1694430007997 0.09645263344838004 166
1694430008063 1.2020666856999116 167
1694430008129 0.35962991525444493 168
1694430008194 0.5955548874794006 169
1694430008261 0.055396364372468636 170
1694430008327 0.09509325006342131 171
1694430008392 0.028332693004554446 172
1694430008458 5.794053369900895e-09 173
1694430008524 0.47007301048407274 174
1694430008590 0.5414218968742591 175
1694430008657 0.25355554467142044 176
1694430008722 0.22915456749280175 177
1694430008788 0.054403161953223804 178
1694430008854 0.3374875375810519 179
1694430008921 0.4811783201050987 180
1694430008987 0.02811834926901752 181
1694430009053 0.00022724441959916806 182
1694430009119 0.13720169640307966 183
1694430009184 0.02034495946762161 184
1694430009251 0.13412602932842757 185
1694430009317 0.00012774279885447915 186
1694430009383 1.3261770661393046 187
1694430009449 0.21442655058199298 188
1694430009514 0.2575634500425158 189
1694430009580 0.013305668267399087 190
1694430009645 0.16641139633527274 191
1694430009711 0.1989373535157079 192
1694430009777 0.23985396197062525 193
1694430009842 1.3045308164287224 194
1694430009907 0.006760944564516235 195
1694430009972 0.3890927580897348 196
1694430010037 0.8210826304517371 197
1694430010104 0.558840678386772 198
1694430010170 1.2147520082422747 199
1694430010237 0.002290077814029612 200
1694430010302 0.12366915413503117 201
1694430010369 0.23987064868658428 202
1694430010434 0.17383907444416638 203
1694430010500 0.4082793231927015 204
1694430010567 0.37984091948139875 205
1694430010632 0.1203697337604354 206
1694430010699 0.11072150704113776 207
1694430010765 0.10990437982194959 208
1694430010831 1.04542111344744 209
1694430010896 0.02088521402939822 210
1694430010962 0.320154765087274 211
1694430011034 0.03615176311356784 212
1694430011103 0.41795693831566993 213
1694430011169 0.18036652013978322 214
1694430011235 0.23991206020603298 215
1694430011301 0.005062588198547051 216
1694430011367 0.020220460146007507 217
1694430011434 1.023567376797174 218
1694430011500 0.02230984526043142 219
1694430011565 1.1266667158852728 220
1694430011631 0.4006787733115943 221
1694430011696 0.028431245457350825 222
1694430011762 0.4772274091750007 223
1694430011828 1.0469334955768757 224
1694430011894 0.9405718546041306 225
1694430011960 0.20412172005208157 226
1694430012025 0.2447815880709179 227
1694430012091 0.17367432287074097 228
1694430012156 0.0011344578471459243 229
1694430012222 0.7383533716829923 230
1694430012290 0.10782180757818552 231
1694430012355 0.025846537449806327 232
1694430012421 0.38165284948751727 233
1694430012487 0.1429405246620362 234
1694430012552 0.3034536327920268 235
1694430012619 0.9485169695260226 236
1694430012686 0.06371914479014706 237
1694430012753 0.13624337964945274 238
1694430012819 0.08882317530850865 239
1694430012885 0.4854766414179379 240
1694430012951 0.4640017784742978 241
1694430013017 0.1919418718049458 242
1694430013083 0.11495779299935936 243
1694430013150 0.1794894284278742 244
1694430013215 0.43409539150596 245
1694430013280 0.10143028772322976 246
1694430013347 0.00931558191201203 247
1694430013412 0.33648774162934564 248
1694430013478 0.02131769602865597 249
1694430013545 1.4897906815914101 250
1694430013611 0.3730306437460509 251
1694430013676 0.019619403632318306 252
1694430013742 0.14345383003989054 253
1694430013808 0.8516242767618364 254
1694430013873 0.09999570901882471 255
1694430013940 0.0673422010223243 256
1694430014006 0.1572203597340981 257
1694430014072 0.15873987053141328 258
1694430014139 0.3229159321480151 259
1694430014205 0.19282998335977078 260
1694430014272 0.47010900460594096 261
1694430014337 0.4078299531174181 262
1694430014404 0.01911674887535049 263
1694430014470 0.24996580423777218 264
1694430014537 0.47181870551592786 265
1694430014605 0.22099679076370615 266
1694430014670 0.0025987592472822853 267
1694430014736 0.008402055908776134 268
1694430014802 0.054684105286865715 269
1694430014866 0.26310270379382344 270
1694430014932 0.29719525373812294 271
1694430014998 0.3882290689496828 272
1694430015064 0.12604297146483032 273
1694430015130 0.19158476007009184 274
1694430015196 0.1252243085426126 275
1694430015262 0.7107758557100691 276
1694430015328 0.21049364206427382 277
1694430015394 0.25379968469504305 278
1694430015460 0.3786350041310531 279
1694430015526 0.45465958269246054 280
1694430015591 0.1633825292488273 281
1694430015656 0.2835425566057492 282
1694430015722 0.0004793313223893989 283
1694430015787 0.0011584985313061414 284
1694430015852 0.44772229064431945 285
1694430015918 0.11838991579491638 286
1694430015985 0.8413369141965418 287
1694430016050 0.05429975133676401 288
1694430016117 0.20838382966273158 289
1694430016183 0.1680309236669136 290
1694430016250 0.056701999926745725 291
1694430016315 0.32199089793307495 292
1694430016380 0.10336324689584066 293
1694430016446 0.2665531100391822 294
1694430016512 0.19739778403391942 295
1694430016578 0.0011276395062578288 296
1694430016644 1.4413933451848986 297
1694430016710 0.3502588086054693 298
1694430016775 1.2568035386073437 299
1694430016840 0.00035567906510751006 300
1694430016906 0.006548425680598284 301
1694430016974 0.0005326780857201157 302
1694430017040 0.3649647545493272 303
1694430017105 0.0031249846782370684 304
1694430017171 0.15021985207246719 305
1694430017237 0.00022482393639085678 306
1694430017304 1.1856222831642418 307
1694430017370 0.007303907238100014 308
1694430017436 0.4508284830468829 309
1694430017503 0.0022622406816351706 310
1694430017568 0.05166253000526918 311
1694430017635 0.0893056703174402 312
1694430017702 0.29929761623402135 313
1694430017768 0.9653450524265135 314
1694430017834 0.14972253484012113 315
1694430017900 0.29662371729729786 316
1694430017966 0.006603306166360995 317
1694430018033 0.055009684541017456 318
1694430018098 0.5134711185944332 319
1694430018165 0.3550779291908424 320
1694430018230 0.46313038353541436 321
1694430018296 0.6968579339954586 322
1694430018360 1.215100323630568 323
1694430018425 0.044514337135452206 324
1694430018491 0.4353672216578251 325
1694430018557 0.2429277264246126 326
1694430018623 0.20346827878412968 327
1694430018689 0.11564980736231491 328
1694430018756 0.40401672475089484 329
1694430018821 0.2820635627917407 330
1694430018887 0.6540734232777088 331
1694430018953 0.12973447680842567 332
1694430019019 1.116636810511059 333
1694430019085 0.2916352752036003 334
1694430019152 1.2630006583085303 335
1694430019217 0.2948733424001425 336
1694430019284 0.10063779394112592 337
1694430019350 0.3977837131389748 338
1694430019416 0.18133401009822664 339
1694430019481 0.04133986979694703 340
1694430019548 1.8127593766405157 341
1694430019614 0.29468476972025265 342
1694430019679 0.5537492608425296 343
1694430019746 0.4583463713020384 344
1694430019811 0.059312668992281416 345
1694430019876 0.16040902089789882 346
1694430019942 0.0023622151047001487 347
1694430020008 0.2334485184818707 348
1694430020074 1.1703212953207691 349
1694430020139 0.5247470186725631 350
1694430020205 0.19215169259282514 351
1694430020270 0.5888725391773234 352
1694430020336 0.08597600901236678 353
1694430020403 0.20643196276563522 354
1694430020467 0.06474083107230033 355
1694430020533 0.032546930512218374 356
1694430020600 0.8294594572387258 357
1694430020666 0.06176619342782263 358
1694430020732 0.11576712434630451 359
1694430020798 0.368668328364747 360
1694430020863 0.3911074843627351 361
1694430020928 0.307470290571339 362
1694430020994 0.39424785291891024 363
1694430021062 0.026214953453933355 364
1694430021128 0.3580277244701062 365
1694430021196 0.3899315007018822 366
1694430021263 0.15972745327832708 367
1694430021329 0.7377424294592433 368
1694430021396 0.32932638616410526 369
1694430021463 0.3523103066598508 370
1694430021529 0.1354607024699489 371
1694430021595 0.3341601623147125 372
1694430021661 0.15017460350721937 373
1694430021727 0.02878506216441571 374
1694430021793 0.026763344154704553 375
1694430021858 1.0067722734693099 376
1694430021924 0.10950701685517175 377
1694430021990 0.05756403648914939 378
1694430022056 0.0011316138891570551 379
1694430022122 0.02632314156736895 380
1694430022188 0.13409248411164676 381
1694430022255 0.07922571518544423 382
1694430022320 0.23518792673804106 383
1694430022385 0.11507810559909126 384
1694430022452 0.7877042568011885 385
1694430022516 0.06748645434141752 386
1694430022582 0.009340744242483935 387
1694430022650 0.09434848255231965 388
1694430022715 1.5232786059880443 389
1694430022781 0.5538968251130163 390
1694430022846 1.5270304244710633 391
1694430022913 0.07844072111030376 392
1694430022979 0.10744825397202341 393
1694430023046 0.16224695651025153 394
1694430023112 0.0008160931345951018 395
1694430023178 0.17544224705580083 396
1694430023244 0.3010211773614112 397
1694430023310 0.553043367742392 398
1694430023376 0.1343086764001576 399
1694430023442 0.09494415178990166 400
1694430023508 0.33520285786595333 401
1694430023574 0.3882166509737071 402
1694430023640 0.13250249925651483 403
1694430023706 0.47467838522951894 404
1694430023773 0.26225196524884153 405
1694430023840 0.5599644824239186 406
1694430023905 0.2022764360308011 407
1694430023971 0.14489969145996356 408
1694430024037 0.13994424749026546 409
1694430024104 0.7095635325082638 410
1694430024168 0.21504126902185952 411
1694430024234 0.3283832664988397 412
1694430024299 0.4074232173868662 413
1694430024364 0.04926811308460185 414
1694430024430 0.09159464205967376 415
1694430024496 0.1954211295081094 416
1694430024562 0.42183664344034744 417
1694430024629 0.20741839848029409 418
1694430024696 0.1801523196922861 419
1694430024762 0.4492409620185799 420
1694430024827 0.25014125409257904 421
1694430024894 0.17226197013174008 422
1694430024959 0.27711141155144214 423
1694430025026 0.4778108610226828 424
1694430025092 2.7360197393806533 425
1694430025158 1.2816123397838053 426
1694430025223 0.010407143777871533 427
1694430025289 1.0460326085769065 428
1694430025355 0.04128232642093888 429
1694430025421 0.631468084049469 430
1694430025488 0.07826436454236506 431
1694430025553 0.09295134392568048 432
1694430025618 0.005911636025342455 433
1694430025685 0.13264650283899163 434
1694430025752 0.21988942915511173 435
1694430025817 0.10178893470942713 436
1694430025882 0.2090281084471271 437
1694430025948 0.16798326451871964 438
1694430026014 0.00042364181237866373 439
1694430026080 0.054553855092137234 440
1694430026145 0.04103354582396176 441
1694430026211 1.1149793252190086 442
1694430026275 0.29128385256094375 443
1694430026341 0.25303127257125513 444
1694430026408 0.12556515934460838 445
1694430026473 0.04284391464479798 446
1694430026539 0.07996775449152822 447
1694430026605 0.051044382847186334 448
1694430026670 0.44631105983889985 449
1694430026737 0.284853164713635 450
1694430026801 0.0018254034026544078 451
1694430026867 0.5955932786594279 452
1694430026933 0.8645621575843591 453
1694430026999 0.5447771360243776 454
1694430027065 0.3212314185183386 455
1694430027131 0.0004821942309990499 456
1694430027196 0.15566156134051676 457
1694430027263 0.3366957014936792 458
1694430027329 0.8987494439277848 459
1694430027396 0.06158325428237892 460
1694430027461 0.14668097955189774 461
1694430027528 0.20169244784285242 462
1694430027594 0.6140922462876639 463
1694430027660 0.009983131925034599 464
1694430027726 0.10547255103743382 465
1694430027793 0.7134199437060069 466
1694430027857 0.0010481610983206107 467
1694430027925 0.3405167925437989 468
1694430027990 0.4063964960579471 469
1694430028056 0.28071418183507196 470
1694430028122 0.08095130975695485 471
1694430028188 0.043071983720969785 472
1694430028254 0.0004646841049539952 473
1694430028320 0.04886365948000797 474
1694430028387 1.2425399701751738 475
1694430028455 0.4507415782547631 476
1694430028521 0.22017281940480857 477
1694430028588 0.10704900171888818 478
1694430028654 0.2745645261512291 479
1694430028720 0.6108730633718347 480
1694430028786 0.09930863761492599 481
1694430028853 0.06921593881341777 482
1694430028919 0.026703073630713413 483
1694430028984 0.5479979476957888 484
1694430029051 0.1838386850143748 485
1694430029125 0.1239886691184067 486
1694430029190 0.0006025576086833012 487
1694430029257 0.014846362474863062 488
1694430029323 0.042047131197886084 489
1694430029389 0.5706285655570634 490
1694430029456 0.7178810862960782 491
1694430029521 0.2147036992690966 492
1694430029588 0.14413294665151577 493
1694430029653 0.3901420129425593 494
1694430029721 3.9567262681789495 495
1694430029787 0.17579895708030985 496
1694430029853 0.6688998294878143 497
1694430029919 0.2670312185482823 498
1694430029985 0.24251541139747793 499
