1694429442244 168.89967544445548 0
1694429442261 168.56115720152764 1
1694429442279 168.2909414544009 2
1694429442297 168.02115491801814 3
1694429442314 167.75181102456378 4
1694429442332 167.48290903121332 5
1694429442352 167.21444819939992 6
1694429442371 166.94642779182118 7
1694429442389 166.6788470724379 8
1694429442408 166.41170530647165 9
1694429442424 166.14500176040255 10
1694429442440 165.87873570196712 11
1694429442456 165.61290640015577 12
1694429442472 165.34751312521104 13
1694429442488 165.0825551486247 14
1694429442504 164.8180317431362 15
1694429442520 164.55394218272997 16
1694429442536 164.2902857426334 17
1694429442552 164.02706169931452 18
1694429442569 163.76426933047992 19
1694429442586 163.50190791507242 20
1694429442602 163.23997673326892 21
1694429442618 162.97847506647815 22
1694429442634 162.7174021973386 23
1694429442651 162.4567574097162 24
1694429442667 162.19653998870203 25
1694429442684 161.9367492206105 26
1694429442700 161.67738439297676 27
1694429442716 161.4184447945548 28
1694429442732 161.15992971531514 29
1694429442748 160.90183844644278 30
1694429442764 160.64417028033486 31
1694429442780 160.38692451059873 32
1694429442796 160.1301004320494 33
1694429442812 159.87369734070808 34
1694429442830 159.61771453379924 35
1694429442844 159.36215130974898 36
1694429442860 159.1070069681828 37
1694429442876 158.85228080992323 38
1694429442893 158.5979721369881 39
1694429442909 158.34408025258807 40
1694429442924 158.09060446112468 41
1694429442940 157.8375440681881 42
1694429442956 157.5848983805552 43
1694429442972 157.33266670618724 44
1694429442988 157.08084835422798 45
1694429443004 156.82944263500136 46
1694429443019 156.5784488600096 47
1694429443035 156.3278663419308 48
1694429443052 156.07769439461734 49
1694429443068 155.82793233309326 50
1694429443084 155.57857947355257 51
1694429443100 155.329635133357 52
1694429443115 155.08109863103394 53
1694429443133 154.83296928627433 54
1694429443152 154.5852464199307 55
1694429443168 154.33792935401516 56
1694429443183 154.09101741169698 57
1694429443199 153.844509917301 58
1694429443215 153.5984061963053 59
1694429443230 153.35270557533917 60
1694429443246 153.10740738218118 61
1694429443262 152.86251094575712 62
1694429443278 152.61801559613784 63
1694429443295 152.37392066453728 64
1694429443311 152.1302254833105 65
1694429443326 151.88692938595173 66
1694429443344 151.644031707092 67
1694429443361 151.40153178249759 68
1694429443378 151.15942894906766 69
1694429443395 150.9177225448324 70
1694429443413 150.67641190895102 71
1694429443429 150.43549638170973 72
1694429443445 150.19497530451966 73
1694429443461 149.95484801991506 74
1694429443477 149.71511387155113 75
1694429443498 149.47577220420206 76
1694429443519 149.23682236375916 77
1694429443535 148.99826369722877 78
1694429443551 148.7600955527304 79
1694429443568 148.52231727949453 80
1694429443584 148.28492822786097 81
1694429443601 148.04792774927654 82
1694429443617 147.8113151962935 83
1694429443632 147.57508992256723 84
1694429443649 147.3392512828544 85
1694429443664 147.1037986330113 86
1694429443680 146.86873132999142 87
1694429443697 146.6340487318438 88
1694429443713 146.39975019771097 89
1694429443728 146.1658350878273 90
1694429443745 145.93230276351665 91
1694429443760 145.69915258719058 92
1694429443776 145.46638392234678 93
1694429443792 145.23399613356656 94
1694429443808 145.0019885865134 95
1694429443824 144.77036064793074 96
1694429443839 144.53911168564042 97
1694429443855 144.30824106854035 98
1694429443872 144.07774816660293 99
1694429443888 143.84763235087294 100
1694429443905 143.61789299346586 101
1694429443921 143.38852946756577 102
1694429443937 143.15954114742362 103
1694429443953 142.93092740835533 104
1694429443969 142.7026876267397 105
1694429443985 142.47482118001676 106
1694429444002 142.247327446686 107
1694429444018 142.02020580630412 108
1694429444033 141.79345563948345 109
1694429444050 141.56707632789005 110
1694429444066 141.34106725424184 111
1694429444083 141.11542780230664 112
1694429444099 140.89015735690043 113
1694429444114 140.66525530388552 114
1694429444130 140.44072103016865 115
1694429444146 140.21655392369902 116
1694429444161 139.99275337346683 117
1694429444177 139.76931876950098 118
1694429444194 139.5462495028676 119
1694429444210 139.3235449656681 120
1694429444225 139.10120455103714 121
1694429444241 138.87922765314127 122
1694429444258 138.65761366717666 123
1694429444273 138.4363619893675 124
1694429444289 138.2154720169642 125
1694429444305 137.99494314824156 126
1694429444320 137.77477478249685 127
1694429444336 137.55496632004815 128
1694429444351 137.33551716223263 129
1694429444366 137.11642671140444 130
1694429444381 136.89769437093332 131
1694429444398 136.6793195452024 132
1694429444414 136.46130163960683 133
1694429444429 136.2436400605516 134
1694429444444 136.02633421545013 135
1694429444459 135.80938351272223 136
1694429444474 135.5927873617925 137
1694429444490 135.37654517308835 138
1694429444507 135.16065635803858 139
1694429444523 134.94512032907122 140
1694429444539 134.72993649961208 141
1694429444555 134.5151042840829 142
1694429444570 134.30062309789943 143
1694429444586 134.08649235747006 144
1694429444602 133.87271148019371 145
1694429444619 133.65927988445824 146
1694429444634 133.44619698963876 147
1694429444650 133.2334622160958 148
1694429444665 133.0210749851736 149
1694429444679 132.8090347191985 150
1694429444695 132.59734084147703 151
1694429444711 132.3859927762943 152
1694429444726 132.1749899489122 153
1694429444742 131.96433178556788 154
1694429444758 131.75401771347182 155
1694429444773 131.54404716080614 156
1694429444789 131.33441955672308 157
1694429444804 131.12513433134308 158
1694429444819 130.91619091575328 159
1694429444835 130.70758874200567 160
1694429444851 130.49932724311537 161
1694429444865 130.29140585305913 162
1694429444882 130.08382400677354 163
1694429444897 129.87658114015318 164
1694429444913 129.66967669004936 165
1694429444928 129.46311009426793 166
1694429444944 129.25688079156802 167
1694429444960 129.05098822166016 168
1694429444975 128.84543182520466 169
1694429444991 128.64021104380993 170
1694429445006 128.4353253200309 171
1694429445022 128.23077409736717 172
1694429445036 128.02655682026165 173
1694429445053 127.82267293409862 174
1694429445068 127.61912188520223 175
1694429445084 127.41590312083484 176
1694429445100 127.21301608919536 177
1694429445116 127.01046023941761 178
1694429445130 126.80823502156868 179
1694429445145 126.6063398866473 180
1694429445161 126.4047742865822 181
1694429445176 126.20353767423053 182
1694429445191 126.00262950337621 183
1694429445207 125.8020492287282 184
1694429445222 125.60179630591907 185
1694429445237 125.40187019150328 186
1694429445253 125.20227034295557 187
1694429445268 125.00299621866934 188
1694429445284 124.80404727795509 189
1694429445299 124.60542298103879 190
1694429445315 124.40712278906024 191
1694429445330 124.20914616407158 192
1694429445346 124.01149256903557 193
1694429445362 123.81416146782406 194
1694429445377 123.61715232521641 195
1694429445392 123.42046460689794 196
1694429445407 123.22409777945818 197
1694429445423 123.02805131038949 198
1694429445439 122.83232466808536 199
1694429445454 122.63691732183896 200
1694429445469 122.44182874184139 201
1694429445485 122.24705839918019 202
1694429445501 122.05260576583787 203
1694429445517 121.85847031469022 204
1694429445533 121.66465151950483 205
1694429445548 121.47114885493946 206
1694429445563 121.27796179654054 207
1694429445579 121.08508982074157 208
1694429445595 120.89253240486173 209
1694429445610 120.70028902710403 210
1694429445629 120.5083591665541 211
1694429445645 120.31674230317846 212
1694429445661 120.12543791782294 213
1694429445677 119.93444549221134 214
1694429445692 119.7437645089437 215
1694429445708 119.55339445149494 216
1694429445723 119.36333480421314 217
1694429445738 119.17358505231827 218
1694429445754 118.98414468190042 219
1694429445769 118.79501317991841 220
1694429445784 118.60619003419829 221
1694429445800 118.41767473343181 222
1694429445817 118.22946676717481 223
1694429445833 118.04156562584592 224
1694429445849 117.85397080072484 225
1694429445864 117.66668178395098 226
1694429445879 117.47969806852193 227
1694429445894 117.2930191482919 228
1694429445910 117.10664451797037 229
1694429445926 116.92057367312043 230
1694429445941 116.73480611015744 231
1694429445957 116.54934132634742 232
1694429445973 116.36417881980569 233
1694429445989 116.1793180894953 234
1694429446005 115.99475863522558 235
1694429446021 115.81049995765068 236
1694429446036 115.62654155826809 237
1694429446052 115.44288293941722 238
1694429446068 115.25952360427783 239
1694429446083 115.07646305686866 240
1694429446099 114.8937008020459 241
1694429446114 114.71123634550183 242
1694429446131 114.52906919376325 243
1694429446145 114.34719885419014 244
1694429446160 114.16562483497408 245
1694429446176 113.98434664513695 246
1694429446193 113.80336379452939 247
1694429446209 113.6226757938294 248
1694429446226 113.44228215454085 249
1694429446242 113.26218238899209 250
1694429446258 113.08237601033454 251
1694429446273 112.90286253254122 252
1694429446290 112.72364147040528 253
1694429446305 112.54471233953868 254
1694429446321 112.36607465637069 255
1694429446337 112.18772793814648 256
1694429446352 112.00967170292573 257
1694429446367 111.83190546958119 258
1694429446383 111.65442875779729 259
1694429446399 111.47724108806868 260
1694429446415 111.30034198169892 261
1694429446430 111.12373096079895 262
1694429446445 110.9474075482858 263
1694429446460 110.77137126788114 264
1694429446475 110.59562164410987 265
1694429446491 110.42015820229871 266
1694429446506 110.24498046857491 267
1694429446523 110.07008796986476 268
1694429446538 109.89548023389223 269
1694429446554 109.72115678917758 270
1694429446569 109.54711716503601 271
1694429446585 109.37336089157627 272
1694429446600 109.19988749969926 273
1694429446616 109.02669652109664 274
1694429446632 108.85378748824952 275
1694429446648 108.68115993442709 276
1694429446663 108.50881339368513 277
1694429446678 108.33674740086485 278
1694429446694 108.16496149159133 279
1694429446710 107.99345520227226 280
1694429446726 107.82222807009664 281
1694429446742 107.65127963303328 282
1694429446758 107.48060942982954 283
1694429446775 107.31021700001 284
1694429446792 107.14010188387503 285
1694429446809 106.97026362249956 286
1694429446824 106.8007017577316 287
1694429446841 106.63141583219104 288
1694429446857 106.46240538926817 289
1694429446872 106.29366997312252 290
1694429446887 106.12520912868135 291
1694429446904 105.95702240163845 292
1694429446920 105.78910933845273 293
1694429446936 105.62146948634692 294
1694429446952 105.45410239330631 295
1694429446967 105.28700760807733 296
1694429446982 105.12018468016626 297
1694429446998 104.95363315983802 298
1694429447013 104.7873525981147 299
1694429447028 104.6213425467743 300
1694429447043 104.45560255834953 301
1694429447058 104.29013218612629 302
1694429447074 104.12493098414264 303
1694429447090 103.95999850718724 304
1694429447105 103.79533431079821 305
1694429447122 103.63093795126177 306
1694429447137 103.46680898561097 307
1694429447153 103.30294697162441 308
1694429447168 103.13935146782491 309
1694429447183 102.9760220334782 310
1694429447198 102.81295822859181 311
1694429447213 102.65015961391356 312
1694429447229 102.48762575093038 313
1694429447245 102.32535620186707 314
1694429447261 102.16335052968496 315
1694429447278 102.00160829808064 316
1694429447294 101.84012907148481 317
1694429447309 101.67891241506081 318
1694429447325 101.51795789470347 319
1694429447341 101.35726507703792 320
1694429447357 101.19683352941819 321
1694429447373 101.03666281992594 322
1694429447390 100.87675251736937 323
1694429447405 100.71710219128181 324
1694429447421 100.55771141192054 325
1694429447437 100.3985797502655 326
1694429447452 100.23970677801812 327
1694429447467 100.08109206759993 328
1694429447483 99.92273519215144 329
1694429447498 99.76463572553091 330
1694429447514 99.606793242313 331
1694429447529 99.44920731778761 332
1694429447545 99.2918775279587 333
1694429447561 99.13480344954287 334
1694429447577 98.97798465996837 335
1694429447592 98.82142073737369 336
1694429447607 98.66511126060641 337
1694429447622 98.50905580922198 338
1694429447638 98.35325396348246 339
1694429447654 98.19770530435534 340
1694429447670 98.04240941351232 341
1694429447685 97.88736587332806 342
1694429447701 97.73257426687904 343
1694429447716 97.57803417794224 344
1694429447732 97.42374519099403 345
1694429447747 97.26970689120893 346
1694429447762 97.11591886445838 347
1694429447778 96.96238069730963 348
1694429447794 96.80909197702438 349
1694429447809 96.65605229155778 350
1694429447824 96.50326122955703 351
1694429447840 96.35071838036039 352
1694429447856 96.19842333399583 353
1694429447871 96.04637568117992 354
1694429447886 95.89457501331664 355
1694429447903 95.74302092249614 356
1694429447919 95.59171300149364 357
1694429447936 95.4406508437682 358
1694429447953 95.28983404346158 359
1694429447968 95.13926219539695 360
1694429447984 94.9889348950779 361
1694429448000 94.83885173868715 362
1694429448015 94.6890123230854 363
1694429448031 94.53941624581012 364
1694429448047 94.39006310507446 365
1694429448062 94.2409524997661 366
1694429448078 94.09208402944603 367
1694429448094 93.94345729434734 368
1694429448108 93.79507189537425 369
1694429448124 93.64692743410073 370
1694429448140 93.4990235127695 371
1694429448155 93.35135973429085 372
1694429448171 93.2039357022415 373
1694429448186 93.05675102086332 374
1694429448202 92.90980529506241 375
1694429448217 92.7630981304078 376
1694429448233 92.61662913313036 377
1694429448249 92.47039791012165 378
1694429448263 92.3244040689328 379
1694429448279 92.17864721777335 380
1694429448296 92.03312696551014 381
1694429448311 91.88784292166618 382
1694429448326 91.74279469641954 383
1694429448342 91.59798190060214 384
1694429448359 91.45340414569876 385
1694429448374 91.30906104384577 386
1694429448390 91.16495220783014 387
1694429448406 91.02107725108826 388
1694429448421 90.8774357877048 389
1694429448437 90.73402743241166 390
1694429448453 90.5908518005868 391
1694429448468 90.44790850825319 392
1694429448485 90.30519717207764 393
1694429448500 90.16271740936975 394
1694429448517 90.02046883808072 395
1694429448532 89.87845107680238 396
1694429448549 89.73666374476599 397
1694429448564 89.59510646184113 398
1694429448580 89.4537788485347 399
1694429448596 89.31268052598975 400
1694429448611 89.1718111159844 401
1694429448627 89.03117024093075 402
1694429448643 88.89075752387382 403
1694429448660 88.75057258849043 404
1694429448676 88.61061505908812 405
1694429448691 88.47088456060409 406
1694429448707 88.33138071860411 407
1694429448722 88.19210315928143 408
1694429448738 88.05305150945573 409
1694429448754 87.91422539657195 410
1694429448769 87.77562444869943 411
1694429448785 87.63724829453056 412
1694429448801 87.49909656337995 413
1694429448817 87.36116888518322 414
1694429448833 87.22346489049602 415
1694429448849 87.08598421049291 416
1694429448865 86.94872647696629 417
1694429448881 86.81169132232542 418
1694429448896 86.67487837959524 419
1694429448912 86.53828728241552 420
1694429448926 86.40191766503952 421
1694429448944 86.26576916233317 422
1694429448959 86.12984140977395 423
1694429448975 85.99413404344975 424
1694429448990 85.85864670005803 425
1694429449006 85.72337901690457 426
1694429449021 85.58833063190251 427
1694429449036 85.45350118357133 428
1694429449054 85.3188903110358 429
1694429449070 85.18449765402494 430
1694429449085 85.05032285287092 431
1694429449101 84.91636554850817 432
1694429449116 84.78262538247219 433
1694429449133 84.64910199689866 434
1694429449149 84.51579503452228 435
1694429449164 84.38270413867588 436
1694429449179 84.24982895328925 437
1694429449195 84.11716912288827 438
1694429449210 83.9847242925938 439
1694429449225 83.85249410812064 440
1694429449241 83.72047821577654 441
1694429449257 83.58867626246129 442
1694429449273 83.4570878956655 443
1694429449290 83.32571276346978 444
1694429449305 83.19455051454362 445
1694429449319 83.06360079814442 446
1694429449335 82.93286326411643 447
1694429449351 82.80233756288989 448
1694429449367 82.67202334547986 449
1694429449383 82.54192026348532 450
1694429449398 82.41202796908811 451
1694429449414 82.28234611505202 452
1694429449429 82.15287435472167 453
1694429449446 82.02361234202164 454
1694429449462 81.89455973145544 455
1694429449477 81.76571617810443 456
1694429449493 81.637081337627 457
1694429449508 81.5086548662574 458
1694429449523 81.38043642080493 459
1694429449539 81.2524256586528 460
1694429449555 81.1246222377573 461
1694429449571 80.99702581664664 462
1694429449588 80.86963605442016 463
1694429449603 80.74245261074726 464
1694429449620 80.61547514586641 465
1694429449636 80.4887033205842 466
1694429449653 80.36213679627438 467
1694429449667 80.2357752348769 468
1694429449683 80.10961829889692 469
1694429449699 79.98366565140383 470
1694429449715 79.85791695603032 471
1694429449729 79.73237187697141 472
1694429449745 79.60703007898348 473
1694429449761 79.4818912273833 474
1694429449776 79.3569549880471 475
1694429449792 79.23222102740961 476
1694429449808 79.1076890124631 477
1694429449823 78.98335861075643 478
1694429449839 78.85922949039406 479
1694429449855 78.73530132003516 480
1694429449871 78.61157376889267 481
1694429449887 78.48804650673232 482
1694429449902 78.36471920387162 483
1694429449917 78.24159153117907 484
1694429449933 78.11866316007315 485
1694429449947 77.9959337625213 486
1694429449964 77.87340301103913 487
1694429449980 77.75107057868935 488
1694429449995 77.62893613908093 489
1694429450010 77.50699936636812 490
1694429450025 77.38525993524958 491
1694429450040 77.26371752096733 492
1694429450057 77.14237179930595 493
1694429450073 77.02122244659158 494
1694429450088 76.90026913969102 495
1694429450103 76.77951155601087 496
1694429450118 76.65894937349645 497
1694429450133 76.538582270631 498
1694429450149 76.41840992643483 499
