1694432736479 168.89967544445548 0
1694432736496 168.86580825469008 1
1694432736512 168.83890030907526 2
1694432736529 168.81196055908737 3
1694432736546 168.785025138968 4
1694432736562 168.75809404718115 5
1694432736578 168.73116728302443 6
1694432736598 168.70424484579536 7
1694432736615 168.67732673479176 8
1694432736635 168.6504129493115 9
1694432736655 168.6235034886525 10
1694432736673 168.59659835211292 11
1694432736692 168.56969753899088 12
1694432736710 168.5428010485848 13
1694432736728 168.5159088801931 14
1694432736746 168.48902103311428 15
1694432736763 168.46213750664705 16
1694432736779 168.43525830009025 17
1694432736796 168.40838341274272 18
1694432736812 168.38151284390347 19
1694432736830 168.35464659287166 20
1694432736846 168.3277846589466 21
1694432736862 168.30092704142757 22
1694432736880 168.2740737396141 23
1694432736896 168.2472247528058 24
1694432736912 168.22038008030236 25
1694432736928 168.19353972140362 26
1694432736945 168.16670367540954 27
1694432736961 168.13987194162016 28
1694432736977 168.1130445193357 29
1694432736993 168.0862214078564 30
1694432737009 168.05940260648273 31
1694432737026 168.03258811451522 32
1694432737042 168.00577793125447 33
1694432737059 167.97897205600123 34
1694432737075 167.95217048805642 35
1694432737092 167.925373226721 36
1694432737108 167.89858027129608 37
1694432737124 167.8717916210829 38
1694432737141 167.84500727538276 39
1694432737158 167.81822723349714 40
1694432737175 167.7914514947276 41
1694432737191 167.76468005837586 42
1694432737207 167.7379129237437 43
1694432737223 167.71115009013292 44
1694432737239 167.68439155684575 45
1694432737255 167.65763732318416 46
1694432737272 167.63088738845053 47
1694432737288 167.6041417519472 48
1694432737304 167.57740041297666 49
1694432737321 167.55066337084145 50
1694432737338 167.52393062484438 51
1694432737354 167.49720217428828 52
1694432737370 167.4704780184761 53
1694432737387 167.44375815671083 54
1694432737403 167.41704258829574 55
1694432737419 167.39033131253413 56
1694432737436 167.3636243287294 57
1694432737452 167.336921636185 58
1694432737470 167.31022323420467 59
1694432737487 167.28352912209215 60
1694432737503 167.25683929915132 61
1694432737520 167.23015376468612 62
1694432737537 167.20347251800072 63
1694432737553 167.1767955583993 64
1694432737569 167.1501228851862 65
1694432737586 167.12345449766585 66
1694432737604 167.09679039514288 67
1694432737620 167.0701305769219 68
1694432737638 167.04347504230776 69
1694432737658 167.01682379060532 70
1694432737678 166.99017682111966 71
1694432737697 166.96353413315586 72
1694432737712 166.93689572601923 73
1694432737730 166.91026159901512 74
1694432737749 166.88363175144897 75
1694432737767 166.8570061826264 76
1694432737784 166.8303848918532 77
1694432737801 166.8037678784351 78
1694432737817 166.7771551416781 79
1694432737833 166.75054668088825 80
1694432737851 166.72394249537174 81
1694432737866 166.69734258443478 82
1694432737882 166.67074694738386 83
1694432737899 166.64415558352545 84
1694432737916 166.6175684921662 85
1694432737932 166.59098567261287 86
1694432737948 166.5644071241723 87
1694432737965 166.53783284615147 88
1694432737981 166.5112628378575 89
1694432737997 166.4846970985975 90
1694432738015 166.45813562767893 91
1694432738030 166.4315784244091 92
1694432738047 166.40502548809562 93
1694432738063 166.37847681804615 94
1694432738079 166.35193241356848 95
1694432738095 166.3253922739705 96
1694432738111 166.29885639856013 97
1694432738127 166.27232478664558 98
1694432738145 166.2457974375351 99
1694432738162 166.21927435053698 100
1694432738179 166.19275552495972 101
1694432738196 166.1662409601119 102
1694432738212 166.13973065530217 103
1694432738228 166.1132246098394 104
1694432738244 166.0867228230325 105
1694432738262 166.06022529419045 106
1694432738280 166.03373202262244 107
1694432738297 166.0072430076377 108
1694432738314 165.9807582485457 109
1694432738330 165.95427774465583 110
1694432738347 165.92780149527775 111
1694432738363 165.9013294997212 112
1694432738380 165.87486175729597 113
1694432738397 165.848398267312 114
1694432738413 165.82193902907937 115
1694432738429 165.7954840419083 116
1694432738446 165.76903330510902 117
1694432738464 165.74258681799196 118
1694432738480 165.71614457986763 119
1694432738497 165.6897065900467 120
1694432738512 165.66327284783986 121
1694432738529 165.636843352558 122
1694432738546 165.61041810351213 123
1694432738562 165.5839971000133 124
1694432738578 165.55758034137273 125
1694432738595 165.5311678269017 126
1694432738611 165.50475955591165 127
1694432738628 165.47835552771417 128
1694432738644 165.45195574162085 129
1694432738662 165.42556019694354 130
1694432738678 165.39916889299406 131
1694432738694 165.37278182908443 132
1694432738710 165.3463990045268 133
1694432738727 165.32002041863333 134
1694432738744 165.29364607071645 135
1694432738761 165.2672759600885 136
1694432738776 165.24091008606214 137
1694432738792 165.21454844795002 138
1694432738809 165.18819104506494 139
1694432738825 165.16183787671977 140
1694432738841 165.1354889422276 141
1694432738859 165.10914424090151 142
1694432738875 165.08280377205477 143
1694432738892 165.05646753500076 144
1694432738910 165.03013552905296 145
1694432738927 165.0038077535249 146
1694432738944 164.97748420773036 147
1694432738960 164.95116489098308 148
1694432738976 164.9248498025971 149
1694432738992 164.89853894188633 150
1694432739009 164.87223230816502 151
1694432739025 164.84592990074745 152
1694432739041 164.81963171894787 153
1694432739058 164.79333776208097 154
1694432739075 164.76704802946122 155
1694432739091 164.74076252040342 156
1694432739107 164.71448123422238 157
1694432739124 164.688204170233 158
1694432739142 164.6619313277504 159
1694432739158 164.63566270608976 160
1694432739174 164.60939830456633 161
1694432739190 164.58313812249557 162
1694432739205 164.55688215919295 163
1694432739222 164.5306304139741 164
1694432739238 164.50438288615481 165
1694432739255 164.4781395750509 166
1694432739270 164.4519004799783 167
1694432739287 164.42566560025318 168
1694432739302 164.39943493519166 169
1694432739318 164.37320848411008 170
1694432739335 164.34698624632486 171
1694432739352 164.32076822115252 172
1694432739369 164.2945544079097 173
1694432739384 164.2683448059132 174
1694432739401 164.24213941447985 175
1694432739417 164.21593823292665 176
1694432739435 164.18974126057074 177
1694432739452 164.16354849672925 178
1694432739468 164.13735994071956 179
1694432739485 164.11117559185905 180
1694432739501 164.08499544946537 181
1694432739516 164.05881951285608 182
1694432739532 164.03264778134903 183
1694432739549 164.00648025426207 184
1694432739566 163.98031693091318 185
1694432739581 163.95415781062053 186
1694432739598 163.9280028927023 187
1694432739614 163.90185217647684 188
1694432739631 163.87570566126263 189
1694432739647 163.84956334637818 190
1694432739666 163.82342523114218 191
1694432739684 163.79729131487346 192
1694432739700 163.7711615968909 193
1694432739716 163.7450360765135 194
1694432739733 163.7189147530604 195
1694432739749 163.69279762585086 196
1694432739766 163.66668469420415 197
1694432739782 163.64057595743984 198
1694432739799 163.6144714148774 199
1694432739815 163.58837106583664 200
1694432739831 163.56227490963727 201
1694432739847 163.53618294559922 202
1694432739864 163.51009517304254 203
1694432739880 163.48401159128736 204
1694432739897 163.45793219965392 205
1694432739913 163.4318569974626 206
1694432739928 163.40578598403386 207
1694432739944 163.37971915868832 208
1694432739961 163.3536565207466 209
1694432739978 163.32759806952959 210
1694432739994 163.3015438043582 211
1694432740011 163.27549372455343 212
1694432740027 163.2494478294365 213
1694432740044 163.2234061183286 214
1694432740063 163.1973685905511 215
1694432740080 163.17133524542552 216
1694432740096 163.14530608227352 217
1694432740112 163.11928110041666 218
1694432740129 163.09326029917688 219
1694432740145 163.06724367787604 220
1694432740162 163.04123123583625 221
1694432740179 163.01522297237963 222
1694432740196 162.98921888682847 223
1694432740211 162.96321897850515 224
1694432740228 162.93722324673215 225
1694432740243 162.91123169083204 226
1694432740260 162.8852443101276 227
1694432740275 162.85926110394166 228
1694432740292 162.83328207159713 229
1694432740309 162.80730721241704 230
1694432740325 162.78133652572458 231
1694432740342 162.75537001084305 232
1694432740358 162.7294076670958 233
1694432740374 162.70344949380637 234
1694432740391 162.67749549029836 235
1694432740407 162.6515456558955 236
1694432740424 162.62559998992157 237
1694432740440 162.59965849170055 238
1694432740457 162.57372116055652 239
1694432740472 162.54778799581362 240
1694432740489 162.52185899679617 241
1694432740505 162.49593416282855 242
1694432740521 162.47001349323526 243
1694432740537 162.44409698734088 244
1694432740553 162.4181846444702 245
1694432740571 162.392276463948 246
1694432740588 162.3663724450993 247
1694432740604 162.34047258724914 248
1694432740621 162.31457688972264 249
1694432740638 162.28868535184515 250
1694432740653 162.26279797294202 251
1694432740670 162.2369147523388 252
1694432740686 162.2110356893611 253
1694432740703 162.18516078333462 254
1694432740718 162.15929003358525 255
1694432740735 162.13342343943893 256
1694432740750 162.10756100022172 257
1694432740767 162.08170271525978 258
1694432740784 162.05584858387942 259
1694432740800 162.02999860540703 260
1694432740817 162.00415277916912 261
1694432740833 161.97831110449232 262
1694432740849 161.95247358070336 263
1694432740865 161.92664020712908 264
1694432740881 161.90081098309645 265
1694432740898 161.87498590793257 266
1694432740914 161.84916498096453 267
1694432740930 161.82334820151965 268
1694432740946 161.79753556892535 269
1694432740962 161.77172708250913 270
1694432740979 161.74592274159866 271
1694432740995 161.72012254552158 272
1694432741011 161.69432649360584 273
1694432741028 161.66853458517932 274
1694432741045 161.6427468195701 275
1694432741061 161.61696319610635 276
1694432741078 161.59118371411643 277
1694432741095 161.56540837292866 278
1694432741111 161.53963717187156 279
1694432741127 161.51387011027376 280
1694432741144 161.488107187464 281
1694432741161 161.46234840277117 282
1694432741177 161.43659375552411 283
1694432741195 161.410843245052 284
1694432741211 161.38509687068392 285
1694432741227 161.35935463174926 286
1694432741243 161.3336165275773 287
1694432741260 161.30788255749763 288
1694432741277 161.28215272083983 289
1694432741294 161.2564270169337 290
1694432741310 161.23070544510895 291
1694432741325 161.20498800469565 292
1694432741342 161.1792746950238 293
1694432741358 161.1535655154236 294
1694432741374 161.1278604652253 295
1694432741390 161.10215954375937 296
1694432741407 161.0764627503562 297
1694432741423 161.05077008434648 298
1694432741440 161.02508154506089 299
1694432741456 160.9993971318303 300
1694432741473 160.97371684398567 301
1694432741489 160.948040680858 302
1694432741505 160.92236864177852 303
1694432741521 160.89670072607845 304
1694432741537 160.87103693308921 305
1694432741554 160.84537726214234 306
1694432741570 160.81972171256936 307
1694432741588 160.794070283702 308
1694432741604 160.7684229748722 309
1694432741620 160.74277978541176 310
1694432741637 160.7171407146528 311
1694432741653 160.69150576192746 312
1694432741670 160.66587492656805 313
1694432741686 160.6402482079069 314
1694432741702 160.61462560527653 315
1694432741718 160.58900711800948 316
1694432741735 160.5633927454386 317
1694432741750 160.53778248689653 318
1694432741768 160.51217634171635 319
1694432741785 160.48657430923103 320
1694432741802 160.46097638877373 321
1694432741818 160.43538257967776 322
1694432741835 160.40979288127642 323
1694432741851 160.38420729290323 324
1694432741867 160.3586258138918 325
1694432741883 160.33304844357576 326
1694432741900 160.30747518128902 327
1694432741917 160.28190602636542 328
1694432741933 160.25634097813906 329
1694432741949 160.23078003594404 330
1694432741965 160.20522319911458 331
1694432741982 160.17967046698513 332
1694432742000 160.15412183889003 333
1694432742015 160.12857731416403 334
1694432742031 160.10303689214174 335
1694432742047 160.07750057215793 336
1694432742062 160.05196835354752 337
1694432742080 160.0264402356456 338
1694432742097 160.00091621778725 339
1694432742113 159.9753962993077 340
1694432742128 159.9498804795423 341
1694432742145 159.92436875782653 342
1694432742161 159.89886113349596 343
1694432742178 159.8733576058862 344
1694432742195 159.8478581743332 345
1694432742210 159.8223628381727 346
1694432742227 159.79687159674077 347
1694432742243 159.77138444937356 348
1694432742260 159.74590139540726 349
1694432742276 159.72042243417818 350
1694432742292 159.6949475650228 351
1694432742309 159.6694767872777 352
1694432742325 159.64401010027953 353
1694432742341 159.61854750336502 354
1694432742359 159.59308899587114 355
1694432742376 159.56763457713478 356
1694432742393 159.54218424649315 357
1694432742409 159.51673800328336 358
1694432742426 159.4912958468428 359
1694432742442 159.46585777650893 360
1694432742459 159.44042379161922 361
1694432742475 159.41499389151136 362
1694432742491 159.38956807552307 363
1694432742508 159.36414634299226 364
1694432742523 159.3387286932569 365
1694432742540 159.3133151256551 366
1694432742556 159.28790563952504 367
1694432742572 159.262500234205 368
1694432742589 159.2370989090334 369
1694432742605 159.21170166334878 370
1694432742621 159.18630849648977 371
1694432742638 159.16091940779512 372
1694432742655 159.1355343966037 373
1694432742671 159.11015346225443 374
1694432742688 159.08477660408644 375
1694432742704 159.05940382143888 376
1694432742720 159.034035113651 377
1694432742737 159.0086704800622 378
1694432742752 158.98330992001203 379
1694432742768 158.9579534328401 380
1694432742785 158.9326010178861 381
1694432742801 158.90725267448997 382
1694432742817 158.88190840199152 383
1694432742834 158.85656819973084 384
1694432742851 158.83123206704815 385
1694432742867 158.80590000328365 386
1694432742884 158.78057200777772 387
1694432742901 158.7552480798709 388
1694432742917 158.72992821890375 389
1694432742934 158.70461242421703 390
1694432742950 158.67930069515143 391
1694432742967 158.65399303104797 392
1694432742984 158.6286894312477 393
1694432743000 158.60338989509168 394
1694432743016 158.5780944219212 395
1694432743031 158.55280301107766 396
1694432743048 158.52751566190244 397
1694432743064 158.50223237373717 398
1694432743082 158.47695314592355 399
1694432743098 158.4516779778033 400
1694432743114 158.4264068687184 401
1694432743130 158.40113981801082 402
1694432743147 158.3758768250227 403
1694432743164 158.35061788909624 404
1694432743179 158.32536300957375 405
1694432743196 158.30011218579773 406
1694432743212 158.27486541711076 407
1694432743229 158.2496227028554 408
1694432743245 158.22438404237448 409
1694432743261 158.1991494350109 410
1694432743278 158.17391888010758 411
1694432743295 158.14869237700765 412
1694432743312 158.12346992505434 413
1694432743327 158.09825152359096 414
1694432743344 158.07303717196086 415
1694432743360 158.04782686950762 416
1694432743376 158.02262061557488 417
1694432743393 157.9974184095064 418
1694432743409 157.97222025064596 419
1694432743426 157.94702613833758 420
1694432743441 157.92183607192536 421
1694432743458 157.89665005075338 422
1694432743473 157.87146807416605 423
1694432743490 157.84629014150764 424
1694432743506 157.82111625212275 425
1694432743524 157.79594640535595 426
1694432743544 157.77078060055194 427
1694432743559 157.7456188370556 428
1694432743575 157.72046111421176 429
1694432743593 157.6953074313656 430
1694432743609 157.6701577878622 431
1694432743625 157.6450121830468 432
1694432743642 157.6198706162648 433
1694432743660 157.59473308686168 434
1694432743677 157.56959959418302 435
1694432743694 157.54447013757448 436
1694432743710 157.51934471638188 437
1694432743726 157.49422332995118 438
1694432743742 157.46910597762826 439
1694432743759 157.44399265875938 440
1694432743774 157.41888337269074 441
1694432743791 157.3937781187686 442
1694432743808 157.36867689633948 443
1694432743824 157.34357970474997 444
1694432743839 157.31848654334664 445
1694432743857 157.2933974114763 446
1694432743872 157.26831230848583 447
1694432743889 157.2432312337222 448
1694432743906 157.21815418653253 449
1694432743922 157.19308116626405 450
1694432743939 157.16801217226396 451
1694432743955 157.14294720387977 452
1694432743970 157.117886260459 453
1694432743987 157.09282934134924 454
1694432744003 157.06777644589826 455
1694432744019 157.04272757345387 456
1694432744035 157.01768272336406 457
1694432744052 156.99264189497688 458
1694432744068 156.96760508764052 459
1694432744084 156.94257230070323 460
1694432744102 156.91754353351342 461
1694432744118 156.89251878541955 462
1694432744135 156.86749805577026 463
1694432744152 156.84248134391422 464
1694432744169 156.81746864920018 465
1694432744185 156.79245997097726 466
1694432744202 156.76745530859432 467
1694432744219 156.74245466140056 468
1694432744234 156.71745802874523 469
1694432744251 156.6924654099776 470
1694432744267 156.66747680444718 471
1694432744284 156.64249221150362 472
1694432744301 156.6175116304965 473
1694432744318 156.59253506077562 474
1694432744334 156.56756250169084 475
1694432744350 156.54259395259223 476
1694432744365 156.5176294128298 477
1694432744382 156.49266888175387 478
1694432744399 156.46771235871464 479
1694432744414 156.44275984306262 480
1694432744431 156.41781133414833 481
1694432744447 156.39286683132235 482
1694432744462 156.3679263339355 483
1694432744478 156.34298984133858 484
1694432744495 156.31805735288256 485
1694432744512 156.29312886791848 486
1694432744528 156.2682043857976 487
1694432744544 156.24328390587112 488
1694432744560 156.21836742749048 489
1694432744576 156.19345495000715 490
1694432744593 156.16854647277273 491
1694432744608 156.1436419951389 492
1694432744625 156.11874151645753 493
1694432744641 156.09384503608052 494
1694432744658 156.0689525533599 495
1694432744674 156.04406406764778 496
1694432744692 156.01917957829647 497
1694432744708 155.99429908465825 498
1694432744725 155.96942258608564 499
