1694429609284 151.26090057805186 0
1694429609302 135.19166193226363 1
1694429609318 116.5863939370398 2
1694429609334 105.76514376958347 3
1694429609351 85.15714337087373 4
1694429609368 77.09749725808754 5
1694429609386 68.21736608066995 6
1694429609404 60.89916883100641 7
1694429609423 52.47303570059103 8
1694429609442 44.921957248562386 9
1694429609462 39.38082278087494 10
1694429609482 34.568886671804854 11
1694429609501 31.8460411467285 12
1694429609518 27.793043161344105 13
1694429609535 24.252649707209326 14
1694429609552 20.97365411629776 15
1694429609568 19.290740003083737 16
1694429609585 17.862767886245337 17
1694429609604 15.290376100400023 18
1694429609620 13.696846386185708 19
1694429609637 12.043634714369292 20
1694429609654 9.421944304318314 21
1694429609670 8.427717267233609 22
1694429609687 8.392756939878968 23
1694429609704 8.068786427202166 24
1694429609720 7.350393644132984 25
1694429609737 5.913528906802215 26
1694429609755 4.784199072603791 27
1694429609772 5.289052029278845 28
1694429609790 4.730613904706165 29
1694429609808 3.8139815760050366 30
1694429609825 3.4792636734023055 31
1694429609841 3.2424183561918847 32
1694429609857 2.779943704614465 33
1694429609874 2.813407662593495 34
1694429609892 2.4681284455161157 35
1694429609908 1.909369202086163 36
1694429609925 2.1407822380383803 37
1694429609942 1.9188514834376917 38
1694429609959 1.8070248544880958 39
1694429609976 1.5649660795287275 40
1694429609994 1.277538476510385 41
1694429610011 1.1137705224388363 42
1694429610028 1.3074464478668768 43
1694429610045 1.217880082903766 44
1694429610062 0.951111940686492 45
1694429610079 1.3497903167385934 46
1694429610097 0.6246552709369241 47
1694429610116 0.8996970021850298 48
1694429610132 1.2095494617314269 49
1694429610149 0.7125023319288217 50
1694429610165 0.618968798122878 51
1694429610183 0.6874072204690889 52
1694429610200 0.6374358269972333 53
1694429610216 0.5099462404724795 54
1694429610232 0.7672393117681182 55
1694429610249 0.5822180914417788 56
1694429610266 0.6357513509904428 57
1694429610284 0.6076686259604518 58
1694429610300 0.5998511572227544 59
1694429610317 0.41257559373019986 60
1694429610333 0.35313828925880897 61
1694429610350 0.4505539339747387 62
1694429610367 0.49236922005711425 63
1694429610383 0.4589791082842175 64
1694429610400 0.38193580691071 65
1694429610416 0.4271257053337282 66
1694429610433 0.4147808552735738 67
1694429610452 0.36987699848862515 68
1694429610468 0.4107333552235613 69
1694429610486 0.4130662285628458 70
1694429610503 0.34575541619272704 71
1694429610521 0.3867965089034563 72
1694429610537 0.362185495251701 73
1694429610554 0.372546846995014 74
1694429610570 0.3620998506453851 75
1694429610587 0.33644630648490653 76
1694429610604 0.445871813545429 77
1694429610621 0.36816253658255654 78
1694429610637 0.17721775558829117 79
1694429610656 0.20673576622342307 80
1694429610672 0.5093208304918581 81
1694429610690 0.45046448488296215 82
1694429610707 0.236039848549941 83
1694429610722 0.2575788377634954 84
1694429610739 0.2747718891078779 85
1694429610755 0.2305128154107181 86
1694429610773 0.33937313706156036 87
1694429610791 0.4166296038740011 88
1694429610807 0.390041315876501 89
1694429610823 0.24693654407653406 90
1694429610840 0.2819581118587899 91
1694429610857 0.2589136398149864 92
1694429610873 0.37665964010927927 93
1694429610889 0.4533800181987845 94
1694429610907 0.30542528187626894 95
1694429610923 0.34334867063993324 96
1694429610941 0.4303640090781302 97
1694429610957 0.2009094238560983 98
1694429610974 0.3938883014001018 99
1694429610993 0.34287456113397446 100
1694429611013 0.31614497678463244 101
1694429611029 0.20729181650144188 102
1694429611047 0.38019764016843993 103
1694429611062 0.1975835236175841 104
1694429611079 0.3120479000218627 105
1694429611097 0.29671824989710666 106
1694429611113 0.17733137345904784 107
1694429611130 0.2791267428326001 108
1694429611147 0.3788827239979248 109
1694429611163 0.2659692984611259 110
1694429611180 0.2660003577015272 111
1694429611197 0.16579728843381253 112
1694429611215 0.28531585134148935 113
1694429611230 0.32841152548932273 114
1694429611247 0.27019633193122333 115
1694429611263 0.2584297810825188 116
1694429611280 0.38599851162936655 117
1694429611298 0.2966895534261739 118
1694429611315 0.3173562612163848 119
1694429611331 0.24630459769371926 120
1694429611348 0.31773257397364935 121
1694429611365 0.354574916446821 122
1694429611381 0.21214862643603574 123
1694429611402 0.23508583498249117 124
1694429611422 0.25185414608301165 125
1694429611440 0.29166840912129727 126
1694429611460 0.27637665673211426 127
1694429611477 0.24340011896523603 128
1694429611495 0.14192912719072362 129
1694429611512 0.2232358256780594 130
1694429611528 0.21984002939440792 131
1694429611545 0.3643701431241987 132
1694429611561 0.2614418457935298 133
1694429611578 0.29085214471795534 134
1694429611596 0.27360796289958716 135
1694429611612 0.3070542407431603 136
1694429611630 0.25103551682507275 137
1694429611648 0.27599095671138724 138
1694429611665 0.2382589437903269 139
1694429611682 0.3283904208374315 140
1694429611698 0.3414829332869655 141
1694429611715 0.22816759412228702 142
1694429611732 0.26434637114534304 143
1694429611748 0.38784455896035597 144
1694429611764 0.3619892425425854 145
1694429611781 0.43485127289001524 146
1694429611798 0.40984033769320033 147
1694429611815 0.4801973302326853 148
1694429611832 0.21784103310880326 149
1694429611847 0.37716759623137663 150
1694429611864 0.18213460236324555 151
1694429611880 0.3713072372354181 152
1694429611897 0.24735914919382712 153
1694429611914 0.27845288762665493 154
1694429611930 0.22743334598784698 155
1694429611946 0.33333433785097044 156
1694429611963 0.37438988318290445 157
1694429611980 0.24437194302470866 158
1694429611997 0.3573233830023733 159
1694429612013 0.401328521175534 160
1694429612028 0.30787278828792675 161
1694429612044 0.33132908695559926 162
1694429612060 0.40099317295615705 163
1694429612076 0.38659744183448064 164
1694429612094 0.4060826395429484 165
1694429612111 0.2251427379821775 166
1694429612128 0.36602111835584283 167
1694429612144 0.3733120648202527 168
1694429612161 0.29037201935504225 169
1694429612177 0.275089295443665 170
1694429612194 0.5022910607491069 171
1694429612210 0.24154962302490487 172
1694429612226 0.2634570276670309 173
1694429612242 0.4175714746673909 174
1694429612258 0.277000737510905 175
1694429612274 0.22866581987232446 176
1694429612290 0.28575870866209463 177
1694429612308 0.19166296843906044 178
1694429612324 0.33887754923511487 179
1694429612340 0.3609784567630197 180
1694429612357 0.3672000168404666 181
1694429612373 0.16710256634482237 182
1694429612391 0.21000842345261475 183
1694429612408 0.39626446559985806 184
1694429612424 0.2914629940759776 185
1694429612441 0.2679278134422789 186
1694429612457 0.31307903009076776 187
1694429612473 0.23328872350350302 188
1694429612489 0.5278314537550406 189
1694429612507 0.223365472216042 190
1694429612523 0.4222672883342375 191
1694429612540 0.24312132362992944 192
1694429612556 0.31489449269714936 193
1694429612572 0.3097301368928801 194
1694429612589 0.31709392414105875 195
1694429612606 0.3640031622516474 196
1694429612622 0.27036324551348107 197
1694429612639 0.4420376269321023 198
1694429612656 0.29694955525517647 199
1694429612672 0.24197712234205632 200
1694429612688 0.3104651862160108 201
1694429612705 0.3383268460792311 202
1694429612721 0.306575207871726 203
1694429612737 0.28259858632213114 204
1694429612754 0.40010988018620985 205
1694429612771 0.4302753985191553 206
1694429612788 0.3444610310145406 207
1694429612805 0.2774296973750737 208
1694429612822 0.2988219002014733 209
1694429612838 0.31483343878230635 210
1694429612855 0.24384174961350255 211
1694429612871 0.3086145244244441 212
1694429612887 0.257803802624557 213
1694429612904 0.19143432049498718 214
1694429612921 0.2728570489350596 215
1694429612937 0.2647087583485302 216
1694429612953 0.18807226102072425 217
1694429612970 0.35349604902587844 218
1694429612986 0.24176655059222824 219
1694429613003 0.29373728249104325 220
1694429613020 0.2220956658618476 221
1694429613036 0.26365054225098455 222
1694429613052 0.2771869151295627 223
1694429613067 0.40625872813829955 224
1694429613083 0.31574043563844384 225
1694429613100 0.23755888402500583 226
1694429613118 0.18492709695968795 227
1694429613134 0.1752732447600104 228
1694429613150 0.2770028785296232 229
1694429613166 0.308981555973329 230
1694429613183 0.25276903880114665 231
1694429613200 0.30661368882882684 232
1694429613217 0.2922897103892485 233
1694429613233 0.3189568294742634 234
1694429613249 0.5815813167872678 235
1694429613265 0.3914309546395769 236
1694429613282 0.282603558608065 237
1694429613299 0.29238446499741494 238
1694429613316 0.3175691378754125 239
1694429613333 0.47868241125606265 240
1694429613350 0.26515609167077064 241
1694429613367 0.2908988077795038 242
1694429613383 0.2642449887729032 243
1694429613399 0.35387844778943606 244
1694429613416 0.18721083837754213 245
1694429613433 0.4054569859159964 246
1694429613450 0.2313406558341719 247
1694429613465 0.20201171492365164 248
1694429613481 0.3837027599513644 249
1694429613499 0.29783656294607186 250
1694429613515 0.1718440496781166 251
1694429613532 0.30068211361686437 252
1694429613548 0.4398171120842883 253
1694429613564 0.23965646216919453 254
1694429613580 0.20202846385181286 255
1694429613597 0.40605112800757276 256
1694429613614 0.3708704590936172 257
1694429613630 0.16592176592700067 258
1694429613646 0.19478944057250855 259
1694429613663 0.3301276737803523 260
1694429613680 0.293573748089237 261
1694429613697 0.40676162249602626 262
1694429613713 0.34090294397399273 263
1694429613729 0.3209933075244213 264
1694429613746 0.26174245061511436 265
1694429613763 0.4649076488741263 266
1694429613779 0.31012732701801193 267
1694429613795 0.35681252906475197 268
1694429613811 0.3721536068127941 269
1694429613829 0.24891057176269354 270
1694429613846 0.2753356860956026 271
1694429613862 1.28925485818098 272
1694429613879 0.2836647950227166 273
1694429613896 0.5149755527303378 274
1694429613913 0.24006845619231384 275
1694429613931 0.20679827468703116 276
1694429613953 0.21083868376208534 277
1694429613973 0.22647933731843364 278
1694429613990 0.27783750725107026 279
1694429614006 0.33904842379873046 280
1694429614023 0.24468449361388545 281
1694429614039 0.4085040908674336 282
1694429614055 0.3827997880934256 283
1694429614072 0.3718627496416082 284
1694429614088 0.3672406801815244 285
1694429614104 0.3479034130075408 286
1694429614121 0.42731250159544143 287
1694429614137 0.26860708182237686 288
1694429614154 0.2938120507270994 289
1694429614170 0.2771013245754711 290
1694429614186 0.2355868734843422 291
1694429614202 0.30287035291240155 292
1694429614219 0.1912571902529633 293
1694429614235 0.36618846426825036 294
1694429614252 0.3181127741845357 295
1694429614267 0.31899154074949354 296
1694429614283 0.2137142444407043 297
1694429614300 0.3557719881397959 298
1694429614316 0.3485356604696404 299
1694429614332 0.29719797030677364 300
1694429614349 0.23473617793449827 301
1694429614366 0.46830228260844525 302
1694429614381 0.31748499549998843 303
1694429614399 0.49081777894282974 304
1694429614415 0.2511283437234997 305
1694429614433 0.34686779404103135 306
1694429614449 0.1927277880520206 307
1694429614465 0.20408327817152072 308
1694429614483 0.26633509000191685 309
1694429614499 0.24162275629884977 310
1694429614517 0.36761620458722294 311
1694429614533 0.39087848975210265 312
1694429614549 0.2950017878768595 313
1694429614564 0.35615945630534407 314
1694429614580 0.3114445741344144 315
1694429614597 0.3064161204598391 316
1694429614615 0.3640612046894451 317
1694429614632 0.4382684015213472 318
1694429614648 0.3577279189993936 319
1694429614664 0.24651410994449852 320
1694429614681 0.35178391182156543 321
1694429614697 0.28393174591231646 322
1694429614714 0.2809412420008723 323
1694429614731 0.270880048860298 324
1694429614748 0.2275793484844817 325
1694429614764 0.25928582262150446 326
1694429614781 0.393995048876645 327
1694429614797 0.2987366059329698 328
1694429614814 0.19052916325237984 329
1694429614830 0.3426117946642268 330
1694429614846 0.40965265098151254 331
1694429614862 0.33422719677213086 332
1694429614879 0.25425626875650315 333
1694429614895 0.3018495450581694 334
1694429614913 0.21537131462692125 335
1694429614930 0.426090147572319 336
1694429614947 0.29253605319595366 337
1694429614963 0.34137193584296427 338
1694429614978 0.16642087296478666 339
1694429614995 0.2448842725488965 340
1694429615012 0.28288348974265776 341
1694429615028 0.33576852654005823 342
1694429615043 0.3663948323941029 343
1694429615060 0.235234555712129 344
1694429615076 0.3995142637758268 345
1694429615093 0.20275070110014606 346
1694429615110 0.18250156712479276 347
1694429615128 0.2774968339515633 348
1694429615146 0.2831751597815489 349
1694429615162 0.2313110551371582 350
1694429615179 0.25818431970298056 351
1694429615195 0.2945097957826685 352
1694429615211 0.31422113005042457 353
1694429615228 0.16488007276608058 354
1694429615244 0.2447336490804571 355
1694429615261 0.30129579281912244 356
1694429615277 0.29847732300852947 357
1694429615293 0.38757012643686767 358
1694429615310 0.2673833619607532 359
1694429615327 0.3912283081528802 360
1694429615343 0.27310020461443296 361
1694429615360 0.440093916369599 362
1694429615376 0.4985845752854448 363
1694429615392 0.31087928226760403 364
1694429615409 0.3873835019158654 365
1694429615425 0.42286922044766895 366
1694429615442 0.2715125422457791 367
1694429615459 0.35109090987245256 368
1694429615475 0.3111446690438804 369
1694429615492 0.21536020202430045 370
1694429615508 0.27186044524320235 371
1694429615524 0.22605630401033655 372
1694429615541 0.32281698479625726 373
1694429615559 0.36348539373910566 374
1694429615575 0.23627193663604612 375
1694429615592 0.27133750858430894 376
1694429615608 0.4356215828946043 377
1694429615624 0.2685511731022971 378
1694429615642 0.28125031518258503 379
1694429615658 0.22279329871416587 380
1694429615676 0.3387910867456555 381
1694429615692 0.24916978307060572 382
1694429615709 0.2863990890204687 383
1694429615725 0.21060775962490008 384
1694429615743 0.27832112960310174 385
1694429615759 0.33944659223888846 386
1694429615776 0.2849779436318028 387
1694429615792 0.31297291261072974 388
1694429615809 0.2653102686826764 389
1694429615825 0.28243980505187316 390
1694429615842 0.3073086646727475 391
1694429615858 0.2437197976263319 392
1694429615875 0.3386928478974435 393
1694429615891 0.644106566612441 394
1694429615908 0.32479432316004775 395
1694429615924 0.27442452025743774 396
1694429615942 0.21921640028764894 397
1694429615958 0.19758826938037993 398
1694429615975 0.2895868774100224 399
1694429615991 0.41709100007082833 400
1694429616008 0.17912563423844047 401
1694429616024 0.19178776571977083 402
1694429616041 0.3036141408087564 403
1694429616057 0.29900390076785743 404
1694429616073 0.28547387334817903 405
1694429616091 0.2650731578811768 406
1694429616107 0.29338195260903277 407
1694429616123 0.30644361663958397 408
1694429616139 0.47968699536513093 409
1694429616157 0.47584858742407066 410
1694429616172 0.5942208292365357 411
1694429616189 0.29060519213206204 412
1694429616207 0.2765172307602518 413
1694429616222 0.3452524863087314 414
1694429616239 0.2421174497882738 415
1694429616256 0.3325363044588509 416
1694429616276 0.2552236062132337 417
1694429616292 0.31127687378046265 418
1694429616309 0.3439910210595953 419
1694429616325 0.26912536924633873 420
1694429616342 0.21558665566019128 421
1694429616359 0.37559513544802653 422
1694429616376 0.376209866751127 423
1694429616393 0.24788670081014844 424
1694429616410 0.2515724407365655 425
1694429616426 0.30953266801357543 426
1694429616444 0.2474714849520586 427
1694429616460 0.5231226688205425 428
1694429616476 0.2960330179907148 429
1694429616493 0.27656060673213095 430
1694429616508 0.37982072709074544 431
1694429616525 0.2382120358461451 432
1694429616542 0.25991826688888425 433
1694429616558 0.22398133346791854 434
1694429616574 0.32208828328683176 435
1694429616591 0.48199308230718524 436
1694429616607 0.2547601140275069 437
1694429616624 0.23278625758019902 438
1694429616642 0.40664863524065786 439
1694429616658 0.24287305689241007 440
1694429616675 0.1883326353432138 441
1694429616691 0.23546665439560385 442
1694429616708 0.538374412782099 443
1694429616724 0.31391507665650353 444
1694429616741 0.2332989860770586 445
1694429616757 0.26214833880431504 446
1694429616774 0.39392291608153934 447
1694429616792 0.27470601691688057 448
1694429616808 0.32597993995268043 449
1694429616825 0.25966289875914705 450
1694429616843 0.34144302167004936 451
1694429616860 0.18726097153154111 452
1694429616877 0.1929565527639836 453
1694429616895 0.36065948045099777 454
1694429616910 0.19416819260421875 455
1694429616927 0.4563440847523811 456
1694429616945 0.1773398146752161 457
1694429616961 0.25458982915372774 458
1694429616978 0.4393189848791718 459
1694429616995 0.4566571145299898 460
1694429617012 0.28242618720816215 461
1694429617028 0.2219071525304875 462
1694429617045 0.3217209942336427 463
1694429617061 0.24589572276436353 464
1694429617077 0.3014736586441204 465
1694429617094 0.4372089416620804 466
1694429617110 0.17906879957191607 467
1694429617125 0.2558585106327821 468
1694429617143 0.3058735518307271 469
1694429617159 0.24502104064699354 470
1694429617176 0.26828106612688757 471
1694429617193 0.24079836173346422 472
1694429617208 0.18891382070012813 473
1694429617223 0.24972565151773526 474
1694429617240 0.5858788641996291 475
1694429617257 0.24111361240310156 476
1694429617275 0.5636794779745155 477
1694429617290 0.2897490052595579 478
1694429617307 0.23069873813716377 479
1694429617323 0.27442067668902614 480
1694429617339 0.2752566782921214 481
1694429617356 0.20644505111244382 482
1694429617373 0.22208189310959364 483
1694429617389 0.38166482762703147 484
1694429617405 0.2804154828138684 485
1694429617422 0.24136870832104526 486
1694429617438 0.2419514819748701 487
1694429617455 0.3205045003372197 488
1694429617472 0.25340368376002026 489
1694429617488 0.20377349230843014 490
1694429617504 0.3491060865024447 491
1694429617521 0.30663241021035637 492
1694429617538 0.301166322601497 493
1694429617554 0.30653553118733184 494
1694429617571 0.22072243821263995 495
1694429617587 0.34842524178181106 496
1694429617603 0.2173928069662577 497
1694429617620 0.4209553385501496 498
1694429617636 0.2989559288136866 499
