1694438299202 173.38173647680384 0
1694438299220 169.93221042068024 1
1694438299238 166.55137291201197 2
1694438299255 163.23785585686747 3
1694438299273 159.9903184191299 4
1694438299291 156.8074464771391 5
1694438299309 153.6879520911744 6
1694438299327 150.6305729815607 7
1694438299347 147.63407201718672 8
1694438299366 144.6972367142266 9
1694438299384 141.81887874486125 10
1694438299401 138.99783345580002 11
1694438299419 136.23295939640576 12
1694438299437 133.5231378562336 13
1694438299454 130.8672724117929 14
1694438299473 128.26428848234994 15
1694438299492 125.7131328945903 16
1694438299511 123.21277345596354 17
1694438299532 120.76219853653764 18
1694438299551 118.36041665919234 19
1694438299568 116.00645609798576 20
1694438299588 113.69936448453039 21
1694438299605 111.43820842221908 22
1694438299623 109.22207310814375 23
1694438299640 107.05006196255387 24
1694438299658 104.92129626570367 25
1694438299676 102.8349148019409 26
1694438299694 100.79007351089228 27
1694438299712 98.78594514560449 28
1694438299731 96.82171893750113 29
1694438299748 94.89660026802055 30
1694438299767 93.0098103468001 31
1694438299785 91.16058589627717 32
1694438299803 89.3481788425784 33
1694438299821 87.57185601257166 34
1694438299838 85.83089883695774 35
1694438299855 84.12460305928164 36
1694438299874 82.45227845074469 37
1694438299892 80.81324853070231 38
1694438299909 79.20685029273379 39
1694438299927 77.63243393617255 40
1694438299945 76.08936260298877 41
1694438299965 74.57701211991657 42
1694438299985 73.09477074572196 43
1694438300004 71.6420389235086 44
1694438300023 70.21822903796085 45
1694438300045 68.82276517742582 46
1694438300064 67.4550829007377 47
1694438300082 66.11462900868982 48
1694438300099 64.80086132006191 49
1694438300117 63.513248452111355 50
1694438300134 62.25126960543971 51
1694438300153 61.01441435314706 52
1694438300171 59.80218243418874 53
1694438300190 58.614083550850594 54
1694438300207 57.44963717026068 55
1694438300224 56.30837232985675 56
1694438300242 55.189827446730874 57
1694438300260 54.0935501307737 58
1694438300279 53.019097001542576 59
1694438300296 51.96603350877939 60
1694438300314 50.93393375650529 61
1694438300332 49.92238033062085 62
1694438300352 48.930964129942026 63
1694438300371 47.95928420060307 64
1694438300390 47.00694757375961 65
1694438300408 46.07356910652578 66
1694438300425 45.1587713260812 67
1694438300443 44.26218427688431 68
1694438300461 43.383445370930424 69
1694438300479 42.5221992409935 70
1694438300497 41.67809759679242 71
1694438300515 40.85079908402327 72
1694438300534 40.03996914620059 73
1694438300551 39.24527988925149 74
1694438300569 38.46640994880788 75
1694438300587 37.703044360142975 76
1694438300605 36.95487443069929 77
1694438300623 36.22159761515654 78
1694438300643 35.502917392988806 79
1694438300661 34.79854314846135 80
1694438300680 34.108190053018355 81
1694438300700 33.4315789500141 82
1694438300718 32.7684362417407 83
1694438300736 32.11849377870669 84
1694438300753 31.481488751121642 85
1694438300770 30.857163582542725 86
1694438300789 30.245265825640256 87
1694438300806 29.64554806003986 88
1694438300828 29.057767792199982 89
1694438300846 28.481687357284056 90
1694438300864 27.91707382298776 91
1694438300882 27.363698895282123 92
1694438300901 26.821338826034548 93
1694438300919 26.2897743224702 94
1694438300936 25.768790458437117 95
1694438300953 25.25817658743905 96
1694438300971 24.757726257400854 97
1694438300989 24.267237127131907 98
1694438301007 23.786510884453666 99
1694438301025 23.31535316595822 100
1694438301043 22.85357347836532 101
1694438301061 22.400985121446144 102
1694438301080 21.957405112482352 103
1694438301097 21.52265411223005 104
1694438301115 21.096556352358572 105
1694438301132 20.678939564334662 106
1694438301149 20.269634909723372 107
1694438301168 19.868476911877295 108
1694438301185 19.47530338898661 109
1694438301206 19.0899553884627 110
1694438301225 18.71227712262885 111
1694438301243 18.34211590569201 112
1694438301260 17.979322091969863 113
1694438301278 17.623749015348626 114
1694438301296 17.275252929946564 115
1694438301315 16.933692951959557 116
1694438301333 16.598931002664994 117
1694438301350 16.270831752560962 118
1694438301369 15.949262566618104 119
1694438301387 15.634093450621986 120
1694438301405 15.325196998584222 121
1694438301422 15.022448341201116 122
1694438301439 14.72572509533882 123
1694438301458 14.434907314524766 124
1694438301476 14.149877440425087 125
1694438301494 13.870520255288616 126
1694438301513 13.596722835337978 127
1694438301530 13.328374505089107 128
1694438301548 13.06536679258051 129
1694438301566 12.807593385494343 130
1694438301583 12.554950088151356 131
1694438301601 12.30733477936241 132
1694438301618 12.064647371119449 133
1694438301636 11.826789768109224 134
1694438301654 11.593665828033359 135
1694438301673 11.365181322718735 136
1694438301691 11.141243900002419 137
1694438301708 10.921763046375654 138
1694438301727 10.70665005037192 139
1694438301746 10.495817966684129 140
1694438301763 10.289181580996441 141
1694438301780 10.086657375516559 142
1694438301798 9.88816349519441 143
1694438301817 9.69361971461366 144
1694438301834 9.50294740554257 145
1694438301853 9.31606950513111 146
1694438301872 9.132910484741483 147
1694438301892 8.953396319399308 148
1694438301910 8.777454457853304 149
1694438301928 8.605013793231173 150
1694438301945 8.436004634279884 151
1694438301963 8.270358677178718 152
1694438301981 8.10800897791366 153
1694438301999 7.948889925201952 154
1694438302018 7.792937213955816 155
1694438302035 7.640087819274679 156
1694438302052 7.490279970955307 157
1694438302069 7.343453128509577 158
1694438302087 7.19954795667973 159
1694438302106 7.058506301441231 160
1694438302124 6.92027116648354 161
1694438302142 6.784786690159186 162
1694438302160 6.651998122891945 163
1694438302178 6.521851805034879 164
1694438302196 6.394295145169318 165
1694438302213 6.26927659883595 166
1694438302231 6.146745647689529 167
1694438302249 6.02665277906863 168
1694438302267 5.9089494659722615 169
1694438302284 5.793588147435208 170
1694438302303 5.680522209294184 171
1694438302320 5.569705965336964 172
1694438302338 5.461094638826935 173
1694438302356 5.354644344395512 174
1694438302374 5.250312070295169 175
1694438302393 5.14805566100582 176
1694438302410 5.047833800187608 177
1694438302429 4.949605993973119 178
1694438302448 4.853332554592296 179
1694438302467 4.758974584323437 180
1694438302484 4.66649395976378 181
1694438302503 4.575853316413252 182
1694438302520 4.487016033565253 183
1694438302538 4.399946219498254 184
1694438302556 4.314608696962303 185
1694438302573 4.230968988954482 186
1694438302591 4.148993304777644 187
1694438302610 4.068648526376749 188
1694438302628 3.989902194947225 189
1694438302646 3.9127224978100354 190
1694438302663 3.8370782555480694 191
1694438302682 3.762938909398645 192
1694438302700 3.6902745088970947 193
1694438302718 3.619055699766359 194
1694438302735 3.5492537120477015 195
1694438302753 3.4808403484678037 196
1694438302771 3.4137879730374565 197
1694438302789 3.3480694998772558 198
1694438302808 3.2836583822658363 199
1694438302826 3.2205286019061257 200
1694438302844 3.1586546584053514 201
1694438302862 3.098011558964475 202
1694438302880 3.0385748082729642 203
1694438302897 2.9803203986047415 204
1694438302915 2.9232248001113255 205
1694438302933 2.867264951308275 206
1694438302950 2.8124182497510195 207
1694438302968 2.7586625428963685 208
1694438302986 2.705976119145948 209
1694438303004 2.6543376990680008 210
1694438303022 2.603726426793924 211
1694438303041 2.554121861586143 212
1694438303060 2.505503969573841 213
1694438303079 2.4578531156532524 214
1694438303097 2.411150055549226 215
1694438303115 2.3653759280348163 216
1694438303133 2.3205122473058273 217
1694438303152 2.2765408955071282 218
1694438303169 2.2334441154078117 219
1694438303186 2.1912045032221794 220
1694438303204 2.1498050015736316 221
1694438303222 2.1092288925987024 222
1694438303240 2.069459791188323 223
1694438303257 2.0304816383637028 224
1694438303275 1.9922786947840667 225
1694438303293 1.9548355343836714 226
1694438303311 1.918137038135472 227
1694438303329 1.8821683879389912 228
1694438303348 1.8469150606298397 229
1694438303365 1.8123628221085284 230
1694438303383 1.7784977215861693 231
1694438303401 1.7453060859447243 232
1694438303419 1.7127745142095443 233
1694438303437 1.6808898721319718 234
1694438303455 1.6496392868797682 235
1694438303473 1.6190101418332707 236
1694438303491 1.588990071485145 237
1694438303510 1.559566956441682 238
1694438303528 1.53072891852361 239
1694438303546 1.5024643159644337 240
1694438303563 1.4747617387043959 241
1694438303581 1.4476100037780908 242
1694438303599 1.4209981507939395 243
1694438303618 1.3949154375036408 244
1694438303637 1.3693513354598323 245
1694438303656 1.3442955257602087 246
1694438303675 1.3197378948763572 247
1694438303693 1.2956685305656335 248
1694438303711 1.2720777178644351 249
1694438303729 1.2489559351612314 250
1694438303747 1.2262938503477823 251
1694438303765 1.2040823170469637 252
1694438303783 1.1823123709157042 253
1694438303800 1.1609752260215236 254
1694438303819 1.1400622712911832 255
1694438303836 1.1195650670300725 256
1694438303854 1.0994753415108571 257
1694438303873 1.079784987630052 258
1694438303889 1.0604860596311534 259
1694438303909 1.0415707698930101 260
1694438303926 1.0230314857821121 261
1694438303944 1.0048607265675706 262
1694438303961 0.9870511603974911 263
1694438303979 0.9695956013355482 264
1694438303998 0.9524870064565514 265
1694438304016 0.9357184729998314 266
1694438304035 0.9192832355793009 267
1694438304053 0.9031746634490411 268
1694438304071 0.8873862578233366 269
1694438304089 0.8719116492500595 270
1694438304106 0.8567445950363256 271
1694438304124 0.8418789767254254 272
1694438304142 0.8273087976239558 273
1694438304160 0.8130281803781949 274
1694438304178 0.79903136459872 275
1694438304195 0.7853127045323066 276
1694438304214 0.7718666667801822 277
1694438304231 0.7586878280616934 278
1694438304249 0.7457708730224976 279
1694438304269 0.7331105920863793 280
1694438304287 0.7207018793498297 281
1694438304305 0.7085397305185611 282
1694438304323 0.6966192408850517 283
1694438304341 0.6849356033464 284
1694438304360 0.6734841064615974 285
1694438304377 0.6622601325475012 286
1694438304394 0.6512591558126923 287
1694438304412 0.6404767405284928 288
1694438304431 0.6299085392363809 289
1694438304448 0.6195502909910942 290
1694438304467 0.6093978196387114 291
1694438304485 0.5994470321290011 292
1694438304502 0.5896939168613698 293
1694438304521 0.580134542063738 294
1694438304538 0.5707650542036842 295
1694438304556 0.561581676431209 296
1694438304573 0.5525807070525112 297
1694438304591 0.5437585180341334 298
1694438304609 0.5351115535368909 299
1694438304627 0.5266363284789789 300
1694438304644 0.5183294271276847 301
1694438304663 0.5101875017191292 302
1694438304680 0.5022072711054908 303
1694438304697 0.49438551942914666 304
1694438304715 0.4867190948232175 305
1694438304734 0.47920490813796607 306
1694438304752 0.4718399316925601 307
1694438304769 0.46462119805166685 308
1694438304786 0.4575457988264185 309
1694438304804 0.4506108834992252 310
1694438304822 0.443813658271997 311
1694438304839 0.43715138493727856 312
1694438304858 0.4306213797718674 313
1694438304876 0.424221012452439 314
1694438304895 0.41794770499277617 315
1694438304913 0.4117989307021296 316
1694438304931 0.40577221316433526 317
1694438304949 0.3998651252372342 318
1694438304966 0.3940752880720194 319
1694438304983 0.3884003701520975 320
1694438305001 0.38283808635108507 321
1694438305019 0.377386197009555 322
1694438305036 0.3720425070301494 323
1694438305054 0.36680486499072423 324
1694438305071 0.36167116227513046 325
1694438305089 0.3566393322212965 326
1694438305106 0.3517073492862824 327
1694438305124 0.3468732282279333 328
1694438305142 0.34213502330283635 329
1694438305161 0.337490827480238 330
1694438305179 0.3329387716716039 331
1694438305197 0.32847702397551726 332
1694438305216 0.324103788937607 333
1694438305234 0.3198173068252049 334
1694438305252 0.3156158529164398 335
1694438305269 0.31149773680348497 336
1694438305287 0.30746130170967245 337
1694438305305 0.30350492382019517 338
1694438305325 0.2996270116261352 339
1694438305343 0.2958260052815468 340
1694438305361 0.2921003759733414 341
1694438305378 0.28844862530370063 342
1694438305395 0.28486928468480044 343
1694438305412 0.28136091474556435 344
1694438305430 0.27792210475023743 345
1694438305447 0.2745514720285271 346
1694438305465 0.27124766141708556 347
1694438305482 0.26800934471211224 348
1694438305501 0.2648352201328456 349
1694438305518 0.26172401179574495 350
1694438305535 0.25867446919912285 351
1694438305553 0.25568536671804376 352
1694438305570 0.2527555031092748 353
1694438305588 0.24988370102609186 354
1694438305605 0.24706880654273763 355
1694438305623 0.24430968868834607 356
1694438305640 0.24160523899014402 357
1694438305657 0.23895437102574685 358
1694438305674 0.23635601998435976 359
1694438305691 0.2338091422367183 360
1694438305709 0.23131271491358193 361
1694438305727 0.2288657354926218 362
1694438305744 0.22646722139352926 363
1694438305763 0.22411620958118014 364
1694438305781 0.22181175617670534 365
1694438305798 0.21955293607628962 366
1694438305816 0.21733884257756847 367
1694438305834 0.21516858701345504 368
1694438305852 0.2130412983932554 369
1694438305869 0.21095612305093084 370
1694438305888 0.20891222430035097 371
1694438305905 0.20690878209742133 372
1694438305923 0.2049449927089229 373
1694438305940 0.20302006838795184 374
1694438305957 0.2011332370558125 375
1694438305973 0.19928374199024385 376
1694438305991 0.19747084151985356 377
1694438306009 0.19569380872462896 378
1694438306027 0.1939519311424107 379
1694438306044 0.19224451048120894 380
1694438306062 0.19057086233724127 381
1694438306080 0.18893031591858964 382
1694438306100 0.18732221377434813 383
1694438306118 0.1857459115291699 384
1694438306136 0.18420077762308637 385
1694438306153 0.18268619305651793 386
1694438306170 0.18120155114034808 387
1694438306188 0.1797462572509778 388
1694438306205 0.17831972859025094 389
1694438306222 0.17692139395016196 390
1694438306241 0.1755506934822399 391
1694438306258 0.17420707847152936 392
1694438306275 0.17289001111506447 393
1694438306292 0.17159896430475338 394
1694438306309 0.17033342141458196 395
1694438306327 0.1690928760920568 396
1694438306345 0.1678768320537928 397
1694438306363 0.16668480288517398 398
1694438306380 0.16551631184399743 399
1694438306398 0.16437089166802754 400
1694438306415 0.16324808438637897 401
1694438306432 0.16214744113465437 402
1694438306449 0.16106852197375862 403
1694438306467 0.16001089571232158 404
1694438306484 0.15897413973265365 405
1694438306502 0.15795783982016337 406
1694438306519 0.15696158999617374 407
1694438306538 0.15598499235406182 408
1694438306556 0.15502765689866074 409
1694438306573 0.15408920138885696 410
1694438306590 0.15316925118332206 411
1694438306608 0.1522674390893118 412
1694438306626 0.15138340521447582 413
1694438306644 0.15051679682161645 414
1694438306664 0.14966726818633644 415
1694438306682 0.14883448045752046 416
1694438306701 0.1480181015205949 417
1694438306718 0.14721780586350375 418
1694438306735 0.14643327444535909 419
1694438306751 0.14566419456769755 420
1694438306769 0.1449102597483041 421
1694438306786 0.14417116959754425 422
1694438306804 0.14344662969715807 423
1694438306822 0.14273635148146752 424
1694438306840 0.14204005212094523 425
1694438306857 0.14135745440810138 426
1694438306874 0.14068828664564054 427
1694438306892 0.14003228253684719 428
1694438306909 0.13938918107814782 429
1694438306925 0.13875872645381576 430
1694438306944 0.1381406679327673 431
1694438306962 0.1375347597674133 432
1694438306978 0.13694076109452594 433
1694438306995 0.13635843583807186 434
1694438307012 0.13578755261398517 435
1694438307029 0.1352278846368333 436
1694438307047 0.1346792096283383 437
1694438307065 0.1341413097277203 438
1694438307082 0.1336139714038248 439
1694438307100 0.13309698536900005 440
1694438307117 0.13259014649468312 441
1694438307135 0.1320932537286711 442
1694438307153 0.1316061100140369 443
1694438307170 0.13112852220965726 444
1694438307188 0.13066030101232343 445
1694438307206 0.13020126088039985 446
1694438307223 0.12975121995900596 447
1694438307239 0.1293100000066817 448
1694438307259 0.1288774263235156 449
1694438307277 0.12845332768070264 450
1694438307294 0.12803753625150185 451
1694438307311 0.12762988754357069 452
1694438307329 0.12723022033264259 453
1694438307347 0.12683837659752673 454
1694438307364 0.12645420145640007 455
1694438307381 0.12607754310436728 456
1694438307398 0.125708252752263 457
1694438307415 0.12534618456667176 458
1694438307433 0.12499119561114111 459
1694438307451 0.1246431457885652 460
1694438307468 0.12430189778471386 461
1694438307485 0.12396731701288652 462
1694438307503 0.12363927155966571 463
1694438307519 0.12331763213175093 464
1694438307538 0.12300227200385178 465
1694438307556 0.12269306696761403 466
1694438307573 0.12238989528156523 467
1694438307592 0.122092637622056 468
1694438307608 0.12180117703517516 469
1694438307627 0.1215153988896249 470
1694438307645 0.1212351908305296 471
1694438307662 0.12096044273416762 472
1694438307681 0.12069104666360175 473
1694438307699 0.12042689682519121 474
1694438307716 0.12016788952597242 475
1694438307733 0.11991392313188447 476
1694438307751 0.11966489802682712 477
1694438307768 0.11942071657253411 478
1694438307786 0.11918128306924246 479
1694438307805 0.11894650371714667 480
1694438307822 0.11871628657861963 481
1694438307840 0.11849054154118314 482
1694438307858 0.11826918028121679 483
1694438307877 0.11805211622838921 484
1694438307896 0.11783926453079556 485
1694438307913 0.11763054202079049 486
1694438307930 0.11742586718149797 487
1694438307947 0.11722516011399119 488
1694438307965 0.1170283425051218 489
1694438307982 0.11683533759599168 490
1694438308000 0.1166460701510508 491
1694438308017 0.11646046642781036 492
1694438308034 0.11627845414715798 493
1694438308052 0.11609996246426413 494
1694438308069 0.1159249219400667 495
1694438308087 0.11575326451332256 496
1694438308104 0.11558492347321687 497
1694438308121 0.11541983343251558 498
1694438308139 0.11525793030125255 499
