1694427752259 155.97573075785908 0
1694427752279 167.9231847730974 1
1694427752299 160.49896094674503 2
1694427752317 172.32314304928667 3
1694427752336 170.75876374096015 4
1694427752356 168.8397402906078 5
1694427752376 163.240775505871 6
1694427752398 172.54950629218362 7
1694427752420 167.26627032623264 8
1694427752438 172.89855565362043 9
1694427752457 173.2608083309063 10
1694427752478 168.49957386466698 11
1694427752498 163.6806877590461 12
1694427752517 164.57263831107872 13
1694427752536 164.19081855193457 14
1694427752555 166.69208301243066 15
1694427752575 169.68409583991607 16
1694427752594 173.21976986461962 17
1694427752612 166.39582528386697 18
1694427752630 168.40076221053133 19
1694427752649 170.20982627973575 20
1694427752666 163.2905020408214 21
1694427752686 172.56387611187964 22
1694427752706 170.58178458398376 23
1694427752726 167.99503567414436 24
1694427752747 171.70949078849046 25
1694427752766 169.8099348295259 26
1694427752787 167.83438037360503 27
1694427752807 170.4323957567421 28
1694427752826 170.00626434542457 29
1694427752846 165.53446195772227 30
1694427752867 168.97627034498984 31
1694427752887 171.07872342708288 32
1694427752907 167.07247748593537 33
1694427752927 163.19948848189114 34
1694427752947 169.28558204078226 35
1694427752969 167.4757478101487 36
1694427752989 171.45300689045717 37
1694427753008 167.79650196524474 38
1694427753026 165.80074776363966 39
1694427753046 167.73560103837676 40
1694427753064 166.3402523212146 41
1694427753083 170.51462284984024 42
1694427753101 169.16232113747193 43
1694427753117 168.67982274445347 44
1694427753133 166.7926054918295 45
1694427753149 169.2470502685047 46
1694427753167 168.4131121000389 47
1694427753189 168.60456706957288 48
1694427753209 164.8749582592634 49
1694427753230 170.89889178755786 50
1694427753251 173.49601329230865 51
1694427753270 167.315625928387 52
1694427753292 167.14319938880823 53
1694427753312 168.08527304361266 54
1694427753332 168.19079373649726 55
1694427753348 174.98753707236042 56
1694427753371 172.20524671013285 57
1694427753389 166.90918543505768 58
1694427753409 170.93066758878993 59
1694427753430 163.50683253221715 60
1694427753449 166.77034636890176 61
1694427753471 171.5668745972589 62
1694427753488 168.96020988620677 63
1694427753507 167.03651282299373 64
1694427753529 166.10198142454166 65
1694427753546 172.41052013039024 66
1694427753565 168.43073812890378 67
1694427753585 170.43782199707366 68
1694427753603 168.86717637020703 69
1694427753620 171.7228604568818 70
1694427753638 166.8062368211171 71
1694427753660 169.47661187249454 72
1694427753681 171.66019223341044 73
1694427753702 165.74284476927753 74
1694427753720 164.22050770427725 75
1694427753738 169.07446579466577 76
1694427753756 167.6422832928573 77
1694427753773 166.58625589944214 78
1694427753793 170.2712208503158 79
1694427753813 170.01945765886578 80
1694427753831 167.1225860499953 81
1694427753852 169.65105519348884 82
1694427753870 168.4516750291222 83
1694427753893 167.25859473149202 84
1694427753912 170.09410189047597 85
1694427753929 174.96367889648977 86
1694427753947 166.06042535300034 87
1694427753971 169.42290672045348 88
1694427753991 171.50808343549608 89
1694427754010 168.7330878190691 90
1694427754032 168.63593398035215 91
1694427754054 166.6405995505565 92
1694427754076 166.19606425576467 93
1694427754100 165.66476642988965 94
1694427754122 170.21147110508375 95
1694427754141 167.02031112985165 96
1694427754160 170.41521094126713 97
1694427754183 166.50228954237951 98
1694427754206 169.03873477900243 99
1694427754228 167.3923296045736 100
1694427754248 166.38074194872152 101
1694427754267 170.91405278900515 102
1694427754290 165.91258721181612 103
1694427754308 167.3996594812758 104
1694427754328 168.5122797362147 105
1694427754344 170.49880057664464 106
1694427754362 168.49322309281203 107
1694427754380 166.54057670483297 108
1694427754400 168.42479623422773 109
1694427754423 168.41355108863226 110
1694427754443 164.87001538417059 111
1694427754464 169.8462093857322 112
1694427754486 169.52220139239074 113
1694427754504 164.78156156468913 114
1694427754528 169.20797851160532 115
1694427754550 168.02760702596493 116
1694427754568 174.4257398090197 117
1694427754587 173.2415111355597 118
1694427754604 170.6433130586025 119
1694427754623 167.75355132428078 120
1694427754641 168.32115140986144 121
1694427754661 169.86041678587432 122
1694427754680 165.51287690217396 123
1694427754698 167.21338191277377 124
1694427754719 170.7643411714357 125
1694427754738 169.3754062213699 126
1694427754755 169.08884884497505 127
1694427754771 174.3623167520365 128
1694427754789 161.76796092645085 129
1694427754812 168.71163040525397 130
1694427754834 169.84063822496165 131
1694427754858 170.07236699307492 132
1694427754879 168.77600252365627 133
1694427754902 169.6079396613566 134
1694427754921 170.4806881325598 135
1694427754943 168.48563962013947 136
1694427754965 169.12142191739227 137
1694427754985 167.53413010597086 138
1694427755002 169.9662933510058 139
1694427755021 173.0545446674396 140
1694427755043 171.83635648234238 141
1694427755066 168.82530657675312 142
1694427755087 168.03977789629843 143
1694427755106 164.7883250846349 144
1694427755126 163.85701333404774 145
1694427755146 166.72420648275474 146
1694427755166 169.9937387146859 147
1694427755185 169.84731974002716 148
1694427755203 167.2252285909199 149
1694427755220 167.2630832094986 150
1694427755240 170.46202737946214 151
1694427755262 166.41407901153784 152
1694427755283 164.0042984715478 153
1694427755301 170.15326940916592 154
1694427755326 169.29556617824898 155
1694427755350 168.33771899679405 156
1694427755371 168.77072745125278 157
1694427755393 168.69742342755245 158
1694427755411 172.24035106336143 159
1694427755430 166.87483440980265 160
1694427755448 164.51785375190988 161
1694427755465 164.62892651381594 162
1694427755485 165.21588398077802 163
1694427755507 171.67777136799901 164
1694427755528 167.27114656956192 165
1694427755549 165.62310429492945 166
1694427755565 167.99965228454715 167
1694427755582 169.85958230350656 168
1694427755605 168.78193145836568 169
1694427755623 165.29992452194227 170
1694427755641 165.74589945440457 171
1694427755658 165.5305919686295 172
1694427755675 168.47713771569508 173
1694427755695 167.82361955286018 174
1694427755712 168.87504379472918 175
1694427755730 170.31838541109002 176
1694427755746 170.43874334109248 177
1694427755765 169.7194117657225 178
1694427755788 171.15593268679928 179
1694427755808 164.6366175109747 180
1694427755827 168.32035857851997 181
1694427755849 165.40115713402102 182
1694427755871 169.40740396447697 183
1694427755896 167.42905374505935 184
1694427755913 170.60364184820338 185
1694427755932 168.75934249294093 186
1694427755954 167.8657143537424 187
1694427755977 164.23240406922216 188
1694427755996 163.59644936518785 189
1694427756017 165.86590762284627 190
1694427756037 172.44512836194485 191
1694427756057 169.56210556483185 192
1694427756075 174.28718275704122 193
1694427756095 166.2724929706055 194
1694427756115 167.88859828003916 195
1694427756134 166.08193367524936 196
1694427756157 168.99248973767104 197
1694427756177 172.17599841455632 198
1694427756200 166.9243344129412 199
1694427756223 166.6223413250987 200
1694427756245 166.42289611718053 201
1694427756262 166.01845881768077 202
1694427756280 170.98320614448622 203
1694427756300 171.0341871764792 204
1694427756317 166.24279604861172 205
1694427756336 168.86518103440542 206
1694427756354 172.1702045853006 207
1694427756370 167.44771376664977 208
1694427756392 166.62838233269048 209
1694427756409 168.5945085605775 210
1694427756430 165.21029383367414 211
1694427756449 171.98552974967205 212
1694427756468 167.43788653008272 213
1694427756487 171.7621209865717 214
1694427756509 170.3061647872248 215
1694427756532 164.81868286163393 216
1694427756554 166.42493019424754 217
1694427756572 170.1229178053621 218
1694427756596 170.12691404590257 219
1694427756620 168.64756797554588 220
1694427756644 168.3600952480608 221
1694427756663 168.56645038653423 222
1694427756682 168.6230969276137 223
1694427756701 168.23150256383317 224
1694427756719 167.1885764587444 225
1694427756741 172.0107309885253 226
1694427756763 171.7540262024416 227
1694427756783 158.17985750149504 228
1694427756803 169.20424376807227 229
1694427756822 166.0039941868933 230
1694427756846 164.68393849166642 231
1694427756864 167.335420203346 232
1694427756885 169.26065556283623 233
1694427756902 170.5399880773339 234
1694427756919 164.9779994126545 235
1694427756940 167.50435167340285 236
1694427756962 161.97812619710768 237
1694427756981 169.547501158014 238
1694427757005 169.91088018175535 239
1694427757023 167.59018814136365 240
1694427757047 169.24230045667943 241
1694427757065 167.4265928224946 242
1694427757084 168.04928140922624 243
1694427757102 164.13189020916545 244
1694427757120 167.0334842738493 245
1694427757142 165.04171216047328 246
1694427757159 169.89114898669382 247
1694427757180 169.2111439406776 248
1694427757197 173.45192229928722 249
1694427757220 164.70762272030757 250
1694427757244 163.92250420926635 251
1694427757268 167.69446760492409 252
1694427757291 168.60458238698212 253
1694427757312 166.7397693168494 254
1694427757330 168.17862123843202 255
1694427757350 168.89840901903224 256
1694427757368 167.145204579843 257
1694427757388 170.64819876289488 258
1694427757409 164.89095907437533 259
1694427757426 173.7680510287229 260
1694427757446 164.35991176331567 261
1694427757469 166.4151489315455 262
1694427757492 167.4269030743283 263
1694427757510 166.71507490999187 264
1694427757528 168.4661246380716 265
1694427757548 170.33582126190484 266
1694427757570 170.5454034247255 267
1694427757589 168.70320895905252 268
1694427757608 165.86698463648008 269
1694427757625 170.081614938606 270
1694427757649 168.85550326804432 271
1694427757669 167.9074848878383 272
1694427757690 169.9477992872309 273
1694427757710 167.90508725946762 274
1694427757729 168.87772043134393 275
1694427757747 165.86390720135907 276
1694427757767 167.9688752359447 277
1694427757785 166.6816791174711 278
1694427757805 170.10343183388974 279
1694427757826 169.27691109457038 280
1694427757847 165.60497994612868 281
1694427757870 169.41732418590254 282
1694427757888 168.62262833509448 283
1694427757908 168.87281979952363 284
1694427757931 170.87265250169594 285
1694427757949 170.15961213807756 286
1694427757967 165.07901558107145 287
1694427757987 166.86177602284326 288
1694427758010 169.82786839057886 289
1694427758030 166.46037100238885 290
1694427758046 170.0335331182569 291
1694427758060 166.65814112493527 292
1694427758075 168.25713068181335 293
1694427758091 170.6984193639687 294
1694427758105 165.00060975363576 295
1694427758121 169.47057722990922 296
1694427758136 166.83804341682352 297
1694427758156 166.00995726264946 298
1694427758169 168.54960784837863 299
1694427758185 170.28748608017068 300
1694427758201 165.84304664594046 301
1694427758216 172.60446591820187 302
1694427758232 162.31210947248516 303
1694427758247 168.30008312747626 304
1694427758262 171.39533283039302 305
1694427758277 165.15201916957366 306
1694427758292 164.82843942855374 307
1694427758307 167.20843998640476 308
1694427758322 164.821980575725 309
1694427758338 170.0706826826942 310
1694427758352 171.23290000235804 311
1694427758367 169.03930559912004 312
1694427758384 165.22767998629328 313
1694427758398 163.29598682535735 314
1694427758415 171.55673485404026 315
1694427758431 169.07598946319143 316
1694427758466 166.85059459220005 317
1694427758488 170.12287063430838 318
1694427758508 165.58204395169906 319
1694427758524 170.26576113029472 320
1694427758540 171.4415111420946 321
1694427758556 166.7256807816162 322
1694427758571 169.50906222098075 323
1694427758586 169.64343914800912 324
1694427758601 172.8212182969712 325
1694427758616 170.20072997104117 326
1694427758632 171.06088009840224 327
1694427758648 168.59843145721308 328
1694427758664 167.2323147689127 329
1694427758680 172.31157073925195 330
1694427758695 168.57454792886693 331
1694427758711 168.7652581080499 332
1694427758726 171.1405048289389 333
1694427758742 172.30367182543188 334
1694427758757 166.42432572620925 335
1694427758772 171.5860128362518 336
1694427758787 167.00932242057078 337
1694427758802 169.0937323721208 338
1694427758817 171.08362049360326 339
1694427758832 171.19338776828027 340
1694427758847 167.9636335306704 341
1694427758862 167.0192377154901 342
1694427758878 170.1816293866751 343
1694427758893 169.2255155900819 344
1694427758908 169.9324384291749 345
1694427758927 163.10236310735985 346
1694427758944 166.48314596818096 347
1694427758964 167.14352558540529 348
1694427758982 170.4887382263049 349
1694427759000 168.73658318190388 350
1694427759025 170.78709613901682 351
1694427759052 166.19850358594482 352
1694427759077 171.6463739993395 353
1694427759104 172.58164119047115 354
1694427759131 168.31745923510977 355
1694427759153 167.29837213732267 356
1694427759176 169.8804001272931 357
1694427759198 172.53238367308637 358
1694427759219 166.82917866378332 359
1694427759241 168.275547202392 360
1694427759262 163.922163087731 361
1694427759286 168.17126906281814 362
1694427759309 167.87051135770773 363
1694427759331 168.77530295960426 364
1694427759353 165.3793826482257 365
1694427759374 168.15415877624923 366
1694427759393 172.08464615630876 367
1694427759411 171.66156854285654 368
1694427759432 169.3295818461388 369
1694427759452 170.02266890821576 370
1694427759474 170.8754980925556 371
1694427759498 166.7562123778643 372
1694427759516 168.3282257152152 373
1694427759537 169.60792854085784 374
1694427759559 168.4257449530053 375
1694427759578 166.86629197871272 376
1694427759596 166.55063731477122 377
1694427759619 164.9069327988997 378
1694427759645 167.88422861854042 379
1694427759668 172.76377038938662 380
1694427759697 166.79708210747958 381
1694427759722 166.47405444884924 382
1694427759750 170.94738381223485 383
1694427759778 173.07332148618838 384
1694427759807 170.1017359114948 385
1694427759828 167.90151995995868 386
1694427759852 168.68203939440215 387
1694427759870 163.23611527658744 388
1694427759889 169.47095996352635 389
1694427759907 165.77533947710694 390
1694427759926 164.46501468419038 391
1694427759951 169.84780399165834 392
1694427759978 167.00086928754055 393
1694427760007 165.62635896488487 394
1694427760035 168.0268648680419 395
1694427760053 167.40190844285692 396
1694427760072 167.32009089467252 397
1694427760093 165.4707214248173 398
1694427760116 173.54019695203735 399
1694427760141 172.43720394852062 400
1694427760160 170.6461429872139 401
1694427760179 164.96934561914617 402
1694427760197 167.23939553683795 403
1694427760216 172.81291067226303 404
1694427760234 166.21795901685684 405
1694427760257 169.27722966093432 406
1694427760285 166.07372308295677 407
1694427760309 169.1633129051726 408
1694427760331 164.27632676364854 409
1694427760356 167.72599303775172 410
1694427760381 165.7272978293892 411
1694427760403 168.46135512577948 412
1694427760426 166.11044123447166 413
1694427760455 173.0977621021238 414
1694427760482 169.28777881945874 415
1694427760505 167.9398594525928 416
1694427760530 168.43139034814246 417
1694427760555 165.47128009353557 418
1694427760579 166.36269786200333 419
1694427760603 167.3184778140921 420
1694427760630 165.01159711150967 421
1694427760652 173.2153167413455 422
1694427760675 168.594976616613 423
1694427760696 165.3569248042547 424
1694427760720 167.07183419135666 425
1694427760739 167.89407520269563 426
1694427760762 170.1066879048755 427
1694427760785 165.57942956488228 428
1694427760808 164.11678691109236 429
1694427760829 167.70242946384002 430
1694427760849 171.216822793793 431
1694427760870 165.13533243780316 432
1694427760889 167.21557545145703 433
1694427760909 170.22997190092613 434
1694427760928 172.40134184516322 435
1694427760951 170.06865332785037 436
1694427760971 166.8078642095217 437
1694427760993 160.938331812074 438
1694427761012 171.9828877088571 439
1694427761030 167.35852762076178 440
1694427761049 168.97582459588187 441
1694427761068 170.18342512637733 442
1694427761090 169.16090239709428 443
1694427761110 171.57383676737817 444
1694427761130 167.4118897873627 445
1694427761152 167.59234144638316 446
1694427761170 170.300377039496 447
1694427761186 170.01119390457376 448
1694427761201 166.50173994986906 449
1694427761217 168.99007082470524 450
1694427761232 167.96225886482964 451
1694427761251 162.5833528761257 452
1694427761273 170.8913698210694 453
1694427761293 169.11911884897836 454
1694427761315 167.05402131677434 455
1694427761336 166.84047841463226 456
1694427761354 168.44013782455136 457
1694427761374 168.92592934143747 458
1694427761395 167.51656027566014 459
1694427761415 168.34481449710057 460
1694427761436 167.14073611126128 461
1694427761455 165.4459557159625 462
1694427761477 167.02528295969114 463
1694427761496 171.98242602639894 464
1694427761513 169.28090944916124 465
1694427761533 169.32048014603333 466
1694427761553 169.91969816310484 467
1694427761573 168.4122794523171 468
1694427761592 165.88279260718193 469
1694427761611 165.41289578493817 470
1694427761628 168.5659749016902 471
1694427761649 162.7891210779742 472
1694427761671 172.34399014187366 473
1694427761695 170.34014843676442 474
1694427761714 167.73091566541694 475
1694427761736 169.5576576418708 476
1694427761757 170.05358229245937 477
1694427761778 166.66138539704212 478
1694427761799 164.09628992563438 479
1694427761821 170.70887116530207 480
1694427761843 165.0854656844305 481
1694427761862 167.01822228881184 482
1694427761883 171.9859131565761 483
1694427761905 171.57622946570578 484
1694427761926 168.85490288668697 485
1694427761947 170.6635576606536 486
1694427761966 169.8326832222222 487
1694427761986 172.48011865895177 488
1694427762004 170.1157499368302 489
1694427762026 168.770295589929 490
1694427762046 165.3856009226919 491
1694427762064 169.14502840788595 492
1694427762082 169.14609679010024 493
1694427762102 167.60096637116425 494
1694427762124 170.42429276030992 495
1694427762145 169.094029363878 496
1694427762168 168.99709023857025 497
1694427762188 168.03758557696116 498
1694427762209 168.3560124601263 499
