1694436662355 47.54897365876122 0
1694436662374 12.110206417026959 1
1694436662391 3.5258296754911607 2
1694436662409 0.875473862784588 3
1694436662427 0.37016082930176797 4
1694436662444 0.26580866546933224 5
1694436662462 0.14047215953761555 6
1694436662480 0.1625300888390222 7
1694436662500 0.11268608316648965 8
1694436662520 0.10000335741904817 9
1694436662539 0.12777508211695957 10
1694436662558 0.05147631978364189 11
1694436662576 0.09615693136596422 12
1694436662592 0.14192703791270092 13
1694436662610 0.05506483849608723 14
1694436662629 0.07057356035457754 15
1694436662647 0.36645470046663525 16
1694436662667 0.1757038884077011 17
1694436662685 0.049397629647568775 18
1694436662702 0.13803427710256458 19
1694436662719 0.10926247928924827 20
1694436662737 0.2007959794492438 21
1694436662758 0.08320404871523032 22
1694436662781 0.14772616909804379 23
1694436662802 0.07636560852654761 24
1694436662824 0.16732028998142875 25
1694436662849 0.07775762366819786 26
1694436662877 0.10696587811293823 27
1694436662901 0.07618375928215868 28
1694436662924 0.08900647513356566 29
1694436662943 0.0720222123344868 30
1694436662962 0.11101187950616957 31
1694436662979 0.06734886328048677 32
1694436662996 0.11037773174359326 33
1694436663015 0.14533751593861807 34
1694436663033 0.21273597125410454 35
1694436663052 0.15516122612290667 36
1694436663069 0.03444172150025408 37
1694436663087 0.07761759162472334 38
1694436663105 0.11853552286270654 39
1694436663126 0.04939643331743114 40
1694436663145 0.09140641377032103 41
1694436663163 0.04849156261056564 42
1694436663180 0.09764667887382547 43
1694436663197 0.0916615875480833 44
1694436663215 0.1357591130467504 45
1694436663233 0.1905112532211231 46
1694436663253 0.14254253011227727 47
1694436663274 0.06697466535428692 48
1694436663292 0.04989928548357427 49
1694436663309 0.10886738033662068 50
1694436663327 0.033850968122173426 51
1694436663344 0.07850474995956748 52
1694436663366 0.07860871078642635 53
1694436663384 0.16297835479833772 54
1694436663400 0.05947199401722098 55
1694436663418 0.05463448366617699 56
1694436663437 0.035663189490315036 57
1694436663455 0.07481939817417926 58
1694436663473 0.07690866515306624 59
1694436663491 0.026178688393719268 60
1694436663510 0.0729193812030696 61
1694436663532 0.10083755233065206 62
1694436663551 0.08106192329829842 63
1694436663571 0.05113709076819102 64
1694436663589 0.05949982481769049 65
1694436663607 0.042362232618888676 66
1694436663626 0.12454664590507931 67
1694436663643 0.11523047521821224 68
1694436663668 0.2337285327226015 69
1694436663690 0.07493275366210826 70
1694436663707 0.06046940221323987 71
1694436663725 0.18283764775463776 72
1694436663744 0.047225373486721976 73
1694436663763 0.08352962915836522 74
1694436663781 0.1804534086468723 75
1694436663797 0.17103036361212975 76
1694436663815 0.10602046845422833 77
1694436663833 0.05630446787299315 78
1694436663850 0.06514404216350805 79
1694436663871 0.09066592101668701 80
1694436663888 0.12152841881272707 81
1694436663905 0.1131115167659641 82
1694436663923 0.06950942522711535 83
1694436663942 0.047746936706868706 84
1694436663966 0.03895933225004501 85
1694436663985 0.12105024450490065 86
1694436664007 0.19212957608577036 87
1694436664025 0.07343713505237995 88
1694436664044 0.1278942305413882 89
1694436664062 0.13319750909909753 90
1694436664080 0.37265086265339903 91
1694436664097 0.06102089674775326 92
1694436664115 0.07559000857380849 93
1694436664133 0.052780216975362663 94
1694436664151 0.16565910326041924 95
1694436664169 0.1331766076567383 96
1694436664186 0.15968651354132302 97
1694436664204 0.0950537810440036 98
1694436664222 0.10817562973921398 99
1694436664241 0.14179697398800667 100
1694436664258 0.16044659783183604 101
1694436664278 0.11877597513313651 102
1694436664295 0.09580960344193211 103
1694436664312 0.09803966487173728 104
1694436664329 0.09711998282505005 105
1694436664348 0.09209103173240771 106
1694436664365 0.06795702801278933 107
1694436664382 0.06804320489367933 108
1694436664400 0.03814116035077974 109
1694436664417 0.050555849531202436 110
1694436664434 0.1264821889682347 111
1694436664453 0.07247971485472668 112
1694436664471 0.14043030941970128 113
1694436664492 0.12835905331307956 114
1694436664513 0.0932663926416634 115
1694436664533 0.11867064361188542 116
1694436664552 0.05259497952079804 117
1694436664571 0.12477499343343111 118
1694436664590 0.09346497720453106 119
1694436664607 0.09866635331692515 120
1694436664625 0.10719582624028826 121
1694436664642 0.08887638944890883 122
1694436664661 0.07451312604083442 123
1694436664679 0.13460108887032643 124
1694436664697 0.07486207035090832 125
1694436664714 0.12666064123430135 126
1694436664731 0.28351965620830927 127
1694436664749 0.10459326595453329 128
1694436664771 0.06319532080041357 129
1694436664790 0.1401706618114439 130
1694436664807 0.033582878607462986 131
1694436664826 0.13668219646762764 132
1694436664844 0.11862665912793191 133
1694436664862 0.14526266946777322 134
1694436664880 0.05623554367564047 135
1694436664898 0.1620496966727485 136
1694436664916 0.14406853492089078 137
1694436664934 0.3511030567314087 138
1694436664953 0.1285233512544089 139
1694436664974 0.11203585546116278 140
1694436664990 0.31515892816013125 141
1694436665008 0.05883609096936608 142
1694436665029 0.0881471274321203 143
1694436665047 0.057324334916529884 144
1694436665064 0.13786509815574408 145
1694436665082 0.1264339580348691 146
1694436665100 0.06888316655663619 147
1694436665119 0.10804384419694826 148
1694436665137 0.8751547653914044 149
1694436665159 0.07649750025832702 150
1694436665180 0.09802605957788028 151
1694436665199 0.05735489757684303 152
1694436665217 0.08511573160243831 153
1694436665235 0.05617098570013034 154
1694436665253 0.08712276626908307 155
1694436665271 0.09728165133616158 156
1694436665291 0.03665313140938486 157
1694436665308 0.17030581025069044 158
1694436665327 0.03532426944276885 159
1694436665345 0.19621947569339346 160
1694436665362 0.06237529422491493 161
1694436665383 0.044478550350257724 162
1694436665401 0.24274346079694517 163
1694436665419 0.06415382071848917 164
1694436665436 0.04529513260719627 165
1694436665453 0.0650270001173013 166
1694436665472 0.1730631149180951 167
1694436665491 0.10087584983167952 168
1694436665509 0.08130917187992096 169
1694436665527 0.15178685598634248 170
1694436665544 0.08163824078951833 171
1694436665562 0.14660017954182192 172
1694436665581 0.10042088620764962 173
1694436665598 0.11603972414078388 174
1694436665616 0.07071225397410609 175
1694436665634 0.11263263990951132 176
1694436665651 0.09838947521615068 177
1694436665669 0.03674489112478781 178
1694436665689 0.09264002299948877 179
1694436665708 0.1404039021150435 180
1694436665733 0.0611655853912641 181
1694436665754 0.13559507301399187 182
1694436665772 0.04462331476569591 183
1694436665791 0.11981759201221642 184
1694436665809 0.15067360207237826 185
1694436665826 0.06533968805475478 186
1694436665843 0.07612451346599525 187
1694436665861 0.0791070155307491 188
1694436665881 0.055618256619818764 189
1694436665898 0.07283831209504031 190
1694436665915 0.1329318516526001 191
1694436665933 0.14035050867793092 192
1694436665951 0.08452671191860263 193
1694436665968 0.14921179756223882 194
1694436665986 0.06673754650657195 195
1694436666002 0.13999080515208304 196
1694436666021 0.14222855012695715 197
1694436666038 0.04817138557403059 198
1694436666056 0.07535968672024577 199
1694436666074 0.050209593732320416 200
1694436666093 0.09014129851085724 201
1694436666111 0.08706947080998992 202
1694436666129 0.07041573430334226 203
1694436666147 0.08054865131093869 204
1694436666164 0.13107759991564713 205
1694436666184 0.07307453249599385 206
1694436666200 0.09467245133217286 207
1694436666218 0.14706259035036476 208
1694436666235 0.07222853357375048 209
1694436666252 0.12406528222423238 210
1694436666271 0.17916000908682675 211
1694436666289 0.0690357339464315 212
1694436666306 0.13401265017364186 213
1694436666324 0.05954189027933638 214
1694436666344 0.06306236733477226 215
1694436666363 0.0612210892771866 216
1694436666384 0.10636727192947867 217
1694436666403 0.10199392846985478 218
1694436666421 0.173202260962457 219
1694436666439 0.09741796320661755 220
1694436666456 0.15215309556273243 221
1694436666473 0.07568685818445453 222
1694436666492 0.08354529971388151 223
1694436666510 0.04352394000225331 224
1694436666527 0.04967163163389128 225
1694436666545 0.26323577858933167 226
1694436666563 0.11463398327121173 227
1694436666580 0.08826496177964756 228
1694436666598 0.1462009509290411 229
1694436666617 0.095229568045442 230
1694436666635 0.09583668924344921 231
1694436666653 0.14208215233552227 232
1694436666670 0.10680804610976032 233
1694436666690 0.13904188788508945 234
1694436666707 0.03492143313435774 235
1694436666725 0.11501320245672507 236
1694436666743 0.033471497898288675 237
1694436666760 0.05606961571255686 238
1694436666777 0.16586856418004065 239
1694436666797 0.18141509759647215 240
1694436666814 0.0800435515123101 241
1694436666833 0.07127473297752059 242
1694436666850 0.09297048041377705 243
1694436666867 0.1125579908114207 244
1694436666885 0.05823440141551499 245
1694436666903 0.1518809200668618 246
1694436666922 0.1225391122163092 247
1694436666942 0.11907147009156202 248
1694436666965 0.07432266708018774 249
1694436666986 0.04167167297933861 250
1694436667004 0.15454440845934264 251
1694436667023 0.03667933834422439 252
1694436667040 0.11560329734205167 253
1694436667058 0.08654918418954045 254
1694436667075 0.058831633395070866 255
1694436667095 0.26370980137211925 256
1694436667114 0.1357594450502541 257
1694436667131 0.07614969212714333 258
1694436667149 0.11696134442935839 259
1694436667167 0.04030815856975016 260
1694436667186 0.09304189357944706 261
1694436667205 0.1711487685772723 262
1694436667225 0.06309761584564745 263
1694436667242 0.07209537154968863 264
1694436667259 0.24871869797624582 265
1694436667277 0.10592142587573401 266
1694436667297 0.1328721170596667 267
1694436667315 0.10733519112443222 268
1694436667332 0.05901287349588637 269
1694436667350 0.06841607713652939 270
1694436667368 0.16350773936385982 271
1694436667386 0.11916647812385832 272
1694436667405 0.1895589671236228 273
1694436667422 0.14256484393006139 274
1694436667439 0.06563729166211435 275
1694436667457 0.14537785384136387 276
1694436667474 0.08322646375021611 277
1694436667495 0.05627626573870775 278
1694436667513 0.15281402401717434 279
1694436667531 0.25971421309294745 280
1694436667553 0.14483352313575118 281
1694436667574 0.05379539485409361 282
1694436667595 0.10902371929164156 283
1694436667614 0.10929226546602296 284
1694436667632 0.06871130485895481 285
1694436667650 0.13165951970675294 286
1694436667668 0.07092294832214606 287
1694436667686 0.11035135077571889 288
1694436667706 0.10552706299830317 289
1694436667724 0.09509434208299347 290
1694436667742 0.11515405929857107 291
1694436667760 0.09213304511976872 292
1694436667778 0.2056185627959117 293
1694436667798 0.09342052257378583 294
1694436667816 0.07576349549359122 295
1694436667833 0.13622113207908298 296
1694436667851 0.04434630592464113 297
1694436667870 0.10073551211840605 298
1694436667888 0.06655337273045073 299
1694436667907 0.09732723356167776 300
1694436667925 0.17808730485983862 301
1694436667943 0.12180220776912555 302
1694436667962 0.08041665073448741 303
1694436667980 0.15583566240532837 304
1694436668000 0.15092265664915777 305
1694436668018 0.03238348247044623 306
1694436668036 0.14241081883261306 307
1694436668053 0.0998991995496861 308
1694436668071 0.05900701862333924 309
1694436668089 0.123308247161433 310
1694436668110 0.14992653441921128 311
1694436668128 0.09030103817353301 312
1694436668145 0.08798666875528073 313
1694436668162 0.042875341692386305 314
1694436668184 0.07404752635970277 315
1694436668207 0.09490068439432604 316
1694436668225 0.1486789888868316 317
1694436668243 0.13073744451452643 318
1694436668260 0.13112705914656778 319
1694436668277 0.08396370018544538 320
1694436668295 0.1097482673937035 321
1694436668314 0.06395108376244205 322
1694436668331 0.10827372086292801 323
1694436668348 0.15823547432159363 324
1694436668367 0.05694855810353403 325
1694436668384 0.05546466458535803 326
1694436668402 0.11702110326933989 327
1694436668421 0.17755956251371313 328
1694436668438 0.15155916304332934 329
1694436668456 0.07987246433878752 330
1694436668474 0.03795280357370499 331
1694436668492 0.048524032994944746 332
1694436668509 0.09953349660502428 333
1694436668527 0.13844045640051178 334
1694436668544 0.04547247180018471 335
1694436668562 0.07321283975571631 336
1694436668581 0.113163272836507 337
1694436668600 0.035738092381189045 338
1694436668619 0.07412263311502594 339
1694436668636 0.07487611597330472 340
1694436668655 0.08105306024029038 341
1694436668672 0.07646417706446915 342
1694436668691 0.028522329544979245 343
1694436668709 0.08292011748906203 344
1694436668726 0.1182477504628597 345
1694436668743 0.13151664142250113 346
1694436668761 0.07821685846445806 347
1694436668782 0.15982268426564766 348
1694436668807 0.06528183481087778 349
1694436668827 0.17455411855346833 350
1694436668845 0.06535702422005678 351
1694436668863 0.06569526341239065 352
1694436668880 0.12510095816036473 353
1694436668897 0.10518158883140953 354
1694436668917 0.08589515449370831 355
1694436668935 0.11175143830504572 356
1694436668953 0.1322321717640433 357
1694436668972 0.23131678668046335 358
1694436668990 0.14609250260752102 359
1694436669008 0.16663806690546532 360
1694436669026 0.07657060004063723 361
1694436669044 0.10540106528622596 362
1694436669060 0.0686640677356273 363
1694436669078 0.06747818635610411 364
1694436669095 0.13723832975745973 365
1694436669115 0.0981877143089299 366
1694436669133 0.10474478470113469 367
1694436669151 0.08625437277408705 368
1694436669168 0.09140683202089993 369
1694436669185 0.10326953013378207 370
1694436669204 0.05877917312183214 371
1694436669223 0.08279244751006874 372
1694436669240 0.11287941492442231 373
1694436669257 0.1317713304737906 374
1694436669276 0.039436832681397874 375
1694436669293 0.07526639956062871 376
1694436669312 0.1888995657402704 377
1694436669330 0.06150056331545563 378
1694436669348 0.08315635465262773 379
1694436669365 0.13024849645567996 380
1694436669383 0.042494739724983244 381
1694436669403 0.14330507085099406 382
1694436669425 0.24884386806884914 383
1694436669444 0.09816505713310968 384
1694436669461 0.12795533228971664 385
1694436669479 0.12943994778283363 386
1694436669496 0.036994533813706244 387
1694436669515 0.14067937016023185 388
1694436669533 0.07639032935239373 389
1694436669550 0.05553100341991466 390
1694436669569 0.042023690253694394 391
1694436669585 0.10631916248012062 392
1694436669602 0.12667685272367799 393
1694436669622 0.08500175863011404 394
1694436669640 0.13307270539043986 395
1694436669658 0.07730155088587563 396
1694436669676 0.09636766999403104 397
1694436669693 0.12739454076851323 398
1694436669711 0.06870696641663017 399
1694436669728 0.03315236941075448 400
1694436669747 0.043207757843061745 401
1694436669765 0.07661016078549125 402
1694436669783 0.09243948344461816 403
1694436669800 0.042229482717110405 404
1694436669819 0.0850744956894399 405
1694436669836 0.16466356395789744 406
1694436669853 0.11685657605150294 407
1694436669871 0.09249987211719587 408
1694436669890 0.05865964187088577 409
1694436669907 0.03814395019482752 410
1694436669928 0.14475680348785613 411
1694436669946 0.2191939964061552 412
1694436669964 0.1470237726865235 413
1694436669983 0.07549036895085838 414
1694436670006 0.045067590149455536 415
1694436670028 0.12521901975066674 416
1694436670046 0.18629366067649236 417
1694436670064 0.0775786441035667 418
1694436670081 0.053994735286780345 419
1694436670098 0.14956203143320726 420
1694436670116 0.0675736231588202 421
1694436670136 0.05719752391261448 422
1694436670154 0.03754830359464479 423
1694436670171 0.08074901389400473 424
1694436670189 0.057656003330795624 425
1694436670206 0.09525461594582361 426
1694436670225 0.1295476374959614 427
1694436670243 0.10956672357750295 428
1694436670260 0.048908625338288846 429
1694436670278 0.07791402287234686 430
1694436670295 0.21825974960069675 431
1694436670313 0.1564375364927461 432
1694436670333 0.02848844895482035 433
1694436670350 0.13639594719058773 434
1694436670368 0.22583695397635375 435
1694436670386 0.1152609742109585 436
1694436670403 0.1643058711855497 437
1694436670423 0.1253644256983643 438
1694436670442 0.11072100438555678 439
1694436670458 0.14500304582691267 440
1694436670476 0.07723863226636184 441
1694436670494 0.08161019149633883 442
1694436670511 0.08034646086088237 443
1694436670530 0.07473730625736211 444
1694436670548 0.18128873101721193 445
1694436670565 0.14966245820512003 446
1694436670582 0.039267985149781796 447
1694436670603 0.14971403641969763 448
1694436670628 0.07131444564920607 449
1694436670646 0.1298445222015409 450
1694436670664 0.12589137367166306 451
1694436670682 0.04809157021251481 452
1694436670699 0.1367245770556372 453
1694436670717 0.133734511075246 454
1694436670737 0.05991177678502791 455
1694436670755 0.08808992401455966 456
1694436670772 0.16391910300619641 457
1694436670790 0.07958641489513583 458
1694436670807 0.10166020911870186 459
1694436670826 0.032144071899295745 460
1694436670844 0.039058911705768626 461
1694436670862 0.19147151478056648 462
1694436670880 0.0787270379764 463
1694436670897 0.040183438561624256 464
1694436670914 0.04593108301038044 465
1694436670934 0.11579065896921477 466
1694436670952 0.10609202681718835 467
1694436670969 0.05073229976508418 468
1694436670987 0.025166730244779906 469
1694436671004 0.11171875134059565 470
1694436671022 0.05033125441019735 471
1694436671041 0.07628887687167334 472
1694436671059 0.0626983012613592 473
1694436671076 0.10431897441772062 474
1694436671093 0.10664090631656868 475
1694436671111 0.1860513371445585 476
1694436671131 0.14802913203658058 477
1694436671148 0.11845047056753001 478
1694436671166 0.170399011856115 479
1694436671183 0.11741262823838203 480
1694436671201 0.06920737089670805 481
1694436671223 0.10364315741413842 482
1694436671245 0.14457411573464676 483
1694436671262 0.017093411697394888 484
1694436671279 0.3881217258007591 485
1694436671297 0.174595056046623 486
1694436671314 0.1344704511225003 487
1694436671333 0.0555870228372518 488
1694436671351 0.046585035485409335 489
1694436671368 0.0918262752202759 490
1694436671385 0.11516631109348512 491
1694436671403 0.0651748693686626 492
1694436671420 0.06569851578275031 493
1694436671439 0.04458248672016481 494
1694436671456 0.1129157814559846 495
1694436671475 0.047405122104081286 496
1694436671492 0.17902135740473618 497
1694436671509 0.17393723341367062 498
1694436671529 0.021327094293157694 499
