1694427614606 161.77322876494094 0
1694427614624 173.7501528343617 1
1694427614641 169.16174388531977 2
1694427614660 168.4471836916201 3
1694427614680 172.7564809121158 4
1694427614698 168.0095490269105 5
1694427614715 169.14232408697276 6
1694427614733 166.28478684917278 7
1694427614751 171.6462338299603 8
1694427614770 168.0624902331734 9
1694427614789 169.35946143246534 10
1694427614806 165.71770501620782 11
1694427614821 165.22822914853109 12
1694427614837 173.81702372763806 13
1694427614853 165.50578606686744 14
1694427614869 168.78894564254387 15
1694427614886 172.07835673532009 16
1694427614902 172.47946480218937 17
1694427614920 172.47145852944757 18
1694427614936 165.79274799636704 19
1694427614952 174.03091162862327 20
1694427614968 168.79228754547998 21
1694427614985 170.8158281276256 22
1694427615001 169.32884762126068 23
1694427615018 168.34650976206217 24
1694427615033 165.9231207635572 25
1694427615049 170.1447970591205 26
1694427615066 173.38409732517366 27
1694427615087 178.88778997002717 28
1694427615105 167.08554680072015 29
1694427615124 166.5847252224223 30
1694427615142 168.73368062556816 31
1694427615160 172.17237582971987 32
1694427615178 171.86369339253898 33
1694427615198 166.93273829478954 34
1694427615216 170.0837546088342 35
1694427615236 170.43530565820836 36
1694427615253 173.70077007138497 37
1694427615270 167.11924476191783 38
1694427615287 168.5866681577818 39
1694427615304 162.79208976626091 40
1694427615322 169.71108857394128 41
1694427615339 161.1746052630477 42
1694427615356 170.9243164004741 43
1694427615372 169.2823772077956 44
1694427615389 173.6195662740357 45
1694427615406 166.27738969592156 46
1694427615423 165.11575312275903 47
1694427615440 169.85425692568512 48
1694427615457 165.84593859992194 49
1694427615475 165.4150861053304 50
1694427615492 165.6100406686191 51
1694427615510 166.98566117716794 52
1694427615527 170.2866712450165 53
1694427615546 165.969528199075 54
1694427615563 168.96149664722552 55
1694427615582 167.5477031244816 56
1694427615600 166.16629964572536 57
1694427615616 173.57342169918567 58
1694427615633 164.74981582623164 59
1694427615649 168.2271900973357 60
1694427615665 168.08268124899135 61
1694427615681 165.28526634399879 62
1694427615698 164.8664945657888 63
1694427615714 165.6098002959013 64
1694427615732 163.64883052527435 65
1694427615749 166.66431828702858 66
1694427615766 169.14312784807655 67
1694427615787 168.6846491887174 68
1694427615807 164.58361054752388 69
1694427615826 169.73693756493319 70
1694427615842 171.16112153647782 71
1694427615859 171.0391432366035 72
1694427615875 174.25056580643442 73
1694427615891 171.16715497903573 74
1694427615908 170.4089322539776 75
1694427615924 171.74362764428292 76
1694427615940 170.12150708845564 77
1694427615956 164.5951171999802 78
1694427615972 166.8005343607168 79
1694427615988 166.36664727060727 80
1694427616005 168.12631395544398 81
1694427616021 168.90899256533552 82
1694427616038 170.18558438973142 83
1694427616053 169.34223950401542 84
1694427616069 170.55040769913444 85
1694427616086 165.79692328113674 86
1694427616102 161.6019040753056 87
1694427616119 165.86187032594367 88
1694427616134 173.61852313398376 89
1694427616150 170.23810629058008 90
1694427616167 169.69982440221725 91
1694427616182 170.38750525492267 92
1694427616198 167.04570733302265 93
1694427616215 170.87833714622815 94
1694427616231 162.6429363151144 95
1694427616247 169.59584108394512 96
1694427616263 166.65640340422564 97
1694427616279 164.68348567770013 98
1694427616296 168.21449020812383 99
1694427616313 166.5780848047143 100
1694427616330 169.77671926398438 101
1694427616347 173.87197357063678 102
1694427616364 164.7616479505053 103
1694427616380 170.83685260535393 104
1694427616396 168.62029758806943 105
1694427616413 167.17888760309592 106
1694427616429 166.58885402538638 107
1694427616445 167.70496180063114 108
1694427616461 169.72521425369436 109
1694427616477 164.8108959282926 110
1694427616494 164.82234143976055 111
1694427616511 172.2989123117199 112
1694427616526 167.32841611922254 113
1694427616543 169.16102200010934 114
1694427616558 169.73442941736994 115
1694427616575 167.13056330010576 116
1694427616591 163.51523085047944 117
1694427616607 169.10957981789025 118
1694427616623 170.24259595244504 119
1694427616639 171.14048532882208 120
1694427616655 170.15143304746798 121
1694427616671 171.1387635104543 122
1694427616688 166.38646386939038 123
1694427616704 169.01860567978343 124
1694427616720 168.98142298583392 125
1694427616736 163.25738050462374 126
1694427616752 162.97513355140129 127
1694427616769 166.13522349742962 128
1694427616784 165.7798124063588 129
1694427616801 169.50787152193132 130
1694427616817 168.04104292538486 131
1694427616833 164.21691568425618 132
1694427616849 167.6219059674285 133
1694427616864 171.60285365409507 134
1694427616881 176.00247060337014 135
1694427616900 166.88388869819678 136
1694427616917 170.03553121404616 137
1694427616933 154.4805889052237 138
1694427616949 164.81926445718477 139
1694427616964 166.11261899711718 140
1694427616981 166.81769055481936 141
1694427616997 172.8627009570749 142
1694427617013 161.23909484656414 143
1694427617030 170.90514968301395 144
1694427617046 170.39020565194124 145
1694427617061 163.42431004468634 146
1694427617077 167.34330924833645 147
1694427617093 169.85744001071674 148
1694427617110 166.17449010930818 149
1694427617127 171.44135482130937 150
1694427617143 169.30009217424654 151
1694427617158 166.37367658738987 152
1694427617175 170.10038698655129 153
1694427617191 171.44599126523093 154
1694427617208 165.54512240274136 155
1694427617225 162.97351328348074 156
1694427617241 165.33035041880865 157
1694427617256 169.3277044193888 158
1694427617273 165.6993385643206 159
1694427617289 170.55925699777663 160
1694427617305 173.03440089245305 161
1694427617321 162.7767501575029 162
1694427617337 172.3975243918873 163
1694427617353 172.8520765419252 164
1694427617369 170.8580298936934 165
1694427617385 169.90702505935528 166
1694427617401 170.37388685426973 167
1694427617417 160.87969991816524 168
1694427617434 164.759470048442 169
1694427617449 166.81577094675157 170
1694427617465 165.89897566403738 171
1694427617482 170.12444496366143 172
1694427617499 165.71552557382688 173
1694427617517 169.6365560481067 174
1694427617534 171.89822227762662 175
1694427617550 169.74811257434826 176
1694427617566 166.71405435045088 177
1694427617582 170.48791429385605 178
1694427617599 166.95848472733582 179
1694427617616 165.8408724070295 180
1694427617632 166.156049454307 181
1694427617648 170.48632911107853 182
1694427617665 167.08575904078103 183
1694427617681 176.7800773609341 184
1694427617697 167.4533107198698 185
1694427617713 169.30907959316795 186
1694427617729 169.16574637801074 187
1694427617745 171.62471889485522 188
1694427617762 163.68236321186268 189
1694427617779 169.97802551998168 190
1694427617795 165.7876505625158 191
1694427617811 165.91852950158565 192
1694427617827 167.19060817128138 193
1694427617843 170.1778961015744 194
1694427617859 171.84432369211842 195
1694427617875 170.79637911840084 196
1694427617891 167.82008313905504 197
1694427617908 166.94366384109563 198
1694427617924 165.04326744316327 199
1694427617940 172.80184736094628 200
1694427617956 167.91700405104112 201
1694427617972 170.11149693335574 202
1694427617989 168.45656386323793 203
1694427618005 169.06440951391866 204
1694427618021 168.75530554676794 205
1694427618037 167.29759136809577 206
1694427618053 170.5246431781196 207
1694427618069 170.22012698209372 208
1694427618086 166.316782988837 209
1694427618102 167.07544678642634 210
1694427618120 163.151262835336 211
1694427618137 170.14265770811235 212
1694427618153 160.63362596468775 213
1694427618169 167.27125653911784 214
1694427618185 170.32561185305835 215
1694427618201 171.43502587922347 216
1694427618218 166.17937460861347 217
1694427618234 169.25702727575657 218
1694427618250 172.35909740375328 219
1694427618265 169.85433536235092 220
1694427618281 167.14043094110897 221
1694427618297 166.23940746020824 222
1694427618313 166.14842419629255 223
1694427618329 168.94122144134735 224
1694427618345 168.63009390017234 225
1694427618361 166.34588330542277 226
1694427618377 166.57982601781595 227
1694427618393 163.71181166618362 228
1694427618409 170.32756208368252 229
1694427618426 168.5894222556075 230
1694427618441 171.24843762165543 231
1694427618457 166.24445004636485 232
1694427618473 167.14026285171175 233
1694427618489 172.24100535161756 234
1694427618505 172.47069303531958 235
1694427618521 164.9910198465133 236
1694427618538 172.03411505118183 237
1694427618555 167.13122762095077 238
1694427618571 170.8819902443278 239
1694427618587 163.94212155296236 240
1694427618603 178.19523446122346 241
1694427618620 167.02992112714765 242
1694427618636 168.3132344079111 243
1694427618654 167.41269907165847 244
1694427618672 171.94052645618447 245
1694427618688 165.63771707737607 246
1694427618704 171.53018491530426 247
1694427618720 166.35621624049327 248
1694427618736 168.34473991383916 249
1694427618753 169.07379681460762 250
1694427618768 172.0948958314732 251
1694427618784 168.37405214825094 252
1694427618800 168.04094448671208 253
1694427618815 165.24881958559232 254
1694427618832 168.11341234206475 255
1694427618848 163.78950139845952 256
1694427618864 170.35915389759967 257
1694427618880 169.44335810509915 258
1694427618896 168.82701695448068 259
1694427618912 167.21236605929204 260
1694427618929 165.2599505443521 261
1694427618945 165.96757758608263 262
1694427618961 164.22639936009753 263
1694427618977 169.899252333726 264
1694427618993 171.36263145862745 265
1694427619009 170.47511084428274 266
1694427619026 166.22331905145535 267
1694427619042 170.1125099297401 268
1694427619058 172.28835740588005 269
1694427619074 166.06518260474056 270
1694427619089 171.23776154359965 271
1694427619105 167.48236034014235 272
1694427619121 169.38192321554317 273
1694427619138 168.21351389057844 274
1694427619153 171.95246713047376 275
1694427619169 165.06550825292533 276
1694427619184 161.83438782876325 277
1694427619202 169.0521101498053 278
1694427619219 168.13964621641568 279
1694427619236 170.32655504189916 280
1694427619252 170.22165349117202 281
1694427619268 164.5858201634241 282
1694427619284 175.8392284707268 283
1694427619301 167.74105468747652 284
1694427619317 169.8931544822787 285
1694427619333 166.92081863935815 286
1694427619349 167.92285191253282 287
1694427619365 167.08021372490538 288
1694427619381 172.5814742131228 289
1694427619398 166.437879266366 290
1694427619414 168.11009862736685 291
1694427619430 164.3624691811318 292
1694427619446 169.00789441869438 293
1694427619462 161.37734851064252 294
1694427619478 168.0671812700594 295
1694427619494 166.65716321818215 296
1694427619510 169.0041401859353 297
1694427619525 171.7995824649783 298
1694427619541 166.3311183528039 299
1694427619557 167.96922028544103 300
1694427619573 166.43466562130178 301
1694427619589 167.05995534462423 302
1694427619606 164.3159778133398 303
1694427619622 169.34428652715536 304
1694427619638 170.74464872531908 305
1694427619655 170.07849229201403 306
1694427619671 177.25457089883238 307
1694427619687 172.13433229006358 308
1694427619703 171.35378786939327 309
1694427619719 167.70895165408336 310
1694427619738 170.59219362849322 311
1694427619753 158.97287177007547 312
1694427619769 167.32329301485248 313
1694427619786 167.20972358854883 314
1694427619802 168.55433636323127 315
1694427619819 167.56375996927676 316
1694427619836 159.17968307975997 317
1694427619852 171.02584801842792 318
1694427619868 167.46198582376903 319
1694427619884 170.04682643626757 320
1694427619900 164.715025125574 321
1694427619916 169.05833701821658 322
1694427619932 160.7237873880149 323
1694427619948 172.35068371526796 324
1694427619965 165.8016106014438 325
1694427619981 165.30523676620297 326
1694427619997 171.29137826023856 327
1694427620014 173.28654577599906 328
1694427620030 173.13110514491652 329
1694427620046 172.55845481714547 330
1694427620062 164.56341029975442 331
1694427620078 170.2555728189127 332
1694427620094 164.9703828061922 333
1694427620110 165.2999506557654 334
1694427620126 160.68608103750358 335
1694427620143 175.837572921338 336
1694427620159 166.97159269679278 337
1694427620175 168.26636252119076 338
1694427620192 173.04390040314362 339
1694427620208 168.1454970894413 340
1694427620225 163.08942005662524 341
1694427620241 163.98105822903017 342
1694427620257 165.67368235746918 343
1694427620273 171.8745169924901 344
1694427620289 171.07221054504825 345
1694427620304 163.5328661092448 346
1694427620321 168.09571177184108 347
1694427620338 165.74211774394786 348
1694427620353 165.04868368956724 349
1694427620371 169.62635181673818 350
1694427620388 168.33966573773074 351
1694427620405 169.31473591690306 352
1694427620421 167.28108522843044 353
1694427620437 168.6013824839102 354
1694427620453 164.74407459609444 355
1694427620468 162.99973914790732 356
1694427620484 167.7622822887284 357
1694427620500 169.046194231372 358
1694427620516 171.40797549667158 359
1694427620532 177.34713824100118 360
1694427620549 164.2602706730752 361
1694427620565 174.56134974715025 362
1694427620581 166.93523235931295 363
1694427620597 169.02984303713944 364
1694427620614 174.47526814107755 365
1694427620629 172.11541137881156 366
1694427620646 170.355458176143 367
1694427620662 167.54095188219463 368
1694427620677 171.76576763597356 369
1694427620693 167.55736481700205 370
1694427620709 168.26758077369794 371
1694427620725 172.75769387030186 372
1694427620741 165.21700736260144 373
1694427620757 167.1353279732191 374
1694427620774 167.46101524306056 375
1694427620790 170.7499260469102 376
1694427620806 167.48012506099562 377
1694427620822 169.56247355656464 378
1694427620838 167.79005772158453 379
1694427620854 161.08200012243202 380
1694427620870 167.28727006969842 381
1694427620886 164.92475670662148 382
1694427620902 170.67711535377447 383
1694427620918 178.9601609065587 384
1694427620934 166.9971474554448 385
1694427620951 167.14938363305765 386
1694427620969 168.96179098779672 387
1694427620986 170.1693657268608 388
1694427621003 169.78184166900124 389
1694427621018 170.2438136436207 390
1694427621035 170.13109322562346 391
1694427621051 165.75482868156288 392
1694427621067 172.03678166650383 393
1694427621083 168.87608034694776 394
1694427621100 161.90876364780635 395
1694427621116 172.13599188066476 396
1694427621134 165.8997265460871 397
1694427621152 169.91471884349963 398
1694427621169 169.02515822886298 399
1694427621189 174.35228219289147 400
1694427621206 167.9970928678064 401
1694427621223 171.0547844362448 402
1694427621241 169.7302307317171 403
1694427621258 170.96710468175294 404
1694427621275 172.3869715006851 405
1694427621292 170.81255989690933 406
1694427621308 167.64562529396446 407
1694427621325 166.90806433602256 408
1694427621342 168.88574414505334 409
1694427621358 167.05471347689488 410
1694427621374 162.71859623693126 411
1694427621392 166.165370695723 412
1694427621409 171.28836595692434 413
1694427621426 177.25684086432398 414
1694427621442 167.22659666058104 415
1694427621459 167.84464479413012 416
1694427621475 168.28638222701755 417
1694427621491 171.2498199914806 418
1694427621507 170.99941829541277 419
1694427621523 170.77536409882927 420
1694427621540 167.56076977290144 421
1694427621558 167.20540822153927 422
1694427621574 167.51626987069338 423
1694427621591 167.45028385171076 424
1694427621607 168.3882555962116 425
1694427621623 173.38697583881793 426
1694427621641 174.23104861684195 427
1694427621657 165.6008203378574 428
1694427621674 166.15879308998265 429
1694427621691 168.8553524777159 430
1694427621707 173.14678187946924 431
1694427621724 172.9545615532909 432
1694427621741 168.12205673161498 433
1694427621758 169.67011454615402 434
1694427621774 170.17087233431707 435
1694427621791 167.90997769881633 436
1694427621806 172.8190365486111 437
1694427621822 167.58467575965352 438
1694427621838 163.4463897086111 439
1694427621855 169.9416654536333 440
1694427621871 168.199047653366 441
1694427621887 168.66639894332147 442
1694427621903 167.94994925090273 443
1694427621920 170.35756893422578 444
1694427621936 171.8569870558629 445
1694427621953 168.73400235815618 446
1694427621970 169.54151268125287 447
1694427621986 169.06944502573515 448
1694427622002 167.2131339482316 449
1694427622019 167.64811952818928 450
1694427622035 166.19343499263064 451
1694427622053 170.39343228519095 452
1694427622069 175.86453363065692 453
1694427622085 169.51913475528804 454
1694427622101 169.52255959974914 455
1694427622117 164.67738968168769 456
1694427622133 170.6899986977419 457
1694427622151 167.72246972464632 458
1694427622168 171.26938540777243 459
1694427622184 169.38397308218808 460
1694427622200 164.5052848538255 461
1694427622216 170.6965301930436 462
1694427622233 158.77002192024224 463
1694427622249 168.40844982264232 464
1694427622265 169.18075007933243 465
1694427622281 161.46725797304398 466
1694427622297 172.74295808377042 467
1694427622313 165.4341891287813 468
1694427622329 168.4572421569048 469
1694427622345 171.4844654901794 470
1694427622361 168.5786850991988 471
1694427622377 168.69362232532936 472
1694427622393 166.3040070829201 473
1694427622410 169.7355312801044 474
1694427622426 169.0352804443681 475
1694427622442 163.39419537433238 476
1694427622458 167.07354811134806 477
1694427622475 170.9115180271406 478
1694427622491 175.41159533706488 479
1694427622507 175.37387741934867 480
1694427622523 168.16981606519747 481
1694427622538 173.664844260557 482
1694427622555 166.51770027802598 483
1694427622572 166.40714850920224 484
1694427622588 177.13195108520048 485
1694427622604 174.01806051332966 486
1694427622620 170.2163748052532 487
1694427622636 168.0673709183993 488
1694427622653 175.1673918094494 489
1694427622669 167.39318187846013 490
1694427622685 173.6667043783484 491
1694427622701 165.45677731219334 492
1694427622718 170.59034012036395 493
1694427622734 170.01753147066424 494
1694427622751 170.1137895859453 495
1694427622767 167.88925134879713 496
1694427622782 170.4776576296258 497
1694427622799 167.93713211918546 498
1694427622815 165.62617483740198 499
