1694429690092 0.07249721858051739 0
1694429690158 0.9490909630869944 1
1694429690227 0.034090343760998044 2
1694429690294 0.0023366467774836555 3
1694429690359 0.10144673014143447 4
1694429690425 0.18849852809759368 5
1694429690492 0.28719755396559743 6
1694429690556 0.17452980326927273 7
1694429690623 1.4368194067169355 8
1694429690689 0.6733792467515597 9
1694429690756 0.27277687792559446 10
1694429690823 0.04915686554990491 11
1694429690890 0.4419178421246995 12
1694429690956 0.01080683527088628 13
1694429691020 0.20820181502313143 14
1694429691087 0.5944879191474329 15
1694429691152 0.4875394420599817 16
1694429691221 2.5191599440789103 17
1694429691296 0.09326126953330179 18
1694429691362 0.5256070290169411 19
1694429691429 0.6673053144490241 20
1694429691494 0.10619752380589415 21
1694429691560 0.5721733532438985 22
1694429691626 0.04453312525513315 23
1694429691692 0.11289339711574568 24
1694429691757 1.08037210732869 25
1694429691824 0.25570924197750555 26
1694429691889 0.29498109132761496 27
1694429691955 0.14092447260446497 28
1694429692021 1.0013988201891577 29
1694429692087 0.473336601630575 30
1694429692154 0.875176308085854 31
1694429692221 0.34265064518587834 32
1694429692286 0.1389024364075059 33
1694429692352 0.25105338305181846 34
1694429692418 0.09313933092483669 35
1694429692484 0.3153463014966621 36
1694429692551 0.16066060902591264 37
1694429692618 0.26241623556674376 38
1694429692685 0.1752206189168255 39
1694429692751 0.807172658793975 40
1694429692816 1.538486714170667 41
1694429692883 0.051090649276289174 42
1694429692951 0.04803019447414174 43
1694429693015 0.5435396515694577 44
1694429693081 0.5703500257597744 45
1694429693147 0.22518057816244788 46
1694429693213 0.1255435368282858 47
1694429693279 0.15641307174246952 48
1694429693344 0.36041618818756116 49
1694429693409 0.2681051595135338 50
1694429693476 0.6924046566125969 51
1694429693543 0.050189861350181074 52
1694429693608 0.22624738137488767 53
1694429693674 0.18518377330627528 54
1694429693741 0.06758398351396389 55
1694429693807 0.2552148414443739 56
1694429693874 0.01674434779982039 57
1694429693939 0.16367851797883914 58
1694429694004 0.028107157593883523 59
1694429694070 0.2348466186981426 60
1694429694135 0.03294282031846681 61
1694429694202 2.896315166440102 62
1694429694267 0.27413072477834416 63
1694429694334 0.08799460874368259 64
1694429694399 0.47563807396418956 65
1694429694465 0.04708143905981693 66
1694429694530 0.25067068138478504 67
1694429694596 0.05347037354329494 68
1694429694662 0.2143518886092892 69
1694429694726 0.18307749453554248 70
1694429694792 0.08867694351808866 71
1694429694858 0.22494928827058724 72
1694429694924 0.04134804665582051 73
1694429694990 0.48474292245610523 74
1694429695055 0.28607749785195463 75
1694429695121 1.847365246415475 76
1694429695187 0.22099788919757993 77
1694429695252 0.3759137115021376 78
1694429695317 0.6578087505694857 79
1694429695382 0.05120615044617076 80
1694429695447 0.293837401922711 81
1694429695512 0.6287359359642867 82
1694429695578 0.32896879789344147 83
1694429695643 0.8225061559242357 84
1694429695710 0.2378005716498306 85
1694429695777 0.04594715907546091 86
1694429695842 0.2277777802487796 87
1694429695908 0.020582191016255608 88
1694429695978 0.05841038341313766 89
1694429696044 0.6986264258989702 90
1694429696109 0.15116154969564433 91
1694429696176 0.02057006157976342 92
1694429696243 0.5618769162998752 93
1694429696308 0.8117241041202189 94
1694429696373 0.18562660907966658 95
1694429696439 0.011534595311329783 96
1694429696504 0.14331797981549388 97
1694429696569 0.11717389980013386 98
1694429696636 0.09979559313598116 99
1694429696701 0.06258303490747374 100
1694429696767 0.3199816968277322 101
1694429696833 0.022690179124900785 102
1694429696900 0.24941407246877934 103
1694429696964 0.5580129847823064 104
1694429697030 0.0493901814399996 105
1694429697095 0.13574971563999885 106
1694429697161 1.074260136868347 107
1694429697226 0.18934363398821266 108
1694429697292 0.09980966639880068 109
1694429697357 0.05982736784703312 110
1694429697422 0.02662760965085398 111
1694429697487 0.2742791441528985 112
1694429697553 0.5320316360178567 113
1694429697617 0.33624772026858096 114
1694429697683 0.3393281446823853 115
1694429697750 0.36988560904797396 116
1694429697815 0.09131440420428696 117
1694429697882 0.28691443464377814 118
1694429697949 0.35235359758535567 119
1694429698013 0.19209376250751353 120
1694429698080 0.00893553109844569 121
1694429698147 0.013018831660870858 122
1694429698211 0.43087389867777137 123
1694429698277 0.1922765882233981 124
1694429698341 0.5800186134182904 125
1694429698408 0.30846999531525215 126
1694429698472 0.12994124486130737 127
1694429698538 0.5921875837076025 128
1694429698605 0.001996097667225791 129
1694429698671 0.4223345161270196 130
1694429698737 0.011415012423874545 131
1694429698803 0.479240585690657 132
1694429698868 0.5488416838562578 133
1694429698934 0.5482139641383534 134
1694429699000 0.18003388836026557 135
1694429699066 0.8079219996176523 136
1694429699132 0.11495486367135585 137
1694429699197 0.7221044547366388 138
1694429699262 0.01635896841748592 139
1694429699328 0.48785010884341057 140
1694429699398 0.25364530315765976 141
1694429699463 0.03587064299124894 142
1694429699530 0.06134894496759946 143
1694429699594 0.33513583301128064 144
1694429699659 0.2972511987390711 145
1694429699724 0.041764202579358076 146
1694429699790 0.5571342923937276 147
1694429699855 1.2006009036415461 148
1694429699920 0.043516570039391377 149
1694429699986 0.6225193176275136 150
1694429700051 0.08999885645908319 151
1694429700117 0.15175609941110493 152
1694429700183 0.8185569407865606 153
1694429700251 0.2694494540706737 154
1694429700316 0.17341267232930746 155
1694429700383 0.1604908424971432 156
1694429700449 0.26741610601470156 157
1694429700514 0.338761436179106 158
1694429700581 0.19633625145253672 159
1694429700646 0.678436032770411 160
1694429700711 0.13696905243939125 161
1694429700776 0.02817605393490107 162
1694429700841 0.18607057109241412 163
1694429700907 0.19785170621236964 164
1694429700973 0.07355843808481766 165
1694429701039 0.015658053450437796 166
1694429701105 0.30116678062031427 167
1694429701170 0.11998645038214781 168
1694429701238 0.4401779623563386 169
1694429701303 0.007251436091615633 170
1694429701369 0.11203343521810716 171
1694429701434 0.5136099125486213 172
1694429701500 0.12220926689028966 173
1694429701564 0.2167582015745298 174
1694429701631 0.19631862910020006 175
1694429701696 0.08843956772473552 176
1694429701761 0.4167346579011468 177
1694429701826 0.24450059046558098 178
1694429701891 0.0005641886520348719 179
1694429701959 0.16690662143633833 180
1694429702024 0.537387170942119 181
1694429702089 0.17706316013395737 182
1694429702154 0.22327056982796736 183
1694429702221 0.4377477649505902 184
1694429702286 0.007571645095967102 185
1694429702352 0.01167249778181275 186
1694429702417 0.11976287422857221 187
1694429702483 0.02568428072450179 188
1694429702550 0.5618335836577046 189
1694429702615 0.1967265406214747 190
1694429702681 0.04144155006264895 191
1694429702751 0.12121907024787432 192
1694429702815 0.2567370812220123 193
1694429702882 0.10165796380393011 194
1694429702948 0.2116913619709923 195
1694429703013 0.07147733193928052 196
1694429703079 0.000400198912038802 197
1694429703144 0.4302334263360778 198
1694429703209 0.43862009627704057 199
1694429703274 0.25335093644908685 200
1694429703339 0.24967083755360267 201
1694429703405 0.17560792781826529 202
1694429703470 0.2494495334649 203
1694429703537 0.138498856811936 204
1694429703607 0.10869862309622301 205
1694429703675 0.17269573911731415 206
1694429703742 0.005687794530068894 207
1694429703809 0.864657163256047 208
1694429703874 0.6633983964862356 209
1694429703940 0.0967011694874964 210
1694429704006 0.35211517330724623 211
1694429704072 0.6893467717266659 212
1694429704138 0.2129511193756928 213
1694429704203 0.15724106693578527 214
1694429704268 0.5913200587134756 215
1694429704334 0.10915422344909026 216
1694429704400 0.18572030369537917 217
1694429704466 0.35028324623921825 218
1694429704531 0.6111470527951951 219
1694429704597 0.12022448133177364 220
1694429704663 0.5198997848898089 221
1694429704730 0.2570142239101429 222
1694429704795 0.3448511835866858 223
1694429704861 0.026259375742671103 224
1694429704927 0.21133729690366782 225
1694429704993 0.15813894549068327 226
1694429705059 0.1944393061305615 227
1694429705126 0.4139356163219306 228
1694429705191 0.14234826434793343 229
1694429705256 0.2549069656632378 230
1694429705325 0.05531413121612292 231
1694429705391 0.786225075827797 232
1694429705456 0.20457178627400763 233
1694429705522 0.6376795855392554 234
1694429705588 0.048444152339124705 235
1694429705654 0.07609568261470287 236
1694429705719 0.057484896056526576 237
1694429705784 0.1781576042447207 238
1694429705850 0.39553893223668407 239
1694429705917 0.2204455788373761 240
1694429705982 0.023460759997657565 241
1694429706048 8.791812015589273e-06 242
1694429706113 0.5492155786151514 243
1694429706180 0.30894891929094126 244
1694429706246 0.8247032144268993 245
1694429706312 0.18634555544365405 246
1694429706378 0.0018312616844885145 247
1694429706442 0.26581120452567586 248
1694429706508 0.31489443787401 249
1694429706573 0.5430806005943821 250
1694429706642 0.3365707773896048 251
1694429706707 0.31071190804734977 252
1694429706771 0.06326943909490522 253
1694429706838 0.06978201722998872 254
1694429706903 0.2950926341619141 255
1694429706970 0.21969422333109623 256
1694429707035 0.04726527001400598 257
1694429707101 0.37856350504768826 258
1694429707167 0.4680188847832354 259
1694429707233 0.21114409688212088 260
1694429707298 0.41687299165140546 261
1694429707364 0.11228030009493097 262
1694429707430 1.1756163398302348 263
1694429707494 0.0854416819324963 264
1694429707559 0.05669716853352361 265
1694429707625 1.2386127956562123 266
1694429707690 0.2372006921307873 267
1694429707756 0.5526788538634047 268
1694429707821 0.164801063940097 269
1694429707888 0.5862526819349266 270
1694429707953 0.0054249098617047695 271
1694429708019 0.15442428064058739 272
1694429708086 0.10611981357836316 273
1694429708151 0.22218603580809088 274
1694429708217 0.09782740453241456 275
1694429708283 0.07691378126601889 276
1694429708348 0.3191264963266846 277
1694429708412 0.11487937768132488 278
1694429708477 0.2155205286849111 279
1694429708543 0.9875878298185896 280
1694429708609 0.5509962676231258 281
1694429708675 0.225228168672287 282
1694429708741 0.8498444054760158 283
1694429708808 0.24671632242260208 284
1694429708874 0.4687490626154309 285
1694429708940 0.18379379961886358 286
1694429709006 0.037596824060337125 287
1694429709072 0.04823519256841397 288
1694429709137 0.02987596917233235 289
1694429709203 0.23743715948566385 290
1694429709269 0.027513055374450392 291
1694429709334 0.005087653017021427 292
1694429709400 0.5004627109965064 293
1694429709466 0.3657895675484587 294
1694429709532 0.1451276536121149 295
1694429709598 0.007003099331745476 296
1694429709664 0.006013805262039066 297
1694429709729 0.056534418038932145 298
1694429709796 0.00013151227808666372 299
1694429709862 0.41395218961366176 300
1694429709927 0.2007896309867474 301
1694429709993 0.0067313385570648985 302
1694429710058 0.18996726789006346 303
1694429710124 0.13397053448531207 304
1694429710190 0.1035918051840534 305
1694429710255 0.08461382621940662 306
1694429710320 0.23708267470135286 307
1694429710386 0.4809316040429428 308
1694429710452 0.032971659736717486 309
1694429710517 0.025424057526037165 310
1694429710583 0.02391034095333247 311
1694429710648 0.46166786207259364 312
1694429710713 0.09847493218398168 313
1694429710777 0.3849273047409109 314
1694429710844 0.40142976472949116 315
1694429710909 0.08445983744811283 316
1694429710975 0.20997178420252174 317
1694429711040 0.42230472001565095 318
1694429711106 0.020687479612086238 319
1694429711172 0.20252594206648494 320
1694429711238 0.5142477575559694 321
1694429711305 0.3366743091311168 322
1694429711370 0.027001263368352537 323
1694429711435 0.014955324760161277 324
1694429711501 0.15873301928332934 325
1694429711567 0.003752211102738406 326
1694429711633 0.15884067940383514 327
1694429711698 0.08217377947090823 328
1694429711763 0.4187823933541205 329
1694429711829 0.012179214939746332 330
1694429711894 0.6028167062312275 331
1694429711960 0.39230234072820447 332
1694429712026 0.7987936285860904 333
1694429712091 0.6120013652452636 334
1694429712158 1.46949213453442 335
1694429712223 0.29736440213899445 336
1694429712288 0.03363841360533047 337
1694429712352 0.7165047055806076 338
1694429712418 0.41697160788829085 339
1694429712486 0.26755688021423807 340
1694429712551 0.0680328865404114 341
1694429712617 0.12338454965803228 342
1694429712683 0.4689212984361064 343
1694429712749 0.357378837029858 344
1694429712815 0.6210006987962218 345
1694429712881 0.2648800147250024 346
1694429712947 0.17368799493875223 347
1694429713013 0.6396818888376743 348
1694429713078 0.015096580226963842 349
1694429713144 0.015510247393852658 350
1694429713208 0.31092598509510394 351
1694429713274 0.172892468677955 352
1694429713340 0.21324135756782975 353
1694429713406 0.14523186194340795 354
1694429713470 0.14383299987844606 355
1694429713536 0.9751851429329194 356
1694429713602 0.03487001251809517 357
1694429713670 0.23978047894876606 358
1694429713735 0.1706836783373027 359
1694429713801 0.40024668069319536 360
1694429713866 0.007880511751598892 361
1694429713933 0.6730441711187778 362
1694429713999 0.0036463060630684153 363
1694429714066 0.2798957278988626 364
1694429714131 0.05780235339468295 365
1694429714198 0.00048445814414688817 366
1694429714263 0.7005314043412817 367
1694429714328 0.2613471933505376 368
1694429714393 0.03355834243692831 369
1694429714460 0.12425717712537093 370
1694429714526 0.20244657282910572 371
1694429714590 0.013150257708011745 372
1694429714657 0.5639024327190141 373
1694429714722 0.11688121298065052 374
1694429714787 0.2597773088328798 375
1694429714851 0.3563714581447162 376
1694429714917 0.7941622707720818 377
1694429714981 0.30452119187668325 378
1694429715047 0.3441862384698286 379
1694429715113 0.6576859684064343 380
1694429715179 0.2585453017884698 381
1694429715245 0.1677930527277126 382
1694429715310 0.03382649551319008 383
1694429715375 0.5003673662999313 384
1694429715445 0.08812398436985579 385
1694429715512 0.31954333086100434 386
1694429715577 0.40389918542440606 387
1694429715644 0.46557980477623606 388
1694429715710 0.26447714512086995 389
1694429715775 0.2335425614368575 390
1694429715843 0.19164279467298537 391
1694429715908 0.00974737194633737 392
1694429715974 0.4245908649853257 393
1694429716039 0.2475824318337162 394
1694429716105 0.7029044442856821 395
1694429716170 1.0663507256127922 396
1694429716236 0.3461597871333613 397
1694429716302 0.4655707832044554 398
1694429716367 0.29231650586834584 399
1694429716433 0.04952664021088566 400
1694429716499 0.11448245570958573 401
1694429716565 0.27798032954361823 402
1694429716630 0.0075369415393304945 403
1694429716696 0.2591891484167975 404
1694429716762 1.0420297760139015 405
1694429716828 0.26726790279683543 406
1694429716895 0.6041628696745124 407
1694429716960 0.002435464285487924 408
1694429717026 0.0850682943178941 409
1694429717091 0.19826903008118385 410
1694429717162 0.023654158103566122 411
1694429717228 0.05949968115614662 412
1694429717293 1.4006276856944058 413
1694429717360 0.2558022800741813 414
1694429717426 0.1557697428931047 415
1694429717492 0.175923674951553 416
1694429717558 0.2206719123428898 417
1694429717623 0.11854089139074643 418
1694429717688 0.18954135470679384 419
1694429717754 0.19683190759701438 420
1694429717820 0.0022665030040451392 421
1694429717886 0.2162604565268823 422
1694429717954 0.14330528315936222 423
1694429718029 0.007984451452082089 424
1694429718095 0.25791898091776944 425
1694429718161 0.31301302072934983 426
1694429718226 0.34877508874353413 427
1694429718292 0.18515236061436238 428
1694429718357 0.1199009622252261 429
1694429718423 0.3915677256636512 430
1694429718488 0.5625729313718594 431
1694429718555 0.2716002710622465 432
1694429718620 0.4261115807926188 433
1694429718687 0.6241931869110398 434
1694429718752 0.4693770245877318 435
1694429718818 0.2737171799618639 436
1694429718886 0.0731063191241611 437
1694429718951 0.26307936905464374 438
1694429719018 0.10971181140611565 439
1694429719083 0.003076430756947329 440
1694429719149 0.05556402327333062 441
1694429719213 0.06293433222881414 442
1694429719279 0.1807902242323099 443
1694429719344 0.028740097765032727 444
1694429719409 0.9263240283016544 445
1694429719476 0.09403341094764264 446
1694429719541 0.023835971431179114 447
1694429719606 0.31150319258062803 448
1694429719673 0.1323643964526264 449
1694429719739 0.12738558079786474 450
1694429719805 0.63026552494419 451
1694429719870 0.3366842685570787 452
1694429719936 0.2615921526427935 453
1694429720002 0.4861230379627881 454
1694429720066 0.400976093148093 455
1694429720132 0.4130842178581351 456
1694429720198 1.0159436036699594 457
1694429720264 0.5661869181573795 458
1694429720332 0.012195119937151517 459
1694429720398 0.26745208831144596 460
1694429720466 0.12593079093133885 461
1694429720532 0.2949262529067048 462
1694429720598 0.5403037686838511 463
1694429720663 0.3461308026268754 464
1694429720729 0.06637325757877877 465
1694429720796 0.5473124189201066 466
1694429720861 0.260080269706986 467
1694429720927 0.9111234162188256 468
1694429720993 0.862923125467141 469
1694429721061 0.005304357911778825 470
1694429721126 0.22346518634643028 471
1694429721192 0.011733945043448301 472
1694429721258 0.2700596351986635 473
1694429721323 1.1998663525015518 474
1694429721390 0.11967374909470548 475
1694429721456 0.04099392644697959 476
1694429721522 0.4236012077030277 477
1694429721589 0.7034007492821128 478
1694429721653 0.3309117556640969 479
1694429721719 0.17386568286046541 480
1694429721784 0.4399237195676295 481
1694429721849 0.0033749023717901355 482
1694429721915 0.01604046071222013 483
1694429721981 0.7064760085463986 484
1694429722045 0.023102953223121968 485
1694429722111 0.5341358502346387 486
1694429722185 0.26474159179152423 487
1694429722251 1.5498933200346545 488
1694429722317 0.05684051059317671 489
1694429722382 0.5848063488417548 490
1694429722448 0.21183434815946312 491
1694429722514 0.3822618355280959 492
1694429722580 0.41570836974132636 493
1694429722647 1.2342168909761704 494
1694429722712 0.20317975438438696 495
1694429722776 0.0026563394632884525 496
1694429722842 0.3594048869385595 497
1694429722909 0.4414853213646395 498
1694429722974 0.45817869353289514 499
