1694436180146 0.16386788770760977 0
1694436180224 0.0030133462014899663 1
1694436180308 0.7770844893073829 2
1694436180388 0.0022581004440070996 3
1694436180480 0.14083981116083394 4
1694436180563 0.08899271492151363 5
1694436180636 0.002114472652340754 6
1694436180710 6.7025809311649795e-06 7
1694436180787 0.4448455564250163 8
1694436180860 0.010675834806336961 9
1694436180933 0.05287988241229594 10
1694436181006 0.7693358859503507 11
1694436181082 0.18957929216647781 12
1694436181157 0.12331942963018173 13
1694436181231 0.07501625139776036 14
1694436181329 0.18692799776020513 15
1694436181405 0.029331530635784787 16
1694436181479 0.24664128557154497 17
1694436181552 0.09365833839649382 18
1694436181625 0.08434693346122564 19
1694436181701 0.07249343988924765 20
1694436181774 0.10967226537564256 21
1694436181848 0.2117980132450939 22
1694436181923 0.12320301231842415 23
1694436182005 0.04811039868461069 24
1694436182081 0.04493147501313603 25
1694436182154 5.126267291051018e-07 26
1694436182229 2.0746688090436256e-06 27
1694436182305 0.05986459446996207 28
1694436182383 0.15219825322307062 29
1694436182456 0.01032734617162666 30
1694436182530 0.09543114898356966 31
1694436182605 0.14162652269768075 32
1694436182680 0.026830569921716837 33
1694436182754 0.723830813219183 34
1694436182830 0.040740125952723645 35
1694436182905 0.022456940859288795 36
1694436182978 0.07665198561428295 37
1694436183055 0.1080799400638109 38
1694436183129 2.157488065173977e-07 39
1694436183204 0.12350272798076704 40
1694436183278 0.005635706507916602 41
1694436183352 0.1310115030496532 42
1694436183432 0.05262199805615363 43
1694436183508 0.040789881229438586 44
1694436183582 0.13030508569778151 45
1694436183658 0.00685602270382447 46
1694436183734 0.04546542399987883 47
1694436183810 0.17038709797532697 48
1694436183884 0.4893006680693172 49
1694436183957 0.008145169871702851 50
1694436184031 0.0950393388748157 51
1694436184106 0.27232113453306267 52
1694436184179 0.048658596316400654 53
1694436184252 0.10176858791036723 54
1694436184327 0.022973802220058393 55
1694436184402 0.24463106534183346 56
1694436184476 0.0406276308497019 57
1694436184550 0.33662964149419516 58
1694436184627 0.07099671710920154 59
1694436184703 0.12626976750740396 60
1694436184779 0.004445047110636969 61
1694436184853 0.46821576266528586 62
1694436184927 0.004759354859883003 63
1694436185001 0.05529995450616272 64
1694436185076 0.0809250470442096 65
1694436185152 0.04108543912989377 66
1694436185227 0.23506427934076565 67
1694436185299 0.04800771640982936 68
1694436185374 0.0692317538615164 69
1694436185449 0.015101929953825062 70
1694436185524 0.733772452134357 71
1694436185596 0.017760955805933003 72
1694436185672 0.07617138902530093 73
1694436185749 0.07161291635291307 74
1694436185824 0.09871118157224675 75
1694436185897 4.763634558573121e-06 76
1694436185971 0.00562607382633953 77
1694436186045 0.0046388208635042396 78
1694436186121 0.007500955748606208 79
1694436186194 0.0045841047107807896 80
1694436186267 0.24198685934886074 81
1694436186349 0.06591615627651663 82
1694436186423 0.16182999714677707 83
1694436186494 0.19963267595367645 84
1694436186567 0.0008813902450216068 85
1694436186642 0.013006096451811184 86
1694436186715 0.008353973214251577 87
1694436186789 0.5196234331967761 88
1694436186862 0.5223369827816879 89
1694436186935 0.13932656098101148 90
1694436187008 0.14897229346930724 91
1694436187084 0.010059713289991619 92
1694436187161 0.006351816113404586 93
1694436187235 0.009760508822406177 94
1694436187308 0.004506840239320147 95
1694436187381 0.19853797774075335 96
1694436187456 7.115605841248592e-05 97
1694436187530 0.06209884331423738 98
1694436187603 0.013999923458780584 99
1694436187679 0.03482248746633927 100
1694436187754 0.47457721545658954 101
1694436187829 0.0025413649331010916 102
1694436187902 0.07400798287081008 103
1694436187978 0.0042604373320984925 104
1694436188054 0.143255010673557 105
1694436188127 0.0449146604315842 106
1694436188201 0.24892343350734275 107
1694436188276 0.03788204020548122 108
1694436188351 1.0641538341338201 109
1694436188425 0.1825990463341247 110
1694436188498 6.728747428605911e-05 111
1694436188582 0.004672734262325522 112
1694436188656 0.0361209878208035 113
1694436188731 0.12494941468423246 114
1694436188805 0.06129564628857954 115
1694436188888 0.02550047178809839 116
1694436188964 0.6571316237934488 117
1694436189037 0.17040819974529017 118
1694436189112 0.005117167774397812 119
1694436189187 0.25001297590691746 120
1694436189263 0.08021224968970515 121
1694436189336 0.005745427225378411 122
1694436189409 0.06505132248820017 123
1694436189485 0.06764951025505504 124
1694436189560 0.09941862073722503 125
1694436189632 0.007179495507899727 126
1694436189706 0.05615525978970367 127
1694436189786 0.006372457413431875 128
1694436189858 0.2297588603267483 129
1694436189934 0.024727184147278286 130
1694436190007 0.017308253486197904 131
1694436190082 0.12114455625814893 132
1694436190156 0.0004046696068213783 133
1694436190229 0.03990731197856662 134
1694436190303 0.13315084199258567 135
1694436190379 0.00010214001365702416 136
1694436190454 0.010157914625903952 137
1694436190526 3.89641768477954e-05 138
1694436190601 0.03470257933031381 139
1694436190677 0.003041968021551487 140
1694436190755 0.057205069214954704 141
1694436190828 0.003429791601121898 142
1694436190902 0.638304124329303 143
1694436190978 0.0027137465522284274 144
1694436191050 0.021198340302015346 145
1694436191125 0.019593466764435692 146
1694436191201 0.12738737826767965 147
1694436191276 0.035020566008752335 148
1694436191350 0.28834860564774256 149
1694436191426 0.028770968630840763 150
1694436191499 0.15183902547296102 151
1694436191574 0.14144133870059908 152
1694436191648 0.056996744906696185 153
1694436191722 0.003467129379899605 154
1694436191795 0.1348223056486133 155
1694436191870 0.0025481770593689325 156
1694436191943 0.007840040261290617 157
1694436192016 0.0026404614783745992 158
1694436192091 0.037066326710007945 159
1694436192163 0.2614840368713274 160
1694436192238 4.6387837890456076e-05 161
1694436192312 0.009766770068813317 162
1694436192391 0.06909535732459492 163
1694436192467 0.0599081151561702 164
1694436192539 0.10749782989338079 165
1694436192613 0.18656452862953848 166
1694436192689 0.10585834572199283 167
1694436192761 0.07067800183486718 168
1694436192836 0.27296659484037794 169
1694436192912 0.002285040845418769 170
1694436192988 0.017977743704002503 171
1694436193061 0.14873729154070175 172
1694436193137 0.07655901864862615 173
1694436193213 0.01380244112006475 174
1694436193289 0.020864369368252852 175
1694436193361 0.34535270992593264 176
1694436193437 0.798552694742915 177
1694436193510 0.023672957602860083 178
1694436193585 0.0022834700247075525 179
1694436193659 0.14188904899279078 180
1694436193734 0.11942602782128163 181
1694436193810 0.01749290411748573 182
1694436193883 0.2698190923583264 183
1694436193954 0.23724997728799357 184
1694436194032 0.12306258424113192 185
1694436194115 0.012998326430628435 186
1694436194191 0.0015038926813501921 187
1694436194263 0.02269827519156166 188
1694436194337 0.022600027679445803 189
1694436194413 0.01065151284861325 190
1694436194489 0.008650361684315207 191
1694436194562 0.006530718732098151 192
1694436194636 6.631723617769872e-07 193
1694436194710 0.005117602040048191 194
1694436194785 0.02140268101960469 195
1694436194858 0.002509602771842633 196
1694436194934 0.0006276747107059646 197
1694436195010 0.10168109216265503 198
1694436195083 0.4590166512971132 199
1694436195156 0.29830734154553934 200
1694436195232 0.00017703776907611955 201
1694436195312 0.0448393010966128 202
1694436195385 0.06512040873801708 203
1694436195460 3.6606614571616926e-05 204
1694436195537 0.3076660397519856 205
1694436195611 0.015837433205944045 206
1694436195684 0.20611953552061274 207
1694436195759 0.14107515248520341 208
1694436195838 0.5757243418946923 209
1694436195913 0.0019148773902066798 210
1694436195986 0.03361824997569806 211
1694436196062 0.20943370017025575 212
1694436196135 0.0003690191802709805 213
1694436196210 0.10039640461479607 214
1694436196283 0.06756224504397426 215
1694436196356 0.01158764539303401 216
1694436196429 0.1541726627604467 217
1694436196504 0.015953028738487196 218
1694436196576 0.012367014821540458 219
1694436196651 1.0601621678830924e-05 220
1694436196727 0.39840874136445176 221
1694436196805 0.0003787849670091698 222
1694436196876 0.0012403887208750778 223
1694436196950 0.014202082460580762 224
1694436197026 0.07810950523099715 225
1694436197099 0.002430470863410629 226
1694436197175 0.02206458386893325 227
1694436197251 0.02278071140197837 228
1694436197325 0.001631290724693057 229
1694436197399 0.23317815479664342 230
1694436197473 0.08771568586515963 231
1694436197550 0.08944748505885605 232
1694436197630 0.31075051684880023 233
1694436197703 0.03112139671461168 234
1694436197777 0.08639382327696936 235
1694436197850 0.0010603731009149369 236
1694436197926 0.0534114783639809 237
1694436197999 0.04051450923568078 238
1694436198072 0.07211472192181341 239
1694436198145 0.17613757769314276 240
1694436198218 0.018197730580468884 241
1694436198292 0.08435678772733764 242
1694436198366 0.08533483592995074 243
1694436198440 0.0037546573670043997 244
1694436198513 0.1908249885736736 245
1694436198585 0.004192648168635736 246
1694436198667 0.0041558823039237365 247
1694436198742 0.023614763390688843 248
1694436198815 0.14540861295724694 249
1694436198889 1.4473958796093075e-06 250
1694436198964 0.007668204572171301 251
1694436199040 0.24494076252729333 252
1694436199112 0.0931271405763885 253
1694436199189 0.009930568763213103 254
1694436199262 0.48043415084644486 255
1694436199341 0.16949110627709438 256
1694436199425 0.00010591870078297203 257
1694436199503 0.4683981443129572 258
1694436199580 0.021044097723369723 259
1694436199663 0.32945504986332574 260
1694436199739 0.25823588815717075 261
1694436199812 0.2835283968232987 262
1694436199890 0.38588567836173954 263
1694436199965 0.13437899575074286 264
1694436200043 0.007376751238101247 265
1694436200117 0.03300697260681644 266
1694436200190 0.014395339845717732 267
1694436200268 0.3793887987736727 268
1694436200341 0.07495872567013427 269
1694436200413 5.837489784455148e-05 270
1694436200488 0.14507192886901407 271
1694436200562 0.0008142430831393351 272
1694436200634 0.07921319783128893 273
1694436200706 0.00023073087571371493 274
1694436200781 0.06280032641164164 275
1694436200855 0.06386710237175479 276
1694436200932 0.6366479494730042 277
1694436201005 1.9817376442686054e-05 278
1694436201082 0.004456036766161568 279
1694436201155 0.0640200781341837 280
1694436201228 0.008751904952503583 281
1694436201301 0.01575991449845191 282
1694436201376 0.2533727228063709 283
1694436201451 0.04347647005764052 284
1694436201525 0.030204122717893946 285
1694436201598 0.09270367616960293 286
1694436201673 0.08338038306945326 287
1694436201746 0.10400894459739465 288
1694436201819 0.01934350589306246 289
1694436201897 0.00413836808271056 290
1694436201973 0.15187074010793536 291
1694436202047 0.01782988232809535 292
1694436202120 0.15990303855147273 293
1694436202193 0.2699686517244591 294
1694436202268 0.05436367020511899 295
1694436202341 0.024159932128054184 296
1694436202415 0.07519755630429488 297
1694436202489 0.4051322593454872 298
1694436202564 0.11558189524795537 299
1694436202640 0.019760051515974444 300
1694436202715 0.003192070337632239 301
1694436202790 0.714331177143791 302
1694436202866 0.13559155654130983 303
1694436202938 0.8342981605992955 304
1694436203013 0.2168858752942436 305
1694436203085 0.1471651893453544 306
1694436203160 0.12074491438781565 307
1694436203232 0.004770505308034488 308
1694436203307 0.02725787319298405 309
1694436203382 4.0527863000041336e-05 310
1694436203457 0.0033985405180035995 311
1694436203529 0.024015919352920207 312
1694436203603 0.0007379987170063166 313
1694436203678 0.038891835546979246 314
1694436203751 0.3627348030349177 315
1694436203825 0.3004221388715887 316
1694436203901 0.21391767528214195 317
1694436203976 0.0689509837002699 318
1694436204048 0.09749038647808674 319
1694436204125 0.40832180743200236 320
1694436204200 0.3046970736294985 321
1694436204273 0.016249406105841153 322
1694436204348 0.024107701914613488 323
1694436204424 0.00026721722808869337 324
1694436204496 0.5113079701724713 325
1694436204571 0.020289878816374847 326
1694436204645 0.10878407650677509 327
1694436204719 0.18589376777208927 328
1694436204794 0.06405041360535882 329
1694436204869 0.4047533405123983 330
1694436204942 1.0983735580823086 331
1694436205018 0.00016174753400418395 332
1694436205092 0.023044737402200074 333
1694436205167 0.0024576686483638393 334
1694436205245 0.008154108120041706 335
1694436205318 0.07064461253665884 336
1694436205394 0.004908165522230376 337
1694436205468 0.0003833652977859982 338
1694436205541 0.0007128428454025285 339
1694436205616 0.012322773152848998 340
1694436205688 0.042711033086616425 341
1694436205763 0.11648076574084769 342
1694436205836 0.10161710022072916 343
1694436205908 0.004162853610007381 344
1694436205984 0.061329019121629906 345
1694436206055 0.0007817919418774257 346
1694436206134 0.06819731870999651 347
1694436206210 0.0036917630143940543 348
1694436206284 0.035434173625745934 349
1694436206356 0.015646360872042693 350
1694436206430 0.00014673457322076744 351
1694436206505 0.5258489590127879 352
1694436206577 0.7347615955504796 353
1694436206649 0.007207251480034078 354
1694436206724 0.023260040479431362 355
1694436206798 0.05208307711139049 356
1694436206871 0.1426201753690794 357
1694436206951 0.009206156401977708 358
1694436207025 0.045511199336860805 359
1694436207099 2.9637449712951802e-05 360
1694436207172 0.005043475710066146 361
1694436207248 0.49122643217080986 362
1694436207324 0.17785247065939797 363
1694436207397 0.03151327186951375 364
1694436207471 0.17763374333567644 365
1694436207548 0.03069369477775969 366
1694436207621 0.0756625554314758 367
1694436207697 0.0025769179046328168 368
1694436207771 0.002829250358756284 369
1694436207853 0.013355415509211866 370
1694436207928 0.8482797252070768 371
1694436208002 0.2218060901669258 372
1694436208074 0.254718471524945 373
1694436208148 0.060177447494582904 374
1694436208224 0.04482223758618948 375
1694436208297 0.004096010288365603 376
1694436208370 0.07248786683025267 377
1694436208446 0.011739517466699347 378
1694436208519 0.01355209343998719 379
1694436208592 0.0673684502082169 380
1694436208669 0.024528311666936333 381
1694436208745 0.04153931229801055 382
1694436208820 0.0012237382934987009 383
1694436208892 0.089137192266272 384
1694436208967 0.004410309158595216 385
1694436209042 0.00023643138365183347 386
1694436209117 0.05474075847682383 387
1694436209191 0.005747792838927831 388
1694436209266 1.7819859978008886e-07 389
1694436209343 0.11623562803843125 390
1694436209417 0.00016313111230533642 391
1694436209491 0.025612727084920402 392
1694436209568 0.1589404843018651 393
1694436209643 0.0668284121175186 394
1694436209719 0.003049125386652196 395
1694436209792 0.08981002464484165 396
1694436209865 0.04512009715722121 397
1694436209938 0.16804210340125436 398
1694436210015 0.5785794004840719 399
1694436210088 0.1356188531367162 400
1694436210163 0.033888927988300205 401
1694436210237 0.04469100373879879 402
1694436210312 0.10081520316184107 403
1694436210387 0.07229873877418269 404
1694436210464 0.23847990584423995 405
1694436210537 0.05650987235550434 406
1694436210612 0.03139155067857242 407
1694436210685 1.084432139691187 408
1694436210763 0.6427110233882485 409
1694436210836 0.3207369125628829 410
1694436210909 0.11541768002582918 411
1694436210983 0.16995712182386552 412
1694436211058 0.002809299356463764 413
1694436211132 0.136205930262795 414
1694436211204 0.12308995550559483 415
1694436211280 0.008109242779817422 416
1694436211353 0.2008554211805866 417
1694436211428 0.04032423437349165 418
1694436211502 0.08825544603846619 419
1694436211575 0.020004214452492126 420
1694436211650 0.07908069233074039 421
1694436211726 0.023172566395244537 422
1694436211800 1.7139293907619366 423
1694436211878 0.09155749813449106 424
1694436211953 0.026710763271303863 425
1694436212033 0.28028945374145164 426
1694436212116 0.27634476085468995 427
1694436212192 0.4089800431021875 428
1694436212268 0.04945009504153707 429
1694436212342 0.017711928114967312 430
1694436212418 0.002377804014812924 431
1694436212493 0.006107647013264703 432
1694436212567 0.022786348609776325 433
1694436212642 0.005073857794065331 434
1694436212715 0.0019267977646373604 435
1694436212789 0.000405514987512398 436
1694436212864 0.0019281515634239105 437
1694436212939 0.15946393321368535 438
1694436213019 0.1691439848259738 439
1694436213098 0.009697562301211249 440
1694436213174 0.00974196208323688 441
1694436213250 0.4411671620791105 442
1694436213323 0.12249990716482093 443
1694436213396 0.7277477498819682 444
1694436213473 0.11473569129798161 445
1694436213547 0.0408272987276749 446
1694436213619 0.018488782854903126 447
1694436213691 0.02332999879347281 448
1694436213766 0.1288439898402318 449
1694436213837 0.15354086272621795 450
1694436213917 0.030322874264308363 451
1694436213992 0.06372574092339656 452
1694436214066 0.08040776393397826 453
1694436214139 0.004166323161505938 454
1694436214213 0.026811097098613807 455
1694436214288 0.07507343130763822 456
1694436214363 0.10620019902985069 457
1694436214435 0.2812561230082411 458
1694436214517 0.015385151402099045 459
1694436214591 0.37485143746747507 460
1694436214667 3.257477900043652e-05 461
1694436214744 0.04478586847449578 462
1694436214820 0.027799239117787977 463
1694436214895 0.7660986725626516 464
1694436214980 0.0177045047680249 465
1694436215057 0.09224989975025512 466
1694436215131 0.3348023974745697 467
1694436215205 0.00012764521677668698 468
1694436215279 0.02704237966568809 469
1694436215353 0.009602502646631355 470
1694436215426 0.1136355944543852 471
1694436215501 0.005174779534083508 472
1694436215577 0.19272400468720247 473
1694436215653 0.110888887417522 474
1694436215727 0.003726688355806694 475
1694436215802 0.037168335592739646 476
1694436215883 0.06357402881905373 477
1694436215955 0.0411651715947548 478
1694436216031 0.006159746782931122 479
1694436216103 0.019764533100251863 480
1694436216180 0.10353606341486629 481
1694436216251 0.038558193653375226 482
1694436216325 0.013695158912792674 483
1694436216400 0.13437392176613483 484
1694436216478 0.0004097682821860555 485
1694436216550 0.019016178146544924 486
1694436216622 0.080108627048123 487
1694436216695 0.07062570605128982 488
1694436216769 0.1140414006818981 489
1694436216840 0.13039031995819136 490
1694436216915 0.00024188231735629124 491
1694436216988 0.009814082337132005 492
1694436217060 0.15828896743941853 493
1694436217136 0.27343400601379686 494
1694436217212 0.013648396188132359 495
1694436217287 0.35689783906176986 496
1694436217362 1.3356313749396368e-05 497
1694436217435 0.016777084717076958 498
1694436217509 0.09531640401674991 499
