1694428601146 171.8614540614871 0
1694428601163 170.43845439947592 1
1694428601180 172.27784081226 2
1694428601200 174.9344887153116 3
1694428601219 176.31499479041176 4
1694428601239 166.71530818486113 5
1694428601258 161.77315310731117 6
1694428601278 166.39503399164533 7
1694428601298 165.95472175022434 8
1694428601320 165.9084684229209 9
1694428601342 166.1512435616525 10
1694428601360 172.5247606770806 11
1694428601375 173.26954760195824 12
1694428601390 163.8518906382472 13
1694428601404 162.82003772504464 14
1694428601420 170.8044352060618 15
1694428601434 169.18619447476513 16
1694428601449 168.304992340454 17
1694428601467 171.8929932216457 18
1694428601482 169.09808073565122 19
1694428601496 171.9658440546436 20
1694428601511 166.54290649405698 21
1694428601526 170.88259180738302 22
1694428601540 166.3436494387724 23
1694428601554 166.49238309549537 24
1694428601573 165.33678200166443 25
1694428601588 171.48524674675693 26
1694428601604 168.95912061373974 27
1694428601622 165.65533602092555 28
1694428601639 169.88004210873083 29
1694428601653 170.36458295223557 30
1694428601669 168.25924027026036 31
1694428601683 175.06183241812113 32
1694428601698 168.99169550872853 33
1694428601712 166.52959390181488 34
1694428601727 166.76854345036685 35
1694428601742 170.76611306078544 36
1694428601756 169.02848719329012 37
1694428601771 167.59181303164743 38
1694428601786 169.29240781078332 39
1694428601800 166.91142963837152 40
1694428601815 163.838416760368 41
1694428601830 166.42635604502377 42
1694428601844 168.7838736124898 43
1694428601859 169.4220441238256 44
1694428601874 164.84469589910105 45
1694428601888 172.39384583439596 46
1694428601902 166.4409614458844 47
1694428601916 169.4143735494528 48
1694428601931 166.41661862281677 49
1694428601946 164.90585554169743 50
1694428601961 171.42987843846612 51
1694428601976 164.42530338245368 52
1694428601991 169.37082204931653 53
1694428602006 169.4886697548546 54
1694428602024 168.24283680303193 55
1694428602039 164.79879666282983 56
1694428602054 166.87572936824856 57
1694428602070 171.06831063339908 58
1694428602084 172.92727456705776 59
1694428602099 169.4559949453813 60
1694428602113 169.980295138347 61
1694428602128 166.48137973539147 62
1694428602142 168.18433837243998 63
1694428602157 168.42478181705687 64
1694428602171 167.5911642465961 65
1694428602186 165.98871184349443 66
1694428602201 168.0298592222089 67
1694428602215 173.243863472602 68
1694428602230 170.9307742449752 69
1694428602245 168.58294077949546 70
1694428602259 169.01157034690513 71
1694428602274 170.62533222197317 72
1694428602289 169.05830875011014 73
1694428602304 169.43276225198932 74
1694428602321 164.58584778623305 75
1694428602338 169.17705948079325 76
1694428602355 167.37184362727604 77
1694428602370 171.6553817768291 78
1694428602385 172.24915530553795 79
1694428602400 172.63286520638056 80
1694428602415 165.37302146215976 81
1694428602430 168.75322621389287 82
1694428602444 164.991083192 83
1694428602459 171.96930924952767 84
1694428602474 164.29275140718931 85
1694428602488 169.84588310163332 86
1694428602503 171.5592082266306 87
1694428602517 171.257241111802 88
1694428602532 165.90413702103623 89
1694428602547 168.1383985966459 90
1694428602561 165.6324733320396 91
1694428602576 167.8678860616084 92
1694428602591 166.50754464102104 93
1694428602606 174.47177282000055 94
1694428602621 167.39237007225285 95
1694428602635 171.43412356919768 96
1694428602651 169.46360078416814 97
1694428602665 168.07232328989292 98
1694428602680 170.59727865811485 99
1694428602695 171.99163316227683 100
1694428602710 171.0477216042124 101
1694428602725 168.90793754932716 102
1694428602739 170.2422289209335 103
1694428602756 168.53414622976248 104
1694428602773 168.09220813757113 105
1694428602792 166.8190435655888 106
1694428602807 170.94504124610313 107
1694428602822 159.9431898323709 108
1694428602837 173.45580761468892 109
1694428602852 169.62436512540535 110
1694428602867 168.2379915432684 111
1694428602881 167.86619919161086 112
1694428602896 162.4898652663967 113
1694428602912 168.926526606377 114
1694428602927 168.9936831930937 115
1694428602942 168.11819898193798 116
1694428602959 166.86667913001966 117
1694428602978 169.57396838048703 118
1694428602993 170.05269965200299 119
1694428603008 172.45529676156573 120
1694428603023 168.7413554689136 121
1694428603037 164.96394750861626 122
1694428603053 167.26458083485593 123
1694428603071 170.41210890454838 124
1694428603087 166.06598798155457 125
1694428603101 169.4037048969624 126
1694428603116 166.20897403373843 127
1694428603134 168.32671295957212 128
1694428603150 171.43365827189993 129
1694428603165 174.06199159023208 130
1694428603180 169.0867898679563 131
1694428603194 165.62178242356154 132
1694428603209 164.1022282767213 133
1694428603223 169.16023822040515 134
1694428603238 162.85752657179367 135
1694428603253 173.59775425043026 136
1694428603267 165.60003665619988 137
1694428603282 167.2200233608772 138
1694428603297 165.282342740531 139
1694428603313 162.59928897691154 140
1694428603328 169.93383616163902 141
1694428603343 168.4356083744245 142
1694428603358 167.10892117169936 143
1694428603373 167.92747514713224 144
1694428603387 173.70977817689058 145
1694428603402 168.04419091769654 146
1694428603417 166.77556669071507 147
1694428603434 174.31877341955806 148
1694428603453 170.29469801918123 149
1694428603471 167.35808643635696 150
1694428603486 170.97682912987625 151
1694428603501 173.06368123231576 152
1694428603516 164.9276474814752 153
1694428603530 163.18918161831647 154
1694428603545 163.99308189252028 155
1694428603560 169.2337486834058 156
1694428603575 164.75876567920687 157
1694428603590 168.24228115541146 158
1694428603605 173.4312691628139 159
1694428603620 164.88668047228398 160
1694428603635 165.3799071365597 161
1694428603650 170.44640868064815 162
1694428603666 168.32542978073033 163
1694428603681 167.72985050985764 164
1694428603696 167.91463473621573 165
1694428603711 167.22411061681757 166
1694428603726 170.029232280712 167
1694428603741 169.53209521194822 168
1694428603756 168.57496095447695 169
1694428603770 167.98130100135924 170
1694428603785 166.76631402880187 171
1694428603800 171.35104226939453 172
1694428603814 173.57362636382655 173
1694428603829 167.8911915899053 174
1694428603846 173.56954241468364 175
1694428603861 173.92492701841948 176
1694428603876 168.55907108026412 177
1694428603896 172.19216864965452 178
1694428603912 169.92563672395346 179
1694428603927 166.80337385225485 180
1694428603942 167.55724061928325 181
1694428603957 171.00867632156607 182
1694428603971 165.72991326709305 183
1694428603986 174.46992247116853 184
1694428604001 167.9007750370357 185
1694428604015 171.70790637984175 186
1694428604030 164.41212259785365 187
1694428604044 166.4626038386759 188
1694428604059 168.2972201696537 189
1694428604074 165.622265135736 190
1694428604089 168.80760066094172 191
1694428604104 166.30111276395564 192
1694428604118 164.4330451880991 193
1694428604133 170.4023480031668 194
1694428604148 168.39537225952316 195
1694428604163 168.53906925891633 196
1694428604177 168.30131364219474 197
1694428604191 166.93497263568366 198
1694428604206 168.071174516942 199
1694428604221 173.69134546060195 200
1694428604236 177.2534872260203 201
1694428604250 168.00332284251334 202
1694428604265 166.2810372218273 203
1694428604279 166.33302318842718 204
1694428604295 165.99744429131906 205
1694428604309 172.5791757069731 206
1694428604324 169.14243426861435 207
1694428604339 169.12710059662825 208
1694428604354 166.75161973874938 209
1694428604368 170.4370040139905 210
1694428604384 171.92467107998024 211
1694428604399 169.08651235292936 212
1694428604414 169.59169926193675 213
1694428604429 168.34572911311906 214
1694428604444 165.33307971339403 215
1694428604458 169.00826773991017 216
1694428604473 165.27011034445192 217
1694428604488 171.65287301719226 218
1694428604503 170.65889580614862 219
1694428604518 165.80803127027357 220
1694428604536 172.12469043590272 221
1694428604553 166.59162522832543 222
1694428604572 168.09059600659342 223
1694428604589 167.247529733354 224
1694428604603 173.2993405095247 225
1694428604619 166.49444670354725 226
1694428604634 171.2193942278868 227
1694428604650 168.8506585859263 228
1694428604665 169.93624623217218 229
1694428604679 167.1209400355627 230
1694428604694 169.40567802439426 231
1694428604709 169.3090064392677 232
1694428604723 168.82270564600012 233
1694428604738 168.51121124672338 234
1694428604753 171.83341394312566 235
1694428604768 166.4217990899342 236
1694428604782 171.1991816250748 237
1694428604797 169.6130244551986 238
1694428604812 169.55005952144364 239
1694428604826 170.773788108842 240
1694428604842 169.66969643192056 241
1694428604856 167.1001814478318 242
1694428604870 167.93712903471456 243
1694428604885 170.70790337846447 244
1694428604900 172.3985827934252 245
1694428604914 171.30820863322387 246
1694428604929 167.49830952744517 247
1694428604944 166.89269335418754 248
1694428604959 167.86259642822682 249
1694428604974 166.19404593203808 250
1694428604989 169.20154538281412 251
1694428605003 166.8852243881097 252
1694428605018 171.09968153785553 253
1694428605036 173.2860537239476 254
1694428605056 163.53512695804838 255
1694428605074 168.60230380744753 256
1694428605090 165.13378611959556 257
1694428605105 168.23600912191708 258
1694428605120 166.5981243090802 259
1694428605135 165.6622091599349 260
1694428605150 170.26093059041213 261
1694428605164 168.25289385338033 262
1694428605179 165.62748982139053 263
1694428605194 165.40192238260684 264
1694428605208 171.81768175244432 265
1694428605223 169.01424384896134 266
1694428605238 170.12319633491606 267
1694428605252 167.5131357184964 268
1694428605267 163.73517757749875 269
1694428605281 163.92597218243932 270
1694428605296 170.39810627351648 271
1694428605311 165.96978296570987 272
1694428605326 171.33154129276818 273
1694428605341 164.72174399869482 274
1694428605356 170.04652079392227 275
1694428605370 165.05725200168902 276
1694428605385 164.13063051104814 277
1694428605400 165.8704719378484 278
1694428605415 168.8277484396913 279
1694428605430 163.2113828528273 280
1694428605445 166.382231642589 281
1694428605459 166.20911033336694 282
1694428605473 172.8598852062656 283
1694428605488 171.9999785439784 284
1694428605503 165.49239476609273 285
1694428605518 166.7284067794874 286
1694428605532 171.72384575468192 287
1694428605547 170.48424615477325 288
1694428605561 169.4859110808252 289
1694428605576 168.88586749555594 290
1694428605591 163.717449339239 291
1694428605606 166.9026127160245 292
1694428605621 166.093684139256 293
1694428605637 173.73508028212618 294
1694428605654 166.26200616979418 295
1694428605670 172.16379495085542 296
1694428605686 173.77295063366373 297
1694428605701 168.2564452092979 298
1694428605715 169.43145798191927 299
1694428605730 167.89952281075313 300
1694428605745 168.51960336583156 301
1694428605760 172.6132193195114 302
1694428605775 165.91236454196581 303
1694428605789 165.4632464555339 304
1694428605804 168.67710015442728 305
1694428605818 165.53480854152204 306
1694428605833 171.22562036736798 307
1694428605848 162.23100555178513 308
1694428605862 168.78093227727481 309
1694428605877 159.1005351704305 310
1694428605892 166.35132891382426 311
1694428605907 167.16179051371915 312
1694428605922 172.3723687226399 313
1694428605936 170.50300779616572 314
1694428605951 163.87836857531525 315
1694428605967 167.8731289005389 316
1694428605981 169.81539493960537 317
1694428605996 167.07529093768977 318
1694428606011 167.39887249089549 319
1694428606025 169.76487048261873 320
1694428606039 170.12712492899502 321
1694428606054 165.37234769693123 322
1694428606069 174.9829176961304 323
1694428606084 166.20554244184277 324
1694428606099 166.9495225556901 325
1694428606114 168.57001397896192 326
1694428606128 169.2072167209528 327
1694428606143 168.57200361321176 328
1694428606158 170.0000486337464 329
1694428606177 170.80764338892277 330
1694428606197 164.02340676957192 331
1694428606215 166.8003341108349 332
1694428606230 170.33859481369066 333
1694428606244 165.03137127353054 334
1694428606259 166.15907214062855 335
1694428606273 167.65986414412336 336
1694428606288 164.58033532775102 337
1694428606303 166.90385268570125 338
1694428606318 170.42459148686493 339
1694428606333 171.78992041607822 340
1694428606348 168.7837639671408 341
1694428606363 168.15809924308354 342
1694428606378 166.25950536084935 343
1694428606393 169.22866039850686 344
1694428606407 171.93371188519956 345
1694428606422 167.01195508971608 346
1694428606437 166.39231349062769 347
1694428606452 167.49052245295061 348
1694428606467 169.48486387650513 349
1694428606481 171.1845191082807 350
1694428606496 168.5495853328682 351
1694428606511 169.77791035182472 352
1694428606525 169.02431394507485 353
1694428606540 171.71843491139563 354
1694428606555 169.94626273769433 355
1694428606569 164.83292358754852 356
1694428606584 175.605813113234 357
1694428606599 170.81770256257388 358
1694428606615 167.25622970651284 359
1694428606630 168.01542906992057 360
1694428606645 173.20877275123323 361
1694428606659 165.94435657392546 362
1694428606674 168.5546235311053 363
1694428606689 170.33769724244846 364
1694428606703 167.9261444489078 365
1694428606718 167.7611039533506 366
1694428606732 167.33861923129592 367
1694428606748 168.46881724804015 368
1694428606766 165.27016206226622 369
1694428606784 175.05410032491906 370
1694428606799 166.197024205387 371
1694428606814 165.80700508317645 372
1694428606829 165.0511606546441 373
1694428606843 163.7711432147603 374
1694428606858 170.0134669572445 375
1694428606873 169.25522475936324 376
1694428606887 170.90856249981613 377
1694428606902 165.9017862322494 378
1694428606917 169.62497577276196 379
1694428606931 168.8230668440204 380
1694428606946 168.67533876638694 381
1694428606963 167.5260687811978 382
1694428606978 171.77856170402706 383
1694428606993 170.09054130913563 384
1694428607008 169.22982782489103 385
1694428607023 167.13767963586278 386
1694428607037 167.34420476021668 387
1694428607052 169.23518592476466 388
1694428607068 171.6603263895331 389
1694428607083 173.30730099358647 390
1694428607098 162.02056275569572 391
1694428607113 167.88710309053 392
1694428607128 168.20813594769461 393
1694428607144 168.27867424861398 394
1694428607158 168.4839584328544 395
1694428607173 166.52368175250692 396
1694428607187 169.72383036683468 397
1694428607203 168.5803080162228 398
1694428607218 171.83331514543846 399
1694428607232 172.96193735176553 400
1694428607247 161.14283505630164 401
1694428607261 170.54736384827325 402
1694428607276 168.39879441328543 403
1694428607292 168.11901326784593 404
1694428607310 166.31625937501207 405
1694428607328 166.5477372455077 406
1694428607345 169.74779401342312 407
1694428607360 170.33486987438394 408
1694428607375 167.63963162137088 409
1694428607389 169.24421962126274 410
1694428607404 164.83063141601073 411
1694428607419 166.91591963636853 412
1694428607433 167.66692295681747 413
1694428607448 169.4626684455023 414
1694428607463 168.47063388106898 415
1694428607477 165.79028492277 416
1694428607492 169.85702273520624 417
1694428607506 165.91014600847728 418
1694428607521 169.22342915970827 419
1694428607535 169.8103159442264 420
1694428607550 169.80729758429808 421
1694428607564 169.1514425517254 422
1694428607579 170.97747842223538 423
1694428607594 166.83855441348655 424
1694428607609 167.8788965256055 425
1694428607624 173.86753336725178 426
1694428607639 167.7010185693854 427
1694428607654 168.09030848837193 428
1694428607668 167.0831134857286 429
1694428607683 167.32233099902442 430
1694428607698 167.2926643243454 431
1694428607712 172.59208530583427 432
1694428607727 173.34228328543776 433
1694428607742 167.8815233586874 434
1694428607757 169.99530175406562 435
1694428607772 165.2084259106182 436
1694428607786 168.3872103580092 437
1694428607800 169.4398626300445 438
1694428607815 166.4336616866421 439
1694428607830 167.16528944706945 440
1694428607845 173.70427784849747 441
1694428607861 168.19481083747624 442
1694428607882 170.78168635802078 443
1694428607900 166.68755243148365 444
1694428607918 172.2279927674013 445
1694428607933 169.1348086029173 446
1694428607948 167.19487664819772 447
1694428607963 175.45965186203492 448
1694428607978 165.38867031494632 449
1694428607992 167.60665294893883 450
1694428608007 169.7424398598601 451
1694428608022 169.65991155626108 452
1694428608039 169.7405501422069 453
1694428608054 168.77391075859302 454
1694428608069 168.11692190464876 455
1694428608083 167.7606454333725 456
1694428608098 169.5636084043497 457
1694428608113 168.19856539390588 458
1694428608127 166.90423801700663 459
1694428608142 169.12563214929312 460
1694428608157 167.84189922706437 461
1694428608171 166.5992807659472 462
1694428608186 166.22268835258993 463
1694428608202 170.04589504184165 464
1694428608217 173.7534976457332 465
1694428608231 170.3532055520787 466
1694428608245 161.99818570311717 467
1694428608260 166.15514651564771 468
1694428608275 160.4560473126575 469
1694428608290 166.84564999931646 470
1694428608304 170.85986529928863 471
1694428608319 172.5456909110653 472
1694428608335 170.10576783938237 473
1694428608350 170.81464219582577 474
1694428608365 172.62733547004888 475
1694428608380 168.4971212146766 476
1694428608394 170.04613316689748 477
1694428608410 166.1316611009667 478
1694428608430 169.69879528272875 479
1694428608449 167.8903043592084 480
1694428608464 170.4496013486821 481
1694428608480 171.02369016018852 482
1694428608496 169.25827934955618 483
1694428608512 169.46881189520474 484
1694428608527 169.13426283768106 485
1694428608545 167.49831547694572 486
1694428608562 166.10557591799244 487
1694428608578 169.20881949389056 488
1694428608594 166.46885926417008 489
1694428608611 169.57602513559362 490
1694428608626 169.82323104656624 491
1694428608641 171.4884263892687 492
1694428608661 168.04044431707032 493
1694428608676 169.6117578068461 494
1694428608691 167.4373634397733 495
1694428608706 167.16657551446423 496
1694428608721 167.4271845065655 497
1694428608735 165.46823347021046 498
1694428608751 171.65735425504386 499
