1694435646970 167.46678604260816 0
1694435646989 164.4140829921482 1
1694435647007 160.7006429686052 2
1694435647028 155.17257819974603 3
1694435647047 153.71386286006083 4
1694435647064 152.26500079513713 5
1694435647087 151.97396646145594 6
1694435647108 154.821423192366 7
1694435647132 145.94710922567342 8
1694435647156 136.8442002686873 9
1694435647175 141.68013510435594 10
1694435647200 143.26571381225995 11
1694435647223 132.3353922188378 12
1694435647246 136.04197852371004 13
1694435647272 136.7149973571307 14
1694435647296 130.47773640332588 15
1694435647318 132.05198751588037 16
1694435647340 126.74461721980903 17
1694435647360 123.563574844445 18
1694435647384 119.80568858702848 19
1694435647407 117.64874457106028 20
1694435647430 114.11561260404683 21
1694435647447 114.36320320976479 22
1694435647465 120.49072975744014 23
1694435647483 118.20749864949222 24
1694435647500 108.1712423103199 25
1694435647522 105.50914927224325 26
1694435647539 107.17060660849653 27
1694435647557 98.31843733695565 28
1694435647574 107.1383134389538 29
1694435647592 105.61804429830015 30
1694435647611 100.88681635314278 31
1694435647633 95.80856741878513 32
1694435647654 95.93350399488382 33
1694435647672 94.34383420618848 34
1694435647690 94.96701645933703 35
1694435647708 91.88300417905984 36
1694435647727 91.20061594061845 37
1694435647745 88.05057407864807 38
1694435647761 89.00120222216376 39
1694435647780 89.68685072837457 40
1694435647800 84.07068754159341 41
1694435647821 83.35673954136654 42
1694435647839 80.21117018874581 43
1694435647857 81.99390578143027 44
1694435647875 80.32502023487064 45
1694435647892 79.43592509395464 46
1694435647910 75.28126364762929 47
1694435647931 77.54898866946168 48
1694435647948 75.60481842378177 49
1694435647965 70.23002600609202 50
1694435647983 73.5049095770137 51
1694435648000 69.2322210674037 52
1694435648018 64.97010902869233 53
1694435648038 67.96994702006891 54
1694435648056 68.28334824726075 55
1694435648074 66.6361830155383 56
1694435648100 66.97257630131335 57
1694435648126 59.30901670091557 58
1694435648148 69.13066177355525 59
1694435648166 62.01257785189718 60
1694435648184 61.896147142266614 61
1694435648202 61.54693134599309 62
1694435648220 57.01888752965588 63
1694435648241 55.31309522328591 64
1694435648258 54.88688984565927 65
1694435648276 55.44418345878041 66
1694435648296 56.65887955524363 67
1694435648321 55.70663977641298 68
1694435648342 51.32389508039294 69
1694435648360 56.42626861129497 70
1694435648378 53.231855623175015 71
1694435648396 50.458704495771975 72
1694435648414 51.17176118587382 73
1694435648434 51.163559760929004 74
1694435648452 47.37617449628808 75
1694435648469 48.827348998789105 76
1694435648486 47.492696898975076 77
1694435648504 46.33903801799231 78
1694435648522 43.63717075323725 79
1694435648541 47.28074843437579 80
1694435648559 43.65560464575604 81
1694435648576 44.1458109586766 82
1694435648594 45.22659263523012 83
1694435648612 41.01347692424961 84
1694435648632 41.72022110686196 85
1694435648650 40.033143667939505 86
1694435648668 45.495849444817644 87
1694435648685 38.265957555301455 88
1694435648702 38.06268377357281 89
1694435648722 36.16653381414224 90
1694435648742 35.566101689656705 91
1694435648759 36.163893636551826 92
1694435648777 36.97906634645677 93
1694435648795 34.61131233285796 94
1694435648814 35.92544759289925 95
1694435648836 34.95416044821604 96
1694435648854 35.717532818618494 97
1694435648871 36.74789206191031 98
1694435648892 34.402560109582524 99
1694435648910 34.085736858048705 100
1694435648929 29.874766782691236 101
1694435648948 34.689947983011855 102
1694435648965 30.956274105595813 103
1694435648982 31.17516531239843 104
1694435648999 29.661156261258277 105
1694435649017 29.56253350918479 106
1694435649037 28.203170187915372 107
1694435649055 28.33863613005402 108
1694435649073 28.160159337823888 109
1694435649090 27.64493089836938 110
1694435649108 27.177894624125635 111
1694435649129 26.79770953831695 112
1694435649147 26.64089352683579 113
1694435649165 25.355723325395935 114
1694435649182 24.83011166671691 115
1694435649199 24.94573553311036 116
1694435649217 24.49002076729946 117
1694435649237 25.578783699277523 118
1694435649255 22.324045059760103 119
1694435649273 23.724772908180878 120
1694435649290 24.053654924423892 121
1694435649308 22.242855021016187 122
1694435649326 21.692716586826126 123
1694435649346 23.262176513665747 124
1694435649363 22.312668438278596 125
1694435649380 21.4914696850436 126
1694435649398 21.125744292332588 127
1694435649415 21.298676933846732 128
1694435649434 21.89840629638893 129
1694435649452 19.20796357179641 130
1694435649471 20.225852352025328 131
1694435649490 18.19507733200093 132
1694435649509 18.930230180784243 133
1694435649526 18.604242525941114 134
1694435649546 18.08103681955443 135
1694435649563 18.03017163770888 136
1694435649582 17.59492355303535 137
1694435649600 18.50550953478618 138
1694435649618 17.815285471836766 139
1694435649636 16.762854223389443 140
1694435649654 16.92855383198358 141
1694435649673 15.591071896248126 142
1694435649690 15.64259013260183 143
1694435649707 17.931160131011058 144
1694435649725 15.16575874666587 145
1694435649745 14.401629186888664 146
1694435649764 16.43263142228835 147
1694435649782 15.612409129035218 148
1694435649799 16.627186382463563 149
1694435649816 14.740925258900788 150
1694435649835 14.094780692546596 151
1694435649854 14.443531413048701 152
1694435649871 14.023662654227806 153
1694435649890 12.381096698108935 154
1694435649906 13.296080070991973 155
1694435649924 13.032008338113942 156
1694435649944 14.141681410726829 157
1694435649962 11.631569090691796 158
1694435649979 12.638588139955985 159
1694435649997 12.056216110946028 160
1694435650014 11.938061308120473 161
1694435650033 11.170837670065081 162
1694435650053 12.009608883830873 163
1694435650076 12.584766174887262 164
1694435650094 11.305770172318109 165
1694435650112 11.191180133135916 166
1694435650130 9.618928885427177 167
1694435650149 11.566284250884918 168
1694435650167 11.327731607657597 169
1694435650186 9.702096925904241 170
1694435650203 10.870085760516831 171
1694435650221 10.63091724020282 172
1694435650241 9.630980241769123 173
1694435650259 10.011695763745605 174
1694435650278 8.837117019200145 175
1694435650295 8.576573952324939 176
1694435650313 8.194312800211346 177
1694435650331 9.095487650269497 178
1694435650351 8.994334149890788 179
1694435650369 9.486433669220583 180
1694435650386 8.487613023936314 181
1694435650404 9.11237668292759 182
1694435650422 8.473661651807419 183
1694435650441 9.032049167209268 184
1694435650461 9.12115671065999 185
1694435650479 8.766591944907589 186
1694435650496 7.592301229213194 187
1694435650514 9.10423631510729 188
1694435650532 7.931638885003679 189
1694435650552 7.614130515706002 190
1694435650569 8.429423208518669 191
1694435650587 7.071676567778236 192
1694435650605 7.359297102760068 193
1694435650623 7.534767723497367 194
1694435650640 7.045324676930295 195
1694435650659 6.6380574115952005 196
1694435650678 5.793417491019249 197
1694435650701 7.138266365345773 198
1694435650720 7.464521237126133 199
1694435650737 7.093282064667767 200
1694435650757 6.639142583220591 201
1694435650776 7.014576318828363 202
1694435650794 5.7883860049439475 203
1694435650812 6.278335359638176 204
1694435650829 6.161583394032553 205
1694435650847 5.822999225974539 206
1694435650866 5.418422702183784 207
1694435650884 5.891651688778646 208
1694435650901 5.36644168715061 209
1694435650920 5.182926651158086 210
1694435650939 5.034012952616787 211
1694435650959 5.349476070591905 212
1694435650976 4.659033780379102 213
1694435650994 5.576459771379811 214
1694435651012 5.000652841682912 215
1694435651030 4.794654487420838 216
1694435651049 4.882827308409117 217
1694435651068 5.256241327627224 218
1694435651086 5.187804682734037 219
1694435651104 5.249721185829437 220
1694435651122 5.349871732259652 221
1694435651138 4.658730909710642 222
1694435651158 5.324129780399226 223
1694435651177 4.522654557094006 224
1694435651194 4.840372337759385 225
1694435651213 4.942154397389473 226
1694435651230 4.221096693194299 227
1694435651248 4.37464131124436 228
1694435651268 3.8407817875023538 229
1694435651289 4.306608732069935 230
1694435651311 3.985999678655761 231
1694435651328 3.86000990551728 232
1694435651346 3.56009215000308 233
1694435651365 4.158341752856655 234
1694435651384 4.375349602528694 235
1694435651400 4.132550587023501 236
1694435651419 3.855637305772604 237
1694435651436 4.134716286482925 238
1694435651456 2.9338817841669598 239
1694435651473 2.832674625215182 240
1694435651490 4.06019856763676 241
1694435651508 3.5685835043526137 242
1694435651527 3.1959091936272377 243
1694435651544 2.840547652817112 244
1694435651561 2.818271667508569 245
1694435651580 3.687467014942355 246
1694435651597 2.910631764000214 247
1694435651615 3.094316146226909 248
1694435651632 3.327002676244682 249
1694435651651 3.0375850415260497 250
1694435651671 2.5844968780832187 251
1694435651689 3.182255359149947 252
1694435651706 3.100006057204213 253
1694435651725 3.2172843463526277 254
1694435651742 3.2866454142477246 255
1694435651762 2.740203101063796 256
1694435651780 2.925602385148855 257
1694435651797 2.4128249136698643 258
1694435651814 2.955071275820228 259
1694435651832 2.374249455645367 260
1694435651850 2.3143381847300417 261
1694435651870 2.6660801689043248 262
1694435651888 2.5354942622045304 263
1694435651910 2.8903491970181467 264
1694435651933 2.6410645348837702 265
1694435651952 2.2328148528539162 266
1694435651970 2.4060155419566307 267
1694435651988 2.1531127923322546 268
1694435652005 2.4804147997140222 269
1694435652024 2.3728334087085186 270
1694435652041 2.4618204400049857 271
1694435652060 2.345118035933494 272
1694435652078 1.8206499797248603 273
1694435652096 2.329183206600245 274
1694435652114 1.9241958480579926 275
1694435652132 2.1367172285168303 276
1694435652149 2.2317855131404056 277
1694435652170 1.9870924553432665 278
1694435652189 1.978576731122732 279
1694435652207 1.970929208392297 280
1694435652225 1.8975852948070708 281
1694435652241 1.9247997483995773 282
1694435652260 2.100974853398965 283
1694435652278 1.8247053622269558 284
1694435652296 1.6963024081902582 285
1694435652313 1.9263398460464851 286
1694435652331 1.778971332194639 287
1694435652349 1.8014671988738578 288
1694435652367 1.3300026215714673 289
1694435652385 1.405433402607626 290
1694435652403 1.7848047670212028 291
1694435652420 1.2421736036427073 292
1694435652438 1.2234457682647502 293
1694435652455 1.6651369162158747 294
1694435652476 2.199881229862084 295
1694435652493 1.7950013134511773 296
1694435652513 1.4070121396560498 297
1694435652533 1.0275000635054767 298
1694435652551 1.5983386610113208 299
1694435652571 1.3700435903258408 300
1694435652589 1.4113452936279984 301
1694435652607 1.329734117733753 302
1694435652625 1.1696721575879148 303
1694435652643 1.1379416884404068 304
1694435652662 1.2864982381644443 305
1694435652680 1.2418603654255393 306
1694435652699 1.3514575132931153 307
1694435652717 1.0554069575663625 308
1694435652734 1.244858408436223 309
1694435652751 1.437587927114262 310
1694435652772 1.5181291543151672 311
1694435652791 1.3614663686459634 312
1694435652808 0.9519073715850228 313
1694435652826 1.7677931867772023 314
1694435652843 1.1880623668546124 315
1694435652860 0.9296588227934901 316
1694435652878 1.0636775242806789 317
1694435652897 0.7710698397485082 318
1694435652914 1.113998115369706 319
1694435652931 1.1200014754869794 320
1694435652950 1.2406574513612758 321
1694435652968 1.009841844803733 322
1694435652986 0.9201751066412747 323
1694435653004 1.1261392881671113 324
1694435653022 0.9338751778550177 325
1694435653039 1.251263418836773 326
1694435653057 0.7356004813650575 327
1694435653076 0.9606197961968631 328
1694435653093 0.8937919161815321 329
1694435653111 1.0960627025177498 330
1694435653130 0.8022395200951655 331
1694435653152 0.9535341490950365 332
1694435653174 0.9967584227363345 333
1694435653191 0.9639308823038368 334
1694435653209 0.6248085985415032 335
1694435653227 0.9008037936753582 336
1694435653244 1.162272909192323 337
1694435653262 0.7296054605094998 338
1694435653282 0.7131228071109607 339
1694435653299 1.1610275600339184 340
1694435653317 0.9064108538472853 341
1694435653335 0.668030406831802 342
1694435653352 0.9759778190157834 343
1694435653370 0.9219882104573863 344
1694435653389 0.6956526739605922 345
1694435653406 0.7637376904400217 346
1694435653424 1.1177803401369415 347
1694435653442 1.07569132264636 348
1694435653459 0.6707716617618171 349
1694435653479 0.8438178391191608 350
1694435653497 0.5825304445908303 351
1694435653514 0.9811717590968577 352
1694435653532 0.8466896645216765 353
1694435653549 0.545123911814176 354
1694435653567 0.7966539262897393 355
1694435653585 0.5489142377439659 356
1694435653604 0.5338525393681118 357
1694435653622 0.5923970871717448 358
1694435653639 0.6785520151273813 359
1694435653657 0.5648402872001991 360
1694435653675 0.3935894158095366 361
1694435653693 0.6931537273705775 362
1694435653712 0.563974854771473 363
1694435653731 0.603550215578889 364
1694435653748 0.48680091621093163 365
1694435653767 0.8223957281034385 366
1694435653786 0.848518302170144 367
1694435653845 0.351697521682335 368
1694435653862 0.6220220002566453 369
1694435653881 0.7519824641307175 370
1694435653899 0.6304881415572473 371
1694435653917 0.5143931948835662 372
1694435653934 0.6319138127750031 373
1694435653952 0.4611008216238636 374
1694435653969 0.8149154836875268 375
1694435653990 0.4978159180017482 376
1694435654008 0.5608108619613652 377
1694435654026 0.481301894930161 378
1694435654044 0.6788948245783158 379
1694435654061 0.5269854672003529 380
1694435654081 0.42205027263291217 381
1694435654100 0.383323862101751 382
1694435654117 0.5896248422436453 383
1694435654134 0.42418982347012996 384
1694435654152 0.41075375344168247 385
1694435654169 0.4715202100138085 386
1694435654188 0.3551448249464283 387
1694435654206 0.5457184425433546 388
1694435654225 0.4419615598819329 389
1694435654241 0.3458193815508036 390
1694435654259 0.3036573002150769 391
1694435654279 0.34732397203073184 392
1694435654296 0.5495122825753441 393
1694435654314 0.3406099916068951 394
1694435654332 0.31714049403680483 395
1694435654350 0.4533034306755911 396
1694435654373 0.5288444759106552 397
1694435654393 0.3756999548155679 398
1694435654411 0.42803138123943235 399
1694435654428 0.35478432094851625 400
1694435654446 0.37408480895257046 401
1694435654464 0.6284894202793291 402
1694435654484 0.4777464069630965 403
1694435654502 0.48723385398045466 404
1694435654521 0.25448565968376163 405
1694435654539 0.2842542194959358 406
1694435654557 0.4092056962296295 407
1694435654575 0.4283385394461932 408
1694435654594 0.4159324682646928 409
1694435654613 0.36334918851436987 410
1694435654630 0.4902685806776153 411
1694435654648 0.23183621480964817 412
1694435654665 0.4288336322573366 413
1694435654685 0.3828124464201627 414
1694435654704 0.5683536476614581 415
1694435654722 0.3120183462376181 416
1694435654739 0.5885069385868011 417
1694435654755 0.3974100091641319 418
1694435654774 0.2721952279271839 419
1694435654793 0.27683268782080706 420
1694435654812 0.3940575760165574 421
1694435654830 0.3272046580734801 422
1694435654848 0.3267207211273098 423
1694435654865 0.39757961073836556 424
1694435654883 0.37622530162000967 425
1694435654901 0.3971262944740278 426
1694435654920 0.14371468558256772 427
1694435654938 0.5581242111184356 428
1694435654955 0.13539153482127028 429
1694435654975 0.33353726428722225 430
1694435654995 0.4337891389054079 431
1694435655014 0.33331950555918066 432
1694435655032 0.3538823891963919 433
1694435655050 0.2030848923314134 434
1694435655068 0.1793043337684456 435
1694435655085 0.22888985252473956 436
1694435655104 0.3012352098748679 437
1694435655123 0.35735207506678873 438
1694435655140 0.2855345056161836 439
1694435655157 0.39094415748142775 440
1694435655175 0.19190228925282118 441
1694435655194 0.2921562296148403 442
1694435655212 0.24584556531644472 443
1694435655230 0.14412986950591383 444
1694435655247 0.17317254779690114 445
1694435655265 0.3070219446202328 446
1694435655282 0.271878631433849 447
1694435655301 0.25921283774150433 448
1694435655319 0.20690409479160418 449
1694435655336 0.27892963375696705 450
1694435655354 0.3052392363460326 451
1694435655371 0.17535620531178184 452
1694435655391 0.17443031088264058 453
1694435655409 0.24882937056343574 454
1694435655426 0.3453758847909671 455
1694435655444 0.23746337876047321 456
1694435655462 0.2943948940018211 457
1694435655480 0.33901968633359364 458
1694435655500 0.1799156805889801 459
1694435655518 0.192798547305612 460
1694435655536 0.27278590017389376 461
1694435655553 0.23091325326280362 462
1694435655571 0.334894987124743 463
1694435655591 0.15193600620262873 464
1694435655615 0.19834458003314112 465
1694435655633 0.3718965093040822 466
1694435655651 0.1765367719213757 467
1694435655668 0.1778189269320694 468
1694435655686 0.2944643714732001 469
1694435655704 0.1533291491757336 470
1694435655722 0.14520504763918357 471
1694435655739 0.2729214924355054 472
1694435655758 0.26858121103989724 473
1694435655776 0.21040394685055092 474
1694435655796 0.2166999886536168 475
1694435655814 0.10030844336724214 476
1694435655832 0.1815041265097779 477
1694435655849 0.22267115599375953 478
1694435655866 0.10530985272518904 479
1694435655884 0.1754717550660476 480
1694435655903 0.26667678481700813 481
1694435655921 0.25969051103594776 482
1694435655938 0.1356943392257907 483
1694435655955 0.3662154067306981 484
1694435655972 0.19489192176932826 485
1694435655992 0.16966570582667778 486
1694435656010 0.21426160274370357 487
1694435656029 0.15984622582073 488
1694435656046 0.1209263710183939 489
1694435656063 0.1827661847691647 490
1694435656080 0.22967870478922828 491
1694435656101 0.1347405165584205 492
1694435656119 0.12571047393413043 493
1694435656136 0.17631824257914147 494
1694435656153 0.1893951970201911 495
1694435656171 0.2704618322599566 496
1694435656191 0.20656420839189688 497
1694435656210 0.15635862842021092 498
1694435656229 0.22141596134508768 499
