1694438311196 162.38656669839276 0
1694438311217 162.061421514064 1
1694438311239 161.73692885409673 2
1694438311260 161.4130874056441 3
1694438311280 161.08989585851256 4
1694438311301 160.76735290515626 5
1694438311323 160.44545724067194 6
1694438311343 160.1242075627934 7
1694438311365 159.8036025718861 8
1694438311386 159.4836409709419 9
1694438311407 159.16432146557358 10
1694438311428 158.84564276400963 11
1694438311448 158.5276035770888 12
1694438311465 158.2102026182549 13
1694438311483 157.89343860355135 14
1694438311501 157.57731025161613 15
1694438311518 157.2618162836761 16
1694438311535 156.94695542354216 17
1694438311555 156.6327263976037 18
1694438311572 156.31912793482346 19
1694438311591 156.0061587667322 20
1694438311610 155.69381762742358 21
1694438311628 155.38210325354893 22
1694438311646 155.07101438431198 23
1694438311664 154.76054976146355 24
1694438311681 154.45070812929671 25
1694438311699 154.14148823464123 26
1694438311716 153.83288882685866 27
1694438311733 153.52490865783705 28
1694438311751 153.21754648198583 29
1694438311768 152.91080105623072 30
1694438311786 152.6046711400086 31
1694438311804 152.29915549526226 32
1694438311821 151.99425288643553 33
1694438311838 151.68996208046804 34
1694438311859 151.3862818467901 35
1694438311877 151.08321095731776 36
1694438311895 150.78074818644765 37
1694438311912 150.478892311052 38
1694438311929 150.17764211047353 39
1694438311946 149.87699636652053 40
1694438311964 149.57695386346163 41
1694438311982 149.27751338802102 42
1694438312000 148.9786737293734 43
1694438312016 148.6804336791389 44
1694438312033 148.3827920313781 45
1694438312051 148.08574758258723 46
1694438312067 147.78929913169307 47
1694438312085 147.49344548004794 48
1694438312103 147.19818543142495 49
1694438312120 146.90351779201302 50
1694438312139 146.60944137041184 51
1694438312160 146.31595497762711 52
1694438312178 146.0230574270655 53
1694438312196 145.73074753453 54
1694438312214 145.43902411821475 55
1694438312231 145.14788599870033 56
1694438312248 144.85733199894898 57
1694438312266 144.56736094429968 58
1694438312283 144.27797166246316 59
1694438312303 143.9891629835173 60
1694438312323 143.7009337399023 61
1694438312345 143.41328276641562 62
1694438312365 143.12620890020762 63
1694438312383 142.83971098077632 64
1694438312401 142.55378784996284 65
1694438312420 142.2684383519468 66
1694438312437 141.98366133324114 67
1694438312454 141.69945564268784 68
1694438312471 141.41582013145288 69
1694438312488 141.13275365302144 70
1694438312506 140.8502550631936 71
1694438312523 140.56832322007924 72
1694438312540 140.28695698409345 73
1694438312558 140.00615521795189 74
1694438312575 139.72591678666612 75
1694438312592 139.44624055753889 76
1694438312610 139.1671254001594 77
1694438312627 138.88857018639888 78
1694438312646 138.61057379040574 79
1694438312663 138.33313508860093 80
1694438312680 138.05625295967354 81
1694438312698 137.77992628457602 82
1694438312716 137.50415394651955 83
1694438312733 137.22893483096945 84
1694438312751 136.95426782564084 85
1694438312767 136.68015182049368 86
1694438312785 136.40658570772854 87
1694438312803 136.1335683817818 88
1694438312819 135.86109873932125 89
1694438312837 135.58917567924163 90
1694438312854 135.31779810265982 91
1694438312872 135.0469649129106 92
1694438312889 134.77667501554197 93
1694438312909 134.50692731831077 94
1694438312928 134.2377207311781 95
1694438312948 133.96905416630497 96
1694438312967 133.7009265380476 97
1694438312985 133.4333367629532 98
1694438313003 133.16628375975532 99
1694438313020 132.89976644936962 100
1694438313037 132.6337837548892 101
1694438313055 132.36833460158036 102
1694438313071 132.10341791687813 103
1694438313089 131.83903263038178 104
1694438313107 131.5751776738505 105
1694438313125 131.31185198119908 106
1694438313142 131.04905448849334 107
1694438313159 130.78678413394599 108
1694438313176 130.52503985791205 109
1694438313194 130.26382060288466 110
1694438313218 130.00312531349064 111
1694438313239 129.7429529364862 112
1694438313256 129.4833024207526 113
1694438313273 129.2241727172919 114
1694438313291 128.9655627792225 115
1694438313308 128.70747156177487 116
1694438313325 128.4498980222875 117
1694438313343 128.19284112020227 118
1694438313360 127.93629981706049 119
1694438313378 127.68027307649837 120
1694438313396 127.42475986424297 121
1694438313414 127.16975914810779 122
1694438313430 126.91526989798868 123
1694438313447 126.66129108585953 124
1694438313465 126.40782168576801 125
1694438313481 126.15486067383144 126
1694438313499 125.9024070282326 127
1694438313517 125.65045972921544 128
1694438313535 125.39901775908096 129
1694438313554 125.14808010218306 130
1694438313571 124.89764574492426 131
1694438313588 124.64771367575166 132
1694438313606 124.39828288515274 133
1694438313623 124.14935236565118 134
1694438313641 123.90092111180283 135
1694438313659 123.65298812019147 136
1694438313676 123.40555238942473 137
1694438313694 123.15861292013004 138
1694438313712 122.91216871495047 139
1694438313729 122.66621877854058 140
1694438313747 122.4207621175625 141
1694438313764 122.1757977406817 142
1694438313781 121.931324658563 143
1694438313799 121.68734188386654 144
1694438313817 121.4438484312436 145
1694438313835 121.20084331733271 146
1694438313852 120.95832556075554 147
1694438313868 120.71629418211283 148
1694438313887 120.4747482039805 149
1694438313905 120.23368665090554 150
1694438313922 119.99310854940205 151
1694438313940 119.75301292794722 152
1694438313957 119.51339881697734 153
1694438313973 119.27426524888389 154
1694438313992 119.03561125800954 155
1694438314010 118.79743588064412 156
1694438314027 118.55973815502077 157
1694438314044 118.32251712131193 158
1694438314062 118.08577182162546 159
1694438314078 117.84950130000068 160
1694438314097 117.61370460240443 161
1694438314115 117.37838077672716 162
1694438314133 117.14352887277913 163
1694438314152 116.90914794228635 164
1694438314169 116.67523703888685 165
1694438314188 116.44179521812663 166
1694438314205 116.20882153745602 167
1694438314223 115.97631505622556 168
1694438314240 115.74427483568236 169
1694438314258 115.5126999389661 170
1694438314274 115.28158943110527 171
1694438314291 115.05094237901334 172
1694438314309 114.8207578514849 173
1694438314326 114.59103491919184 174
1694438314343 114.36177265467964 175
1694438314361 114.13297013236337 176
1694438314378 113.90462642852418 177
1694438314397 113.6767406213052 178
1694438314415 113.44931179070801 179
1694438314432 113.22233901858876 180
1694438314449 112.99582138865445 181
1694438314466 112.76975798645911 182
1694438314483 112.5441478994001 183
1694438314501 112.31899021671444 184
1694438314518 112.09428402947496 185
1694438314535 111.8700284305866 186
1694438314553 111.64622251478279 187
1694438314570 111.42286537862165 188
1694438314587 111.19995612048228 189
1694438314605 110.97749384056112 190
1694438314624 110.75547764086832 191
1694438314640 110.53390662522385 192
1694438314657 110.3127798992541 193
1694438314674 110.09209657038802 194
1694438314692 109.87185574785354 195
1694438314709 109.65205654267398 196
1694438314728 109.43269806766422 197
1694438314746 109.21377943742728 198
1694438314764 108.99529976835066 199
1694438314782 108.77725817860254 200
1694438314799 108.5596537881284 201
1694438314817 108.34248571864728 202
1694438314834 108.12575309364826 203
1694438314851 107.90945503838675 204
1694438314869 107.69359067988111 205
1694438314887 107.47815914690888 206
1694438314905 107.26315957000334 207
1694438314922 107.04859108144987 208
1694438314939 106.83445281528246 209
1694438314956 106.62074390728013 210
1694438314973 106.40746349496344 211
1694438314990 106.19461071759089 212
1694438315008 105.98218471615542 213
1694438315026 105.77018463338098 214
1694438315044 105.55860961371886 215
1694438315061 105.34745880334432 216
1694438315078 105.13673135015308 217
1694438315096 104.92642640375782 218
1694438315113 104.71654311548458 219
1694438315131 104.50708063836956 220
1694438315148 104.29803812715538 221
1694438315166 104.08941473828774 222
1694438315182 103.88120962991204 223
1694438315200 103.6734219618698 224
1694438315218 103.4660508956953 225
1694438315235 103.25909559461213 226
1694438315252 103.0525552235298 227
1694438315270 102.84642894904023 228
1694438315287 102.64071593941449 229
1694438315304 102.4354153645993 230
1694438315324 102.23052639621355 231
1694438315342 102.02604820754516 232
1694438315360 101.82197997354747 233
1694438315377 101.61832087083599 234
1694438315395 101.4150700776849 235
1694438315412 101.21222677402395 236
1694438315430 101.00979014143478 237
1694438315447 100.8077593631478 238
1694438315464 100.60613362403876 239
1694438315481 100.4049121106255 240
1694438315498 100.20409401106448 241
1694438315516 100.00367851514763 242
1694438315533 99.80366481429888 243
1694438315550 99.60405210157096 244
1694438315567 99.40483957164204 245
1694438315585 99.20602642081253 246
1694438315602 99.00761184700171 247
1694438315621 98.80959504974442 248
1694438315639 98.61197523018787 249
1694438315656 98.41475159108839 250
1694438315673 98.21792333680808 251
1694438315691 98.02148967331163 252
1694438315708 97.82544980816301 253
1694438315726 97.62980295052235 254
1694438315742 97.43454831114254 255
1694438315760 97.23968510236614 256
1694438315777 97.04521253812214 257
1694438315794 96.8511298339227 258
1694438315812 96.65743620685996 259
1694438315830 96.46413087560282 260
1694438315847 96.27121306039385 261
1694438315865 96.07868198304601 262
1694438315883 95.88653686693945 263
1694438315901 95.69477693701843 264
1694438315920 95.50340141978808 265
1694438315938 95.31240954331123 266
1694438315955 95.12180053720537 267
1694438315972 94.93157363263936 268
1694438315990 94.74172806233037 269
1694438316007 94.5522630605407 270
1694438316025 94.36317786307471 271
1694438316043 94.1744717072757 272
1694438316061 93.9861438320227 273
1694438316078 93.79819347772747 274
1694438316095 93.61061988633132 275
1694438316113 93.42342230130207 276
1694438316131 93.23659996763092 277
1694438316147 93.05015213182939 278
1694438316165 92.86407804192626 279
1694438316181 92.67837694746444 280
1694438316199 92.49304809949795 281
1694438316217 92.30809075058887 282
1694438316235 92.12350415480428 283
1694438316253 91.93928756771315 284
1694438316269 91.75544024638343 285
1694438316287 91.57196144937889 286
1694438316305 91.38885043675617 287
1694438316323 91.20610647006171 288
1694438316339 91.0237288123288 289
1694438316356 90.84171672807452 290
1694438316373 90.6600694832967 291
1694438316390 90.47878634547105 292
1694438316408 90.29786658354803 293
1694438316426 90.11730946795 294
1694438316443 89.93711427056806 295
1694438316461 89.75728026475929 296
1694438316477 89.57780672534366 297
1694438316495 89.39869292860106 298
1694438316512 89.21993815226843 299
1694438316529 89.04154167553669 300
1694438316549 88.86350277904796 301
1694438316566 88.68582074489245 302
1694438316583 88.50849485660568 303
1694438316600 88.33152439916543 304
1694438316618 88.15490865898896 305
1694438316636 87.97864692392996 306
1694438316652 87.80273848327573 307
1694438316670 87.62718262774428 308
1694438316686 87.4519786494813 309
1694438316704 87.27712584205756 310
1694438316721 87.10262350046573 311
1694438316739 86.92847092111762 312
1694438316757 86.75466740184142 313
1694438316773 86.58121224187862 314
1694438316790 86.4081047418813 315
1694438316807 86.23534420390925 316
1694438316825 86.06292993142712 317
1694438316842 85.89086122930154 318
1694438316859 85.71913740379833 319
1694438316878 85.54775776257966 320
1694438316896 85.37672161470122 321
1694438316913 85.20602827060942 322
1694438316931 85.0356770421385 323
1694438316948 84.86566724250787 324
1694438316964 84.69599818631914 325
1694438316981 84.52666918955352 326
1694438316999 84.35767956956879 327
1694438317015 84.18902864509668 328
1694438317033 84.02071573624015 329
1694438317051 83.85274016447042 330
1694438317067 83.68510125262435 331
1694438317084 83.5177983249016 332
1694438317104 83.35083070686198 333
1694438317122 83.18419772542256 334
1694438317141 83.01789870885506 335
1694438317158 82.85193298678298 336
1694438317175 82.686299890179 337
1694438317193 82.52099875136213 338
1694438317210 82.3560289039951 339
1694438317228 82.19138968308152 340
1694438317245 82.02708042496334 341
1694438317262 81.86310046731795 342
1694438317279 81.6994491491556 343
1694438317297 81.53612581081669 344
1694438317314 81.37312979396903 345
1694438317331 81.21046044160528 346
1694438317348 81.04811709804008 347
1694438317366 80.8860991089076 348
1694438317383 80.72440582115863 349
1694438317400 80.56303658305819 350
1694438317417 80.40199074418263 351
1694438317434 80.24126765541709 352
1694438317451 80.08086666895286 353
1694438317468 79.92078713828474 354
1694438317485 79.76102841820838 355
1694438317502 79.60158986481767 356
1694438317519 79.44247083550205 357
1694438317537 79.28367068894406 358
1694438317553 79.12518878511648 359
1694438317570 78.96702448527996 360
1694438317587 78.80917715198026 361
1694438317605 78.6516461490458 362
1694438317622 78.49443084158483 363
1694438317640 78.3375305959831 364
1694438317658 78.18094477990108 365
1694438317675 78.02467276227159 366
1694438317693 77.86871391329701 367
1694438317714 77.71306760444688 368
1694438317733 77.55773320845522 369
1694438317751 77.40271009931806 370
1694438317769 77.24799765229083 371
1694438317787 77.09359524388596 372
1694438317805 76.93950225187001 373
1694438317823 76.78571805526157 374
1694438317841 76.63224203432836 375
1694438317857 76.47907357058494 376
1694438317874 76.3262120467901 377
1694438317894 76.17365684694431 378
1694438317916 76.0214073562873 379
1694438317937 75.86946296129548 380
1694438317958 75.7178230496795 381
1694438317977 75.56648701038172 382
1694438317998 75.41545423357374 383
1694438318019 75.26472411065387 384
1694438318040 75.11429603424477 385
1694438318061 74.9641693981908 386
1694438318083 74.81434359755575 387
1694438318105 74.66481802862015 388
1694438318126 74.51559208887907 389
1694438318148 74.36666517703947 390
1694438318168 74.21803669301778 391
1694438318190 74.06970603793756 392
1694438318210 73.92167261412702 393
1694438318231 73.77393582511644 394
1694438318251 73.62649507563596 395
1694438318268 73.47934977161306 396
1694438318285 73.33249932017007 397
1694438318304 73.18594312962192 398
1694438318324 73.03968060947358 399
1694438318341 72.89371117041773 400
1694438318358 72.74803422433237 401
1694438318375 72.60264918427836 402
1694438318393 72.45755546449715 403
1694438318411 72.31275248040821 404
1694438318427 72.16823964860687 405
1694438318445 72.02401638686176 406
1694438318462 71.88008211411254 407
1694438318479 71.73643625046755 408
1694438318496 71.59307821720138 409
1694438318513 71.45000743675254 410
1694438318530 71.30722333272108 411
1694438318548 71.16472532986643 412
1694438318565 71.0225128541047 413
1694438318582 70.88058533250675 414
1694438318599 70.73894219329554 415
1694438318616 70.59758286584396 416
1694438318634 70.45650678067247 417
1694438318652 70.31571336944683 418
1694438318670 70.17520206497568 419
1694438318687 70.03497230120833 420
1694438318704 69.89502351323245 421
1694438318721 69.75535513727168 422
1694438318739 69.61596661068347 423
1694438318756 69.47685737195671 424
1694438318773 69.3380268607094 425
1694438318791 69.19947451768654 426
1694438318808 69.0611997847576 427
1694438318825 68.92320210491452 428
1694438318843 68.7854809222693 429
1694438318860 68.64803568205166 430
1694438318878 68.510865830607 431
1694438318895 68.37397081539397 432
1694438318911 68.23735008498228 433
1694438318930 68.10100308905048 434
1694438318948 67.96492927838366 435
1694438318967 67.82912810487133 436
1694438318986 67.69359902150502 437
1694438319004 67.55834148237625 438
1694438319021 67.42335494267412 439
1694438319038 67.28863885868329 440
1694438319056 67.15419268778156 441
1694438319073 67.02001588843784 442
1694438319090 66.88610792020985 443
1694438319108 66.75246824374194 444
1694438319125 66.61909632076292 445
1694438319142 66.48599161408386 446
1694438319160 66.35315358759593 447
1694438319177 66.22058170626809 448
1694438319195 66.08827543614514 449
1694438319212 65.95623424434538 450
1694438319228 65.82445759905845 451
1694438319246 65.69294496954326 452
1694438319264 65.56169582612574 453
1694438319281 65.4307096401968 454
1694438319298 65.29998588421 455
1694438319315 65.1695240316796 456
1694438319332 65.03932355717829 457
1694438319350 64.9093839363351 458
1694438319367 64.77970464583328 459
1694438319383 64.65028516340813 460
1694438319401 64.52112496784494 461
1694438319418 64.39222353897681 462
1694438319435 64.2635803576826 463
1694438319453 64.1351949058847 464
1694438319470 64.0070666665471 465
1694438319487 63.87919512367312 466
1694438319505 63.75157976230342 467
1694438319524 63.62422006851391 468
1694438319543 63.49711552941354 469
1694438319560 63.370265633142374 470
1694438319577 63.24366986886939 471
1694438319594 63.117327726790485 472
1694438319611 62.99123869812634 473
1694438319628 62.86540227512041 474
1694438319647 62.73981795103681 475
1694438319664 62.614485220158286 476
1694438319681 62.489403577784145 477
1694438319699 62.364572520228215 478
1694438319715 62.239991544816775 479
1694438319732 62.11566014988657 480
1694438319751 61.99157783478272 481
1694438319768 61.86774409985667 482
1694438319785 61.74415844646424 483
1694438319803 61.620820376963515 484
1694438319820 61.49772939471284 485
1694438319837 61.37488500406888 486
1694438319854 61.25228671038446 487
1694438319872 61.12993402000672 488
1694438319889 61.007826440275 489
1694438319906 60.88596347951885 490
1694438319924 60.76434464705606 491
1694438319941 60.64296945319071 492
1694438319958 60.52183740921104 493
1694438319975 60.40094802738763 494
1694438319993 60.28030082097129 495
1694438320009 60.15989530419116 496
1694438320027 60.03973099225272 497
1694438320044 59.9198074013358 498
1694438320063 59.80012404859263 499
