1694432411113 0.30003656520510835 0
1694432411182 0.24673872347676784 1
1694432411251 0.15407798517536664 2
1694432411320 0.04729664242436314 3
1694432411390 0.06533769662597522 4
1694432411459 0.34099395543764727 5
1694432411527 0.23586497104098497 6
1694432411595 0.13715587200139606 7
1694432411666 0.19577757115423666 8
1694432411734 0.11457728872237843 9
1694432411802 0.03899809624054068 10
1694432411871 0.09944861213762012 11
1694432411939 0.10676977530326619 12
1694432412008 0.03302203287078593 13
1694432412078 0.5135927337090188 14
1694432412147 0.16449209166108963 15
1694432412215 0.44667134603699643 16
1694432412291 0.08290802784332692 17
1694432412359 0.001147780195240513 18
1694432412427 0.41663036007071463 19
1694432412498 0.2268565881689549 20
1694432412566 0.9196559513379139 21
1694432412635 0.23591725025184945 22
1694432412704 0.8261254586498123 23
1694432412772 0.46197273700282876 24
1694432412842 0.5152319325904295 25
1694432412911 0.06506306791477791 26
1694432412979 0.5092509384395576 27
1694432413048 1.1272363224644277 28
1694432413121 0.5557298736930076 29
1694432413192 0.2886077500828285 30
1694432413260 0.22414033152419632 31
1694432413328 0.11702720170844857 32
1694432413398 0.7788959646170264 33
1694432413467 0.3439612580569691 34
1694432413536 0.4378782125661878 35
1694432413607 0.1734578734276197 36
1694432413677 0.0649842519996052 37
1694432413746 0.0214930645105934 38
1694432413814 0.1163775592719819 39
1694432413883 0.36149174267959433 40
1694432413950 0.1426630197060544 41
1694432414018 0.4538304596358289 42
1694432414086 0.05795017224202126 43
1694432414155 0.0012947220285526356 44
1694432414224 0.5124626311723375 45
1694432414292 0.00186910689509738 46
1694432414360 0.025293946936538195 47
1694432414428 0.2904338403094547 48
1694432414497 0.3719716398360531 49
1694432414564 0.3047230008183074 50
1694432414634 0.3350598522298796 51
1694432414702 0.4617196757624012 52
1694432414770 0.14218360362669466 53
1694432414839 1.6798310680783595 54
1694432414908 1.4820027042366415 55
1694432414976 0.3043897111760159 56
1694432415045 0.14913409333694966 57
1694432415113 0.409090384335177 58
1694432415181 0.120494300648226 59
1694432415250 0.6135426790625459 60
1694432415320 0.4582610791120663 61
1694432415388 0.03668791739693369 62
1694432415457 0.032055109716237186 63
1694432415526 0.2861153072049224 64
1694432415594 0.39266629804984116 65
1694432415662 0.25265778611678685 66
1694432415731 0.2307033377902172 67
1694432415799 0.23100247351656691 68
1694432415867 0.036906817872488416 69
1694432415936 0.006585268370680139 70
1694432416005 0.4354319926436896 71
1694432416074 0.3218033893102449 72
1694432416143 0.34554826083327816 73
1694432416212 0.26885392599817903 74
1694432416283 0.0659559588734113 75
1694432416351 0.12629219173831444 76
1694432416419 0.6160758278035031 77
1694432416488 0.9561688687322446 78
1694432416557 0.009938731229330176 79
1694432416625 0.08302020305771686 80
1694432416694 0.6122864802500125 81
1694432416761 0.5508520510389268 82
1694432416830 0.1202120798197833 83
1694432416899 0.1110461340885195 84
1694432416967 0.6725610665017033 85
1694432417036 0.2959335780526834 86
1694432417104 0.005038087364549057 87
1694432417174 0.3762905509225229 88
1694432417241 0.5314622178983653 89
1694432417310 0.4438770080077785 90
1694432417380 0.20434249087486508 91
1694432417447 0.38804225683968113 92
1694432417516 1.1385234666799233 93
1694432417583 0.31910291700563836 94
1694432417654 0.20581591704593605 95
1694432417722 0.006574581846557516 96
1694432417791 0.41287432685021513 97
1694432417859 0.11979906358813706 98
1694432417926 0.5586356159014227 99
1694432417996 0.21676446124165694 100
1694432418065 0.014295846307006796 101
1694432418134 0.23721431152125314 102
1694432418202 0.004721216546577771 103
1694432418271 0.0044513364907683515 104
1694432418339 0.06653388745192172 105
1694432418406 0.16230496093893734 106
1694432418475 6.177772001589629e-05 107
1694432418543 0.3775644097784737 108
1694432418612 1.5859677573239752 109
1694432418681 6.004141308009874e-07 110
1694432418749 0.09126450232944092 111
1694432418818 0.3866949047500612 112
1694432418886 0.21143469052905844 113
1694432418954 0.40649178233312466 114
1694432419023 1.5026944696999147 115
1694432419092 0.07134527147249908 116
1694432419159 0.0325540064808765 117
1694432419228 0.0985111548712824 118
1694432419295 0.32771745892541015 119
1694432419363 0.02911519523654607 120
1694432419432 0.33455524587446617 121
1694432419499 0.06915662540596779 122
1694432419567 0.3022550855642993 123
1694432419636 0.3693890133833505 124
1694432419705 0.058314427770337955 125
1694432419774 0.10333773575090553 126
1694432419842 0.4289371015047225 127
1694432419909 0.1736148019379033 128
1694432419978 0.14150118792829805 129
1694432420047 0.3073673547981526 130
1694432420116 0.3501000524979261 131
1694432420184 0.8359650330109233 132
1694432420251 1.585357342207354 133
1694432420318 0.06594472886068216 134
1694432420385 0.8347846427631823 135
1694432420454 0.44933082946885416 136
1694432420521 0.013838818369446023 137
1694432420589 0.4183333964984132 138
1694432420657 0.34535640812056556 139
1694432420726 0.022040412705152685 140
1694432420794 0.06510489974491623 141
1694432420863 0.30527940317806895 142
1694432420931 0.12513451690186464 143
1694432421000 0.033104974804855046 144
1694432421070 0.25038152581422723 145
1694432421138 0.48509123430489687 146
1694432421206 0.14100950503035353 147
1694432421274 0.023109746230689534 148
1694432421342 0.17921241754857364 149
1694432421411 0.013786842189148059 150
1694432421479 0.2699234776798893 151
1694432421547 0.35830865497538056 152
1694432421615 0.7550805038643911 153
1694432421683 0.0283439974370786 154
1694432421751 0.3155024084327469 155
1694432421819 0.32569968745957656 156
1694432421889 0.19164967049796736 157
1694432421958 0.006056514486988745 158
1694432422024 0.4027793086879393 159
1694432422093 0.5649494727959475 160
1694432422161 0.6940311253789367 161
1694432422240 0.4598397721316692 162
1694432422309 0.42053185909739665 163
1694432422377 0.11052151172390291 164
1694432422445 0.4650683915171776 165
1694432422513 0.21027597637185785 166
1694432422582 0.3438416149170041 167
1694432422651 0.8526640875901143 168
1694432422718 0.5110833428178168 169
1694432422788 0.5492629046910122 170
1694432422856 0.17834066938060147 171
1694432422926 0.23201398695393582 172
1694432422994 0.2064496620446386 173
1694432423063 0.3225533419870789 174
1694432423132 0.45702972323800417 175
1694432423200 0.20026126897898738 176
1694432423269 0.15098513660979374 177
1694432423338 0.6859566863324627 178
1694432423406 0.09459487306106336 179
1694432423474 0.20574371086085474 180
1694432423543 0.10495056069917245 181
1694432423610 0.01200568819539199 182
1694432423679 0.23850659984452158 183
1694432423747 0.49151664084365265 184
1694432423815 0.3299212269681667 185
1694432423883 0.1742931211658159 186
1694432423953 0.23337383903119258 187
1694432424022 0.14739502136616525 188
1694432424090 0.010237058842337644 189
1694432424158 0.5413322379926371 190
1694432424227 0.1330592772872419 191
1694432424294 0.6448747551679798 192
1694432424362 0.0373298848638307 193
1694432424431 0.1414855108187847 194
1694432424499 0.3816038394664272 195
1694432424566 0.38454671753630837 196
1694432424635 0.1265213985689542 197
1694432424703 0.4608329512907175 198
1694432424772 0.17521599148504072 199
1694432424840 0.48529282369482624 200
1694432424909 0.23919881017682543 201
1694432424977 0.6982259339996045 202
1694432425046 0.3635374999567405 203
1694432425113 0.3183829370487305 204
1694432425180 0.06215630040498567 205
1694432425248 0.28565035073242845 206
1694432425316 0.42360183289040426 207
1694432425385 0.14292865564593446 208
1694432425453 0.17274530018600207 209
1694432425520 0.21165257354916434 210
1694432425589 0.5512034834744742 211
1694432425658 0.14317748439011643 212
1694432425727 0.5401570415243284 213
1694432425795 0.606830544232921 214
1694432425867 0.1091267634687858 215
1694432425940 0.24787400624485526 216
1694432426010 0.16324623396984783 217
1694432426079 0.3776720498961415 218
1694432426149 1.2868958314281382e-06 219
1694432426217 0.374745774527725 220
1694432426287 0.683930883923266 221
1694432426355 0.09200524147787949 222
1694432426422 0.23146336318494878 223
1694432426492 0.4412672973232105 224
1694432426560 0.2559312020417208 225
1694432426628 0.040319864141541116 226
1694432426697 0.2457178366859222 227
1694432426765 0.11542141954986693 228
1694432426834 0.377316839670297 229
1694432426902 0.9300056115456006 230
1694432426970 0.13191017623416293 231
1694432427039 0.10993779587080003 232
1694432427107 0.1697286941828635 233
1694432427175 0.2739930106510844 234
1694432427245 0.8350205764817992 235
1694432427312 0.17592123899680104 236
1694432427381 0.6070997711207868 237
1694432427450 0.029987197488287078 238
1694432427517 0.9713323893736744 239
1694432427585 0.09181548989823346 240
1694432427654 0.8160835986519538 241
1694432427723 0.3723006401264324 242
1694432427792 0.04598082615229754 243
1694432427860 0.13475517286316768 244
1694432427928 0.44799654841488035 245
1694432427997 0.11366317256355345 246
1694432428064 0.4088810628854943 247
1694432428135 0.863274856075947 248
1694432428204 0.10482600558205091 249
1694432428272 0.38866470473336273 250
1694432428340 0.0907203441862834 251
1694432428408 0.01564947359419687 252
1694432428477 0.33203974513213885 253
1694432428545 0.2447770950469027 254
1694432428615 0.10993267442833995 255
1694432428683 0.19246588535476025 256
1694432428751 0.11555063966217083 257
1694432428820 0.15290308196342983 258
1694432428888 0.5139847029086698 259
1694432428955 0.14922360241685065 260
1694432429024 0.5727486634492877 261
1694432429094 0.08412883514671944 262
1694432429161 0.45894301339328214 263
1694432429229 0.0033378833224888835 264
1694432429297 0.10756908520823867 265
1694432429365 0.21113751120338925 266
1694432429432 0.22054664259332568 267
1694432429500 0.5596474623341166 268
1694432429568 1.4703451430876335 269
1694432429636 0.27050560113356636 270
1694432429703 0.02017822312386716 271
1694432429771 0.02360263293233203 272
1694432429839 0.1649226008570684 273
1694432429908 0.4733979876831534 274
1694432429976 0.3388991897769505 275
1694432430044 0.4576989556302819 276
1694432430112 0.01669527335173934 277
1694432430180 0.6105240867880873 278
1694432430249 0.3785427057310299 279
1694432430317 0.01905820595521347 280
1694432430385 0.45573993166637056 281
1694432430452 0.2025961153558634 282
1694432430520 0.09881173760764657 283
1694432430588 0.1086451937018179 284
1694432430656 0.03916779815724066 285
1694432430725 0.24121340722664078 286
1694432430793 0.6680718105507291 287
1694432430861 0.049159134997759965 288
1694432430930 0.1900161207430074 289
1694432430998 0.32744635152991275 290
1694432431066 0.044824466796710365 291
1694432431135 0.182971556610057 292
1694432431203 0.3509325269643345 293
1694432431271 0.280355232946195 294
1694432431340 0.07104689821500682 295
1694432431408 0.06905659571365633 296
1694432431477 1.8829113767879215 297
1694432431545 0.22715476073443558 298
1694432431613 0.0062689955286174695 299
1694432431681 0.46947245931688164 300
1694432431748 0.17809969594023844 301
1694432431816 0.20445831396279862 302
1694432431884 0.3577520905790607 303
1694432431952 0.038293404218049366 304
1694432432021 0.20037885732922392 305
1694432432089 0.3970775197194883 306
1694432432157 0.28050797092068136 307
1694432432226 0.09035039408003835 308
1694432432293 0.5711949097343909 309
1694432432361 0.0253799099412042 310
1694432432430 0.5043780414226785 311
1694432432498 0.17990509535715205 312
1694432432566 1.3060877161134827 313
1694432432634 0.3940927021674545 314
1694432432702 0.4500456907928935 315
1694432432771 0.4674719066692703 316
1694432432839 0.1770729554329916 317
1694432432906 0.905371902906865 318
1694432432974 0.5244598550099362 319
1694432433043 0.007110177629921326 320
1694432433111 0.07581029743346182 321
1694432433183 0.6415621600499358 322
1694432433252 0.6255817568395746 323
1694432433320 1.2137674300560077 324
1694432433388 0.0872175460518565 325
1694432433456 0.23981694465362993 326
1694432433523 6.422641589929079e-05 327
1694432433591 0.24805985433407193 328
1694432433659 0.33841451400134365 329
1694432433727 0.1580108241740015 330
1694432433797 0.2529534567313315 331
1694432433864 0.31331499930300444 332
1694432433934 0.01070333052192375 333
1694432434001 0.6776715143380085 334
1694432434070 0.0015611132879774778 335
1694432434138 0.09044700521064435 336
1694432434207 1.0646926777589638 337
1694432434274 0.0005667598758347848 338
1694432434343 0.728133646989573 339
1694432434412 0.0020855680321031386 340
1694432434481 0.3895579881202806 341
1694432434548 0.0055147979900795775 342
1694432434616 0.5142820898726088 343
1694432434685 0.07535115331917347 344
1694432434753 0.1316504300935121 345
1694432434821 0.011710946064306506 346
1694432434893 0.5174025729918076 347
1694432434962 0.1400841081654433 348
1694432435033 0.05668703187180515 349
1694432435100 0.10266851466711278 350
1694432435169 0.9358689177985741 351
1694432435238 0.006764083567317195 352
1694432435306 0.5471714015270547 353
1694432435374 0.0393845781079544 354
1694432435443 0.4467328269662845 355
1694432435510 0.12235358817647927 356
1694432435578 0.0495662743620952 357
1694432435646 0.13152749713599798 358
1694432435714 0.05267308316276168 359
1694432435783 0.4588474709842385 360
1694432435851 0.03049464425411296 361
1694432435919 0.26697348386223635 362
1694432435988 0.5713307827888751 363
1694432436056 0.21785943199661117 364
1694432436125 0.30931537032691064 365
1694432436193 0.2598374969341359 366
1694432436260 0.008461637174450051 367
1694432436328 0.033853293228010305 368
1694432436396 0.47411255340759795 369
1694432436464 0.37628987418840765 370
1694432436532 0.36416006999882317 371
1694432436606 0.12250233153718869 372
1694432436677 0.2453604228411701 373
1694432436745 0.09655801421573001 374
1694432436814 0.19440720219745472 375
1694432436882 0.5722074669750594 376
1694432436951 0.0006904150792099655 377
1694432437017 0.5964047320283847 378
1694432437087 0.44089618689734095 379
1694432437155 0.6356170261023673 380
1694432437222 1.4906752644454098 381
1694432437291 0.0772947914019315 382
1694432437360 0.17761773923801344 383
1694432437428 0.21276679139197816 384
1694432437497 0.4649296209041402 385
1694432437566 0.02930293245016758 386
1694432437635 0.064729025481349 387
1694432437703 0.6673879480464571 388
1694432437771 0.1607342807090903 389
1694432437839 0.15976951766788994 390
1694432437907 0.6509059328244756 391
1694432437974 0.25404497831346284 392
1694432438042 0.49554384644536303 393
1694432438110 0.11768313778302793 394
1694432438178 0.39602993521930635 395
1694432438246 0.2030285353540506 396
1694432438314 0.45184959364350935 397
1694432438383 0.3913283044918193 398
1694432438451 0.3637715155247824 399
1694432438519 0.7352404621017424 400
1694432438586 0.13662375086870066 401
1694432438654 0.4516023750942526 402
1694432438722 0.2240163682589169 403
1694432438791 0.5161617654088912 404
1694432438859 0.11101875706439107 405
1694432438927 0.2974270426396162 406
1694432438995 0.6622689851061901 407
1694432439063 0.01625023133618571 408
1694432439140 0.17295158717448886 409
1694432439209 0.3243129965045841 410
1694432439277 0.14498956619513487 411
1694432439345 1.069115764169576 412
1694432439412 0.8359292079099151 413
1694432439480 0.007889186417718276 414
1694432439548 0.40915923965990836 415
1694432439617 0.019776952166936555 416
1694432439687 0.048781643113121886 417
1694432439754 0.00048168903537872283 418
1694432439823 0.20017406213280114 419
1694432439890 0.1574715337448946 420
1694432439958 0.03212681175832776 421
1694432440026 0.1869622849408159 422
1694432440094 0.3562159296317677 423
1694432440162 0.029690797566539515 424
1694432440230 0.013338760282393895 425
1694432440298 0.4795318247363295 426
1694432440367 0.44819749533976977 427
1694432440436 0.14176761768248874 428
1694432440503 0.7328075795998399 429
1694432440572 0.037473245598009734 430
1694432440640 0.05799168136457302 431
1694432440709 0.33443731000911714 432
1694432440776 0.3778948952635333 433
1694432440846 0.3350814796959605 434
1694432440915 0.039570810430935716 435
1694432440983 0.10369064144424527 436
1694432441052 0.16780352240305932 437
1694432441119 0.2355697965967584 438
1694432441187 0.07835726130697356 439
1694432441254 0.26589824134953105 440
1694432441321 0.27390165788829957 441
1694432441390 0.1470452825852062 442
1694432441458 0.18647199193419875 443
1694432441526 0.19404035080730136 444
1694432441594 0.06839077927924554 445
1694432441662 0.16466745498799015 446
1694432441730 0.12270235114942378 447
1694432441798 0.00034339168210045166 448
1694432441866 0.7819958532776303 449
1694432441933 0.17367104148005158 450
1694432442002 0.5320238094984717 451
1694432442070 0.6912546107675644 452
1694432442138 0.34165183027088725 453
1694432442205 0.5209029869417082 454
1694432442273 0.006768826051568924 455
1694432442341 0.17163848139632887 456
1694432442410 0.5722470625728566 457
1694432442478 0.8792086193497075 458
1694432442547 0.2567051754532185 459
1694432442614 0.08235095387919654 460
1694432442683 0.044922205350986975 461
1694432442751 0.08326876283558335 462
1694432442820 0.48532874719151603 463
1694432442888 1.0896911047927276 464
1694432442956 0.1387591562080679 465
1694432443024 1.2525955440586412 466
1694432443095 0.087588848420661 467
1694432443162 0.24787349255978242 468
1694432443230 0.0049266163081681125 469
1694432443298 0.3345359423467892 470
1694432443365 0.08867518992241107 471
1694432443434 0.35815991137395614 472
1694432443501 0.5842103933562336 473
1694432443569 1.3405649632403878 474
1694432443637 0.5435045985419826 475
1694432443706 0.2158844593970094 476
1694432443774 0.30786272694336236 477
1694432443843 0.017086088676716734 478
1694432443911 0.6401339652876956 479
1694432443978 0.10789100872046405 480
1694432444047 0.20672518168659296 481
1694432444116 0.7086109984040327 482
1694432444184 0.8849900191761259 483
1694432444254 0.4107644208242134 484
1694432444322 0.0027822890891137566 485
1694432444390 0.15080523968811063 486
1694432444458 0.020205702271315983 487
1694432444526 0.10949844374244433 488
1694432444593 0.5451115725328943 489
1694432444660 0.637707916181512 490
1694432444729 0.7275883267899846 491
1694432444797 0.14510559894623312 492
1694432444865 0.0004451117339219289 493
1694432444942 0.027313684230468628 494
1694432445011 0.03142031836704533 495
1694432445082 0.23248500163559307 496
1694432445150 0.5583431947527822 497
1694432445218 0.05546365018132815 498
1694432445287 0.5753041699042623 499
