1694436531085 168.89967544445548 0
1694436531102 168.86580825469008 1
1694436531119 168.83872037527672 2
1694436531137 168.81163672845773 3
1694436531153 168.784557450128 4
1694436531170 168.75748253957272 5
1694436531188 168.73041199607997 6
1694436531204 168.70334581893795 7
1694436531226 168.676284007435 8
1694436531250 168.64922656085952 9
1694436531268 168.6221734785001 10
1694436531286 168.5951247596454 11
1694436531303 168.5680804035842 12
1694436531320 168.54104040960544 13
1694436531336 168.51400477699815 14
1694436531357 168.48697350505154 15
1694436531374 168.45994659305475 16
1694436531391 168.43292404029725 17
1694436531413 168.40590584606852 18
1694436531432 168.37889200965822 19
1694436531449 168.35188253035602 20
1694436531471 168.32487740745188 21
1694436531493 168.29787664023567 22
1694436531514 168.27088022799757 23
1694436531535 168.2438881700278 24
1694436531557 168.21690046561665 25
1694436531580 168.18991711405454 26
1694436531602 168.1629381146321 27
1694436531624 168.13596346664005 28
1694436531642 168.1089931693691 29
1694436531660 168.08202722211024 30
1694436531678 168.05506562415454 31
1694436531694 168.02810837479308 32
1694436531710 168.00115547331717 33
1694436531728 167.97420691901823 34
1694436531745 167.94726271118773 35
1694436531763 167.92032284911738 36
1694436531780 167.89338733209888 37
1694436531796 167.86645615942408 38
1694436531813 167.839529330385 39
1694436531830 167.81260684427372 40
1694436531846 167.78568870038254 41
1694436531865 167.75877489800368 42
1694436531883 167.7318654364297 43
1694436531900 167.7049603149531 44
1694436531917 167.67805953286663 45
1694436531933 167.65116308946307 46
1694436531951 167.62427098403538 47
1694436531973 167.59738321587656 48
1694436531991 167.5704997842798 49
1694436532007 167.54362068853845 50
1694436532024 167.5167459279458 51
1694436532041 167.48987550179544 52
1694436532058 167.46300940938096 53
1694436532076 167.43614764999614 54
1694436532093 167.40929022293486 55
1694436532110 167.38243712749113 56
1694436532127 167.355588362959 57
1694436532144 167.3287439286327 58
1694436532164 167.30190382380658 59
1694436532181 167.2750680477752 60
1694436532198 167.24823659983295 61
1694436532214 167.2214094792747 62
1694436532234 167.19458668539514 63
1694436532260 167.16776821748923 64
1694436532289 167.1409540748521 65
1694436532309 167.1141442567788 66
1694436532325 167.08733876256466 67
1694436532342 167.06053759150504 68
1694436532361 167.03374074289556 69
1694436532377 167.00694821603173 70
1694436532395 166.9801600102094 71
1694436532413 166.95337612472437 72
1694436532430 166.9265965588726 73
1694436532447 166.89982131195035 74
1694436532464 166.87305038325363 75
1694436532481 166.84628377207895 76
1694436532498 166.81952147772267 77
1694436532515 166.7927634994814 78
1694436532531 166.76600983665176 79
1694436532548 166.73926048853068 80
1694436532565 166.71251545441498 81
1694436532582 166.68577473360176 82
1694436532599 166.65903832538814 83
1694436532616 166.63230622907136 84
1694436532633 166.60557844394884 85
1694436532654 166.57885496931814 86
1694436532676 166.55213580447685 87
1694436532693 166.5254209487227 88
1694436532711 166.49871040135358 89
1694436532728 166.47200416166743 90
1694436532745 166.44530222896233 91
1694436532763 166.4186046025365 92
1694436532780 166.39191128168832 93
1694436532796 166.3652222657162 94
1694436532814 166.33853755391866 95
1694436532830 166.31185714559447 96
1694436532847 166.28518104004232 97
1694436532863 166.25850923656117 98
1694436532884 166.23184173445003 99
1694436532900 166.20517853300802 100
1694436532916 166.1785196315345 101
1694436532933 166.15186502932875 102
1694436532951 166.12521472569034 103
1694436532967 166.09856871991877 104
1694436532987 166.07192701131387 105
1694436533004 166.04528959917545 106
1694436533020 166.01865648280346 107
1694436533037 165.99202766149799 108
1694436533054 165.9654031345592 109
1694436533072 165.93878290128745 110
1694436533089 165.91216696098314 111
1694436533105 165.88555531294682 112
1694436533123 165.8589479564791 113
1694436533138 165.83234489088088 114
1694436533155 165.8057461154529 115
1694436533174 165.77915162949625 116
1694436533195 165.7525614323121 117
1694436533218 165.72597552320156 118
1694436533236 165.6993939014661 119
1694436533252 165.67281656640714 120
1694436533271 165.64624351732633 121
1694436533289 165.6196747535253 122
1694436533305 165.59311027430587 123
1694436533323 165.56655007897004 124
1694436533338 165.53999416681987 125
1694436533356 165.51344253715746 126
1694436533374 165.48689518928518 127
1694436533392 165.46035212250533 128
1694436533409 165.43381333612052 129
1694436533426 165.40727882943335 130
1694436533442 165.38074860174657 131
1694436533459 165.3542226523631 132
1694436533479 165.32770098058583 133
1694436533495 165.30118358571792 134
1694436533513 165.27467046706255 135
1694436533530 165.24816162392312 136
1694436533546 165.221657055603 137
1694436533563 165.1951567614058 138
1694436533581 165.16866074063515 139
1694436533599 165.14216899259495 140
1694436533616 165.115681516589 141
1694436533633 165.08919831192136 142
1694436533651 165.0627193778962 143
1694436533669 165.03624471381775 144
1694436533688 165.00977431899042 145
1694436533705 164.98330819271862 146
1694436533722 164.95684633430707 147
1694436533739 164.93038874306043 148
1694436533757 164.90393541828354 149
1694436533774 164.87748635928133 150
1694436533792 164.8510415653589 151
1694436533809 164.82460103582144 152
1694436533829 164.79816476997425 153
1694436533850 164.77173276712276 154
1694436533868 164.74530502657242 155
1694436533888 164.71888154762897 156
1694436533905 164.6924623295981 157
1694436533922 164.66604737178577 158
1694436533938 164.6396366734979 159
1694436533955 164.61323023404063 160
1694436533972 164.5868280527202 161
1694436533991 164.56043012884294 162
1694436534007 164.5340364617153 163
1694436534025 164.50764705064378 164
1694436534041 164.48126189493524 165
1694436534058 164.45488099389632 166
1694436534075 164.428504346834 167
1694436534092 164.40213195305532 168
1694436534108 164.3757638118674 169
1694436534125 164.34939992257753 170
1694436534142 164.32304028449306 171
1694436534158 164.29668489692153 172
1694436534175 164.27033375917048 173
1694436534194 164.24398687054773 174
1694436534211 164.21764423036103 175
1694436534227 164.19130583791835 176
1694436534245 164.1649716925278 177
1694436534261 164.13864179349758 178
1694436534278 164.1123161401359 179
1694436534296 164.08599473175124 180
1694436534313 164.05967756765213 181
1694436534329 164.03336464714718 182
1694436534345 164.0070559695452 183
1694436534362 163.98075153415502 184
1694436534379 163.95445134028566 185
1694436534398 163.9281553872462 186
1694436534416 163.9018636743459 187
1694436534436 163.87557620089402 188
1694436534453 163.84929296620007 189
1694436534470 163.82301396957365 190
1694436534489 163.79673921032435 191
1694436534506 163.77046868776205 192
1694436534523 163.74420240119656 193
1694436534539 163.717940349938 194
1694436534555 163.69168253329644 195
1694436534572 163.6654289505822 196
1694436534590 163.6391796011056 197
1694436534608 163.61293448417712 198
1694436534626 163.5866935991074 199
1694436534642 163.56045694520714 200
1694436534658 163.53422452178714 201
1694436534675 163.50799632815833 202
1694436534694 163.48177236363185 203
1694436534710 163.45555262751876 204
1694436534728 163.42933711913042 205
1694436534744 163.40312583777825 206
1694436534761 163.37691878277369 207
1694436534778 163.3507159534284 208
1694436534795 163.32451734905413 209
1694436534813 163.2983229689628 210
1694436534829 163.2721328124662 211
1694436534846 163.24594687887665 212
1694436534862 163.2197651675062 213
1694436534880 163.1935876776672 214
1694436534898 163.16741440867213 215
1694436534915 163.1412453598335 216
1694436534932 163.11508053046393 217
1694436534949 163.08891991987625 218
1694436534965 163.0627635273833 219
1694436534982 163.0366113522981 220
1694436535001 163.01046339393383 221
1694436535022 162.98431965160364 222
1694436535043 162.9581801246209 223
1694436535065 162.9320448122991 224
1694436535083 162.90591371395175 225
1694436535103 162.8797868288926 226
1694436535119 162.8536641564354 227
1694436535136 162.82754569589412 228
1694436535153 162.80143144658274 229
1694436535170 162.77532140781543 230
1694436535187 162.74921557890647 231
1694436535206 162.7231139591702 232
1694436535223 162.69701654792112 233
1694436535239 162.67092334447383 234
1694436535257 162.644834348143 235
1694436535274 162.61874955824356 236
1694436535291 162.59266897409037 237
1694436535308 162.56659259499847 238
1694436535326 162.54052042028314 239
1694436535343 162.51445244925955 240
1694436535359 162.48838868124315 241
1694436535376 162.46232911554947 242
1694436535395 162.43627375149407 243
1694436535412 162.41022258839277 244
1694436535429 162.38417562556137 245
1694436535446 162.35813286231584 246
1694436535462 162.3320942979723 247
1694436535478 162.30605993184687 248
1694436535498 162.28002976325598 249
1694436535514 162.2540037915159 250
1694436535531 162.2279820159433 251
1694436535547 162.2019644358548 252
1694436535564 162.17595105056708 253
1694436535581 162.14994185939707 254
1694436535600 162.12393686166186 255
1694436535620 162.09793605667838 256
1694436535638 162.07193944376397 257
1694436535655 162.04594702223588 258
1694436535671 162.01995879141163 259
1694436535688 161.99397475060874 260
1694436535707 161.96799489914483 261
1694436535724 161.94201923633784 262
1694436535740 161.9160477615055 263
1694436535758 161.8900804739659 264
1694436535774 161.86411737303717 265
1694436535791 161.83815845803755 266
1694436535810 161.81220372828537 267
1694436535826 161.7862531830991 268
1694436535843 161.76030682179734 269
1694436535860 161.73436464369877 270
1694436535877 161.70842664812216 271
1694436535893 161.6824928343865 272
1694436535912 161.65656320181074 273
1694436535929 161.6306377497141 274
1694436535945 161.60471647741585 275
1694436535961 161.57879938423528 276
1694436535978 161.5528864694919 277
1694436535995 161.52697773250534 278
1694436536015 161.5010731725953 279
1694436536031 161.47517278908157 280
1694436536048 161.44927658128415 281
1694436536065 161.42338454852307 282
1694436536082 161.39749669011846 283
1694436536100 161.37161300539063 284
1694436536119 161.34573349365996 285
1694436536136 161.31985815424696 286
1694436536158 161.2939869864722 287
1694436536176 161.26811998965647 288
1694436536194 161.24225716312063 289
1694436536211 161.21639850618553 290
1694436536229 161.19054401817232 291
1694436536245 161.16469369840217 292
1694436536262 161.13884754619633 293
1694436536279 161.11300556087627 294
1694436536296 161.0871677417635 295
1694436536313 161.06133408817962 296
1694436536330 161.03550459944637 297
1694436536346 161.0096792748856 298
1694436536363 160.98385811381937 299
1694436536380 160.95804111556964 300
1694436536396 160.93222827945868 301
1694436536415 160.90641960480875 302
1694436536432 160.88061509094237 303
1694436536449 160.85481473718195 304
1694436536465 160.82901854285018 305
1694436536482 160.80322650726984 306
1694436536498 160.77743862976382 307
1694436536516 160.75165490965503 308
1694436536533 160.72587534626666 309
1694436536550 160.70009993892185 310
1694436536566 160.67432868694394 311
1694436536583 160.64856158965634 312
1694436536600 160.62279864638268 313
1694436536619 160.5970398564465 314
1694436536635 160.57128521917167 315
1694436536651 160.54553473388202 316
1694436536668 160.51978839990156 317
1694436536686 160.49404621655438 318
1694436536702 160.46830818316474 319
1694436536721 160.44257429905696 320
1694436536738 160.41684456355546 321
1694436536754 160.39111897598485 322
1694436536771 160.36539753566973 323
1694436536793 160.33968024193493 324
1694436536814 160.31396709410538 325
1694436536832 160.288258091506 326
1694436536849 160.26255323346194 327
1694436536866 160.23685251929848 328
1694436536883 160.21115594834092 329
1694436536899 160.1854635199147 330
1694436536919 160.15977523334536 331
1694436536936 160.13409108795872 332
1694436536952 160.10841108308043 333
1694436536969 160.08273521803645 334
1694436536985 160.0570634921528 335
1694436537003 160.03139590475558 336
1694436537023 160.00573245517106 337
1694436537039 159.9800731427256 338
1694436537056 159.95441796674558 339
1694436537072 159.9287669265577 340
1694436537088 159.90312002148858 341
1694436537105 159.87747725086498 342
1694436537124 159.8518386140139 343
1694436537140 159.8262041102623 344
1694436537156 159.80057373893735 345
1694436537173 159.77494749936628 346
1694436537189 159.74932539087646 347
1694436537207 159.7237074127954 348
1694436537226 159.69809356445055 349
1694436537243 159.67248384516972 350
1694436537259 159.6468782542807 351
1694436537277 159.6212767911114 352
1694436537293 159.59567945498983 353
1694436537310 159.5700862452441 354
1694436537328 159.54449716120257 355
1694436537346 159.51891220219355 356
1694436537368 159.4933313675455 357
1694436537386 159.46775465658698 358
1694436537402 159.44218206864676 359
1694436537420 159.4166136030536 360
1694436537438 159.39104925913642 361
1694436537454 159.3654890362243 362
1694436537471 159.33993293364637 363
1694436537488 159.31438095073185 364
1694436537504 159.28883308681011 365
1694436537523 159.2632893412107 366
1694436537539 159.2377497132631 367
1694436537556 159.21221420229713 368
1694436537572 159.18668280764254 369
1694436537589 159.16115552862922 370
1694436537605 159.1356323645873 371
1694436537624 159.1101133148469 372
1694436537641 159.0845983787382 373
1694436537658 159.05908755559167 374
1694436537675 159.03358084473774 375
1694436537692 159.008078245507 376
1694436537709 158.98257975723018 377
1694436537728 158.9570853792381 378
1694436537745 158.93159511086162 379
1694436537763 158.90610895143186 380
1694436537779 158.88062690027996 381
1694436537796 158.8551489567371 382
1694436537813 158.82967512013477 383
1694436537832 158.80420538980437 384
1694436537849 158.77873976507752 385
1694436537866 158.75327824528588 386
1694436537883 158.72782082976133 387
1694436537900 158.7023675178358 388
1694436537917 158.67691830884124 389
1694436537935 158.6514732021099 390
1694436537952 158.626032196974 391
1694436537970 158.6005952927659 392
1694436537991 158.57516248881808 393
1694436538013 158.54973378446314 394
1694436538031 158.5243091790338 395
1694436538048 158.49888867186286 396
1694436538065 158.47347226228322 397
1694436538082 158.44805994962795 398
1694436538099 158.4226517332302 399
1694436538116 158.39724761242317 400
1694436538134 158.3718475865403 401
1694436538150 158.34645165491509 402
1694436538167 158.32105981688102 403
1694436538183 158.29567207177183 404
1694436538200 158.2702884189214 405
1694436538216 158.2449088576636 406
1694436538234 158.21953338733243 407
1694436538251 158.1941620072621 408
1694436538268 158.16879471678686 409
1694436538285 158.14343151524096 410
1694436538302 158.118072401959 411
1694436538319 158.09271737627557 412
1694436538339 158.0673664375253 413
1694436538355 158.042019585043 414
1694436538371 158.0166768181636 415
1694436538388 157.99133813622217 416
1694436538404 157.96600353855376 417
1694436538422 157.94067302449372 418
1694436538441 157.9153465933773 419
1694436538458 157.8900242445401 420
1694436538473 157.86470597731756 421
1694436538490 157.83939179104547 422
1694436538507 157.81408168505956 423
1694436538525 157.78877565869584 424
1694436538547 157.7634737112902 425
1694436538569 157.7381758421789 426
1694436538587 157.71288205069808 427
1694436538603 157.68759233618414 428
1694436538621 157.66230669797352 429
1694436538638 157.63702513540284 430
1694436538656 157.61174764780873 431
1694436538674 157.586474234528 432
1694436538690 157.56120489489757 433
1694436538706 157.53593962825443 434
1694436538724 157.5106784339357 435
1694436538742 157.48542131127863 436
1694436538760 157.46016825962056 437
1694436538776 157.43491927829888 438
1694436538793 157.4096743666513 439
1694436538810 157.38443352401532 440
1694436538827 157.3591967497289 441
1694436538845 157.33396404312978 442
1694436538862 157.30873540355606 443
1694436538879 157.2835108303458 444
1694436538896 157.2582903228372 445
1694436538915 157.23307388036872 446
1694436538932 157.2078615022787 447
1694436538949 157.18265318790566 448
1694436538965 157.1574489365883 449
1694436538982 157.13224874766547 450
1694436538998 157.10705262047597 451
1694436539015 157.08186055435877 452
1694436539034 157.05667254865307 453
1694436539052 157.03148860269798 454
1694436539070 157.00630871583292 455
1694436539087 156.9811328873972 456
1694436539104 156.95596111673046 457
1694436539122 156.9307934031723 458
1694436539142 156.90562974606246 459
1694436539164 156.88047014474094 460
1694436539185 156.85531459854755 461
1694436539203 156.83016310682248 462
1694436539220 156.80501566890592 463
1694436539239 156.77987228413818 464
1694436539255 156.7547329518596 465
1694436539273 156.72959767141083 466
1694436539290 156.7044664421324 467
1694436539306 156.6793392633651 468
1694436539324 156.6542161344498 469
1694436539343 156.62909705472745 470
1694436539360 156.60398202353912 471
1694436539377 156.57887104022598 472
1694436539393 156.55376410412939 473
1694436539410 156.52866121459067 474
1694436539427 156.50356237095139 475
1694436539446 156.47846757255314 476
1694436539463 156.45337681873767 477
1694436539479 156.4282901088468 478
1694436539496 156.40320744222248 479
1694436539512 156.3781288182068 480
1694436539529 156.35305423614187 481
1694436539547 156.32798369537005 482
1694436539564 156.30291719523368 483
1694436539580 156.2778547350752 484
1694436539596 156.25279631423734 485
1694436539613 156.22774193206268 486
1694436539631 156.20269158789418 487
1694436539649 156.17764528107463 488
1694436539666 156.15260301094722 489
1694436539682 156.12756477685497 490
1694436539698 156.10253057814114 491
1694436539715 156.07750041414926 492
1694436539734 156.0524742842226 493
1694436539752 156.02745218770488 494
1694436539770 156.0024341239398 495
1694436539788 155.97742009227107 496
1694436539804 155.95241009204267 497
1694436539822 155.92740412259863 498
1694436539841 155.90240218328307 499
