1694438418192 169.03908926289097 0
1694438418213 168.7008215550424 1
1694438418235 168.36323186040246 2
1694438418256 168.02631881745594 3
1694438418274 167.69008106743198 4
1694438418295 167.35451725429792 5
1694438418315 167.01962602475413 6
1694438418338 166.68540602822821 7
1694438418356 166.3518559168696 8
1694438418373 166.01897434554402 9
1694438418389 165.68675997182797 10
1694438418407 165.35521145600313 11
1694438418425 165.02432746105106 12
1694438418442 164.69410665264752 13
1694438418460 164.36454769915716 14
1694438418477 164.0356492716279 15
1694438418496 163.70741004378567 16
1694438418514 163.37982869202884 17
1694438418532 163.05290389542284 18
1694438418550 162.72663433569474 19
1694438418567 162.4010186972279 20
1694438418584 162.07605566705644 21
1694438418603 161.75174393486003 22
1694438418621 161.42808219295847 23
1694438418638 161.10506913630627 24
1694438418658 160.78270346248735 25
1694438418676 160.46098387170963 26
1694438418699 160.13990906679996 27
1694438418718 159.81947775319844 28
1694438418736 159.49968863895342 29
1694438418753 159.18054043471605 30
1694438418771 158.86203185373495 31
1694438418788 158.54416161185122 32
1694438418805 158.22692842749288 33
1694438418823 157.9103310216697 34
1694438418841 157.5943681179681 35
1694438418858 157.27903844254575 36
1694438418875 156.96434072412646 37
1694438418892 156.65027369399485 38
1694438418910 156.3368360859915 39
1694438418928 156.0240266365072 40
1694438418945 155.71184408447832 41
1694438418963 155.40028717138125 42
1694438418980 155.0893546412276 43
1694438418998 154.77904524055876 44
1694438419016 154.46935771844096 45
1694438419033 154.16029082645997 46
1694438419051 153.85184331871622 47
1694438419068 153.54401395181947 48
1694438419085 153.23680148488396 49
1694438419104 152.9302046795231 50
1694438419122 152.62422229984455 51
1694438419139 152.3188531124451 52
1694438419158 152.01409588640576 53
1694438419173 151.70994939328645 54
1694438419191 151.4064124071212 55
1694438419209 151.103483704413 56
1694438419226 150.80116206412907 57
1694438419243 150.4994462676954 58
1694438419260 150.19833509899223 59
1694438419277 149.89782734434874 60
1694438419295 149.5979217925382 61
1694438419313 149.2986172347732 62
1694438419331 148.99991246470032 63
1694438419352 148.7018062783956 64
1694438419377 148.4042974743593 65
1694438419399 148.1073848535112 66
1694438419417 147.81106721918556 67
1694438419433 147.51534337712633 68
1694438419451 147.22021213548214 69
1694438419468 146.9256723048016 70
1694438419485 146.63172269802828 71
1694438419502 146.33836213049597 72
1694438419519 146.04558941992366 73
1694438419537 145.75340338641098 74
1694438419555 145.4618028524332 75
1694438419571 145.17078664283636 76
1694438419588 144.8803535848326 77
1694438419608 144.59050250799535 78
1694438419625 144.30123224425455 79
1694438419641 144.01254162789166 80
1694438419659 143.72442949553522 81
1694438419676 143.43689468615605 82
1694438419694 143.1499360410621 83
1694438419713 142.86355240389426 84
1694438419730 142.57774262062142 85
1694438419748 142.29250553953554 86
1694438419765 142.00784001124734 87
1694438419782 141.7237448886812 88
1694438419801 141.4402190270709 89
1694438419818 141.1572612839545 90
1694438419835 140.87487051917 91
1694438419852 140.5930455948505 92
1694438419870 140.31178537541976 93
1694438419888 140.03108872758722 94
1694438419907 139.75095452034378 95
1694438419924 139.4713816249568 96
1694438419942 139.19236891496575 97
1694438419959 138.91391526617755 98
1694438419976 138.6360195566619 99
1694438419994 138.35868066674672 100
1694438420012 138.08189747901363 101
1694438420029 137.80566887829346 102
1694438420046 137.52999375166146 103
1694438420064 137.25487098843297 104
1694438420081 136.98029948015878 105
1694438420099 136.70627812062065 106
1694438420118 136.43280580582675 107
1694438420135 136.15988143400713 108
1694438420153 135.88750390560952 109
1694438420170 135.61567212329422 110
1694438420188 135.3443849919303 111
1694438420205 135.07364141859065 112
1694438420223 134.80344031254776 113
1694438420240 134.53378058526914 114
1694438420256 134.26466115041305 115
1694438420274 133.99608092382374 116
1694438420291 133.7280388235275 117
1694438420309 133.46053376972776 118
1694438420326 133.19356468480103 119
1694438420344 132.92713049329234 120
1694438420360 132.6612301219108 121
1694438420378 132.39586249952546 122
1694438420395 132.1310265571607 123
1694438420413 131.86672122799192 124
1694438420430 131.60294544734128 125
1694438420447 131.33969815267324 126
1694438420463 131.0769782835903 127
1694438420481 130.81478478182876 128
1694438420498 130.55311659125408 129
1694438420517 130.29197265785697 130
1694438420537 130.03135192974884 131
1694438420554 129.77125335715758 132
1694438420571 129.51167589242323 133
1694438420588 129.25261848999384 134
1694438420605 128.99408010642105 135
1694438420624 128.7360597003559 136
1694438420641 128.47855623254463 137
1694438420658 128.22156866582435 138
1694438420675 127.96509596511885 139
1694438420692 127.7091370974344 140
1694438420710 127.45369103185551 141
1694438420728 127.19875673954077 142
1694438420744 126.94433319371856 143
1694438420762 126.69041936968294 144
1694438420779 126.4370142447895 145
1694438420797 126.18411679845109 146
1694438420815 125.93172601213371 147
1694438420832 125.67984086935239 148
1694438420850 125.42846035566704 149
1694438420867 125.17758345867826 150
1694438420884 124.92720916802317 151
1694438420903 124.67733647537149 152
1694438420920 124.42796437442122 153
1694438420937 124.17909186089467 154
1694438420954 123.93071793253426 155
1694438420971 123.68284158909857 156
1694438420988 123.43546183235811 157
1694438421006 123.18857766609138 158
1694438421023 122.94218809608068 159
1694438421041 122.69629213010825 160
1694438421058 122.450888777952 161
1694438421076 122.20597705138165 162
1694438421095 121.96155596415461 163
1694438421113 121.71762453201202 164
1694438421132 121.47418177267465 165
1694438421150 121.23122670583898 166
1694438421167 120.98875835317322 167
1694438421184 120.74677573831325 168
1694438421202 120.50527788685866 169
1694438421221 120.2642638263688 170
1694438421238 120.02373258635886 171
1694438421255 119.78368319829582 172
1694438421272 119.54411469559459 173
1694438421289 119.30502611361398 174
1694438421307 119.06641648965288 175
1694438421325 118.82828486294628 176
1694438421342 118.59063027466132 177
1694438421360 118.35345176789349 178
1694438421377 118.11674838766265 179
1694438421393 117.88051918090912 180
1694438421411 117.64476319648983 181
1694438421430 117.40947948517457 182
1694438421447 117.17466709964184 183
1694438421464 116.94032509447526 184
1694438421480 116.70645252615964 185
1694438421498 116.47304845307701 186
1694438421516 116.24011193550304 187
1694438421533 116.00764203560293 188
1694438421551 115.77563781742776 189
1694438421568 115.54409834691076 190
1694438421585 115.31302269186322 191
1694438421602 115.08240992197099 192
1694438421620 114.85225910879048 193
1694438421637 114.62256932574508 194
1694438421654 114.39333964812116 195
1694438421671 114.16456915306452 196
1694438421689 113.9362569195765 197
1694438421708 113.70840202851022 198
1694438421726 113.48100356256694 199
1694438421744 113.25406060629228 200
1694438421761 113.02757224607245 201
1694438421778 112.80153757013058 202
1694438421796 112.57595566852297 203
1694438421813 112.35082563313544 204
1694438421831 112.12614655767965 205
1694438421849 111.90191753768926 206
1694438421866 111.67813767051645 207
1694438421883 111.4548060553281 208
1694438421901 111.2319217931022 209
1694438421919 111.00948398662415 210
1694438421937 110.78749174048315 211
1694438421954 110.56594416106851 212
1694438421972 110.34484035656605 213
1694438421989 110.12417943695449 214
1694438422006 109.90396051400174 215
1694438422024 109.68418270126135 216
1694438422042 109.46484511406895 217
1694438422059 109.24594686953854 218
1694438422076 109.02748708655902 219
1694438422094 108.80946488579043 220
1694438422111 108.59187938966065 221
1694438422128 108.37472972236151 222
1694438422146 108.15801500984544 223
1694438422163 107.94173437982188 224
1694438422181 107.72588696175369 225
1694438422198 107.5104718868536 226
1694438422216 107.29548828808072 227
1694438422233 107.08093530013703 228
1694438422251 106.8668120594638 229
1694438422269 106.6531177042381 230
1694438422286 106.4398513743693 231
1694438422303 106.22701221149556 232
1694438422322 106.01459935898042 233
1694438422341 105.80261196190918 234
1694438422360 105.59104916708547 235
1694438422377 105.3799101230279 236
1694438422394 105.16919397996641 237
1694438422411 104.95889988983895 238
1694438422430 104.74902700628795 239
1694438422447 104.53957448465698 240
1694438422464 104.33054148198717 241
1694438422480 104.12192715701391 242
1694438422498 103.91373067016339 243
1694438422515 103.70595118354916 244
1694438422533 103.49858786096875 245
1694438422551 103.29163986790027 246
1694438422568 103.085106371499 247
1694438422585 102.878986540594 248
1694438422603 102.67327954568482 249
1694438422619 102.46798455893796 250
1694438422637 102.26310075418367 251
1694438422655 102.05862730691251 252
1694438422671 101.85456339427195 253
1694438422690 101.65090819506318 254
1694438422707 101.44766088973765 255
1694438422726 101.2448206603937 256
1694438422744 101.04238669077343 257
1694438422761 100.84035816625912 258
1694438422778 100.63873427387018 259
1694438422795 100.43751420225965 260
1694438422812 100.23669714171098 261
1694438422830 100.03628228413476 262
1694438422848 99.8362688230654 263
1694438422865 99.63665595365788 264
1694438422882 99.43744287268443 265
1694438422901 99.23862877853135 266
1694438422920 99.04021287119564 267
1694438422939 98.84219435228188 268
1694438422957 98.64457242499888 269
1694438422973 98.44734629415652 270
1694438422991 98.2505151661624 271
1694438423009 98.05407824901881 272
1694438423026 97.85803475231937 273
1694438423043 97.66238388724575 274
1694438423062 97.46712486656469 275
1694438423079 97.27225690462461 276
1694438423096 97.07777921735253 277
1694438423112 96.88369102225082 278
1694438423130 96.68999153839403 279
1694438423147 96.49667998642572 280
1694438423165 96.30375558855539 281
1694438423182 96.11121756855513 282
1694438423199 95.91906515175664 283
1694438423216 95.727297565048 284
1694438423234 95.53591403687057 285
1694438423252 95.34491379721581 286
1694438423270 95.15429607762213 287
1694438423288 94.96406011117195 288
1694438423305 94.77420513248832 289
1694438423322 94.58473037773204 290
1694438423341 94.39563508459841 291
1694438423358 94.20691849231422 292
1694438423375 94.01857984163458 293
1694438423392 93.83061837483991 294
1694438423410 93.64303333573292 295
1694438423428 93.45582396963535 296
1694438423445 93.26898952338505 297
1694438423462 93.08252924533289 298
1694438423479 92.89644238533974 299
1694438423499 92.71072819477335 300
1694438423518 92.52538592650536 301
1694438423536 92.34041483490832 302
1694438423553 92.15581417585246 303
1694438423570 91.97158320670293 304
1694438423589 91.78772118631669 305
1694438423605 91.60422737503936 306
1694438423623 91.42110103470246 307
1694438423642 91.23834142862019 308
1694438423660 91.05594782158661 309
1694438423677 90.87391947987257 310
1694438423694 90.69225567122271 311
1694438423711 90.51095566485256 312
1694438423728 90.33001873144555 313
1694438423747 90.14944414315005 314
1694438423764 89.96923117357636 315
1694438423782 89.78937909779384 316
1694438423800 89.60988719232793 317
1694438423816 89.43075473515722 318
1694438423833 89.25198100571056 319
1694438423851 89.07356528486403 320
1694438423869 88.89550685493815 321
1694438423886 88.71780499969483 322
1694438423904 88.54045900433469 323
1694438423920 88.36346815549385 324
1694438423937 88.18683174124126 325
1694438423955 88.01054905107577 326
1694438423973 87.83461937592322 327
1694438423990 87.65904200813355 328
1694438424008 87.48381624147792 329
1694438424025 87.30894137114598 330
1694438424043 87.13441669374278 331
1694438424061 86.9602415072861 332
1694438424078 86.78641511120358 333
1694438424098 86.61293680632974 334
1694438424117 86.43980589490334 335
1694438424137 86.26702168056443 336
1694438424154 86.09458346835153 337
1694438424172 85.92249056469882 338
1694438424190 85.75074227743339 339
1694438424207 85.57933791577233 340
1694438424225 85.40827679031999 341
1694438424242 85.2375582130652 342
1694438424259 85.06718149737847 343
1694438424276 84.8971459580091 344
1694438424293 84.72745091108254 345
1694438424311 84.5580956740976 346
1694438424327 84.38907956592362 347
1694438424347 84.2204019067977 348
1694438424364 84.05206201832202 349
1694438424380 83.88405922346105 350
1694438424397 83.7163928465388 351
1694438424416 83.54906221323607 352
1694438424432 83.3820666505877 353
1694438424450 83.21540548697996 354
1694438424467 83.04907805214762 355
1694438424484 82.88308367717147 356
1694438424501 82.71742169447539 357
1694438424518 82.55209143782378 358
1694438424534 82.38709224231883 359
1694438424553 82.22242344439782 360
1694438424569 82.05808438183034 361
1694438424587 81.89407439371584 362
1694438424605 81.73039282048065 363
1694438424622 81.56703900387555 364
1694438424638 81.40401228697299 365
1694438424657 81.2413120141644 366
1694438424673 81.0789375311576 367
1694438424692 80.91688818497421 368
1694438424709 80.7551633239468 369
1694438424728 80.59376229771638 370
1694438424746 80.43268445722981 371
1694438424764 80.2719291547371 372
1694438424781 80.11149574378875 373
1694438424799 79.9513835792332 374
1694438424815 79.7915920172142 375
1694438424832 79.63212041516815 376
1694438424850 79.4729681318216 377
1694438424868 79.31413452718856 378
1694438424884 79.15561896256789 379
1694438424902 78.99742080054082 380
1694438424919 78.83953940496828 381
1694438424936 78.68197414098833 382
1694438424954 78.52472437501359 383
1694438424972 78.36778947472872 384
1694438424989 78.21116880908784 385
1694438425006 78.05486174831186 386
1694438425023 77.89886766388614 387
1694438425041 77.74318592855772 388
1694438425059 77.587815916333 389
1694438425076 77.43275700247499 390
1694438425092 77.27800856350092 391
1694438425110 77.12356997717966 392
1694438425128 76.9694406225292 393
1694438425145 76.8156198798142 394
1694438425163 76.66210713054339 395
1694438425180 76.50890175746703 396
1694438425198 76.35600314457457 397
1694438425215 76.2034106770921 398
1694438425231 76.05112374147967 399
1694438425249 75.89914172542908 400
1694438425266 75.74746401786122 401
1694438425283 75.59609000892368 402
1694438425301 75.44501908998825 403
1694438425321 75.29425065364843 404
1694438425341 75.14378409371702 405
1694438425358 74.9936188052236 406
1694438425376 74.84375418441222 407
1694438425392 74.69418962873873 408
1694438425409 74.54492453686854 409
1694438425427 74.39595830867404 410
1694438425444 74.24729034523234 411
1694438425463 74.09892004882266 412
1694438425479 73.95084682292402 413
1694438425497 73.80307007221279 414
1694438425515 73.65558920256028 415
1694438425534 73.50840362103035 416
1694438425553 73.36151273587699 417
1694438425571 73.21491595654192 418
1694438425592 73.06861269365228 419
1694438425611 72.92260235901804 420
1694438425628 72.77688436562988 421
1694438425647 72.63145812765661 422
1694438425664 72.4863230604429 423
1694438425681 72.3414785805069 424
1694438425701 72.1969241055378 425
1694438425722 72.0526590543936 426
1694438425739 71.90868284709867 427
1694438425758 71.76499490484143 428
1694438425774 71.62159464997198 429
1694438425792 71.4784815059998 430
1694438425810 71.33565489759141 431
1694438425827 71.19311425056799 432
1694438425846 71.05085899190313 433
1694438425864 70.90888854972043 434
1694438425881 70.76720235329128 435
1694438425899 70.62579983303252 436
1694438425917 70.48468042050399 437
1694438425936 70.3438435484065 438
1694438425954 70.2032886505793 439
1694438425972 70.06301516199788 440
1694438425990 69.92302251877172 441
1694438426007 69.78331015814187 442
1694438426025 69.6438775184789 443
1694438426043 69.50472403928039 444
1694438426061 69.36584916116881 445
1694438426079 69.22725232588918 446
1694438426097 69.0889329763069 447
1694438426114 68.95089055640535 448
1694438426132 68.8131245112838 449
1694438426149 68.67563428715508 450
1694438426167 68.5384193313433 451
1694438426184 68.4014790922817 452
1694438426202 68.26481301951038 453
1694438426220 68.12842056367408 454
1694438426237 67.99230117651993 455
1694438426254 67.85645431089523 456
1694438426271 67.72087942074533 457
1694438426289 67.58557596111127 458
1694438426306 67.4505433881277 459
1694438426323 67.31578115902062 460
1694438426340 67.18128873210513 461
1694438426357 67.04706556678344 462
1694438426375 66.91311112354244 463
1694438426393 66.77942486395162 464
1694438426410 66.64600625066099 465
1694438426428 66.51285474739866 466
1694438426445 66.37996981896899 467
1694438426462 66.2473509312501 468
1694438426480 66.114997551192 469
1694438426497 65.9829091468142 470
1694438426515 65.85108518720365 471
1694438426531 65.71952514251272 472
1694438426549 65.58822848395675 473
1694438426570 65.45719468381225 474
1694438426588 65.32642321541456 475
1694438426605 65.19591355315576 476
1694438426622 65.06566517248251 477
1694438426639 64.93567754989408 478
1694438426656 64.80595016294002 479
1694438426674 64.67648249021819 480
1694438426691 64.54727401137264 481
1694438426708 64.4183242070914 482
1694438426725 64.28963255910455 483
1694438426743 64.16119855018196 484
1694438426761 64.03302166413128 485
1694438426778 63.90510138579588 486
1694438426796 63.77743720105267 487
1694438426813 63.65002859681012 488
1694438426830 63.52287506100609 489
1694438426848 63.39597608260589 490
1694438426866 63.26933115160007 491
1694438426884 63.142939759002424 492
1694438426901 63.01680139684796 493
1694438426918 62.890915558190784 494
1694438426934 62.76528173710211 495
1694438426951 62.63989942866815 496
1694438426970 62.514768128988145 497
1694438426988 62.38988733517223 498
1694438427005 62.26525654533955 499
