1694438616002 165.81604367428798 0
1694438616022 155.67888187383497 1
1694438616041 159.38132321280173 2
1694438616059 153.84811643370358 3
1694438616079 156.12306359167079 4
1694438616100 159.00239957650692 5
1694438616121 151.69036268932447 6
1694438616142 145.16820597243498 7
1694438616164 150.7009763806871 8
1694438616184 138.6572299744156 9
1694438616204 142.01242871288827 10
1694438616227 137.41373259218855 11
1694438616250 136.82500796801028 12
1694438616271 140.71702329403556 13
1694438616294 129.52095182230264 14
1694438616314 127.06688337538333 15
1694438616335 125.0054180557067 16
1694438616353 132.43665046239383 17
1694438616373 123.97984986851817 18
1694438616392 124.71804766970124 19
1694438616410 120.97611711227104 20
1694438616431 111.77084729860402 21
1694438616451 113.64202202505994 22
1694438616469 109.28559107816969 23
1694438616489 111.75527489013298 24
1694438616507 113.24374178410066 25
1694438616525 110.15951584401974 26
1694438616544 103.65644995729248 27
1694438616561 104.33430718996463 28
1694438616580 104.53564878802278 29
1694438616599 101.76082327243137 30
1694438616618 93.85756629698993 31
1694438616636 98.72641473871974 32
1694438616654 94.25474919449196 33
1694438616674 87.67707308206725 34
1694438616693 95.81228083230869 35
1694438616711 97.79369568188983 36
1694438616730 92.97181821546494 37
1694438616748 92.9033269041902 38
1694438616767 87.67490280855183 39
1694438616785 89.75808937784895 40
1694438616803 85.13404692503757 41
1694438616822 81.02936982362566 42
1694438616841 81.95278869099228 43
1694438616859 78.86293428926773 44
1694438616877 81.63646462607652 45
1694438616897 73.98232373448234 46
1694438616918 78.50143420777395 47
1694438616937 77.69468236802253 48
1694438616954 74.70987072659861 49
1694438616973 75.72307012475666 50
1694438616992 73.79478404601089 51
1694438617011 67.41009831860971 52
1694438617029 70.72931923068941 53
1694438617048 71.33926747258428 54
1694438617066 67.6344273555286 55
1694438617085 66.37463978644848 56
1694438617104 61.569221700383835 57
1694438617127 64.47624119379988 58
1694438617152 63.31457620113847 59
1694438617172 64.11761940930714 60
1694438617191 60.359677044871994 61
1694438617210 57.65007299936197 62
1694438617228 58.40362720540778 63
1694438617246 57.6120165228517 64
1694438617266 56.71512645957622 65
1694438617285 59.894111230512976 66
1694438617304 55.34244545700417 67
1694438617324 53.09999811554675 68
1694438617342 54.03906456905309 69
1694438617360 54.87496000559291 70
1694438617380 48.126886034644535 71
1694438617399 52.92028568000041 72
1694438617418 48.92965712364129 73
1694438617436 51.89550894497806 74
1694438617455 47.4792996812485 75
1694438617474 48.86094936508731 76
1694438617493 48.32611241949642 77
1694438617512 42.731775263311604 78
1694438617531 44.181747302907375 79
1694438617549 45.003055593824115 80
1694438617567 47.064316465797155 81
1694438617585 43.09035818677237 82
1694438617603 43.61701627611112 83
1694438617622 41.27982183780999 84
1694438617641 41.0422396823431 85
1694438617659 38.269330646588216 86
1694438617677 36.91756325278195 87
1694438617695 40.55416447013564 88
1694438617714 38.09618815790846 89
1694438617732 37.91138261702326 90
1694438617751 35.9468798499082 91
1694438617769 34.376438049120786 92
1694438617788 36.782102302366795 93
1694438617808 34.94620864707599 94
1694438617826 36.983822498930465 95
1694438617845 37.01559137258537 96
1694438617864 31.29006029631604 97
1694438617881 34.56741937919481 98
1694438617900 31.190695081634882 99
1694438617918 32.6187903445043 100
1694438617936 33.782311084667114 101
1694438617955 31.28400926484465 102
1694438617973 30.15862962031498 103
1694438617993 30.007139688179183 104
1694438618011 30.790324768078676 105
1694438618029 29.61469389872024 106
1694438618048 27.177963009311906 107
1694438618066 27.881968416717033 108
1694438618083 29.90384466416416 109
1694438618102 27.824954033437702 110
1694438618120 30.605626173892094 111
1694438618139 26.81601638818259 112
1694438618156 26.90585431309924 113
1694438618175 26.031111256661216 114
1694438618194 24.880345554781396 115
1694438618212 24.251774921930405 116
1694438618231 25.298883892396013 117
1694438618249 25.391154845838237 118
1694438618266 25.142399074473648 119
1694438618284 23.648768182590086 120
1694438618304 22.187585264073835 121
1694438618321 22.77896720226789 122
1694438618339 20.837760933965747 123
1694438618357 21.34487012052785 124
1694438618375 19.95487691718821 125
1694438618393 22.45345909085071 126
1694438618412 20.429009296987065 127
1694438618430 19.611026043912215 128
1694438618448 20.643885360470165 129
1694438618468 18.286703604743035 130
1694438618487 20.4333534813828 131
1694438618506 19.866291558512906 132
1694438618525 18.80483502344103 133
1694438618543 18.311270976693713 134
1694438618561 20.171626653542763 135
1694438618580 16.54165930164421 136
1694438618598 18.245046424765594 137
1694438618617 17.776803385284534 138
1694438618636 15.003990401067185 139
1694438618654 16.497904593422543 140
1694438618673 16.63779923023309 141
1694438618691 14.534163662374013 142
1694438618710 17.912137507156846 143
1694438618730 16.64662228976206 144
1694438618748 15.882171460818327 145
1694438618767 14.601242824817726 146
1694438618785 14.373067536701909 147
1694438618804 14.448474280385579 148
1694438618822 13.844297223817819 149
1694438618841 13.154056476752116 150
1694438618859 13.131104307649975 151
1694438618878 12.785719712401745 152
1694438618897 13.074411687043987 153
1694438618916 13.232946171439592 154
1694438618934 12.805749373061845 155
1694438618952 11.316599592261744 156
1694438618970 11.620579987662605 157
1694438618988 12.049623843208298 158
1694438619006 13.054195101575763 159
1694438619025 12.649419946316156 160
1694438619044 12.608065986109878 161
1694438619063 11.345737342137069 162
1694438619082 12.11520878541044 163
1694438619101 13.017916512086767 164
1694438619118 11.57691341941097 165
1694438619137 10.766865082712233 166
1694438619155 9.714654253309522 167
1694438619173 10.15419751312316 168
1694438619192 10.378580198370587 169
1694438619210 10.84326095754225 170
1694438619229 10.139728142548355 171
1694438619247 10.40678713578639 172
1694438619265 8.868937552654005 173
1694438619283 9.279874242343427 174
1694438619301 9.593977995744794 175
1694438619319 8.957080259392217 176
1694438619338 8.983320155871528 177
1694438619357 10.405213385525789 178
1694438619376 8.407551905200119 179
1694438619394 9.669575307575013 180
1694438619413 8.0267659910533 181
1694438619431 8.356483417465398 182
1694438619450 8.461880808635383 183
1694438619468 8.567816258265465 184
1694438619486 7.4301251872761265 185
1694438619505 7.707040483431588 186
1694438619523 7.524105328827736 187
1694438619542 7.321371769953087 188
1694438619561 6.970919442105668 189
1694438619578 6.80038502149725 190
1694438619596 6.570947473354563 191
1694438619613 7.106927093672298 192
1694438619632 7.574762378415694 193
1694438619651 6.796391282987413 194
1694438619668 7.283187376642071 195
1694438619689 7.200476499240886 196
1694438619708 6.313656819607843 197
1694438619727 6.220506582372311 198
1694438619745 6.044484715819877 199
1694438619763 6.199373077998083 200
1694438619781 6.276945242025706 201
1694438619799 6.044339676508925 202
1694438619818 6.410964809553031 203
1694438619837 5.843840059012002 204
1694438619855 6.446761258396822 205
1694438619872 6.281968599319056 206
1694438619891 6.119570004658203 207
1694438619910 5.688690233541187 208
1694438619929 5.80629794761474 209
1694438619948 4.840196528059066 210
1694438619965 5.192557314180307 211
1694438619984 4.8613986735901635 212
1694438620002 5.325640319217234 213
1694438620019 5.2227645861455 214
1694438620039 5.126258511814283 215
1694438620057 4.8574702332873185 216
1694438620074 5.04273059573667 217
1694438620092 5.000877363999513 218
1694438620110 4.775896094300782 219
1694438620129 4.455147911670257 220
1694438620147 4.7940317084757 221
1694438620166 4.5101423466215484 222
1694438620184 4.205571028919205 223
1694438620201 4.315344294028328 224
1694438620221 4.399923665327526 225
1694438620238 3.6670291770570254 226
1694438620257 4.755353404735947 227
1694438620276 4.049996240270212 228
1694438620296 4.011119815607295 229
1694438620317 3.808940770268277 230
1694438620336 3.6801898188113134 231
1694438620354 4.275120826242756 232
1694438620371 4.667197705920638 233
1694438620389 3.585312283500809 234
1694438620408 4.119028112134875 235
1694438620427 3.483164051682725 236
1694438620444 3.200856622217043 237
1694438620463 3.187247846651112 238
1694438620481 3.745864874546734 239
1694438620499 2.766638915663489 240
1694438620519 3.219506575892711 241
1694438620537 3.000511356643367 242
1694438620555 2.9877526613941106 243
1694438620574 3.024497699396364 244
1694438620591 3.3616396840435248 245
1694438620611 2.9845926522183137 246
1694438620630 2.9416578034537406 247
1694438620648 3.3655486591303116 248
1694438620667 2.6492834749677483 249
1694438620685 3.4163812491387113 250
1694438620703 2.928707708398617 251
1694438620722 2.6995061577029813 252
1694438620741 2.5138777031330624 253
1694438620759 2.530273268211944 254
1694438620777 2.589380255979332 255
1694438620795 2.695840612954917 256
1694438620814 2.0050126235169277 257
1694438620833 2.867368714779932 258
1694438620852 2.0955886354736033 259
1694438620870 2.302946375372688 260
1694438620888 2.703066234300686 261
1694438620908 2.2855721331616397 262
1694438620928 2.4088259962415473 263
1694438620947 2.424433559172134 264
1694438620965 1.8381965129946687 265
1694438620984 2.5422336648818393 266
1694438621001 2.1871806082615013 267
1694438621021 2.5370389381840788 268
1694438621041 2.2338336695109016 269
1694438621059 2.13345288977506 270
1694438621076 2.437725091303629 271
1694438621094 1.8654188358077521 272
1694438621113 1.993321213820923 273
1694438621132 2.0767246708661675 274
1694438621150 2.057795743860481 275
1694438621167 2.564239457210949 276
1694438621186 1.912487392738702 277
1694438621203 1.6642532253343312 278
1694438621223 1.695559941050032 279
1694438621241 1.4384552043801244 280
1694438621261 1.724630291637668 281
1694438621279 1.6673925388794941 282
1694438621296 1.8800311425014034 283
1694438621315 1.9205464802192245 284
1694438621334 1.4736843385161411 285
1694438621351 1.4046847196238414 286
1694438621370 1.497439630380109 287
1694438621387 1.2935831808810938 288
1694438621407 1.6871858814243332 289
1694438621425 1.8504999393393735 290
1694438621445 1.5207718568278739 291
1694438621464 1.66580973579881 292
1694438621483 1.6265726799150675 293
1694438621500 1.1746517511598125 294
1694438621521 1.771291465367325 295
1694438621542 1.3043412776280807 296
1694438621561 1.3353823282297974 297
1694438621578 1.1314752874136071 298
1694438621596 1.2496196407924327 299
1694438621614 1.078933823059183 300
1694438621634 1.4723681178084373 301
1694438621652 1.2196419866901937 302
1694438621669 1.2527418536137351 303
1694438621688 1.4612037379742497 304
1694438621706 0.9071617790914444 305
1694438621724 0.8641033155166928 306
1694438621743 1.4079426352062208 307
1694438621761 1.2897921854241623 308
1694438621778 0.9678995787470734 309
1694438621796 0.9324371558043362 310
1694438621814 1.1501136471631825 311
1694438621834 0.8855862474039906 312
1694438621852 1.3644476146946245 313
1694438621871 1.2312041839139527 314
1694438621889 0.9983285196441584 315
1694438621907 1.2421935418119017 316
1694438621926 1.0063357325521571 317
1694438621944 1.0170874412219961 318
1694438621962 0.7543864149981848 319
1694438621980 1.2139206995271945 320
1694438621997 0.8539473876427087 321
1694438622016 0.8086922851832606 322
1694438622035 0.8076252985545069 323
1694438622053 1.050888655548753 324
1694438622072 0.8916768482841934 325
1694438622090 0.9533726381637627 326
1694438622108 0.740253666044533 327
1694438622127 0.8227526632807604 328
1694438622147 0.9015680949188545 329
1694438622166 0.6696118963857481 330
1694438622187 0.7944311455990406 331
1694438622206 0.777356599002672 332
1694438622225 0.8452491802691128 333
1694438622243 0.6665300052290898 334
1694438622262 0.7308626323842917 335
1694438622279 0.8175528110738922 336
1694438622297 0.6712124832786276 337
1694438622315 0.6275236040787417 338
1694438622334 0.7062018821903723 339
1694438622352 0.6657840785007599 340
1694438622371 0.6921236378835492 341
1694438622389 0.8350590673441367 342
1694438622407 0.8622778985409975 343
1694438622426 0.5093833543892067 344
1694438622444 0.5928214615303752 345
1694438622464 0.5182229735673938 346
1694438622482 0.5692403702327867 347
1694438622500 0.6417682041188698 348
1694438622518 0.5367579195785948 349
1694438622536 0.7217476508131925 350
1694438622555 0.7237077718820348 351
1694438622573 0.46933276481175273 352
1694438622590 0.7247701179516735 353
1694438622609 0.5209681072615948 354
1694438622627 0.5176395479717525 355
1694438622646 0.5592896355518324 356
1694438622665 0.3616750008358746 357
1694438622683 0.7404580787480418 358
1694438622702 0.5107901443358486 359
1694438622720 0.6418650261210412 360
1694438622739 0.654872076122202 361
1694438622759 0.37084937245723726 362
1694438622779 0.3401791255893212 363
1694438622798 0.4641461834209822 364
1694438622816 0.6674285890362863 365
1694438622836 0.3979907937527517 366
1694438622854 0.4280124037033617 367
1694438622872 0.4727667556863172 368
1694438622890 0.6528206999646979 369
1694438622908 0.5025411051349152 370
1694438622927 0.5485071936522946 371
1694438622946 0.57099435076389 372
1694438622964 0.35651760911644326 373
1694438622983 0.517936273969264 374
1694438623001 0.4853219172053131 375
1694438623018 0.2757111664733985 376
1694438623038 0.3948548159879552 377
1694438623055 0.5631091801122625 378
1694438623073 0.6809844010851765 379
1694438623091 0.6334008963958154 380
1694438623109 0.478320992901013 381
1694438623129 0.41986200096119625 382
1694438623147 0.430192291383051 383
1694438623164 0.4406915709178811 384
1694438623182 0.2626074816725491 385
1694438623200 0.28738613488436704 386
1694438623219 0.26791354376663634 387
1694438623237 0.3024215700413523 388
1694438623255 0.3531585934287001 389
1694438623273 0.2306469274420977 390
1694438623291 0.32549206411245535 391
1694438623309 0.3979551607907876 392
1694438623327 0.20171404400853063 393
1694438623346 0.44869816816855707 394
1694438623366 0.27661027669918853 395
1694438623385 0.40319962325462216 396
1694438623404 0.19844182364649748 397
1694438623423 0.2569326835984516 398
1694438623442 0.3460375951725201 399
1694438623461 0.5341910891793407 400
1694438623480 0.15970589182438136 401
1694438623500 0.1800517887452809 402
1694438623517 0.31858045489712056 403
1694438623536 0.462515295433462 404
1694438623555 0.19358281505980296 405
1694438623573 0.28878888188579305 406
1694438623591 0.28737319896644065 407
1694438623608 0.25318756756390587 408
1694438623626 0.31060718713114 409
1694438623645 0.3022316312760297 410
1694438623664 0.29099283558276684 411
1694438623682 0.24539368155707056 412
1694438623701 0.2647427377273886 413
1694438623719 0.21370943508820672 414
1694438623738 0.2972272837750355 415
1694438623757 0.22674568148065463 416
1694438623776 0.3241220718959229 417
1694438623793 0.4561862114502228 418
1694438623811 0.22460919574615182 419
1694438623830 0.22228131487911162 420
1694438623849 0.2948969473146758 421
1694438623867 0.26164751498427563 422
1694438623886 0.32164925278779677 423
1694438623903 0.26342727600874183 424
1694438623921 0.22980790795800407 425
1694438623939 0.25490251401494113 426
1694438623959 0.2438353073044422 427
1694438623981 0.1412821928835594 428
1694438624000 0.1762064965575322 429
1694438624017 0.256738312012586 430
1694438624036 0.282224068738235 431
1694438624055 0.3577282338685342 432
1694438624073 0.4504571960822742 433
1694438624091 0.2448841067509641 434
1694438624109 0.2150135634939657 435
1694438624127 0.12659615324990142 436
1694438624147 0.2681131556826557 437
1694438624165 0.2540319700927266 438
1694438624183 0.1462155047829255 439
1694438624201 0.177554443991712 440
1694438624220 0.13962777202681828 441
1694438624239 0.2261600290201287 442
1694438624257 0.1290995407696777 443
1694438624275 0.1589562318912988 444
1694438624293 0.2891190456619507 445
1694438624311 0.35815146216040267 446
1694438624330 0.19369297884277978 447
1694438624348 0.17567685310140996 448
1694438624366 0.12877504768319456 449
1694438624384 0.27456535410755134 450
1694438624402 0.19336978531797275 451
1694438624420 0.11159143724140527 452
1694438624439 0.2060105605997015 453
1694438624458 0.11045510003861511 454
1694438624476 0.10523326012846258 455
1694438624495 0.18570674473963994 456
1694438624512 0.15246546870785052 457
1694438624531 0.11936474547616514 458
1694438624551 0.11394514789807186 459
1694438624569 0.20251640020908063 460
1694438624587 0.08912826002806777 461
1694438624607 0.11094551159002208 462
1694438624625 0.17397631712286563 463
1694438624644 0.1352386518171505 464
1694438624663 0.3431819250420474 465
1694438624681 0.5659581081815436 466
1694438624700 0.11904879949517706 467
1694438624719 0.19730834423237167 468
1694438624737 0.19214470554278265 469
1694438624756 0.14305825634969227 470
1694438624774 0.13850219233291328 471
1694438624794 0.29168277300076256 472
1694438624812 0.19582667617855706 473
1694438624830 0.16570919732222317 474
1694438624849 0.15522460574950303 475
1694438624867 0.19768873633531 476
1694438624885 0.22997954603663426 477
1694438624903 0.19084938783564892 478
1694438624920 0.07787263469485968 479
1694438624938 0.24414560205822997 480
1694438624957 0.19632747198566153 481
1694438624976 0.15722237031434746 482
1694438624993 0.10257531501522824 483
1694438625011 0.16887573750192703 484
1694438625029 0.18013104397092716 485
1694438625048 0.20782866282894694 486
1694438625066 0.10325678285492847 487
1694438625085 0.1772037501518822 488
1694438625102 0.1474289456705515 489
1694438625119 0.15076985324285186 490
1694438625138 0.11913439471655185 491
1694438625158 0.12831573030509172 492
1694438625176 0.1126021858644761 493
1694438625195 0.21293337926752104 494
1694438625213 0.12621688687524038 495
1694438625232 0.09837675715505946 496
1694438625252 0.31499199318930493 497
1694438625270 0.1133877566166354 498
1694438625288 0.15959716725456868 499
