1694432708557 168.89967544445548 0
1694432708575 168.56115720152766 1
1694432708593 168.29272528822557 2
1694432708608 168.02435112507504 3
1694432708624 167.75640805330707 4
1694432708641 167.48889528790377 5
1694432708657 167.2218121309725 6
1694432708673 166.95515788575213 7
1694432708691 166.68893185663305 8
1694432708708 166.42313334915562 9
1694432708725 166.15776167000766 10
1694432708741 165.89281612702283 11
1694432708759 165.62829602917856 12
1694432708775 165.36420068659413 13
1694432708793 165.10052941052862 14
1694432708810 164.83728151337903 15
1694432708826 164.5744563086783 16
1694432708843 164.31205311109343 17
1694432708859 164.0500712364234 18
1694432708875 163.78851000159742 19
1694432708893 163.52736872467273 20
1694432708910 163.26664672483292 21
1694432708928 163.00634332238593 22
1694432708945 162.746457838762 23
1694432708965 162.4869895965119 24
1694432708983 162.22793791930502 25
1694432709003 161.96930213192715 26
1694432709020 161.7110815602791 27
1694432709037 161.45327553137432 28
1694432709054 161.1958833733372 29
1694432709075 160.93890441540117 30
1694432709096 160.68233798790675 31
1694432709115 160.42618342229966 32
1694432709133 160.170440051129 33
1694432709150 159.91510720804527 34
1694432709166 159.66018422779854 35
1694432709182 159.40567044623654 36
1694432709199 159.1515652003028 37
1694432709215 158.89786782803475 38
1694432709230 158.64457766856194 39
1694432709246 158.39169406210402 40
1694432709263 158.13921634996905 41
1694432709280 157.88714387455153 42
1694432709297 157.63547597933052 43
1694432709312 157.3842120088678 44
1694432709328 157.13335130880614 45
1694432709344 156.88289322586738 46
1694432709360 156.63283710785043 47
1694432709377 156.38318230362978 48
1694432709395 156.1339281631532 49
1694432709412 155.88507403744043 50
1694432709428 155.6366192785809 51
1694432709445 155.38856323973212 52
1694432709461 155.1409052751179 53
1694432709477 154.89364474002633 54
1694432709494 154.6467809908082 55
1694432709510 154.40031338487498 56
1694432709526 154.1542412806972 57
1694432709543 153.90856403780248 58
1694432709558 153.66328101677368 59
1694432709574 153.41839157924758 60
1694432709590 153.1738950879123 61
1694432709606 152.92979090650618 62
1694432709622 152.68607839981556 63
1694432709639 152.44275693367334 64
1694432709656 152.19982587495693 65
1694432709673 151.95728459158656 66
1694432709690 151.71513245252348 67
1694432709706 151.47336882776824 68
1694432709726 151.231993088359 69
1694432709746 150.99100460636944 70
1694432709766 150.75040275490733 71
1694432709783 150.5101869081126 72
1694432709800 150.27035644115574 73
1694432709816 150.03091073023577 74
1694432709834 149.79184915257878 75
1694432709850 149.55317108643598 76
1694432709866 149.31487591108205 77
1694432709883 149.07696300681343 78
1694432709901 148.8394317549464 79
1694432709916 148.60228153781554 80
1694432709933 148.36551173877203 81
1694432709948 148.12912174218164 82
1694432709964 147.89311093342326 83
1694432709981 147.6574786988872 84
1694432709998 147.42222442597313 85
1694432710015 147.18734750308892 86
1694432710032 146.95284731964827 87
1694432710048 146.7187232660696 88
1694432710065 146.484974733774 89
1694432710083 146.25160111518352 90
1694432710101 146.01860180371966 91
1694432710117 145.7859761938015 92
1694432710133 145.5537236808442 93
1694432710149 145.3218436612569 94
1694432710165 145.09033553244169 95
1694432710181 144.85919869279118 96
1694432710198 144.62843254168743 97
1694432710215 144.39803647949986 98
1694432710231 144.16800990758387 99
1694432710247 143.93835222827892 100
1694432710263 143.70906284490695 101
1694432710279 143.48014116177083 102
1694432710296 143.2515865841526 103
1694432710313 143.02339851831167 104
1694432710329 142.79557637148343 105
1694432710345 142.56811955187737 106
1694432710362 142.34102746867558 107
1694432710379 142.11429953203094 108
1694432710395 141.88793515306568 109
1694432710411 141.66193374386953 110
1694432710427 141.43629471749827 111
1694432710444 141.21101748797184 112
1694432710461 140.98610147027304 113
1694432710477 140.7615460803456 114
1694432710494 140.53735073509264 115
1694432710510 140.31351485237522 116
1694432710527 140.0900378510104 117
1694432710545 139.86691915076995 118
1694432710562 139.64415817237838 119
1694432710579 139.4217543375117 120
1694432710596 139.19970706879542 121
1694432710612 138.9780157898034 122
1694432710628 138.75667992505578 123
1694432710644 138.53569890001768 124
1694432710661 138.31507214109737 125
1694432710678 138.09479907564508 126
1694432710694 137.87487913195082 127
1694432710711 137.65531173924333 128
1694432710728 137.43609632768815 129
1694432710744 137.21723232838613 130
1694432710761 136.998719173372 131
1694432710777 136.7805562956125 132
1694432710795 136.562743129005 133
1694432710811 136.34527910837596 134
1694432710827 136.12816366947914 135
1694432710844 135.91139624899427 136
1694432710860 135.69497628452535 137
1694432710876 135.47890321459914 138
1694432710894 135.26317647866358 139
1694432710911 135.04779551708617 140
1694432710927 134.83275977115258 141
1694432710943 134.6180686830649 142
1694432710962 134.40372169594022 143
1694432710978 134.1897182538091 144
1694432710994 133.9760578016139 145
1694432711011 133.76273978520734 146
1694432711028 133.549763651351 147
1694432711045 133.3371288477136 148
1694432711061 133.12483482286962 149
1694432711077 132.91288102629784 150
1694432711095 132.70126690837958 151
1694432711111 132.48999192039742 152
1694432711128 132.27905551453344 153
1694432711145 132.06845714386796 154
1694432711161 131.85819626237776 155
1694432711177 131.6482723249348 156
1694432711194 131.4386847873045 157
1694432711211 131.22943310614446 158
1694432711230 131.0205167390027 159
1694432711246 130.81193514431635 160
1694432711262 130.60368778141014 161
1694432711278 130.39577411049473 162
1694432711296 130.18819359266547 163
1694432711313 129.98094568990064 164
1694432711329 129.77402986506016 165
1694432711345 129.56744558188402 166
1694432711361 129.36119230499082 167
1694432711377 129.15526949987628 168
1694432711393 128.94967663291175 169
1694432711411 128.74441317134279 170
1694432711426 128.53947858328755 171
1694432711442 128.3348723377355 172
1694432711459 128.1305939045458 173
1694432711476 127.92664275444594 174
1694432711491 127.72301835903015 175
1694432711510 127.51972019075811 176
1694432711526 127.3167477229534 177
1694432711542 127.11410042980198 178
1694432711559 126.91177778635083 179
1694432711574 126.70977926850652 180
1694432711591 126.50810435303366 181
1694432711608 126.30675251755358 182
1694432711625 126.10572324054269 183
1694432711642 125.90501600133132 184
1694432711658 125.70463028010204 185
1694432711673 125.50456555788834 186
1694432711690 125.30482131657318 187
1694432711707 125.10539703888755 188
1694432711725 124.90629220840904 189
1694432711741 124.70750630956046 190
1694432711759 124.5090388276083 191
1694432711776 124.3108892486615 192
1694432711792 124.1130570596698 193
1694432711809 123.91554174842256 194
1694432711826 123.71834280354719 195
1694432711843 123.52145971450777 196
1694432711859 123.32489197160369 197
1694432711875 123.1286390659682 198
1694432711891 122.93270048956705 199
1694432711908 122.73707573519702 200
1694432711924 122.54176429648462 201
1694432711940 122.34676566788457 202
1694432711957 122.15207934467853 203
1694432711972 121.9577048229737 204
1694432711989 121.76364159970133 205
1694432712005 121.56988917261536 206
1694432712022 121.37644704029121 207
1694432712039 121.18331470212412 208
1694432712056 120.99049165832803 209
1694432712072 120.79797740993405 210
1694432712089 120.60577145878909 211
1694432712106 120.41387330755461 212
1694432712123 120.22228245970513 213
1694432712140 120.03099841952691 214
1694432712156 119.8400206921166 215
1694432712171 119.6493487833798 216
1694432712188 119.45898220002991 217
1694432712205 119.26892044958646 218
1694432712222 119.07916304037401 219
1694432712237 118.88970948152074 220
1694432712254 118.70055928295706 221
1694432712270 118.51171195541427 222
1694432712287 118.3231670104232 223
1694432712303 118.13492396031297 224
1694432712320 117.94698231820952 225
1694432712337 117.75934159803433 226
1694432712356 117.57200131450311 227
1694432712373 117.38496098312443 228
1694432712390 117.19822012019846 229
1694432712407 117.01177824281548 230
1694432712423 116.82563486885479 231
1694432712439 116.63978951698311 232
1694432712456 116.45424170665358 233
1694432712471 116.26899095810414 234
1694432712488 116.08403679235639 235
1694432712506 115.89937873121428 236
1694432712522 115.7150162972627 237
1694432712539 115.53094901386616 238
1694432712555 115.34717640516774 239
1694432712571 115.16369799608738 240
1694432712588 114.98051331232092 241
1694432712604 114.79762188033865 242
1694432712621 114.61502322738404 243
1694432712638 114.43271688147242 244
1694432712655 114.25070237138966 245
1694432712670 114.06897922669104 246
1694432712687 113.88754697769976 247
1694432712702 113.70640515550579 248
1694432712720 113.52555329196453 249
1694432712735 113.34499091969552 250
1694432712753 113.16471757208119 251
1694432712768 112.98473278326557 252
1694432712785 112.80503608815305 253
1694432712802 112.62562702240703 254
1694432712818 112.4465051224487 255
1694432712835 112.26766992545582 256
1694432712851 112.08912096936135 257
1694432712867 111.91085779285225 258
1694432712884 111.73287993536825 259
1694432712900 111.55518693710046 260
1694432712917 111.37777833899028 261
1694432712934 111.20065368272807 262
1694432712950 111.02381251075182 263
1694432712967 110.84725436624609 264
1694432712982 110.67097879314055 265
1694432712999 110.49498533610883 266
1694432713014 110.31927354056737 267
1694432713032 110.143842952674 268
1694432713047 109.96869311932683 269
1694432713063 109.79382358816295 270
1694432713080 109.61923390755723 271
1694432713096 109.44492362662109 272
1694432713113 109.27089229520118 273
1694432713129 109.09713946387832 274
1694432713146 108.92366468396611 275
1694432713162 108.75046750750982 276
1694432713178 108.57754748728505 277
1694432713195 108.40490417679669 278
1694432713211 108.23253713027749 279
1694432713228 108.06044590268702 280
1694432713244 107.88863004971037 281
1694432713259 107.7170891277569 282
1694432713275 107.54582269395917 283
1694432713293 107.37483030617157 284
1694432713309 107.20411152296928 285
1694432713325 107.0336659036469 286
1694432713342 106.86349300821736 287
1694432713358 106.69359239741068 288
1694432713374 106.52396363267282 289
1694432713391 106.35460627616442 290
1694432713407 106.18551989075961 291
1694432713424 106.01670404004491 292
1694432713440 105.84815828831795 293
1694432713456 105.6798822005863 294
1694432713472 105.51187534256633 295
1694432713489 105.34413728068195 296
1694432713505 105.17666758206352 297
1694432713522 105.00946581454659 298
1694432713540 104.84253154667081 299
1694432713556 104.6758643476787 300
1694432713571 104.5094637875144 301
1694432713587 104.34332943682276 302
1694432713605 104.17746086694785 303
1694432713621 104.01185764993201 304
1694432713638 103.8465193585146 305
1694432713655 103.68144556613088 306
1694432713671 103.51663584691077 307
1694432713687 103.35208977567787 308
1694432713703 103.18780692794809 309
1694432713720 103.0237868799286 310
1694432713736 102.86002920851672 311
1694432713753 102.6965334912987 312
1694432713768 102.53329930654857 313
1694432713784 102.37032623322708 314
1694432713801 102.20761385098041 315
1694432713817 102.0451617401392 316
1694432713834 101.88296948171731 317
1694432713850 101.72103665741064 318
1694432713867 101.55936284959607 319
1694432713884 101.39794764133038 320
1694432713900 101.236790616349 321
1694432713916 101.07589135906491 322
1694432713934 100.91524945456753 323
1694432713950 100.75486448862164 324
1694432713967 100.59473604766616 325
1694432713983 100.4348637188131 326
1694432713999 100.27524708984646 327
1694432714016 100.11588574922098 328
1694432714032 99.9567792860612 329
1694432714049 99.79792729016023 330
1694432714065 99.63932935197867 331
1694432714083 99.48098506264347 332
1694432714100 99.32289401394691 333
1694432714118 99.16505579834539 334
1694432714135 99.0074700089584 335
1694432714151 98.85013623956738 336
1694432714167 98.6930540846146 337
1694432714184 98.53622313920214 338
1694432714200 98.37964299909065 339
1694432714217 98.22331326069848 340
1694432714234 98.06723352110035 341
1694432714249 97.91140337802644 342
1694432714266 97.75582242986111 343
1694432714282 97.60049027564206 344
1694432714299 97.44540651505903 345
1694432714315 97.29057074845284 346
1694432714332 97.13598257681424 347
1694432714348 96.98164160178285 348
1694432714365 96.82754742564616 349
1694432714381 96.67369965133827 350
1694432714398 96.520097882439 351
1694432714414 96.36674172317277 352
1694432714430 96.2136307784074 353
1694432714446 96.06076465365331 354
1694432714462 95.90814295506216 355
1694432714478 95.75576528942594 356
1694432714495 95.60363126417592 357
1694432714511 95.45174048738157 358
1694432714526 95.30009256774939 359
1694432714544 95.14868711462202 360
1694432714560 94.9975237379771 361
1694432714577 94.84660204842625 362
1694432714593 94.69592165721392 363
1694432714609 94.54548217621648 364
1694432714625 94.39528321794108 365
1694432714642 94.24532439552465 366
1694432714657 94.0956053227328 367
1694432714675 93.9461256139588 368
1694432714692 93.79688488422265 369
1694432714708 93.64788274916981 370
1694432714724 93.49911882507035 371
1694432714741 93.35059272881792 372
1694432714757 93.20230407792853 373
1694432714774 93.05425249053974 374
1694432714789 92.90643758540948 375
1694432714806 92.75885898191513 376
1694432714822 92.61151630005234 377
1694432714838 92.46440916043419 378
1694432714855 92.31753718429 379
1694432714872 92.1708999934645 380
1694432714888 92.02449721041656 381
1694432714905 91.87832845821838 382
1694432714922 91.7323933605544 383
1694432714938 91.58669154172031 384
1694432714954 91.44122262662192 385
1694432714971 91.29598624077438 386
1694432714987 91.15098201030086 387
1694432715003 91.00620956193194 388
1694432715020 90.86166852300417 389
1694432715036 90.7173585214594 390
1694432715052 90.57327918584362 391
1694432715068 90.42943014530596 392
1694432715086 90.28581102959778 393
1694432715103 90.14242146907158 394
1694432715119 89.99926109468007 395
1694432715135 89.85632953797511 396
1694432715152 89.71362643110682 397
1694432715168 89.57115140682244 398
1694432715184 89.42890409846551 399
1694432715200 89.28688413997473 400
1694432715217 89.14509116588312 401
1694432715234 89.00352481131688 402
1694432715253 88.86218471199453 403
1694432715269 88.72107050422592 404
1694432715286 88.58018182491118 405
1694432715303 88.43951831153976 406
1694432715321 88.29907960218955 407
1694432715337 88.15886533552582 408
1694432715354 88.01887515080017 409
1694432715369 87.8791086878498 410
1694432715386 87.73956558709628 411
1694432715403 87.60024548954476 412
1694432715418 87.4611480367829 413
1694432715434 87.32227287098004 414
1694432715451 87.18361963488603 415
1694432715468 87.04518797183043 416
1694432715485 86.90697752572156 417
1694432715501 86.76898794104544 418
1694432715517 86.63121886286491 419
1694432715533 86.49366993681866 420
1694432715550 86.35634080912024 421
1694432715567 86.21923112655718 422
1694432715583 86.08234053648997 423
1694432715600 85.94566868685116 424
1694432715616 85.80921522614443 425
1694432715632 85.67297980344358 426
1694432715649 85.53696206839165 427
1694432715665 85.40116167119992 428
1694432715681 85.26557826264701 429
1694432715697 85.130211494078 430
1694432715713 84.99506101740337 431
1694432715729 84.86012648509815 432
1694432715745 84.72540755020096 433
1694432715762 84.5909038663131 434
1694432715777 84.45661508759756 435
1694432715793 84.32254086877819 436
1694432715811 84.18868086513875 437
1694432715827 84.05503473252185 438
1694432715846 83.92160212732823 439
1694432715863 83.7883827065157 440
1694432715880 83.65537612759826 441
1694432715896 83.52258204864523 442
1694432715912 83.39000012828022 443
1694432715927 83.25763002568037 444
1694432715943 83.12547140057526 445
1694432715960 82.99352391324615 446
1694432715977 82.86178722452497 447
1694432715993 82.73026099579344 448
1694432716010 82.59894488898227 449
1694432716026 82.46783856657001 450
1694432716042 82.3369416915824 451
1694432716059 82.2062539275913 452
1694432716075 82.0757749387139 453
1694432716093 81.9455043896117 454
1694432716108 81.81544194548974 455
1694432716124 81.68558727209562 456
1694432716141 81.55594003571859 457
1694432716157 81.42649990318883 458
1694432716176 81.29726654187623 459
1694432716194 81.16823961968983 460
1694432716210 81.03941880507676 461
1694432716227 80.9108037670214 462
1694432716245 80.78239417504444 463
1694432716262 80.65418969920205 464
1694432716278 80.526190010085 465
1694432716296 80.39839477881776 466
1694432716312 80.27080367705763 467
1694432716329 80.14341637699381 468
1694432716346 80.01623255134665 469
1694432716364 79.88925187336662 470
1694432716381 79.76247401683352 471
1694432716398 79.63589865605562 472
1694432716416 79.50952546586876 473
1694432716434 79.38335412163546 474
1694432716451 79.25738429924412 475
1694432716467 79.13161567510808 476
1694432716484 79.00604792616481 477
1694432716500 78.88068072987498 478
1694432716515 78.7555137642217 479
1694432716532 78.63054670770957 480
1694432716549 78.50577923936385 481
1694432716566 78.38121103872962 482
1694432716582 78.25684178587089 483
1694432716599 78.13267116136976 484
1694432716615 78.00869884632561 485
1694432716631 77.88492452235414 486
1694432716647 77.76134787158668 487
1694432716664 77.63796857666918 488
1694432716681 77.51478632076144 489
1694432716697 77.39180078753628 490
1694432716713 77.26901166117868 491
1694432716729 77.14641862638489 492
1694432716748 77.02402136836166 493
1694432716764 76.90181957282533 494
1694432716781 76.77981292600109 495
1694432716798 76.65800111462201 496
1694432716814 76.53638382592834 497
1694432716830 76.41496074766657 498
1694432716847 76.29373156808863 499
