1694430518669 170.27615101028854 0
1694430518686 169.93601049622566 1
1694430518702 169.59656292981802 2
1694430518719 169.25780688384128 3
1694430518735 168.91974093403783 4
1694430518751 168.5823636591106 5
1694430518766 168.2456736407168 6
1694430518783 167.90966946346177 7
1694430518800 167.57434971489272 8
1694430518817 167.23971298549245 9
1694430518833 166.90575786867348 10
1694430518849 166.57248296077154 11
1694430518866 166.2398868610395 12
1694430518882 165.90796817164147 13
1694430518898 165.57672549764635 14
1694430518914 165.24615744702194 15
1694430518930 164.91626263062878 16
1694430518946 164.58703966221404 17
1694430518964 164.2584871584054 18
1694430518980 163.9306037387052 19
1694430518996 163.6033880254841 20
1694430519013 163.27683864397537 21
1694430519030 162.95095422226854 22
1694430519046 162.6257333913036 23
1694430519060 162.30117478486503 24
1694430519077 161.97727703957568 25
1694430519094 161.65403879489094 26
1694430519110 161.33145869309266 27
1694430519126 161.00953537928325 28
1694430519142 160.68826750137984 29
1694430519157 160.36765371010824 30
1694430519177 160.0476926589971 31
1694430519194 159.728383004372 32
1694430519214 159.40972340534958 33
1694430519231 159.0917125238317 34
1694430519247 158.77434902449954 35
1694430519265 158.4576315748077 36
1694430519286 158.14155884497853 37
1694430519303 157.8261295079963 38
1694430519321 157.5113422396012 39
1694430519338 157.19719571828364 40
1694430519355 156.88368862527872 41
1694430519370 156.5708196445601 42
1694430519387 156.25858746283438 43
1694430519403 155.9469907695355 44
1694430519419 155.63602825681875 45
1694430519435 155.32569861955528 46
1694430519451 155.01600055532631 47
1694430519466 154.70693276441742 48
1694430519483 154.3984939498128 49
1694430519499 154.0906828171899 50
1694430519515 153.78349807491324 51
1694430519531 153.47693843402928 52
1694430519546 153.17100260826052 53
1694430519562 152.8656893139999 54
1694430519578 152.5609972703053 55
1694430519594 152.2569251988938 56
1694430519610 151.95347182413624 57
1694430519627 151.65063587305153 58
1694430519643 151.34841607530115 59
1694430519659 151.0468111631836 60
1694430519674 150.74581987162887 61
1694430519690 150.44544093819286 62
1694430519706 150.1456731030519 63
1694430519723 149.84651510899738 64
1694430519740 149.54796570142997 65
1694430519756 149.25002362835446 66
1694430519771 148.952687640374 67
1694430519788 148.65595649068504 68
1694430519804 148.3598289350713 69
1694430519821 148.06430373189897 70
1694430519839 147.76937964211095 71
1694430519854 147.47505542922133 72
1694430519870 147.18132985931038 73
1694430519886 146.88820170101877 74
1694430519902 146.59566972554256 75
1694430519918 146.30373270662744 76
1694430519935 146.01238942056384 77
1694430519951 145.72163864618113 78
1694430519966 145.4314791648426 79
1694430519983 145.14190976044014 80
1694430519999 144.8529292193887 81
1694430520015 144.56453633062122 82
1694430520032 144.2767298855833 83
1694430520048 143.9895086782279 84
1694430520065 143.7028715050101 85
1694430520084 143.4168171648818 86
1694430520100 143.1313444592865 87
1694430520115 142.84645219215432 88
1694430520133 142.5621391698962 89
1694430520148 142.2784042013994 90
1694430520163 141.99524609802188 91
1694430520179 141.7126636735871 92
1694430520195 141.43065574437904 93
1694430520210 141.14922112913703 94
1694430520227 140.86835864905044 95
1694430520243 140.58806712775373 96
1694430520259 140.30834539132113 97
1694430520276 140.0291922682618 98
1694430520291 139.75060658951432 99
1694430520311 139.4725871884421 100
1694430520329 139.19513290082782 101
1694430520346 138.9182425648687 102
1694430520362 138.6419150211713 103
1694430520377 138.36614911274646 104
1694430520393 138.09094368500422 105
1694430520408 137.816297585749 106
1694430520426 137.54220966517437 107
1694430520441 137.26867877585806 108
1694430520458 136.99570377275717 109
1694430520473 136.72328351320283 110
1694430520489 136.45141685689563 111
1694430520506 136.18010266590036 112
1694430520521 135.9093398046411 113
1694430520538 135.63912713989646 114
1694430520554 135.36946354079438 115
1694430520570 135.10034787880753 116
1694430520585 134.83177902774796 117
1694430520602 134.56375586376274 118
1694430520618 134.29627726532857 119
1694430520633 134.0293421132472 120
1694430520649 133.76294929064048 121
1694430520665 133.4970976829455 122
1694430520681 133.2317861779097 123
1694430520698 132.9670136655861 124
1694430520717 132.7027790383285 125
1694430520733 132.43908119078642 126
1694430520749 132.17591901990073 127
1694430520765 131.91329142489838 128
1694430520781 131.65119730728796 129
1694430520797 131.38963557085478 130
1694430520813 131.12860512165605 131
1694430520832 130.8681048680163 132
1694430520848 130.60813372052246 133
1694430520864 130.34869059201918 134
1694430520881 130.08977439760417 135
1694430520896 129.83138405462338 136
1694430520913 129.57351848266634 137
1694430520929 129.3161766035616 138
1694430520944 129.0593573413716 139
1694430520960 128.80305962238864 140
1694430520976 128.54728237512978 141
1694430520992 128.29202453033213 142
1694430521007 128.03728502094856 143
1694430521024 127.78306278214268 144
1694430521041 127.52935675128458 145
1694430521057 127.27616586794589 146
1694430521072 127.02348907389536 147
1694430521089 126.77132531309421 148
1694430521104 126.51967353169148 149
1694430521120 126.26853267801968 150
1694430521137 126.0179017025899 151
1694430521152 125.76777955808745 152
1694430521167 125.51816519936737 153
1694430521183 125.26905758344964 154
1694430521199 125.02045566951494 155
1694430521214 124.77235841889994 156
1694430521231 124.5247647950928 157
1694430521245 124.27767376372884 158
1694430521262 124.03108429258585 159
1694430521278 123.78499535157962 160
1694430521295 123.53940591275968 161
1694430521310 123.29431495030455 162
1694430521326 123.04972144051753 163
1694430521342 122.80562436182214 164
1694430521358 122.56202269475763 165
1694430521373 122.31891542197472 166
1694430521389 122.07630152823103 167
1694430521405 121.83418000038677 168
1694430521422 121.59254982740029 169
1694430521438 121.35141000032371 170
1694430521456 121.11075951229864 171
1694430521471 120.87059735855154 172
1694430521489 120.63092253638969 173
1694430521504 120.39173404519664 174
1694430521520 120.1530308864279 175
1694430521535 119.91481206360667 176
1694430521551 119.67707658231947 177
1694430521567 119.43982345021178 178
1694430521583 119.20305167698386 179
1694430521599 118.96676027438633 180
1694430521616 118.730948256216 181
1694430521632 118.49561463831145 182
1694430521648 118.26075843854892 183
1694430521664 118.02637867683794 184
1694430521679 117.79247437511718 185
1694430521696 117.55904455735006 186
1694430521711 117.32608824952064 187
1694430521727 117.09360447962938 188
1694430521744 116.86159227768893 189
1694430521759 116.63005067571987 190
1694430521775 116.39897870774658 191
1694430521791 116.16837540979297 192
1694430521807 115.93823981987848 193
1694430521823 115.70857097801364 194
1694430521839 115.47936792619616 195
1694430521856 115.25062970840665 196
1694430521871 115.0223553706045 197
1694430521887 114.79454396072377 198
1694430521903 114.56719452866908 199
1694430521920 114.34030612631135 200
1694430521935 114.11387780748392 201
1694430521951 113.88790862797828 202
1694430521967 113.66239764554005 203
1694430521984 113.43734391986493 204
1694430522002 113.21274651259448 205
1694430522018 112.98860448731226 206
1694430522034 112.76491690953962 207
1694430522050 112.5416828467317 208
1694430522066 112.31890136827344 209
1694430522082 112.09657154547553 210
1694430522099 111.87469245157028 211
1694430522113 111.65326316170776 212
1694430522129 111.43228275295168 213
1694430522146 111.21175030427554 214
1694430522162 110.99166489655848 215
1694430522177 110.77202561258136 216
1694430522193 110.55283153702285 217
1694430522209 110.33408175645538 218
1694430522224 110.11577535934126 219
1694430522240 109.89791143602864 220
1694430522256 109.68048907874773 221
1694430522272 109.46350738160663 222
1694430522288 109.24696544058774 223
1694430522305 109.03086235354353 224
1694430522320 108.8151972201928 225
1694430522336 108.59996914211676 226
1694430522352 108.38517722275517 227
1694430522368 108.17082056740237 228
1694430522384 107.95689828320356 229
1694430522400 107.74340947915071 230
1694430522415 107.53035326607896 231
1694430522431 107.3177287566626 232
1694430522447 107.10553506541133 233
1694430522462 106.89377130866635 234
1694430522480 106.68243660459657 235
1694430522496 106.47153007319488 236
1694430522511 106.26105083627417 237
1694430522526 106.05099801746367 238
1694430522543 105.84137074220517 239
1694430522559 105.63216813774909 240
1694430522576 105.42338933315094 241
1694430522594 105.21503345926727 242
1694430522609 105.00709964875219 243
1694430522626 104.79958703605342 244
1694430522643 104.59249475740864 245
1694430522660 104.38582195084179 246
1694430522676 104.17956775615919 247
1694430522692 103.97373131494604 248
1694430522708 103.76831177056252 249
1694430522724 103.56330826814019 250
1694430522740 103.35871995457826 251
1694430522756 103.15454597853993 252
1694430522772 102.95078549044868 253
1694430522789 102.7474376424846 254
1694430522805 102.54450158858079 255
1694430522821 102.34197648441956 256
1694430522837 102.13986148742899 257
1694430522854 101.93815575677914 258
1694430522870 101.73685845337837 259
1694430522885 101.53596873986993 260
1694430522901 101.33548578062813 261
1694430522916 101.13540874175483 262
1694430522932 100.93573679107581 263
1694430522948 100.73646909813723 264
1694430522964 100.53760483420197 265
1694430522979 100.3391431722461 266
1694430522996 100.14108328695522 267
1694430523013 99.94342435472107 268
1694430523029 99.74616555363782 269
1694430523045 99.54930606349859 270
1694430523062 99.35284506579185 271
1694430523079 99.15678174369796 272
1694430523094 98.9611152820856 273
1694430523108 98.76584486750828 274
1694430523124 98.57096968820078 275
1694430523141 98.37648893407568 276
1694430523157 98.18240179671986 277
1694430523173 97.98870746939106 278
1694430523190 97.79540514701429 279
1694430523205 97.60249402617836 280
1694430523222 97.40997330513264 281
1694430523237 97.21784218378325 282
1694430523254 97.02609986368985 283
1694430523270 96.83474554806216 284
1694430523286 96.64377844175644 285
1694430523302 96.45319775127213 286
1694430523317 96.26300268474841 287
1694430523334 96.07319245196076 288
1694430523349 95.8837662643176 289
1694430523365 95.69472333485682 290
1694430523380 95.50606287824242 291
1694430523397 95.31778411076118 292
1694430523413 95.12988625031919 293
1694430523427 94.94236851643848 294
1694430523445 94.75523013025375 295
1694430523462 94.56847031450891 296
1694430523477 94.38208829355375 297
1694430523494 94.19608329334062 298
1694430523509 94.0104545414211 299
1694430523527 93.82520126694261 300
1694430523544 93.64032270064519 301
1694430523560 93.45581807485806 302
1694430523576 93.27168662349638 303
1694430523592 93.08792758205796 304
1694430523607 92.90454018761992 305
1694430523623 92.72152367883544 306
1694430523639 92.5388772959304 307
1694430523656 92.35660028070025 308
1694430523672 92.17469187650663 309
1694430523688 91.99315132827408 310
1694430523704 91.81197788248693 311
1694430523721 91.63117078718584 312
1694430523737 91.4507292919648 313
1694430523756 91.27065264796774 314
1694430523771 91.09094010788534 315
1694430523787 90.91159092595177 316
1694430523803 90.73260435794157 317
1694430523819 90.55397966116635 318
1694430523834 90.37571609447166 319
1694430523850 90.19781291823377 320
1694430523866 90.02026939435642 321
1694430523883 89.8430847862678 322
1694430523898 89.66625835891719 323
1694430523914 89.48978937877192 324
1694430523929 89.31367711381418 325
1694430523946 89.1379208335378 326
1694430523962 88.96251980894525 327
1694430523978 88.78747331254432 328
1694430523994 88.61278061834513 329
1694430524010 88.43844100185697 330
1694430524027 88.26445374008509 331
1694430524043 88.09081811152772 332
1694430524059 87.91753339617289 333
1694430524074 87.74459887549533 334
1694430524091 87.57201383245337 335
1694430524107 87.39977755148588 336
1694430524122 87.22788931850921 337
1694430524139 87.05634842091406 338
1694430524154 86.88515414756242 339
1694430524171 86.7143057887845 340
1694430524186 86.54380263637579 341
1694430524202 86.37364398359385 342
1694430524218 86.20382912515535 343
1694430524234 86.03435735723302 344
1694430524251 85.86522797745265 345
1694430524269 85.69644028489 346
1694430524285 85.52799358006787 347
1694430524302 85.35988716495298 348
1694430524317 85.19212034295309 349
1694430524333 85.02469241891393 350
1694430524349 84.85760269911619 351
1694430524365 84.69085049127256 352
1694430524381 84.52443510452483 353
1694430524397 84.35835584944077 354
1694430524413 84.19261203801123 355
1694430524428 84.02720298364729 356
1694430524444 83.86212800117706 357
1694430524460 83.69738640684295 358
1694430524476 83.53297751829871 359
1694430524493 83.36890065460634 360
1694430524509 83.20515513623327 361
1694430524524 83.04174028504954 362
1694430524540 82.87865542432463 363
1694430524556 82.71589987872478 364
1694430524572 82.55347297430995 365
1694430524588 82.39137403853097 366
1694430524605 82.22960240022668 367
1694430524621 82.068157389621 368
1694430524637 81.90703833832002 369
1694430524652 81.74624457930919 370
1694430524668 81.58577544695042 371
1694430524683 81.42563027697926 372
1694430524699 81.26580840650196 373
1694430524716 81.1063091739927 374
1694430524733 80.94713191929068 375
1694430524749 80.78827598359736 376
1694430524766 80.62974070947355 377
1694430524782 80.47152544083667 378
1694430524797 80.31362952295778 379
1694430524813 80.15605230245895 380
1694430524829 79.99879312731036 381
1694430524846 79.84185134682745 382
1694430524863 79.68522631166822 383
1694430524880 79.52891737383038 384
1694430524896 79.37292388664859 385
1694430524912 79.21724520479168 386
1694430524927 79.06188068425985 387
1694430524943 78.9068296823819 388
1694430524960 78.75209155781255 389
1694430524976 78.59766567052957 390
1694430524992 78.44355138183113 391
1694430525007 78.28974805433297 392
1694430525023 78.13625505196575 393
1694430525039 77.98307173997219 394
1694430525055 77.8301974849045 395
1694430525072 77.67763165462154 396
1694430525088 77.52537361828615 397
1694430525104 77.3734227463625 398
1694430525120 77.22177841061314 399
1694430525135 77.07043998409675 400
1694430525150 76.91940684116499 401
1694430525167 76.76867835746003 402
1694430525183 76.61825390991187 403
1694430525199 76.46813287673565 404
1694430525214 76.31831463742895 405
1694430525230 76.16879857276913 406
1694430525245 76.0195840648107 407
1694430525262 75.87067049688267 408
1694430525279 75.7220572535858 409
1694430525295 75.57374372079013 410
1694430525311 75.42572928563224 411
1694430525328 75.27801333651254 412
1694430525343 75.13059526309289 413
1694430525360 74.98347445629366 414
1694430525376 74.8366503082914 415
1694430525392 74.69012221251609 416
1694430525408 74.5438895636485 417
1694430525425 74.39795175761775 418
1694430525442 74.25230819159849 419
1694430525459 74.10695826400857 420
1694430525475 73.96190137450623 421
1694430525490 73.81713692398763 422
1694430525507 73.67266431458435 423
1694430525523 73.52848294966067 424
1694430525540 73.38459223381109 425
1694430525555 73.24099157285781 426
1694430525570 73.0976803738481 427
1694430525587 72.95465804505181 428
1694430525603 72.81192399595884 429
1694430525620 72.66947763727647 430
1694430525636 72.52731838092716 431
1694430525651 72.38544564004557 432
1694430525667 72.24385882897647 433
1694430525683 72.10255736327193 434
1694430525700 71.96154065968898 435
1694430525716 71.82080813618701 436
1694430525731 71.68035921192536 437
1694430525748 71.54019330726078 438
1694430525763 71.40030984374489 439
1694430525780 71.26070824412184 440
1694430525796 71.12138793232569 441
1694430525813 70.98234833347801 442
1694430525829 70.84358887388542 443
1694430525845 70.70510898103714 444
1694430525861 70.56690808360243 445
1694430525877 70.4289856114283 446
1694430525893 70.29134099553696 447
1694430525909 70.15397366812337 448
1694430525924 70.01688306255294 449
1694430525941 69.88006861335883 450
1694430525957 69.7435297562399 451
1694430525972 69.6072659280579 452
1694430525989 69.47127656683536 453
1694430526005 69.33556111175305 454
1694430526021 69.20011900314758 455
1694430526039 69.06494968250895 456
1694430526054 68.93005259247836 457
1694430526071 68.79542717684552 458
1694430526088 68.66107288054653 459
1694430526103 68.52698914966132 460
1694430526119 68.39317543141141 461
1694430526135 68.25963117415748 462
1694430526151 68.12635582739694 463
1694430526167 67.99334884176169 464
1694430526183 67.86060966901577 465
1694430526199 67.72813776205284 466
1694430526214 67.595932574894 467
1694430526230 67.46399356268543 468
1694430526245 67.33232018169599 469
1694430526261 67.20091188931492 470
1694430526277 67.06976814404958 471
1694430526293 66.93888840552299 472
1694430526309 66.80827213447166 473
1694430526325 66.6779187927432 474
1694430526341 66.54782784329402 475
1694430526356 66.417998750187 476
1694430526373 66.28843097858932 477
1694430526389 66.15912399477003 478
1694430526404 66.03007726609785 479
1694430526420 65.90129026103882 480
1694430526436 65.77276244915404 481
1694430526452 65.64449330109751 482
1694430526467 65.5164822886137 483
1694430526484 65.38872888453533 484
1694430526500 65.26123256278125 485
1694430526516 65.13399279835393 486
1694430526532 65.0070090673375 487
1694430526548 64.88028084689527 488
1694430526564 64.75380761526763 489
1694430526581 64.62758885176979 490
1694430526599 64.50162403678947 491
1694430526616 64.37591265178482 492
1694430526631 64.25045417928202 493
1694430526647 64.12524810287327 494
1694430526662 64.0002939072144 495
1694430526678 63.87559107802276 496
1694430526695 63.751139102074994 497
1694430526709 63.62693746720485 498
1694430526726 63.50298566230097 499
