1694429572787 47.091336881870276 0
1694429572816 13.657913580753982 1
1694429572832 3.9835638993052878 2
1694429572849 1.1327692162163825 3
1694429572866 0.689772556651566 4
1694429572883 0.3280747949127735 5
1694429572900 0.4128771868187024 6
1694429572917 0.4086987600463159 7
1694429572934 0.21266703821828387 8
1694429572951 0.2227545664773336 9
1694429572968 0.141617255401048 10
1694429572984 0.40664560636813213 11
1694429573001 0.17977972104920908 12
1694429573018 0.185395944744191 13
1694429573034 0.35849736479844097 14
1694429573051 0.3597766240616698 15
1694429573069 0.1913735820459836 16
1694429573087 0.6108226433343109 17
1694429573106 0.24644170816956465 18
1694429573124 0.37896359991109796 19
1694429573145 0.28740820013797713 20
1694429573163 0.3586623232281217 21
1694429573183 0.3413269217334371 22
1694429573203 0.3233002106944935 23
1694429573222 0.27639650189253834 24
1694429573240 0.3697711031333192 25
1694429573258 0.2977268242975421 26
1694429573275 0.27834421775619983 27
1694429573293 0.40165716891866643 28
1694429573313 0.36917109811192667 29
1694429573330 0.2430863610470521 30
1694429573349 0.23470061510562662 31
1694429573366 0.1978199950315979 32
1694429573385 0.21908634652597117 33
1694429573401 0.3013205730612528 34
1694429573418 0.25443888686166966 35
1694429573434 0.2263230199042561 36
1694429573451 0.4369995965511269 37
1694429573469 0.38204509092076205 38
1694429573486 0.3760849850257828 39
1694429573503 0.276904819064756 40
1694429573519 0.22105249568303936 41
1694429573536 0.40390804056710267 42
1694429573552 0.19933811360768597 43
1694429573568 0.3031295441512057 44
1694429573585 0.21871771860932854 45
1694429573601 0.24826308321962065 46
1694429573617 0.28741751896823936 47
1694429573634 0.3242957904369276 48
1694429573651 0.3095467700181895 49
1694429573667 0.23891861481606996 50
1694429573684 0.2263025873728138 51
1694429573701 0.30652913313254926 52
1694429573717 0.3024455395543441 53
1694429573733 0.31864276122834445 54
1694429573749 0.49841849874978655 55
1694429573766 0.2753760690207679 56
1694429573782 0.19013750784235287 57
1694429573799 0.2675152693290891 58
1694429573815 0.3594230315782606 59
1694429573831 0.13967835728260145 60
1694429573848 0.2744551204510221 61
1694429573864 0.3130187880036703 62
1694429573881 0.2814146847172373 63
1694429573898 0.1847684312187591 64
1694429573916 0.23266632923310332 65
1694429573940 0.2715048082238031 66
1694429573962 0.31763791764035426 67
1694429573978 0.32298815830087113 68
1694429573995 0.3292823922326002 69
1694429574012 0.33065346607529894 70
1694429574028 0.17904349565352515 71
1694429574044 0.21199130691683302 72
1694429574060 0.46338937453886614 73
1694429574078 0.18620029752180386 74
1694429574095 0.29634245966981065 75
1694429574110 0.23319054504388306 76
1694429574126 0.3409173277425306 77
1694429574144 0.14220972515520902 78
1694429574160 0.2535478846498482 79
1694429574176 0.2602540301260949 80
1694429574194 0.34957591720732256 81
1694429574211 0.1702223921133903 82
1694429574228 0.332618142100639 83
1694429574243 0.2503298905356543 84
1694429574260 0.3986549510684595 85
1694429574276 0.3440843402021249 86
1694429574294 0.39828034755533226 87
1694429574310 0.39445127219249926 88
1694429574325 0.1363834406959718 89
1694429574342 0.2535268603771881 90
1694429574358 0.20952977203681772 91
1694429574375 0.38757527334149294 92
1694429574392 0.2857866570231645 93
1694429574408 0.20512370819807438 94
1694429574424 0.23528580476380964 95
1694429574440 0.40115865103636184 96
1694429574456 0.26825826124608876 97
1694429574472 0.2646068079973621 98
1694429574488 0.3524232866322113 99
1694429574505 0.3093175188137289 100
1694429574521 0.25167127736827977 101
1694429574538 0.2580098814779565 102
1694429574554 0.33024933273933593 103
1694429574570 0.26940782339853586 104
1694429574588 0.5084182900106721 105
1694429574605 0.3048285534480039 106
1694429574622 0.2989324863734583 107
1694429574638 0.30931354391716237 108
1694429574655 0.3543977521385016 109
1694429574671 0.40571100127793625 110
1694429574688 0.3030038933347209 111
1694429574704 0.1891863454741998 112
1694429574720 0.43215373479472496 113
1694429574738 0.35061866661264657 114
1694429574754 0.41901464491664825 115
1694429574769 0.2175147046184552 116
1694429574787 0.33263924649950766 117
1694429574803 0.22378035725151432 118
1694429574821 0.382360429278238 119
1694429574836 0.24509152645382468 120
1694429574853 0.18581024902335092 121
1694429574869 0.3527277419909252 122
1694429574886 0.24845100524629 123
1694429574902 0.4923023083494967 124
1694429574919 0.35075205247337643 125
1694429574935 0.35641577712514066 126
1694429574952 0.24389199412888327 127
1694429574967 0.3122812189863695 128
1694429574985 0.3610008429928287 129
1694429575002 0.23840977897449162 130
1694429575019 0.3467540119395429 131
1694429575036 0.319534841010903 132
1694429575052 0.3623634007510645 133
1694429575069 0.41603123570526457 134
1694429575086 0.29261403426532556 135
1694429575103 0.3166835085832889 136
1694429575120 0.2819596339490008 137
1694429575136 0.4724844243427211 138
1694429575152 0.316864347564286 139
1694429575168 0.38311432242602333 140
1694429575185 0.18498886691194705 141
1694429575202 0.29699549656893864 142
1694429575218 0.4058712748374294 143
1694429575235 0.335222627556909 144
1694429575251 0.3713824286193929 145
1694429575267 0.33331304428329905 146
1694429575285 0.41182376788496905 147
1694429575302 0.4179033348835542 148
1694429575319 0.2263802376256214 149
1694429575336 0.2314493626913227 150
1694429575352 0.2623775523524966 151
1694429575369 0.31483182821865 152
1694429575387 0.37230038952252725 153
1694429575403 0.3709733570768557 154
1694429575419 0.23279126621316817 155
1694429575435 0.2597990517308114 156
1694429575452 0.3767829054085749 157
1694429575469 0.26938856271834927 158
1694429575485 0.15950108023098072 159
1694429575501 0.26064317112870455 160
1694429575519 0.33936103544516943 161
1694429575534 0.39986242613904055 162
1694429575551 0.3082294891050344 163
1694429575568 0.15770578334411026 164
1694429575584 0.22019361889363953 165
1694429575601 0.18481287555997347 166
1694429575618 0.41931936779710144 167
1694429575634 0.3431499974029428 168
1694429575649 0.38687537163249963 169
1694429575666 0.15703047592984826 170
1694429575683 0.3424924719478984 171
1694429575700 0.3579713729951627 172
1694429575716 0.41382751128564976 173
1694429575733 0.3374083266928164 174
1694429575748 0.35528995759994814 175
1694429575764 0.3232566245355971 176
1694429575780 0.2776157694335362 177
1694429575798 0.2164585018064555 178
1694429575816 0.34244839589831855 179
1694429575832 0.5206795135550174 180
1694429575849 0.2934971827023221 181
1694429575865 0.2827242075362098 182
1694429575883 0.321649389361062 183
1694429575900 0.4276094370903423 184
1694429575916 0.285670795631696 185
1694429575932 0.4335857085790646 186
1694429575949 0.26261388232412375 187
1694429575965 0.28452594423054245 188
1694429575982 0.3315010037788631 189
1694429575999 0.37933223627493856 190
1694429576016 0.2211865406187244 191
1694429576032 0.29233393065302765 192
1694429576049 0.31009318779145945 193
1694429576065 0.26644731985989345 194
1694429576082 0.23629511636908282 195
1694429576099 0.36506205725314234 196
1694429576115 0.4373484736991863 197
1694429576132 0.24159064857067866 198
1694429576148 0.32953743568367094 199
1694429576165 0.2722044963328694 200
1694429576182 0.26299107754057144 201
1694429576198 0.19840012302252955 202
1694429576215 0.3056693981543512 203
1694429576231 0.1565151971166785 204
1694429576246 0.329889491016365 205
1694429576263 0.23567818202014784 206
1694429576278 0.5534729217288301 207
1694429576297 0.4179666286337871 208
1694429576314 0.186803592945526 209
1694429576330 0.4027904654820758 210
1694429576347 0.24799451270467215 211
1694429576363 0.24107616560604286 212
1694429576379 0.31778134120030355 213
1694429576396 0.43402315834302774 214
1694429576414 0.2692991826649181 215
1694429576429 0.2902484529934311 216
1694429576447 0.2592720581283063 217
1694429576463 0.36090374888211063 218
1694429576482 0.26823437135594935 219
1694429576498 0.25870448078657093 220
1694429576515 0.2563565430100953 221
1694429576530 0.2413897140016692 222
1694429576547 0.27735014047886053 223
1694429576563 0.31341868254853533 224
1694429576580 0.27188081580741 225
1694429576597 0.3567556839456835 226
1694429576614 0.1913283425949925 227
1694429576630 0.34798764838042384 228
1694429576647 0.13627876986223603 229
1694429576663 0.4621091319003523 230
1694429576680 0.26226566580393773 231
1694429576697 0.40597191295528084 232
1694429576714 0.3981028210418974 233
1694429576731 0.310244575929532 234
1694429576746 0.43432753159808446 235
1694429576763 0.4772154991546457 236
1694429576780 0.3025129627691087 237
1694429576797 0.24025645445528104 238
1694429576813 0.3444164350548574 239
1694429576829 0.23772160682611113 240
1694429576846 0.3380888794716836 241
1694429576862 0.38606828465484305 242
1694429576880 0.3370673582011841 243
1694429576897 0.3848411978165582 244
1694429576914 0.2669400646366223 245
1694429576931 0.2225695180665837 246
1694429576947 0.3223578357613551 247
1694429576963 0.14783824338578075 248
1694429576980 0.16613468872453505 249
1694429576997 0.27778419056562376 250
1694429577014 0.24678574330127204 251
1694429577030 0.3101219516435253 252
1694429577046 0.19596449201521407 253
1694429577061 0.37395254868912936 254
1694429577079 0.2812057204324128 255
1694429577096 0.24086755896108045 256
1694429577113 0.3536194277172658 257
1694429577128 0.2926854833375727 258
1694429577145 0.3521568374600935 259
1694429577160 0.2865967605324022 260
1694429577177 0.4650237759575217 261
1694429577193 0.3139983013304669 262
1694429577211 0.4925746914179393 263
1694429577226 0.33191881195490325 264
1694429577242 0.25149966857001727 265
1694429577259 0.3290613182539709 266
1694429577275 0.35849980113755203 267
1694429577291 0.28227800475187764 268
1694429577309 0.2158566495381718 269
1694429577324 0.3927725205982258 270
1694429577340 0.2764730001211068 271
1694429577357 0.3350948437036233 272
1694429577373 0.327629342713463 273
1694429577389 0.335000534232091 274
1694429577406 0.35978916035028724 275
1694429577422 0.21217141416401916 276
1694429577438 0.27022032230321613 277
1694429577454 0.3554222037823721 278
1694429577470 0.3801594056397292 279
1694429577487 0.2986077769736916 280
1694429577503 0.22176752458798066 281
1694429577520 0.34962607636953624 282
1694429577536 0.33036285708706964 283
1694429577552 0.3000983665996106 284
1694429577568 0.3343692724873271 285
1694429577584 0.40228041449243357 286
1694429577601 0.3610017397369827 287
1694429577619 0.40062955841809644 288
1694429577636 0.32033467629650436 289
1694429577654 0.2619599515763293 290
1694429577670 0.3202481506861729 291
1694429577687 0.2968429426575147 292
1694429577703 0.2073359755628267 293
1694429577720 0.2710773786928752 294
1694429577736 0.37410636517331813 295
1694429577752 0.3667807329570825 296
1694429577769 0.30522477344811666 297
1694429577785 0.30530790154697435 298
1694429577802 0.27698724333622543 299
1694429577819 0.446081615162162 300
1694429577835 0.3210837826070125 301
1694429577852 0.17543896929474936 302
1694429577868 0.29819270219285243 303
1694429577885 0.16411721956147216 304
1694429577901 0.1818203118117861 305
1694429577917 0.3043424644716316 306
1694429577934 0.2081960889872307 307
1694429577950 0.24236402478949762 308
1694429577966 0.3302665985222989 309
1694429577983 0.3827614002526583 310
1694429578000 0.349254359108283 311
1694429578017 0.24781352337523604 312
1694429578033 0.3093696600453994 313
1694429578049 0.22221404858149868 314
1694429578065 0.5761999735961673 315
1694429578081 0.2843212977427925 316
1694429578098 0.42215558112429596 317
1694429578115 0.20995460299020333 318
1694429578131 0.27651096196786235 319
1694429578148 0.32093577363518816 320
1694429578164 0.331554326634842 321
1694429578180 0.2867895813389955 322
1694429578196 0.1960563108594073 323
1694429578214 0.67706285740687 324
1694429578230 0.35019461486876097 325
1694429578245 0.40782417407729216 326
1694429578261 0.325813006398085 327
1694429578277 0.3391524126386206 328
1694429578295 0.2946043382113454 329
1694429578311 0.39638353775837576 330
1694429578328 0.32129263347419357 331
1694429578343 0.2527604930918682 332
1694429578360 0.33795983420587 333
1694429578376 0.3257227620520378 334
1694429578393 0.33080385601199 335
1694429578409 0.11472665126947408 336
1694429578426 0.3565291455784099 337
1694429578441 0.2438286712215498 338
1694429578458 0.23882560975358502 339
1694429578474 0.4417162900796516 340
1694429578491 0.3054809909929256 341
1694429578508 0.4187468332421728 342
1694429578524 0.3864591778824413 343
1694429578541 0.36966107090859773 344
1694429578557 0.2955107532584039 345
1694429578573 0.20538576455049876 346
1694429578590 0.30128887090971246 347
1694429578607 0.24295052407282297 348
1694429578624 0.23071302771290772 349
1694429578639 0.38093989890172864 350
1694429578657 0.24816596646029182 351
1694429578673 0.34699071671280785 352
1694429578688 0.25364949161067785 353
1694429578705 0.2998769205492078 354
1694429578722 0.32353755654801314 355
1694429578739 0.3636844363703921 356
1694429578755 0.28148262195540036 357
1694429578771 0.23468790966542677 358
1694429578790 0.32084540092215 359
1694429578807 0.25315125894712726 360
1694429578825 0.3517853841225729 361
1694429578841 0.29293818258291593 362
1694429578859 0.35737435596374434 363
1694429578875 0.2775715593470287 364
1694429578891 0.2744300846594169 365
1694429578908 0.26205089718730756 366
1694429578926 0.5566455610181081 367
1694429578942 0.5391509872663034 368
1694429578958 0.27852326534100297 369
1694429578974 0.21108681825679346 370
1694429578991 0.2553702994048447 371
1694429579007 0.2822225304964324 372
1694429579024 0.20939003956280952 373
1694429579040 0.37505142435785516 374
1694429579057 0.39458105393116655 375
1694429579073 0.31062724972485184 376
1694429579090 0.5486251888220849 377
1694429579106 0.3150984235915532 378
1694429579123 0.2598144160846815 379
1694429579139 0.20696390797657732 380
1694429579156 0.2860052365344507 381
1694429579172 0.3439253469926064 382
1694429579189 0.3199271094679143 383
1694429579205 0.4000036219536313 384
1694429579222 0.12453292209837855 385
1694429579238 0.2305431058551668 386
1694429579253 0.29630378465666213 387
1694429579269 0.18437765443994084 388
1694429579284 0.4127120373489796 389
1694429579302 0.32205086302861563 390
1694429579318 0.2923515095173482 391
1694429579335 0.29997569895362897 392
1694429579353 0.25356734226638106 393
1694429579370 0.3019035573921988 394
1694429579389 0.35338264738345243 395
1694429579406 0.14142616964839402 396
1694429579423 0.31990015997194116 397
1694429579439 0.2757465669609124 398
1694429579455 0.2401079472410083 399
1694429579471 0.2790214532207153 400
1694429579487 0.21744638649284878 401
1694429579504 0.3663958017205468 402
1694429579520 0.32983239263132286 403
1694429579536 0.25725668776232025 404
1694429579552 0.23392198892882546 405
1694429579568 0.1880833390782326 406
1694429579585 0.2992470820533747 407
1694429579600 0.3281563826101267 408
1694429579617 0.28329519747008586 409
1694429579635 0.3622345093184712 410
1694429579652 0.3110964475252085 411
1694429579667 0.42672588561987457 412
1694429579684 0.2286188056637076 413
1694429579701 0.3630955591375706 414
1694429579717 0.25362759150623615 415
1694429579734 0.24694257373250883 416
1694429579750 0.2469304570666931 417
1694429579768 0.3556410432348425 418
1694429579785 0.2668123729738129 419
1694429579801 0.22427475517904974 420
1694429579817 0.23578228325011083 421
1694429579834 0.3595339482252916 422
1694429579850 0.37041899869727 423
1694429579867 0.23626197528252998 424
1694429579884 0.16835607872809527 425
1694429579900 0.16053460472097184 426
1694429579917 0.38647508345909387 427
1694429579934 0.19707849307266076 428
1694429579951 0.21582352453159742 429
1694429579968 0.25196839978163815 430
1694429579984 0.165348331378552 431
1694429580001 0.23946750850809417 432
1694429580021 0.35938075105048306 433
1694429580038 0.21842226252307137 434
1694429580055 0.429309235744374 435
1694429580071 0.22029473995015633 436
1694429580091 0.2458300867069704 437
1694429580106 0.4004567202770017 438
1694429580123 0.5050397580870029 439
1694429580139 0.3974594698047132 440
1694429580156 0.31833297242024405 441
1694429580173 0.3716462537119275 442
1694429580189 0.40398788695629506 443
1694429580205 0.2684523280613156 444
1694429580222 0.21600020831692715 445
1694429580238 0.3211562573977181 446
1694429580255 0.35358877699385394 447
1694429580271 0.23636318236262874 448
1694429580288 0.32328607920465574 449
1694429580305 0.34716953415316093 450
1694429580321 0.27666414375299303 451
1694429580338 0.3142759139468336 452
1694429580355 0.48733038139706786 453
1694429580371 0.36766271031097025 454
1694429580388 0.24237372955682807 455
1694429580405 0.29946147408169793 456
1694429580422 0.3363009271391758 457
1694429580438 0.42419095813207075 458
1694429580454 0.4915177087801904 459
1694429580470 0.19156880753146485 460
1694429580486 0.27175288640120604 461
1694429580503 0.2019384664579415 462
1694429580524 0.17591427222842765 463
1694429580541 0.3740571547529811 464
1694429580558 0.298579517371185 465
1694429580574 0.3077286144235835 466
1694429580590 0.32131256798270175 467
1694429580608 0.4802727690759987 468
1694429580623 0.3718944134876813 469
1694429580641 0.17907752657304749 470
1694429580657 0.23221159317739884 471
1694429580673 0.2688600122306523 472
1694429580689 0.28180789268064604 473
1694429580706 0.40639678073084445 474
1694429580723 0.3766368898484601 475
1694429580740 0.33072777041045615 476
1694429580756 0.3298723560301564 477
1694429580772 0.40262974931675394 478
1694429580789 0.30003613661985484 479
1694429580806 0.3320833326148515 480
1694429580824 0.3037913583439981 481
1694429580840 0.31787551303507894 482
1694429580857 0.2405688909880368 483
1694429580873 0.32425890359892834 484
1694429580890 0.30418421130128676 485
1694429580906 0.3286765437962927 486
1694429580922 0.21159982601211058 487
1694429580938 0.20823908188693438 488
1694429580955 0.2695491085573639 489
1694429580971 0.1806515602956669 490
1694429580989 0.2382047460881307 491
1694429581005 0.25643040208977064 492
1694429581022 0.3491221129679842 493
1694429581040 0.2643160413553478 494
1694429581056 0.7596663210550252 495
1694429581074 0.1870564605067925 496
1694429581091 0.30150400871194766 497
1694429581106 0.31818146968903066 498
1694429581123 0.31080944086772294 499
