1694435715274 0.0008154983807598004 0
1694435715350 0.00018548460576689035 1
1694435715432 0.046067092903562146 2
1694435715504 0.06992468573231923 3
1694435715577 0.00021659384228175037 4
1694435715649 0.0009309538645449089 5
1694435715722 0.2200705268639067 6
1694435715796 0.2858846812441755 7
1694435715869 0.06770971422928679 8
1694435715942 0.08355167743103507 9
1694435716026 0.07625656873072138 10
1694435716118 0.03282495507902864 11
1694435716195 0.07325378106778152 12
1694435716269 5.107822148954883e-06 13
1694435716343 0.1723957020126101 14
1694435716432 0.22164346520643352 15
1694435716512 0.04370506400870115 16
1694435716585 0.4260270547587504 17
1694435716659 5.378084595950512e-06 18
1694435716734 0.0008544149391864733 19
1694435716810 0.011015330854942286 20
1694435716883 0.2795859256940252 21
1694435716956 0.008787981773416983 22
1694435717031 0.014999594503664858 23
1694435717103 8.603694188165765e-07 24
1694435717175 0.07523871878918963 25
1694435717248 0.0935040193576761 26
1694435717324 0.13184012002140735 27
1694435717396 0.18951805481824519 28
1694435717471 0.12767224542788352 29
1694435717543 4.1137294070306366e-11 30
1694435717626 0.07209349252985074 31
1694435717698 0.051257440267799555 32
1694435717771 0.002629914739829614 33
1694435717844 0.004677255408616984 34
1694435717917 0.07252665019975164 35
1694435717988 0.0004557505551392037 36
1694435718064 0.029603481050832547 37
1694435718137 0.12469421305901571 38
1694435718209 0.28594000099477024 39
1694435718283 0.09358022573086237 40
1694435718357 0.04984705013595527 41
1694435718435 0.39554720730034015 42
1694435718510 0.0346995847722678 43
1694435718584 0.05027652265653187 44
1694435718660 0.09013775299782599 45
1694435718734 0.025610190595330148 46
1694435718807 0.013101209579343498 47
1694435718882 0.5404210180596192 48
1694435718955 0.005000374355645365 49
1694435719030 0.0007787581096286609 50
1694435719104 0.03902206951093764 51
1694435719178 0.0001768329840227499 52
1694435719255 1.222950648011045e-05 53
1694435719335 0.004550706631314054 54
1694435719407 0.02483338440141761 55
1694435719481 0.00030596349111122945 56
1694435719554 0.11146627216254505 57
1694435719629 0.11539082010277364 58
1694435719702 0.29773992448703646 59
1694435719775 0.008262334672680447 60
1694435719849 0.01774998764172857 61
1694435719922 0.03234958648940809 62
1694435719996 0.010021810927351554 63
1694435720071 0.8154154662436015 64
1694435720146 0.1448472873988224 65
1694435720227 0.16658166080452497 66
1694435720301 0.2335995179072421 67
1694435720375 0.04904950834383856 68
1694435720449 0.014077869162675465 69
1694435720528 0.17488738711965182 70
1694435720601 0.0015105109653452936 71
1694435720675 0.01544564847813278 72
1694435720751 1.586424429730242e-05 73
1694435720824 0.04243299830492047 74
1694435720897 0.25741754884714535 75
1694435720969 0.03745963370848236 76
1694435721047 0.026730804220920217 77
1694435721121 0.07893433190803678 78
1694435721193 0.04899030564334938 79
1694435721268 0.09228407125208025 80
1694435721341 0.15785108110082974 81
1694435721415 0.11290660118996108 82
1694435721490 0.3109352370018545 83
1694435721566 0.008616530263671237 84
1694435721638 0.16094144659940457 85
1694435721713 0.0360964993641385 86
1694435721787 0.3278318470782712 87
1694435721862 0.09169710574416741 88
1694435721939 0.3194239910919953 89
1694435722012 0.16738737310471205 90
1694435722085 0.020041415809009016 91
1694435722160 0.07671742058397292 92
1694435722232 0.0019122388913639548 93
1694435722309 0.1625328969914464 94
1694435722383 0.00035846526738677687 95
1694435722456 0.04591680435303438 96
1694435722529 0.2377527768934865 97
1694435722605 0.06031956893019361 98
1694435722680 0.01818443760797674 99
1694435722756 0.3212346292240999 100
1694435722828 0.21725982318986214 101
1694435722904 0.018501960629044256 102
1694435722980 0.07073199892106402 103
1694435723052 0.11798241372309771 104
1694435723126 0.006537849204056723 105
1694435723203 0.12422967627992514 106
1694435723276 0.003078915172706286 107
1694435723348 0.010531082240778394 108
1694435723420 0.0002984032488926829 109
1694435723493 0.018367206072589688 110
1694435723568 0.005510772352078544 111
1694435723643 7.348088374704528e-06 112
1694435723716 0.0005085349948628188 113
1694435723791 0.007130810437067064 114
1694435723863 5.217970299325786e-05 115
1694435723937 0.09392353937065902 116
1694435724010 0.0631889001995211 117
1694435724085 0.01468256140788086 118
1694435724157 0.03790267116583414 119
1694435724231 0.01889030872790494 120
1694435724305 0.7011729043907393 121
1694435724381 0.0016346188789429926 122
1694435724458 0.019776371460962453 123
1694435724540 0.03879466547779044 124
1694435724617 0.05416534387634717 125
1694435724692 0.00010439166677787716 126
1694435724766 0.31136293337041304 127
1694435724841 0.005337828499850577 128
1694435724915 0.0001301781119332942 129
1694435725010 0.09135784741281475 130
1694435725096 0.10741757226896251 131
1694435725169 0.25788064612004696 132
1694435725244 0.0002777417957119095 133
1694435725319 0.10875690910299754 134
1694435725391 0.08115773196936964 135
1694435725463 0.0030476236371473208 136
1694435725537 0.001293308049280708 137
1694435725613 0.12820730049879955 138
1694435725687 0.14490253767113026 139
1694435725760 0.04935637895065109 140
1694435725833 1.050712868241636e-05 141
1694435725907 0.008683184797717406 142
1694435725980 0.1196167480117389 143
1694435726065 0.02976335251443682 144
1694435726140 0.0001530888510320191 145
1694435726216 0.061460438896525194 146
1694435726293 0.22545464162741927 147
1694435726365 0.003415655820823333 148
1694435726441 2.328864759523045e-05 149
1694435726515 0.003194114839963875 150
1694435726586 0.045888284742471634 151
1694435726662 0.003851544824360665 152
1694435726737 0.0196243931065695 153
1694435726810 0.307033498863389 154
1694435726883 0.008471784854834026 155
1694435726957 0.005883852963351213 156
1694435727036 0.58560640598357 157
1694435727111 0.06060858202038656 158
1694435727184 0.005945718095957321 159
1694435727255 0.036709574530972046 160
1694435727330 9.207118678393614e-05 161
1694435727403 0.006072263888940532 162
1694435727475 0.08955321738309248 163
1694435727550 0.16201095289858009 164
1694435727690 1.2383106775264145e-05 165
1694435727770 0.36143059209486367 166
1694435727853 0.009418182332226457 167
1694435727928 0.11623259902194688 168
1694435728000 0.1968774042439271 169
1694435728075 0.06529927150608686 170
1694435728150 0.01946573169548019 171
1694435728225 0.05910763527160342 172
1694435728298 0.008637837387254816 173
1694435728373 0.20267182350348034 174
1694435728448 0.005642373332773875 175
1694435728527 0.08026971785551147 176
1694435728600 0.006124159730849845 177
1694435728675 0.009174066344885056 178
1694435728756 0.008003246193606024 179
1694435728831 0.19615436960951427 180
1694435728904 0.66641977103794 181
1694435728978 0.0205968180105964 182
1694435729053 0.08143829865238472 183
1694435729127 0.07525579588470618 184
1694435729199 0.0007019886330536381 185
1694435729273 0.7408160757550548 186
1694435729349 0.3846769952307906 187
1694435729425 0.05001673235398144 188
1694435729496 0.20213983491473753 189
1694435729573 0.2994423676358148 190
1694435729646 0.02656429180048877 191
1694435729719 0.005877410808025254 192
1694435729792 0.018885841647409526 193
1694435729868 0.009445719091744192 194
1694435729941 0.007256762694742356 195
1694435730012 0.04543604439309073 196
1694435730087 0.1542362925941239 197
1694435730163 0.036199496239482334 198
1694435730238 0.3161425943155195 199
1694435730311 0.06348553166727852 200
1694435730384 0.00014692346768869856 201
1694435730465 0.38990963592371425 202
1694435730540 0.0047049745128334075 203
1694435730613 0.17785469155302422 204
1694435730685 0.006538726019699015 205
1694435730757 0.04583295440908223 206
1694435730831 0.18645491485904883 207
1694435730903 0.09717179902219737 208
1694435730984 0.045003660143362774 209
1694435731060 0.065262007731764 210
1694435731133 0.0025391631687853903 211
1694435731207 0.044512431588185505 212
1694435731286 0.016241251931004477 213
1694435731361 0.00729215847935361 214
1694435731437 0.010999841905011501 215
1694435731508 0.0044134434757786625 216
1694435731583 0.0067468574088078645 217
1694435731657 0.2983173878383103 218
1694435731732 1.755777169900385e-06 219
1694435731805 0.02522477298500907 220
1694435731880 0.04123818632286012 221
1694435731955 0.015047751324272537 222
1694435732028 0.00295338957684668 223
1694435732104 0.047341412472278646 224
1694435732184 0.08098923122250781 225
1694435732262 4.222175744894721e-06 226
1694435732341 0.016427264608014285 227
1694435732414 0.00045473420105485765 228
1694435732488 0.30032388999329634 229
1694435732560 0.2547423429721019 230
1694435732634 0.116155371547249 231
1694435732709 0.4173888624182308 232
1694435732783 0.03453562350807057 233
1694435732855 1.5416045270757108 234
1694435732928 0.1140106278063844 235
1694435733001 0.0713209555026584 236
1694435733078 0.28138066612474655 237
1694435733151 0.0071270743391777585 238
1694435733225 0.09645064839201407 239
1694435733301 0.027105021897886637 240
1694435733375 0.014279563755132316 241
1694435733451 0.0016123917698240401 242
1694435733524 0.0966716896127698 243
1694435733599 1.4120484085472602e-05 244
1694435733675 0.019640355644523357 245
1694435733748 0.007730770718874033 246
1694435733823 0.0002593169123980703 247
1694435733900 0.008417532212645157 248
1694435733973 0.04391592032254278 249
1694435734048 0.4480553902223691 250
1694435734121 0.47094405834141256 251
1694435734193 1.1230534899309652 252
1694435734269 0.14363335122691695 253
1694435734342 0.006335167392239145 254
1694435734415 0.17281803003550544 255
1694435734488 0.0078086778545270715 256
1694435734561 0.16803716730422857 257
1694435734633 0.008192126966281337 258
1694435734712 0.028221471752941964 259
1694435734796 0.006727014612064721 260
1694435734877 0.6620986792825099 261
1694435735010 0.27361899736222434 262
1694435735138 0.03951719028208031 263
1694435735223 0.01382542628477765 264
1694435735301 0.16436634686514695 265
1694435735395 0.06662836915411202 266
1694435735476 0.003825577623674128 267
1694435735603 0.013050801870981748 268
1694435735741 0.09535664716705933 269
1694435735825 0.0004952903829715278 270
1694435735898 0.1401462601297763 271
1694435735970 0.0288770242549497 272
1694435736044 0.2920973673314123 273
1694435736121 0.418141901229491 274
1694435736193 0.06410032150958732 275
1694435736268 0.00033902447711168723 276
1694435736345 0.04502343567912503 277
1694435736420 0.07764712916752614 278
1694435736496 0.09639003418151013 279
1694435736575 0.14819667671186085 280
1694435736648 0.3528760191005696 281
1694435736724 0.0790595888300824 282
1694435736795 0.019208861716360656 283
1694435736876 0.12493957034073766 284
1694435736949 0.14604703026305837 285
1694435737025 0.034635726291157055 286
1694435737096 0.1581855275439871 287
1694435737169 0.009579940887475645 288
1694435737244 0.009030513187676349 289
1694435737322 0.000465263876940401 290
1694435737399 8.155972798489631e-06 291
1694435737474 0.01568150220775783 292
1694435737547 0.1949655384982165 293
1694435737624 0.14376483984918464 294
1694435737696 0.01164927694971392 295
1694435737776 0.001400289225092937 296
1694435737851 0.00563556993861623 297
1694435737925 0.006091437707823997 298
1694435737997 0.013631838699963563 299
1694435738071 0.21288147752787615 300
1694435738145 0.096247148651201 301
1694435738226 0.08528556020268013 302
1694435738298 0.040490230034967316 303
1694435738371 0.058202352699402944 304
1694435738446 0.029008831108448745 305
1694435738520 0.024444789255973227 306
1694435738592 0.09573153162083148 307
1694435738666 0.12940905458404534 308
1694435738740 0.011943813238511918 309
1694435738812 0.09221762906583626 310
1694435738886 0.008424158811942986 311
1694435738963 0.046056285372850315 312
1694435739039 0.08883245616288926 313
1694435739116 0.023149775923768684 314
1694435739195 0.025098004938507716 315
1694435739273 0.0010554654042837673 316
1694435739350 0.5313964505083815 317
1694435739425 0.014824224443782577 318
1694435739496 0.00015837729720926113 319
1694435739572 0.0005633975911426366 320
1694435739644 0.016612915201215474 321
1694435739716 0.019471514704633215 322
1694435739794 0.007253323891553482 323
1694435739870 0.0007786764552215221 324
1694435739950 0.011013362098900246 325
1694435740023 0.013788765846707695 326
1694435740095 0.11574157899004424 327
1694435740170 0.09871926737986488 328
1694435740246 0.002359912002190835 329
1694435740318 0.0003777663495450727 330
1694435740392 0.39518890837000725 331
1694435740467 0.06122225351161057 332
1694435740544 0.11724294010557564 333
1694435740623 0.6567352146185124 334
1694435740699 0.11119586827494378 335
1694435740773 0.20215089852721563 336
1694435740850 0.13904217750220849 337
1694435740924 0.14008495134571688 338
1694435740997 0.004973182058137962 339
1694435741072 0.17333744168310525 340
1694435741146 0.008851486285597732 341
1694435741217 0.6567073170753378 342
1694435741290 0.01052862965899194 343
1694435741366 0.1150570206865351 344
1694435741441 0.1616262916388829 345
1694435741514 0.3344416165555678 346
1694435741587 1.8718633836189547e-05 347
1694435741666 0.1741652874257396 348
1694435741741 0.16508193194701637 349
1694435741814 0.8913928064772307 350
1694435741889 0.003432869248093866 351
1694435741962 0.09969474461615654 352
1694435742034 0.06938310027608088 353
1694435742107 0.01901862887699873 354
1694435742181 0.10539982198825731 355
1694435742255 0.14448734623863116 356
1694435742327 0.006312376672779127 357
1694435742399 0.2675666426244109 358
1694435742477 0.23468892598531366 359
1694435742556 0.2630274653436371 360
1694435742629 0.026765836794059993 361
1694435742703 0.01140796403638959 362
1694435742777 0.0006141131276561897 363
1694435742855 0.06277764297171479 364
1694435742929 0.15553817891592628 365
1694435743004 0.10764125111803237 366
1694435743078 0.04058119899914025 367
1694435743151 0.17837745126142895 368
1694435743224 0.1119114728631927 369
1694435743299 0.10422554199251606 370
1694435743374 0.00947302470103606 371
1694435743450 0.02485403453614416 372
1694435743522 0.0697233211994652 373
1694435743595 0.09413798131428025 374
1694435743670 0.030369373736018092 375
1694435743743 0.1030142083228393 376
1694435743817 0.010666447088933658 377
1694435743892 0.11186928188673251 378
1694435743967 0.4904619411110877 379
1694435744038 0.002644315085160479 380
1694435744110 0.21629249716596144 381
1694435744185 0.06838536469240429 382
1694435744260 0.11616663764520543 383
1694435744333 0.0016757596762277806 384
1694435744408 0.0030921355750098234 385
1694435744481 0.0008148881835751205 386
1694435744553 0.0043559648926048645 387
1694435744630 0.05737069762222978 388
1694435744705 0.050030704177166985 389
1694435744779 0.03341805456287319 390
1694435744851 0.16952134654688478 391
1694435744926 0.08004616438112389 392
1694435745001 0.023437863381578803 393
1694435745073 0.026039751154580335 394
1694435745149 0.07884432728440129 395
1694435745222 0.19139528891071073 396
1694435745294 0.07204027593034645 397
1694435745369 0.09759073307744938 398
1694435745442 0.000963908900370268 399
1694435745515 0.038114792476029453 400
1694435745586 0.0270493042181843 401
1694435745659 0.005407064531379599 402
1694435745734 0.016681144636004473 403
1694435745807 0.05549091475811335 404
1694435745883 0.028109814291187453 405
1694435745955 0.012958989076022468 406
1694435746032 0.00364257137081634 407
1694435746107 0.0944998942702922 408
1694435746182 0.07769256451566711 409
1694435746254 0.662340615115757 410
1694435746326 0.5842694475008026 411
1694435746400 0.9370085839705673 412
1694435746474 0.19168510703599032 413
1694435746548 0.04303306627921844 414
1694435746622 0.07325215246446931 415
1694435746695 0.40187620259979706 416
1694435746768 0.31000439289516474 417
1694435746850 0.3594419255700252 418
1694435746924 0.15404350391001975 419
1694435746999 0.1089628018107511 420
1694435747072 0.04346969235311416 421
1694435747145 0.04160175187454457 422
1694435747219 0.013436001795953103 423
1694435747291 0.022858444441078898 424
1694435747363 0.2611399149583957 425
1694435747438 0.0005107877587679092 426
1694435747513 0.224289008503611 427
1694435747588 0.003787768894745532 428
1694435747660 0.002283193976484698 429
1694435747738 0.006500673837358763 430
1694435747812 0.0016789829250887832 431
1694435747884 0.0814068468577933 432
1694435747959 0.016018530669334577 433
1694435748031 0.02553785935824753 434
1694435748105 0.025555027054506504 435
1694435748178 0.0507921641735338 436
1694435748252 0.008899649973861185 437
1694435748325 0.028371077862485414 438
1694435748400 0.05482358706845758 439
1694435748473 0.34422168586253404 440
1694435748546 0.020585387214134693 441
1694435748630 0.19421937855351512 442
1694435748704 0.1771227301011989 443
1694435748776 0.04822409009035108 444
1694435748849 0.00822286596460029 445
1694435748922 0.14136237980875974 446
1694435748994 0.00693916970301974 447
1694435749069 0.005392946394327297 448
1694435749149 0.011768709558211585 449
1694435749224 0.0005732585233300735 450
1694435749296 0.021665268909497756 451
1694435749371 0.036850456531537956 452
1694435749452 0.045416411822125614 453
1694435749527 0.09361173347594702 454
1694435749600 0.05329105801365695 455
1694435749675 0.14562614509491056 456
1694435749750 0.5841305619565914 457
1694435749823 0.011016137161172907 458
1694435749894 0.040290646143113604 459
1694435749969 0.5037758309584952 460
1694435750043 0.041807752646879325 461
1694435750117 0.3775721503324029 462
1694435750193 0.013339583060163149 463
1694435750272 0.26470427432958377 464
1694435750351 0.18009489154221178 465
1694435750424 0.0029085949092996556 466
1694435750497 0.02681879841043134 467
1694435750573 0.008893843027638407 468
1694435750646 0.19275198349529335 469
1694435750729 0.1388319622113124 470
1694435750818 0.05501308637298502 471
1694435750905 0.016768505544023846 472
1694435751003 0.18045893275619188 473
1694435751078 0.10458690328605096 474
1694435751162 0.013189154226433578 475
1694435751239 0.04104998622181465 476
1694435751311 0.16900672744541612 477
1694435751390 0.07190550915026646 478
1694435751466 0.1848981897718891 479
1694435751542 0.04729052187134122 480
1694435751614 0.4965132420628952 481
1694435751688 0.005659697661743429 482
1694435751763 0.144049571928891 483
1694435751838 0.01978497380131373 484
1694435751912 0.00016469490879025107 485
1694435751985 0.07328432421891658 486
1694435752060 0.07383369338032567 487
1694435752132 0.08060363983145635 488
1694435752205 0.003887176125392433 489
1694435752279 0.0008439434613978597 490
1694435752352 0.04358917737637776 491
1694435752427 0.07854065029978174 492
1694435752500 0.03247515199769246 493
1694435752576 0.1280942262956043 494
1694435752652 0.018224314642651857 495
1694435752725 0.07677939760284995 496
1694435752803 0.07644637090534868 497
1694435752877 0.07382667852233923 498
1694435752950 0.0018041691516253746 499
