1694438429943 169.19669551054898 0
1694438429962 169.1628268345297 1
1694438429980 169.1289649461094 2
1694438429998 169.09510984392648 3
1694438430016 169.0612615266198 4
1694438430032 169.0274199928284 5
1694438430052 168.99358524119165 6
1694438430070 168.9597572703491 7
1694438430088 168.92593607894057 8
1694438430107 168.8921216656063 9
1694438430123 168.85831402898677 10
1694438430141 168.82451316772247 11
1694438430159 168.79071908045458 12
1694438430176 168.75693176582422 13
1694438430194 168.72315122247295 14
1694438430212 168.6893774490425 15
1694438430229 168.65561044417498 16
1694438430246 168.62185020651273 17
1694438430266 168.58809673469835 18
1694438430283 168.5543500273747 19
1694438430301 168.52061008318495 20
1694438430318 168.4868769007725 21
1694438430336 168.453150478781 22
1694438430354 168.41943081585453 23
1694438430372 168.38571791063723 24
1694438430392 168.35201176177367 25
1694438430409 168.31831236790862 26
1694438430427 168.28461972768716 27
1694438430444 168.25093383975457 28
1694438430461 168.21725470275643 29
1694438430479 168.18358231533875 30
1694438430497 168.1499166761475 31
1694438430515 168.11625778382927 32
1694438430532 168.08260563703058 33
1694438430550 168.04896023439855 34
1694438430567 168.01532157458024 35
1694438430584 167.9816896562233 36
1694438430602 167.94806447797546 37
1694438430620 167.91444603848475 38
1694438430637 167.8808343363995 39
1694438430654 167.84722937036827 40
1694438430672 167.81363113904 41
1694438430691 167.78003964106378 42
1694438430709 167.74645487508897 43
1694438430727 167.7128768397653 44
1694438430747 167.67930553374273 45
1694438430766 167.6457409556714 46
1694438430789 167.61218310420188 47
1694438430809 167.5786319779849 48
1694438430827 167.54508757567152 49
1694438430846 167.511549895913 50
1694438430866 167.47801893736093 51
1694438430886 167.44449469866717 52
1694438430906 167.4109771784838 53
1694438430926 167.37746637546326 54
1694438430945 167.34396228825815 55
1694438430964 167.3104649155214 56
1694438430984 167.27697425590628 57
1694438431002 167.24349030806616 58
1694438431019 167.21001307065484 59
1694438431037 167.1765425423263 60
1694438431057 167.1430787217349 61
1694438431083 167.10962160753508 62
1694438431104 167.07617119838173 63
1694438431122 167.04272749292986 64
1694438431139 167.00929048983488 65
1694438431156 166.9758601877525 66
1694438431173 166.94243658533847 67
1694438431191 166.90901968124913 68
1694438431209 166.87560947414076 69
1694438431227 166.8422059626702 70
1694438431244 166.80880914549428 71
1694438431262 166.77541902127038 72
1694438431279 166.742035588656 73
1694438431297 166.7086588463089 74
1694438431315 166.67528879288713 75
1694438431331 166.64192542704902 76
1694438431349 166.60856874745318 77
1694438431367 166.5752187527585 78
1694438431385 166.54187544162411 79
1694438431404 166.50853881270936 80
1694438431422 166.47520886467402 81
1694438431439 166.44188559617794 82
1694438431456 166.40856900588142 83
1694438431473 166.37525909244485 84
1694438431491 166.3419558545291 85
1694438431509 166.30865929079502 86
1694438431526 166.27536939990406 87
1694438431544 166.24208618051773 88
1694438431561 166.20880963129784 89
1694438431578 166.17553975090647 90
1694438431596 166.142276538006 91
1694438431614 166.1090199912591 92
1694438431632 166.07577010932866 93
1694438431649 166.0425268908778 94
1694438431666 166.00929033457 95
1694438431684 165.976060439069 96
1694438431702 165.94283720303872 97
1694438431719 165.90962062514342 98
1694438431737 165.8764107040476 99
1694438431754 165.84320743841604 100
1694438431773 165.81001082691387 101
1694438431792 165.77682086820633 102
1694438431810 165.743637560959 103
1694438431827 165.7104609038377 104
1694438431845 165.67729089550872 105
1694438431864 165.64412753463824 106
1694438431883 165.61097081989308 107
1694438431900 165.57782074994003 108
1694438431919 165.5446773234464 109
1694438431935 165.5115405390796 110
1694438431953 165.47841039550732 111
1694438431970 165.44528689139761 112
1694438431987 165.41217002541876 113
1694438432006 165.3790597962392 114
1694438432024 165.34595620252782 115
1694438432041 165.31285924295364 116
1694438432059 165.279768916186 117
1694438432076 165.24668522089453 118
1694438432093 165.21360815574903 119
1694438432112 165.18053771941973 120
1694438432131 165.14747391057693 121
1694438432149 165.11441672789138 122
1694438432167 165.081366170034 123
1694438432186 165.04832223567595 124
1694438432203 165.0152849234887 125
1694438432221 164.98225423214407 126
1694438432238 164.94923016031396 127
1694438432255 164.91621270667073 128
1694438432273 164.88320186988685 129
1694438432290 164.85019764863517 130
1694438432308 164.81720004158868 131
1694438432326 164.78420904742083 132
1694438432344 164.7512246648051 133
1694438432362 164.7182468924155 134
1694438432379 164.68527572892606 135
1694438432397 164.6523111730112 136
1694438432415 164.61935322334557 137
1694438432432 164.58640187860422 138
1694438432449 164.55345713746223 139
1694438432467 164.52051899859507 140
1694438432485 164.48758746067853 141
1694438432502 164.45466252238862 142
1694438432521 164.42174418240148 143
1694438432538 164.38883243939378 144
1694438432556 164.35592729204228 145
1694438432573 164.32302873902404 146
1694438432591 164.2901367790163 147
1694438432610 164.2572514106968 148
1694438432627 164.22437263274333 149
1694438432645 164.19150044383397 150
1694438432663 164.15863484264716 151
1694438432680 164.12577582786153 152
1694438432697 164.09292339815605 153
1694438432714 164.06007755220986 154
1694438432732 164.02723828870242 155
1694438432749 163.9944056063135 156
1694438432766 163.961579503723 157
1694438432783 163.9287599796112 158
1694438432801 163.8959470326586 159
1694438432819 163.86314066154603 160
1694438432836 163.83034086495445 161
1694438432855 163.79754764156525 162
1694438432877 163.76476099005993 163
1694438432898 163.73198090912035 164
1694438432918 163.6992073974287 165
1694438432936 163.66644045366718 166
1694438432952 163.63368007651854 167
1694438432970 163.60092626466565 168
1694438432987 163.56817901679165 169
1694438433005 163.53543833157997 170
1694438433023 163.50270420771432 171
1694438433040 163.46997664387868 172
1694438433058 163.43725563875716 173
1694438433074 163.40454119103435 174
1694438433092 163.37183329939495 175
1694438433109 163.33913196252394 176
1694438433127 163.30643717910667 177
1694438433145 163.27374894782864 178
1694438433162 163.24106726737563 179
1694438433180 163.2083921364338 180
1694438433197 163.1757235536893 181
1694438433215 163.14306151782884 182
1694438433232 163.11040602753934 183
1694438433249 163.0777570815078 184
1694438433267 163.0451146784217 185
1694438433284 163.01247881696858 186
1694438433302 162.9798494958365 187
1694438433319 162.9472267137135 188
1694438433336 162.91461046928808 189
1694438433354 162.88200076124897 190
1694438433373 162.8493975882851 191
1694438433392 162.81680094908566 192
1694438433409 162.7842108423402 193
1694438433426 162.7516272667385 194
1694438433443 162.7190502209705 195
1694438433460 162.68647970372655 196
1694438433478 162.65391571369716 197
1694438433496 162.62135824957315 198
1694438433512 162.5888073100456 199
1694438433529 162.5562628938058 200
1694438433548 162.5237249995454 201
1694438433565 162.49119362595627 202
1694438433582 162.45866877173052 203
1694438433599 162.42615043556046 204
1694438433616 162.39363861613884 205
1694438433634 162.3611333121585 206
1694438433653 162.32863452231265 207
1694438433669 162.29614224529473 208
1694438433687 162.2636564797984 209
1694438433705 162.23117722451772 210
1694438433722 162.19870447814677 211
1694438433739 162.1662382393801 212
1694438433756 162.13377850691248 213
1694438433773 162.1013252794389 214
1694438433791 162.06887855565463 215
1694438433809 162.03643833425522 216
1694438433826 162.00400461393644 217
1694438433844 161.97157739339434 218
1694438433862 161.9391566713253 219
1694438433879 161.90674244642582 220
1694438433897 161.87433471739283 221
1694438433914 161.8419334829233 222
1694438433931 161.8095387417148 223
1694438433948 161.77715049246476 224
1694438433965 161.74476873387115 225
1694438433983 161.71239346463216 226
1694438434000 161.68002468344613 227
1694438434017 161.64766238901177 228
1694438434038 161.61530658002803 229
1694438434056 161.58295725519412 230
1694438434073 161.55061441320942 231
1694438434091 161.5182780527737 232
1694438434108 161.48594817258697 233
1694438434125 161.4536247713494 234
1694438434144 161.42130784776157 235
1694438434161 161.3889974005242 236
1694438434179 161.35669342833827 237
1694438434197 161.32439592990514 238
1694438434214 161.2921049039264 239
1694438434232 161.2598203491037 240
1694438434249 161.22754226413923 241
1694438434267 161.19527064773527 242
1694438434285 161.16300549859446 243
1694438434302 161.13074681541957 244
1694438434319 161.09849459691375 245
1694438434336 161.0662488417804 246
1694438434355 161.03400954872313 247
1694438434372 161.00177671644582 248
1694438434390 160.96955034365257 249
1694438434407 160.9373304290479 250
1694438434425 160.90511697133644 251
1694438434442 160.87290996922312 252
1694438434459 160.84070942141307 253
1694438434477 160.80851532661183 254
1694438434494 160.77632768352507 255
1694438434511 160.7441464908588 256
1694438434528 160.71197174731918 257
1694438434546 160.6798034516128 258
1694438434563 160.6476416024463 259
1694438434582 160.6154861985268 260
1694438434601 160.58333723856148 261
1694438434619 160.55119472125796 262
1694438434637 160.51905864532398 263
1694438434655 160.48692900946756 264
1694438434672 160.45480581239707 265
1694438434689 160.422689052821 266
1694438434706 160.39057872944826 267
1694438434724 160.3584748409879 268
1694438434743 160.3263773861493 269
1694438434760 160.29428636364202 270
1694438434778 160.26220177217596 271
1694438434795 160.2301236104612 272
1694438434813 160.1980518772082 273
1694438434830 160.1659865711275 274
1694438434848 160.1339276909301 275
1694438434865 160.1018752353271 276
1694438434883 160.06982920302994 277
1694438434900 160.03778959275027 278
1694438434917 160.00575640320008 279
1694438434935 159.97372963309158 280
1694438434953 159.94170928113712 281
1694438434971 159.9096953460495 282
1694438434988 159.87768782654163 283
1694438435005 159.8456867213268 284
1694438435023 159.81369202911847 285
1694438435041 159.78170374863038 286
1694438435060 159.7497218785766 287
1694438435076 159.71774641767126 288
1694438435093 159.685777364629 289
1694438435110 159.65381471816454 290
1694438435128 159.6218584769929 291
1694438435146 159.58990863982953 292
1694438435163 159.55796520538973 293
1694438435181 159.52602817238952 294
1694438435199 159.49409753954487 295
1694438435216 159.46217330557215 296
1694438435236 159.43025546918795 297
1694438435255 159.39834402910904 298
1694438435273 159.36643898405262 299
1694438435290 159.334540332736 300
1694438435309 159.30264807387675 301
1694438435327 159.2707622061928 302
1694438435345 159.2388827284023 303
1694438435363 159.20700963922363 304
1694438435380 159.17514293737537 305
1694438435398 159.14328262157647 306
1694438435415 159.11142869054612 307
1694438435432 159.07958114300368 308
1694438435450 159.04773997766884 309
1694438435467 159.0159051932616 310
1694438435486 158.98407678850205 311
1694438435503 158.95225476211067 312
1694438435520 158.9204391128082 313
1694438435537 158.8886298393156 314
1694438435555 158.85682694035404 315
1694438435572 158.82503041464497 316
1694438435589 158.7932402609102 317
1694438435606 158.7614564778717 318
1694438435624 158.72967906425166 319
1694438435641 158.69790801877264 320
1694438435659 158.66614334015733 321
1694438435676 158.63438502712887 322
1694438435692 158.60263307841038 323
1694438435710 158.5708874927255 324
1694438435727 158.53914826879793 325
1694438435744 158.50741540535176 326
1694438435762 158.47568890111125 327
1694438435779 158.443968754801 328
1694438435796 158.4122549651458 329
1694438435815 158.38054753087067 330
1694438435833 158.348846450701 331
1694438435850 158.31715172336234 332
1694438435868 158.28546334758045 333
1694438435885 158.25378132208152 334
1694438435904 158.22210564559188 335
1694438435921 158.1904363168381 336
1694438435938 158.158773334547 337
1694438435955 158.12711669744579 338
1694438435972 158.0954664042617 339
1694438435990 158.06382245372248 340
1694438436007 158.03218484455593 341
1694438436024 158.00055357549024 342
1694438436042 157.96892864525375 343
1694438436060 157.9373100525751 344
1694438436076 157.9056977961833 345
1694438436094 157.87409187480733 346
1694438436111 157.84249228717675 347
1694438436128 157.8108990320211 348
1694438436146 157.7793121080704 349
1694438436164 157.74773151405475 350
1694438436184 157.71615724870466 351
1694438436202 157.68458931075077 352
1694438436219 157.65302769892403 353
1694438436236 157.6214724119556 354
1694438436254 157.58992344857694 355
1694438436271 157.55838080751985 356
1694438436288 157.52684448751612 357
1694438436306 157.49531448729812 358
1694438436323 157.46379080559822 359
1694438436339 157.4322734411492 360
1694438436359 157.40076239268402 361
1694438436376 157.36925765893585 362
1694438436394 157.33775923863828 363
1694438436411 157.30626713052501 364
1694438436429 157.27478133333003 365
1694438436449 157.24330184578758 366
1694438436466 157.2118286666322 367
1694438436483 157.18036179459858 368
1694438436501 157.14890122842178 369
1694438436518 157.11744696683706 370
1694438436535 157.08599900857996 371
1694438436552 157.0545573523862 372
1694438436571 157.02312199699185 373
1694438436587 156.9916929411332 374
1694438436605 156.96027018354678 375
1694438436622 156.92885372296936 376
1694438436639 156.89744355813795 377
1694438436658 156.8660396877899 378
1694438436675 156.83464211066277 379
1694438436692 156.80325082549433 380
1694438436709 156.77186583102264 381
1694438436726 156.74048712598602 382
1694438436743 156.70911470912304 383
1694438436761 156.67774857917252 384
1694438436778 156.64638873487348 385
1694438436796 156.6150351749653 386
1694438436813 156.58368789818758 387
1694438436830 156.5523469032801 388
1694438436848 156.52101218898292 389
1694438436865 156.48968375403643 390
1694438436883 156.45836159718118 391
1694438436900 156.42704571715805 392
1694438436917 156.39573611270808 393
1694438436934 156.36443278257272 394
1694438436952 156.33313572549346 395
1694438436970 156.3018449402122 396
1694438436988 156.27056042547105 397
1694438437007 156.2392821800124 398
1694438437025 156.20801020257875 399
1694438437043 156.17674449191307 400
1694438437061 156.14548504675847 401
1694438437078 156.11423186585827 402
1694438437095 156.0829849479561 403
1694438437112 156.05174429179587 404
1694438437129 156.02050989612172 405
1694438437147 155.9892817596779 406
1694438437166 155.95805988120918 407
1694438437185 155.9268442594604 408
1694438437206 155.89563489317666 409
1694438437227 155.8644317811034 410
1694438437247 155.8332349219862 411
1694438437268 155.80204431457105 412
1694438437290 155.77085995760396 413
1694438437311 155.73968184983138 414
1694438437331 155.70850998999998 415
1694438437354 155.67734437685667 416
1694438437375 155.6461850091485 417
1694438437396 155.61503188562298 418
1694438437417 155.58388500502772 419
1694438437437 155.55274436611063 420
1694438437458 155.52160996761984 421
1694438437481 155.49048180830377 422
1694438437502 155.45935988691107 423
1694438437519 155.4282442021907 424
1694438437536 155.39713475289182 425
1694438437554 155.36603153776372 426
1694438437572 155.3349345555562 427
1694438437588 155.30384380501906 428
1694438437608 155.27275928490258 429
1694438437626 155.2416809939571 430
1694438437643 155.21060893093332 431
1694438437661 155.1795430945821 432
1694438437679 155.1484834836547 433
1694438437697 155.11743009690247 434
1694438437715 155.08638293307712 435
1694438437732 155.0553419909305 436
1694438437750 155.0243072692149 437
1694438437768 154.99327876668264 438
1694438437786 154.96225648208645 439
1694438437804 154.9312404141792 440
1694438437821 154.90023056171415 441
1694438437839 154.86922692344461 442
1694438437856 154.83822949812432 443
1694438437873 154.8072382845072 444
1694438437891 154.77625328134746 445
1694438437909 154.74527448739946 446
1694438437925 154.7143019014179 447
1694438437942 154.6833355221577 448
1694438437961 154.65237534837408 449
1694438437979 154.62142137882242 450
1694438437997 154.59047361225836 451
1694438438013 154.5595320474379 452
1694438438032 154.52859668311717 453
1694438438049 154.49766751805262 454
1694438438067 154.46674455100091 455
1694438438083 154.43582778071894 456
1694438438102 154.40491720596395 457
1694438438119 154.37401282549328 458
1694438438136 154.34311463806463 459
1694438438154 154.312222642436 460
1694438438172 154.2813368373655 461
1694438438189 154.2504572216115 462
1694438438208 154.21958379393274 463
1694438438224 154.1887165530881 464
1694438438244 154.1578554978368 465
1694438438263 154.1270006269382 466
1694438438281 154.09615193915207 467
1694438438298 154.06530943323818 468
1694438438316 154.03447310795676 469
1694438438332 154.00364296206823 470
1694438438350 153.97281899433332 471
1694438438368 153.94200120351283 472
1694438438387 153.91118958836796 473
1694438438404 153.88038414766018 474
1694438438421 153.849584880151 475
1694438438438 153.81879178460247 476
1694438438455 153.78800485977675 477
1694438438473 153.75722410443615 478
1694438438491 153.72644951734338 479
1694438438508 153.69568109726134 480
1694438438524 153.66491884295314 481
1694438438542 153.6341627531822 482
1694438438560 153.6034128267122 483
1694438438577 153.57266906230703 484
1694438438594 153.54193145873077 485
1694438438611 153.51120001474786 486
1694438438628 153.48047472912296 487
1694438438644 153.4497556006209 488
1694438438663 153.41904262800685 489
1694438438681 153.38833581004621 490
1694438438699 153.35763514550456 491
1694438438715 153.32694063314784 492
1694438438733 153.29625227174216 493
1694438438750 153.26557006005385 494
1694438438768 153.2348939968496 495
1694438438785 153.2042240808962 496
1694438438804 153.17356031096082 497
1694438438822 153.14290268581087 498
1694438438842 153.11225120421386 499
