1694430704613 175.751440735706 0
1694430704632 168.37853861511365 1
1694430704649 165.93970440260514 2
1694430704666 171.7620867957537 3
1694430704683 155.76341178600612 4
1694430704701 155.62150061176982 5
1694430704719 145.78428964007864 6
1694430704739 145.1735063530652 7
1694430704756 155.78733176090822 8
1694430704772 132.2293060436059 9
1694430704789 138.2701855397127 10
1694430704806 130.13186442452195 11
1694430704824 132.5891736945824 12
1694430704841 135.53111206477635 13
1694430704858 125.03064638326036 14
1694430704874 130.87592707531275 15
1694430704892 125.56392150921197 16
1694430704910 122.941736954027 17
1694430704929 121.48350577631365 18
1694430704948 115.43568923208052 19
1694430704967 118.16088635854318 20
1694430704985 114.69585471500488 21
1694430705005 112.80359613451988 22
1694430705024 117.36808300765632 23
1694430705045 109.74560392453152 24
1694430705063 107.68884460785728 25
1694430705081 108.88362794272923 26
1694430705101 109.77957047433657 27
1694430705119 104.06758812025278 28
1694430705139 109.54426636872002 29
1694430705156 93.66350304826096 30
1694430705175 99.11966129855921 31
1694430705193 96.6425500907941 32
1694430705211 93.2647488746218 33
1694430705230 95.84811989608546 34
1694430705247 94.77632301320644 35
1694430705264 87.31393103938032 36
1694430705281 91.89134342453394 37
1694430705298 91.34718754732941 38
1694430705316 86.11740021850532 39
1694430705334 83.0463711941628 40
1694430705350 85.7535512252265 41
1694430705368 81.92578295868775 42
1694430705385 80.706734478219 43
1694430705402 89.88652035034283 44
1694430705419 74.42928084468778 45
1694430705437 77.55829299491702 46
1694430705454 80.50362904250646 47
1694430705470 71.8447293219533 48
1694430705488 77.71582509573027 49
1694430705505 72.32831431550856 50
1694430705523 73.57418174248372 51
1694430705541 71.78325018130853 52
1694430705557 69.61827452199893 53
1694430705573 73.44250814301684 54
1694430705591 66.34601861564774 55
1694430705607 71.54984160125223 56
1694430705625 62.48874961745524 57
1694430705642 57.96744669720727 58
1694430705658 61.708842613205036 59
1694430705675 63.46120699658975 60
1694430705692 60.10970144725661 61
1694430705709 58.325929421430224 62
1694430705726 60.61696357550634 63
1694430705745 57.364416841185616 64
1694430705763 55.688754055664035 65
1694430705779 57.234876527162974 66
1694430705796 54.9515214842104 67
1694430705813 55.50895272774409 68
1694430705830 53.99257972749011 69
1694430705847 53.15255500653028 70
1694430705863 55.21651922039939 71
1694430705881 51.35677758427939 72
1694430705898 51.6105439054707 73
1694430705915 50.23551261150584 74
1694430705933 46.16758372975598 75
1694430705950 51.80599523010489 76
1694430705966 45.569289781980146 77
1694430705983 45.32103343053264 78
1694430706000 45.3961684340414 79
1694430706018 45.914056117834214 80
1694430706037 42.97171922962918 81
1694430706053 46.017121227944806 82
1694430706070 42.83454018692305 83
1694430706087 41.48850452834696 84
1694430706104 41.99913694781775 85
1694430706121 38.325354926685876 86
1694430706139 41.56283738058141 87
1694430706156 40.695019678063076 88
1694430706172 36.623320281976156 89
1694430706188 37.856597153518244 90
1694430706205 38.33463000024007 91
1694430706222 36.06346443509283 92
1694430706239 36.63207098548372 93
1694430706256 36.83872294137848 94
1694430706273 38.93918852716269 95
1694430706290 34.74737502838972 96
1694430706306 35.55889739437007 97
1694430706323 34.61474078246299 98
1694430706341 33.02649353368379 99
1694430706357 33.705618959963935 100
1694430706373 32.92833142566484 101
1694430706391 32.23134516380705 102
1694430706408 32.87813820809405 103
1694430706425 30.570597627742508 104
1694430706442 31.005959914005125 105
1694430706459 28.184875310713142 106
1694430706477 27.723252853313944 107
1694430706493 28.544353067969734 108
1694430706510 28.266389447430385 109
1694430706527 28.13624776827217 110
1694430706545 27.623746651972017 111
1694430706562 27.4836987287543 112
1694430706578 27.448629977614363 113
1694430706596 27.168224837390262 114
1694430706612 26.36741833091013 115
1694430706628 24.94100458685537 116
1694430706646 23.755401318782724 117
1694430706663 23.900038969218695 118
1694430706680 24.91192110437698 119
1694430706698 24.210117471126523 120
1694430706714 24.209196148941054 121
1694430706731 24.969864066248274 122
1694430706748 23.16150143171614 123
1694430706766 21.329722166193523 124
1694430706783 20.58182434129615 125
1694430706800 21.62882912754021 126
1694430706816 21.174158694410472 127
1694430706832 21.128990391417254 128
1694430706850 20.025392269361877 129
1694430706867 21.338903456272813 130
1694430706884 21.15808207141855 131
1694430706900 20.669726203949818 132
1694430706917 18.619882126344432 133
1694430706933 18.144273729287494 134
1694430706950 18.06590913622362 135
1694430706966 17.887568789712187 136
1694430706983 18.936520912718056 137
1694430707000 20.70537179243427 138
1694430707017 17.948215508331806 139
1694430707034 18.115492876518196 140
1694430707052 16.907034161306825 141
1694430707068 18.86466925803951 142
1694430707085 15.290122094168256 143
1694430707101 18.342905992250888 144
1694430707118 16.300465434454157 145
1694430707135 16.85568506933946 146
1694430707153 15.765391854125513 147
1694430707170 15.669881303088358 148
1694430707188 15.49293184595703 149
1694430707205 13.770352208852248 150
1694430707221 15.317308762436154 151
1694430707238 16.30599736657337 152
1694430707255 13.418005565316077 153
1694430707272 15.489827499976007 154
1694430707289 14.375739090805089 155
1694430707306 15.090919745824339 156
1694430707323 14.212498098467881 157
1694430707339 15.069804503968616 158
1694430707357 13.548174106952562 159
1694430707373 13.19118680723185 160
1694430707390 13.735714214223922 161
1694430707407 12.261653284575816 162
1694430707424 13.054601821286225 163
1694430707442 12.640492699918775 164
1694430707460 13.111819096072994 165
1694430707476 12.158411051577824 166
1694430707493 11.58332843509095 167
1694430707509 12.521730176598634 168
1694430707526 12.018064642237395 169
1694430707544 11.35729919305699 170
1694430707562 11.650627448840797 171
1694430707578 10.32758423799933 172
1694430707595 11.332275224032376 173
1694430707611 11.119728476604852 174
1694430707627 10.591138665124545 175
1694430707645 10.050066540458445 176
1694430707663 10.149669337834386 177
1694430707680 9.724538574393945 178
1694430707697 9.419539672459239 179
1694430707713 9.406108737864303 180
1694430707730 9.460295397249505 181
1694430707749 9.866117944924579 182
1694430707766 9.539760415360254 183
1694430707782 8.397391601491014 184
1694430707799 9.25967870364857 185
1694430707815 8.485674663227137 186
1694430707832 9.506832125825156 187
1694430707849 8.209559650576537 188
1694430707866 8.035710076684358 189
1694430707884 8.75053839826235 190
1694430707901 8.924305844212643 191
1694430707917 7.4416574456529405 192
1694430707934 8.31133775114137 193
1694430707952 8.065013936198786 194
1694430707969 7.982628188591712 195
1694430707986 7.6301866778432474 196
1694430708002 8.859255563887576 197
1694430708019 7.874481040155679 198
1694430708036 7.339949118058464 199
1694430708053 7.397800338340022 200
1694430708070 7.116331512074053 201
1694430708086 7.230630859942828 202
1694430708103 7.520336040418006 203
1694430708120 6.578177781294218 204
1694430708138 6.52119633746569 205
1694430708155 7.419336287129433 206
1694430708171 6.9755923770047294 207
1694430708188 7.039236698754417 208
1694430708205 6.6749574114732 209
1694430708222 7.0635858409807435 210
1694430708240 6.636098286891868 211
1694430708257 6.762282794017902 212
1694430708274 6.710061682167997 213
1694430708291 5.811053426523878 214
1694430708308 6.254596595480412 215
1694430708326 5.446050641080308 216
1694430708343 5.533758286294805 217
1694430708361 5.679422027271017 218
1694430708379 5.855865040528134 219
1694430708395 5.533450651562926 220
1694430708412 5.83184548701185 221
1694430708428 5.446843554642358 222
1694430708445 5.373195975415363 223
1694430708462 5.462158774154453 224
1694430708479 4.762969934462538 225
1694430708496 4.949782824850398 226
1694430708513 5.1677741274847255 227
1694430708529 5.37219102428078 228
1694430708546 4.694602439561054 229
1694430708563 5.425259981440109 230
1694430708579 5.424882291020277 231
1694430708596 5.125656764214092 232
1694430708613 4.84077310548791 233
1694430708630 4.245440049757898 234
1694430708647 4.800232762288096 235
1694430708665 5.089004162371412 236
1694430708682 5.007667128470943 237
1694430708698 4.327529768841932 238
1694430708714 4.702085914031028 239
1694430708731 3.766480465366453 240
1694430708748 4.043964617085946 241
1694430708765 4.355012739992253 242
1694430708781 4.1689163862474095 243
1694430708798 3.990861731219817 244
1694430708815 4.185258717115247 245
1694430708832 3.8722300951441144 246
1694430708848 4.159765557283686 247
1694430708866 4.029326697795241 248
1694430708884 3.522721959638932 249
1694430708904 3.7369504574648214 250
1694430708921 4.366331406172544 251
1694430708937 3.605523881433204 252
1694430708955 3.62230551566919 253
1694430708972 4.135955757198878 254
1694430708989 2.843903494552543 255
1694430709005 3.1807482997497245 256
1694430709022 3.397247625784391 257
1694430709039 3.47440486118603 258
1694430709056 3.2504348131184893 259
1694430709072 3.9017871543685643 260
1694430709090 3.070415549004179 261
1694430709107 3.1463952126552273 262
1694430709123 3.230951726689202 263
1694430709140 3.521735314251761 264
1694430709157 3.0808606611559624 265
1694430709174 3.204012299465649 266
1694430709191 2.603496914081227 267
1694430709206 2.7714861000085547 268
1694430709223 3.1593962932002446 269
1694430709240 3.428832793718248 270
1694430709256 2.922215193078982 271
1694430709273 2.9100185199786566 272
1694430709290 2.543614078540402 273
1694430709307 2.9183907063130206 274
1694430709324 2.361869479169607 275
1694430709340 3.1905038223703595 276
1694430709358 2.706417959228365 277
1694430709374 2.9081073104673325 278
1694430709392 2.464751400645851 279
1694430709409 2.5688332898223325 280
1694430709425 2.2041750196409775 281
1694430709443 2.6788779045706113 282
1694430709458 2.5964680024281437 283
1694430709476 2.5340362955119957 284
1694430709494 2.571691329709228 285
1694430709510 2.3466318188270767 286
1694430709528 3.0845723333289503 287
1694430709545 2.4510671315301975 288
1694430709562 2.0569368652156506 289
1694430709579 2.041148902705818 290
1694430709596 2.2510532736512037 291
1694430709613 2.485167264591844 292
1694430709629 2.653744220640237 293
1694430709646 2.171456913488975 294
1694430709664 2.4616024978285993 295
1694430709681 2.448678790985517 296
1694430709697 1.63955877355118 297
1694430709714 2.095833844806531 298
1694430709732 1.966685014894395 299
1694430709748 2.213378284561872 300
1694430709765 2.2563322292548675 301
1694430709782 2.5617275137882514 302
1694430709799 2.5182352754127884 303
1694430709816 2.1235672438793323 304
1694430709832 2.1590150900970335 305
1694430709849 1.674316278086639 306
1694430709866 2.173812035292294 307
1694430709884 1.8731892639624248 308
1694430709901 1.746209136608352 309
1694430709917 1.9683348786575985 310
1694430709934 1.9681663992897 311
1694430709950 1.6932686257215877 312
1694430709967 2.0221946815911656 313
1694430709984 1.50789477022196 314
1694430710001 2.4022013089899112 315
1694430710017 1.6404215059553144 316
1694430710035 1.510449624955499 317
1694430710051 1.6153621458740546 318
1694430710070 1.5887455666798258 319
1694430710088 1.9059529749999649 320
1694430710105 1.5076764007758194 321
1694430710122 1.8079875586254381 322
1694430710138 1.675092598108403 323
1694430710155 1.699966398080716 324
1694430710172 1.7093342463734498 325
1694430710190 1.5250996335257596 326
1694430710206 1.7699060307184253 327
1694430710223 1.4478353748079509 328
1694430710240 1.8753129896251353 329
1694430710256 1.3959785999244405 330
1694430710274 1.3456636481095836 331
1694430710290 1.6863029924221287 332
1694430710307 1.597011851938514 333
1694430710325 1.4535277182386432 334
1694430710341 1.533649569936289 335
1694430710359 1.1872641972209486 336
1694430710376 1.6426120696535855 337
1694430710394 1.4491772572414223 338
1694430710410 1.5800380818284894 339
1694430710427 1.382220660720598 340
1694430710444 1.0962500319797726 341
1694430710461 1.398275675084299 342
1694430710479 1.4202455881677263 343
1694430710497 1.487747685716371 344
1694430710513 1.2279172027102343 345
1694430710530 1.2560592732930456 346
1694430710546 1.6143252508826706 347
1694430710563 1.313726660700546 348
1694430710581 1.4165794103728604 349
1694430710598 1.3986550830343731 350
1694430710614 1.354667880911807 351
1694430710632 1.5987804504408554 352
1694430710648 1.4896721606997094 353
1694430710667 1.0143495462897463 354
1694430710685 1.1941080121459198 355
1694430710703 1.06053036628214 356
1694430710719 1.2116771182683073 357
1694430710736 1.403573907467074 358
1694430710752 1.1118815566664284 359
1694430710770 0.9409872118674898 360
1694430710788 1.3534050081218798 361
1694430710804 1.3147533895413879 362
1694430710821 1.1237577522692843 363
1694430710839 0.7754283427522923 364
1694430710855 0.9909543823349898 365
1694430710872 1.0909927768667513 366
1694430710890 1.111839981423961 367
1694430710907 1.149604064946372 368
1694430710923 1.0842734467805613 369
1694430710940 1.1690565798329653 370
1694430710957 1.384330927897049 371
1694430710975 1.3072141455274935 372
1694430710992 0.800704193012361 373
1694430711008 1.1001579260610226 374
1694430711026 1.0012164362955358 375
1694430711043 1.168614622763274 376
1694430711060 1.1345147506506057 377
1694430711077 1.121677199754945 378
1694430711095 0.8669105970413816 379
1694430711111 0.988344031588117 380
1694430711127 0.9880609419095453 381
1694430711146 1.2746003952267773 382
1694430711163 1.0022802551782573 383
1694430711181 0.9314494168686976 384
1694430711198 0.9139212098420189 385
1694430711214 0.6864032409709336 386
1694430711229 0.9567351598815831 387
1694430711247 0.843574980945886 388
1694430711266 0.718754215645211 389
1694430711284 1.0068174271155157 390
1694430711301 0.9664179286988832 391
1694430711318 1.0542728330595597 392
1694430711335 1.0180771474723278 393
1694430711353 0.9620981925962828 394
1694430711369 0.7276659870307004 395
1694430711386 0.7278900882957462 396
1694430711403 0.7944796225879225 397
1694430711421 0.8413450192492135 398
1694430711438 1.1426911143757628 399
1694430711454 1.29455482199101 400
1694430711471 1.0411973587148828 401
1694430711488 0.8660419684150563 402
1694430711504 0.7822631508452782 403
1694430711521 0.8071410610810699 404
1694430711538 0.6605673004661546 405
1694430711556 0.8365016778622676 406
1694430711573 0.8475294342813194 407
1694430711591 0.7563836506499915 408
1694430711607 0.8416659093792461 409
1694430711623 0.8815984215102457 410
1694430711640 0.6425796534742142 411
1694430711657 0.9274272836279787 412
1694430711673 0.8555738778327256 413
1694430711691 0.5504416277113264 414
1694430711707 0.5180256713838249 415
1694430711723 0.644573848368014 416
1694430711740 1.0506010072158105 417
1694430711756 0.7441595713666301 418
1694430711773 0.7565005341684191 419
1694430711790 1.0446615845886575 420
1694430711808 0.6227852500885179 421
1694430711824 0.52335396575714 422
1694430711841 0.6265491674089622 423
1694430711858 0.6091142939989028 424
1694430711876 0.507235232617395 425
1694430711894 0.7058294754757172 426
1694430711911 0.953223998167824 427
1694430711928 0.808256409478903 428
1694430711944 0.9258433440224076 429
1694430711960 0.62265292841329 430
1694430711978 0.7952898517878081 431
1694430711995 0.6778630967799498 432
1694430712011 1.0506883989932556 433
1694430712027 0.6793206140990465 434
1694430712045 0.576857136995389 435
1694430712061 0.6950875657435802 436
1694430712079 0.8063233618846697 437
1694430712096 0.46559259329031255 438
1694430712112 0.6305014321241614 439
1694430712128 0.5389698654886497 440
1694430712146 0.8710390300906109 441
1694430712161 0.6369296208833989 442
1694430712179 0.5905801541440071 443
1694430712196 0.7746263499493616 444
1694430712213 0.44029676515892824 445
1694430712229 0.5962737649107438 446
1694430712246 0.7347466983484365 447
1694430712262 0.6046922042438084 448
1694430712279 0.972006868058323 449
1694430712297 0.5790296462488597 450
1694430712314 0.6842041547240302 451
1694430712331 0.5032694319207839 452
1694430712348 0.8681534875097064 453
1694430712365 0.6821383694395221 454
1694430712381 0.7428737796071602 455
1694430712399 0.8406919434326227 456
1694430712414 0.7328505819140668 457
1694430712432 0.6014614911322703 458
1694430712450 0.4559755064366428 459
1694430712466 0.5877075797929796 460
1694430712485 0.6204999929629391 461
1694430712502 0.605611482972002 462
1694430712519 0.9196918089917133 463
1694430712536 0.5823831694602879 464
1694430712552 0.5815297547095785 465
1694430712568 0.5652828347363579 466
1694430712586 0.6041810124228872 467
1694430712603 0.5290643329090551 468
1694430712620 0.7022488916683027 469
1694430712636 0.5414551291421065 470
1694430712654 0.5094294178431719 471
1694430712670 0.45193112824627096 472
1694430712688 0.48182938183147644 473
1694430712705 0.5733787568202108 474
1694430712722 0.5761667373674395 475
1694430712739 0.5395277980464287 476
1694430712756 0.36849747096602453 477
1694430712772 0.5175688803247679 478
1694430712790 0.49526859948622654 479
1694430712807 0.477956446499626 480
1694430712823 0.5600530816368259 481
1694430712840 0.6303498393401018 482
1694430712857 0.48610066566899446 483
1694430712872 0.6844018563439296 484
1694430712889 0.6176797683118654 485
1694430712906 0.49224552546985245 486
1694430712923 0.572033148692905 487
1694430712940 0.3614655423021608 488
1694430712958 0.5651526917507157 489
1694430712975 0.5075158817123405 490
1694430712992 0.652545868048791 491
1694430713008 0.6591426344181238 492
1694430713025 0.3675935024543116 493
1694430713043 0.6654361146425561 494
1694430713060 0.6903077238864629 495
1694430713077 0.587894696264945 496
1694430713095 0.41911174037836396 497
1694430713112 0.41071514438105083 498
1694430713129 0.5680053788283895 499
