1694430733269 34.36911788629116 0
1694430733288 7.521090863709583 1
1694430733305 1.971706509122617 2
1694430733321 1.2673063159447675 3
1694430733339 0.48346802813667805 4
1694430733355 0.4897458928628475 5
1694430733373 0.4244988076678637 6
1694430733391 0.3739711572475018 7
1694430733408 0.4218304858886627 8
1694430733425 0.3111499236616832 9
1694430733443 0.2905018064253513 10
1694430733459 0.28127372783070653 11
1694430733474 0.28641856295480184 12
1694430733492 0.3401226051400625 13
1694430733508 0.1901970978492815 14
1694430733525 0.31569397981429337 15
1694430733542 0.25016303854990757 16
1694430733559 0.24037190891262214 17
1694430733575 0.2766977832140479 18
1694430733594 0.13387760791152342 19
1694430733610 0.24571545827730895 20
1694430733628 0.3359059229894438 21
1694430733648 0.37511271754677905 22
1694430733667 0.49330143686214395 23
1694430733685 0.5653457204517982 24
1694430733705 0.32258871009607887 25
1694430733724 0.20795561310901317 26
1694430733745 0.21018841316593856 27
1694430733766 0.33823212819181425 28
1694430733784 0.34988578465614634 29
1694430733804 0.24450353749040765 30
1694430733823 0.2825443289037352 31
1694430733841 0.3636440211950851 32
1694430733860 0.13048495208987468 33
1694430733879 0.28146225710458594 34
1694430733896 0.3281952676992795 35
1694430733912 0.31439055811535693 36
1694430733929 0.2666543399701361 37
1694430733948 0.1441884994689591 38
1694430733965 0.23279940829015786 39
1694430733983 0.2625481183201225 40
1694430734000 0.21552283386578314 41
1694430734016 0.4426476374687755 42
1694430734033 0.35256765668523976 43
1694430734049 0.311004302385445 44
1694430734067 0.30209461103762225 45
1694430734084 0.27876529275877177 46
1694430734101 0.31554030945879413 47
1694430734117 0.3015221990012047 48
1694430734134 0.31848753007699904 49
1694430734151 0.3473534388193817 50
1694430734169 0.22985661662057102 51
1694430734186 0.3374625686498068 52
1694430734203 0.28456990098194695 53
1694430734220 0.4466559640066205 54
1694430734237 0.24384661490603263 55
1694430734254 0.5156426035522956 56
1694430734269 0.253912414268508 57
1694430734287 0.23597189772508584 58
1694430734304 0.3626264677519508 59
1694430734320 0.25286739500307137 60
1694430734337 0.2726558628417018 61
1694430734354 0.3250326570089705 62
1694430734369 0.29660846070593755 63
1694430734388 0.3322044019310784 64
1694430734411 0.34636418213259734 65
1694430734435 0.2131614222699518 66
1694430734454 0.5567347650400024 67
1694430734470 0.3006441377342209 68
1694430734488 0.24863972486177846 69
1694430734506 0.39778484807650133 70
1694430734523 0.2573792935088969 71
1694430734539 0.4093630391687578 72
1694430734556 0.30919715776261725 73
1694430734572 0.2566102470808978 74
1694430734590 0.24486288583379173 75
1694430734607 0.4661237632938494 76
1694430734624 0.22449353101498817 77
1694430734641 0.15858663400138392 78
1694430734657 0.24475632635577918 79
1694430734675 0.43388347606424776 80
1694430734693 0.33843780573463844 81
1694430734712 0.47156513222360946 82
1694430734729 0.21521157911905275 83
1694430734747 0.21473613563941527 84
1694430734765 0.4343957067392405 85
1694430734782 0.23403659525873738 86
1694430734800 0.30596209947465763 87
1694430734817 0.2697023438293436 88
1694430734834 0.3772842773962478 89
1694430734851 0.18357510832183427 90
1694430734867 0.23427460342205353 91
1694430734885 0.4123926635868635 92
1694430734903 0.33800338391167717 93
1694430734919 0.3578992628526905 94
1694430734937 0.37816482364360526 95
1694430734954 0.3083288835988183 96
1694430734971 0.3515239868809506 97
1694430734987 0.18977261551830554 98
1694430735006 0.18784775225149722 99
1694430735022 0.3150338940423024 100
1694430735039 0.3169516545251104 101
1694430735056 0.22466578570255383 102
1694430735073 0.21027653159108387 103
1694430735090 0.39829553639270276 104
1694430735107 0.22614326533168264 105
1694430735125 0.3532004696001284 106
1694430735141 0.423458818739113 107
1694430735158 0.19051907724621855 108
1694430735175 0.26686113968584213 109
1694430735193 0.3229923556302361 110
1694430735210 0.2676704157190983 111
1694430735227 0.2729389000824178 112
1694430735244 0.49837542921842887 113
1694430735261 0.3320016802863542 114
1694430735278 0.2722247464898823 115
1694430735297 0.4156870830043546 116
1694430735313 0.4681197250190095 117
1694430735330 0.2640312984799472 118
1694430735347 0.3320752191279701 119
1694430735364 0.4281463652932147 120
1694430735379 0.3523593960499171 121
1694430735398 0.25208564592198923 122
1694430735414 0.2186392482884861 123
1694430735431 0.35107392747061505 124
1694430735448 0.35455093717401526 125
1694430735465 0.288778769873285 126
1694430735482 0.5681772929682606 127
1694430735501 0.257010614718133 128
1694430735520 0.26552922900656656 129
1694430735537 0.2952949925334469 130
1694430735553 0.2277368446241507 131
1694430735569 0.21776306776878934 132
1694430735586 0.23718700697888798 133
1694430735604 0.3395661844949073 134
1694430735621 0.6086489605437827 135
1694430735637 0.2964519248539924 136
1694430735655 0.3361619630941722 137
1694430735671 0.2585712746095547 138
1694430735688 0.3591317247410591 139
1694430735708 0.44127849323215834 140
1694430735726 0.5673869775186946 141
1694430735747 0.31774063796630914 142
1694430735763 0.2642798953185392 143
1694430735781 0.39663610904659186 144
1694430735797 0.4259629196635755 145
1694430735818 0.21341449285566275 146
1694430735836 0.4187773284501679 147
1694430735853 0.2513301619534486 148
1694430735869 0.26681031707246144 149
1694430735886 0.36479623089221425 150
1694430735904 0.24591565407779584 151
1694430735921 0.20509394738452433 152
1694430735938 0.36562878141773825 153
1694430735955 0.33144225338311867 154
1694430735972 0.21371835289739413 155
1694430735989 0.33707699135567115 156
1694430736007 0.36909220157536593 157
1694430736024 0.20781296277477185 158
1694430736040 0.22896524866512172 159
1694430736057 0.2989752255243842 160
1694430736073 0.25193972871426135 161
1694430736091 0.2879892953632869 162
1694430736108 0.3040433827845876 163
1694430736125 0.3115517481387178 164
1694430736143 0.2795665895994312 165
1694430736160 0.2646778907996416 166
1694430736176 0.4039703829669127 167
1694430736193 0.3613290765562081 168
1694430736210 0.2801535546550472 169
1694430736226 0.44229269231774104 170
1694430736245 0.24039304057718477 171
1694430736262 0.33022546350187987 172
1694430736278 0.30846664274448876 173
1694430736295 0.37204794205879843 174
1694430736312 0.2465290623512286 175
1694430736328 0.3455459216119062 176
1694430736346 0.3413434510940815 177
1694430736366 0.33459759943343464 178
1694430736382 0.2704564761332282 179
1694430736400 0.369194017786124 180
1694430736416 0.29273131259344387 181
1694430736433 0.3173273645162438 182
1694430736450 0.27648654567796405 183
1694430736467 0.31358363768615327 184
1694430736483 0.5273309431161877 185
1694430736500 0.3822397719496662 186
1694430736518 0.2185070349776887 187
1694430736536 0.3635590854973521 188
1694430736552 0.36206746340395973 189
1694430736568 0.32024382510504934 190
1694430736584 0.191324847425929 191
1694430736601 0.39741968884738454 192
1694430736618 0.2687120640000888 193
1694430736636 0.18165191638786607 194
1694430736652 0.3594395002427978 195
1694430736669 0.38567474448831407 196
1694430736687 0.29822223578281515 197
1694430736704 0.24691589385449095 198
1694430736722 0.11847999527410043 199
1694430736738 0.4715157757344858 200
1694430736755 0.3444095424372791 201
1694430736772 0.269300208146351 202
1694430736789 0.5490216584390356 203
1694430736806 0.23657380966724234 204
1694430736824 0.37044541396438324 205
1694430736840 0.28887430807326225 206
1694430736858 0.2535308187312871 207
1694430736874 0.3522289321795613 208
1694430736891 0.30021825155023485 209
1694430736908 0.25919773461673845 210
1694430736926 0.4443835471673695 211
1694430736944 0.19856772315751042 212
1694430736961 0.30031102861894354 213
1694430736979 0.2840108746254875 214
1694430736995 0.3104169069649673 215
1694430737011 0.31881642118120557 216
1694430737029 0.32210269114312473 217
1694430737045 0.2645332125487295 218
1694430737063 0.26750787957465405 219
1694430737081 0.3588200228665954 220
1694430737097 0.25048793665843155 221
1694430737114 0.47975721385716286 222
1694430737132 0.20508463530932855 223
1694430737148 0.2492901856588014 224
1694430737164 0.36448822245277696 225
1694430737181 0.3466510847802528 226
1694430737199 0.1737607405648394 227
1694430737215 0.27103396999818086 228
1694430737233 0.30436974794952654 229
1694430737250 0.4011592174553392 230
1694430737266 0.2789224905791212 231
1694430737283 0.2229384984481027 232
1694430737300 0.18264864512545037 233
1694430737317 0.20771671018980917 234
1694430737334 0.3084553262663833 235
1694430737350 0.43192447362017194 236
1694430737367 0.41752014440682556 237
1694430737383 0.27353670344010234 238
1694430737401 0.25791994630567305 239
1694430737417 0.20434730853751049 240
1694430737434 0.18318321392398898 241
1694430737451 0.18308505247785006 242
1694430737468 0.4918485638753657 243
1694430737486 0.25253706700624046 244
1694430737503 0.5393973678839015 245
1694430737521 0.2889243418334982 246
1694430737540 0.14923445182958386 247
1694430737558 0.3129665122689177 248
1694430737574 0.3024926941694757 249
1694430737591 0.2668027179800475 250
1694430737608 0.3070742954582527 251
1694430737625 0.20496899477712222 252
1694430737642 0.3033158959033274 253
1694430737659 0.4412811843760787 254
1694430737676 0.25198053983897756 255
1694430737692 0.1699621643577424 256
1694430737709 0.253325512674453 257
1694430737727 0.24712476142079184 258
1694430737744 0.33516734548297444 259
1694430737760 0.21918251805849762 260
1694430737777 0.3268715799040134 261
1694430737794 0.4177158862010093 262
1694430737810 0.21845513365564834 263
1694430737827 0.31953175584370047 264
1694430737844 0.28609862705030403 265
1694430737861 0.27170978748255353 266
1694430737877 0.308986298838615 267
1694430737895 0.3295244535626976 268
1694430737911 0.23355641129447058 269
1694430737928 0.18221147969866885 270
1694430737945 0.3715499094017815 271
1694430737962 0.3758033047862677 272
1694430737979 0.2592001867184331 273
1694430737996 0.2545152805195985 274
1694430738013 0.25734118077153734 275
1694430738031 0.2038665190598086 276
1694430738047 0.27030877187665237 277
1694430738065 0.3632039410745378 278
1694430738081 0.30984542674190063 279
1694430738098 0.2681752731088817 280
1694430738115 0.3757261951935219 281
1694430738133 0.30819059920344477 282
1694430738149 0.4585924168787459 283
1694430738166 0.257210052772591 284
1694430738182 0.24113950846400284 285
1694430738199 0.2448927293862779 286
1694430738215 0.2644738261555854 287
1694430738233 0.18516884923797722 288
1694430738250 0.461596997643441 289
1694430738267 0.28644632958519683 290
1694430738284 0.241848662709552 291
1694430738300 0.1951187727584928 292
1694430738317 0.3282457220348272 293
1694430738334 0.3572928764399325 294
1694430738350 0.2620085060317763 295
1694430738367 0.39960434447420795 296
1694430738384 0.2670253213899043 297
1694430738401 0.28973805118919455 298
1694430738417 0.41606966811042007 299
1694430738435 0.43705973164197465 300
1694430738452 0.2932873266150641 301
1694430738469 0.39402282756902834 302
1694430738485 0.3573695421378253 303
1694430738502 0.32786129037053374 304
1694430738519 0.2968270824812855 305
1694430738537 0.3374157914442942 306
1694430738553 0.3371686749858767 307
1694430738570 0.3685659726525375 308
1694430738587 0.43170303211387306 309
1694430738604 0.16086462702988677 310
1694430738620 0.36780178652950096 311
1694430738639 0.2397964510075632 312
1694430738657 0.2328957201884661 313
1694430738673 0.22061731713205943 314
1694430738691 0.43695535315986855 315
1694430738708 0.3875111197072065 316
1694430738726 0.25606095246645033 317
1694430738744 0.24457601490536726 318
1694430738760 0.4038034594346886 319
1694430738777 0.36845421049369026 320
1694430738794 0.3092233999782688 321
1694430738809 0.2529194038669379 322
1694430738827 0.4205397242775296 323
1694430738844 0.3474690755834864 324
1694430738861 0.4423587010344945 325
1694430738877 0.2034289190574788 326
1694430738895 0.30658223416579905 327
1694430738911 0.2767426765684479 328
1694430738929 0.3086232125470604 329
1694430738946 0.3189092978178082 330
1694430738962 0.2605088124394483 331
1694430738979 0.28951737719584203 332
1694430738996 0.42833770333903204 333
1694430739012 0.296358608249689 334
1694430739028 0.3313855181710416 335
1694430739046 0.19812860454785697 336
1694430739063 0.5141334274041416 337
1694430739080 0.2656979590552252 338
1694430739097 0.2983894119479542 339
1694430739114 0.24194093643887313 340
1694430739131 0.3558158478382039 341
1694430739148 0.2986953266399386 342
1694430739165 0.2739839568639758 343
1694430739181 0.27057622649415863 344
1694430739198 0.27908140159194594 345
1694430739215 0.23999618421309196 346
1694430739231 0.25229681702514617 347
1694430739248 0.2561667460285945 348
1694430739265 0.24786565164557356 349
1694430739283 0.3959662831267788 350
1694430739300 0.26450667556920576 351
1694430739318 0.33471599863013946 352
1694430739335 0.28949156043816754 353
1694430739351 0.16552361975172522 354
1694430739368 0.26466390663281003 355
1694430739385 0.34596467348951565 356
1694430739402 0.33328010565077476 357
1694430739418 0.34650131578105386 358
1694430739435 0.22577258388692872 359
1694430739453 0.2865626752378284 360
1694430739469 0.35673081156980463 361
1694430739486 0.3409603471325234 362
1694430739504 0.2891006789598395 363
1694430739521 0.42627717709093077 364
1694430739539 0.18731317211549184 365
1694430739555 0.22504986013888775 366
1694430739572 0.2562739148202517 367
1694430739589 0.40619546783722893 368
1694430739606 0.28842133120426433 369
1694430739623 0.16944192012508294 370
1694430739639 0.21719604687022936 371
1694430739656 0.39231592634207857 372
1694430739673 0.19996959537291345 373
1694430739691 0.35769145524826224 374
1694430739707 0.24359465165901434 375
1694430739724 0.26835113850828946 376
1694430739741 0.18387947373776536 377
1694430739757 0.3195679320051404 378
1694430739774 0.15690690208814048 379
1694430739792 0.17396327906137699 380
1694430739808 0.2710993209837285 381
1694430739825 0.24749392470807438 382
1694430739842 0.3988539949352635 383
1694430739860 0.3178767623478077 384
1694430739878 0.3267506316140074 385
1694430739896 0.33025270102282456 386
1694430739913 0.2997753151273362 387
1694430739929 0.22725893992185447 388
1694430739946 0.26554501891462 389
1694430739962 0.15918809982367307 390
1694430739980 0.27452122725693 391
1694430739997 0.19995736433620825 392
1694430740014 0.18018363838872592 393
1694430740030 0.3071943839368732 394
1694430740047 0.22221847860793842 395
1694430740064 0.39201055374650196 396
1694430740080 0.2340974851212314 397
1694430740097 0.2154825313822785 398
1694430740113 0.27837933905367146 399
1694430740131 0.47047235387455205 400
1694430740148 0.2767610196191146 401
1694430740165 0.33627132040390245 402
1694430740182 0.18841642322287092 403
1694430740199 0.28661814518966355 404
1694430740216 0.2263874924072984 405
1694430740233 0.2661302203746773 406
1694430740251 0.16418459784479267 407
1694430740267 0.36639213334390724 408
1694430740285 0.47246127459571957 409
1694430740302 0.4269170557559455 410
1694430740318 0.38359407578563853 411
1694430740335 0.2118330760111326 412
1694430740351 0.29194078701302234 413
1694430740368 0.2716283056757673 414
1694430740385 0.29605647938722657 415
1694430740401 0.21232940104280673 416
1694430740418 0.25300965849726514 417
1694430740434 0.3753259001588297 418
1694430740452 0.32864629635908393 419
1694430740468 0.3351569325408098 420
1694430740486 0.4411563369330212 421
1694430740503 0.351927301323534 422
1694430740519 0.36430172836530833 423
1694430740537 0.3680145928553709 424
1694430740554 0.38350444425853214 425
1694430740571 0.5523735074372109 426
1694430740588 0.35053156736314717 427
1694430740605 0.26458751178691814 428
1694430740622 0.41119467451690633 429
1694430740638 0.5303931214165669 430
1694430740656 0.36244198336553296 431
1694430740673 0.38151598359105227 432
1694430740690 0.23348376266809687 433
1694430740705 0.29704810815563576 434
1694430740722 0.35021116340155134 435
1694430740740 0.16793208375267138 436
1694430740758 0.40761600605802534 437
1694430740774 0.396707490589166 438
1694430740790 0.5560350090192722 439
1694430740807 0.2608198010537341 440
1694430740823 0.3653500575963185 441
1694430740840 0.2337792338414252 442
1694430740858 0.33843345566314237 443
1694430740874 0.4061271615099349 444
1694430740891 0.3902923115685372 445
1694430740908 0.21445896482712606 446
1694430740925 0.2683128422282442 447
1694430740941 0.2723133783547724 448
1694430740959 0.19761654512358137 449
1694430740975 0.33149112920115614 450
1694430740992 0.29122901924667693 451
1694430741008 0.25528288998559 452
1694430741025 0.33093906480274177 453
1694430741042 0.2867461713628137 454
1694430741060 0.31000016523044127 455
1694430741078 0.15088463074346845 456
1694430741095 0.37959909935325603 457
1694430741112 0.3274009117274715 458
1694430741128 0.28306719610218195 459
1694430741146 0.30841041198674285 460
1694430741162 0.28690334175689985 461
1694430741179 0.2867837136194628 462
1694430741196 0.18001250546095532 463
1694430741211 0.23355833823957567 464
1694430741228 0.27544493033872597 465
1694430741245 0.38441614259871537 466
1694430741262 0.30799488707117634 467
1694430741279 0.18422633016452053 468
1694430741296 0.4022574632392915 469
1694430741312 0.2515710460164909 470
1694430741329 0.18844892970956847 471
1694430741345 0.30977624602636133 472
1694430741363 0.23075865789033626 473
1694430741379 0.28854697889272224 474
1694430741397 0.2701645842442943 475
1694430741413 0.30116358351144645 476
1694430741430 0.24285729062681263 477
1694430741447 0.45632542414998073 478
1694430741465 0.23105042009496984 479
1694430741481 0.26866211848534155 480
1694430741499 0.31729718276711827 481
1694430741515 0.3238293022216973 482
1694430741532 0.2256306459215151 483
1694430741549 0.2850264430050142 484
1694430741566 0.2699208540877461 485
1694430741583 0.2775144549824703 486
1694430741600 0.37813362751260005 487
1694430741616 0.19964890027056306 488
1694430741633 0.3136482097572922 489
1694430741651 0.26741388923259085 490
1694430741668 0.22671206380670497 491
1694430741687 0.31943452244286996 492
1694430741703 0.23901689008646482 493
1694430741721 0.4021570076946904 494
1694430741738 0.17143262784276989 495
1694430741755 0.3141411284811534 496
1694430741771 0.284105827993078 497
1694430741789 0.3397878586875628 498
1694430741806 0.23669456884902645 499
