1694429861507 99.24442763219915 0
1694429861575 45.74516398391523 1
1694429861642 20.390741651851762 2
1694429861708 16.26098454006413 3
1694429861775 8.6748059341966 4
1694429861840 5.009511674477389 5
1694429861908 4.861811335347825 6
1694429861974 1.0025716716303155 7
1694429862039 1.3273868490884506 8
1694429862105 0.3402150667651903 9
1694429862172 0.44270595781361427 10
1694429862237 0.6980859239655567 11
1694429862306 0.1478121648591632 12
1694429862383 0.43655217061791524 13
1694429862452 0.07864081712436387 14
1694429862532 0.2734927599934198 15
1694429862601 0.12322484184333438 16
1694429862668 0.35012344494420605 17
1694429862735 0.05426756359721045 18
1694429862800 0.1874702197372412 19
1694429862867 0.021841875805253628 20
1694429862935 0.485003244980088 21
1694429863001 0.23108261686917628 22
1694429863067 0.12107159088257329 23
1694429863133 0.5091873368142671 24
1694429863199 0.06850797109675826 25
1694429863265 0.47191497103578744 26
1694429863331 0.47136114266117113 27
1694429863398 0.334108184357342 28
1694429863464 0.24222715849809007 29
1694429863530 0.56447588279281 30
1694429863597 0.35350568533066506 31
1694429863664 0.038645735388127364 32
1694429863731 0.09111479368639695 33
1694429863796 0.24402138871875187 34
1694429863862 0.5003776219005319 35
1694429863929 0.20705098447278325 36
1694429863996 0.002028140283442923 37
1694429864062 0.4342141374588217 38
1694429864129 0.16904838617533555 39
1694429864194 0.5690891943583654 40
1694429864259 0.1515462919721573 41
1694429864325 0.45449316793311273 42
1694429864391 0.23689230601380357 43
1694429864457 0.5701376430878055 44
1694429864523 0.012708761404479782 45
1694429864589 0.3016064403999698 46
1694429864655 0.48454630750602823 47
1694429864721 0.002357465037571679 48
1694429864788 0.34260406620274475 49
1694429864854 0.10021631760819646 50
1694429864919 0.8401898462634951 51
1694429864987 0.1651214121135014 52
1694429865052 0.07295683310627944 53
1694429865119 0.28691438372755335 54
1694429865185 1.028892520188976 55
1694429865251 0.16528080565276862 56
1694429865318 0.47458326407839085 57
1694429865384 0.35019290836167805 58
1694429865449 0.23669703536299833 59
1694429865515 0.09788821385669703 60
1694429865580 0.3351843554515947 61
1694429865646 0.8405091448030805 62
1694429865712 0.22469767483681438 63
1694429865776 0.0688633672989981 64
1694429865843 0.005729693708552972 65
1694429865908 0.09079724762592692 66
1694429865976 0.22114640868201899 67
1694429866041 0.264456456828901 68
1694429866108 0.01488371662763195 69
1694429866173 0.21008402613441268 70
1694429866238 0.19144157590546063 71
1694429866304 0.09706432575565083 72
1694429866369 0.15595302340131734 73
1694429866436 0.35319836838896257 74
1694429866502 0.36288704175330805 75
1694429866569 0.1352747576919615 76
1694429866635 0.0031482446384957013 77
1694429866700 0.7235995498809206 78
1694429866766 0.17253527451025308 79
1694429866832 0.3115058794003511 80
1694429866898 0.00014578921285589733 81
1694429866965 0.1236596805498175 82
1694429867031 0.3459096551559329 83
1694429867096 0.3147674938166384 84
1694429867163 2.8188749656751586 85
1694429867228 0.2892738081215123 86
1694429867293 0.3349586375141349 87
1694429867359 0.47048361084521895 88
1694429867424 0.2073636635841769 89
1694429867489 0.37120827198975176 90
1694429867554 0.3687779019359101 91
1694429867620 3.09774619498603e-05 92
1694429867686 0.5103961767022053 93
1694429867751 0.024793498670926613 94
1694429867818 0.8704906844503476 95
1694429867883 0.25060191235830603 96
1694429867950 0.014441333041106884 97
1694429868016 0.6863815899254606 98
1694429868081 0.12049352290158102 99
1694429868147 0.3487656854813428 100
1694429868212 0.0072709016892075805 101
1694429868279 0.2632139826711801 102
1694429868344 0.33112299413842505 103
1694429868409 0.0055862564038752765 104
1694429868476 0.9725752146451914 105
1694429868541 0.05285008874783139 106
1694429868608 0.5372880609464228 107
1694429868673 0.3282041700379236 108
1694429868739 0.213636713721945 109
1694429868806 0.06748497202480803 110
1694429868872 0.11316337033851966 111
1694429868940 0.5239058282670972 112
1694429869013 0.35010922746423556 113
1694429869084 0.9437223165783585 114
1694429869150 0.059404240272497986 115
1694429869216 0.10857244258474257 116
1694429869282 0.031096943577602534 117
1694429869347 0.033361880913903935 118
1694429869414 0.34414922205958964 119
1694429869480 0.025082390231186514 120
1694429869547 0.011788302318977775 121
1694429869612 1.3197428477902198 122
1694429869677 0.0632691639092092 123
1694429869744 0.07698960513105002 124
1694429869808 0.5088963688051958 125
1694429869873 0.5000755307521179 126
1694429869940 0.2868097177322681 127
1694429870006 0.11751812898663504 128
1694429870071 0.6392370632007113 129
1694429870136 0.41220621751476266 130
1694429870202 0.08044578054262812 131
1694429870268 0.04157647584134144 132
1694429870333 0.040721125654928636 133
1694429870399 0.29254185320818615 134
1694429870466 0.09107094758330986 135
1694429870532 0.24740128573294112 136
1694429870599 0.5322576403011489 137
1694429870664 0.001201234255846969 138
1694429870730 0.21574160023532848 139
1694429870795 0.05408059489601988 140
1694429870862 0.18450255433771015 141
1694429870928 0.6838746339112075 142
1694429870995 0.5079800597791131 143
1694429871059 0.1627343624259498 144
1694429871125 0.4406608194349454 145
1694429871190 0.2583958451327618 146
1694429871256 0.05035011220131743 147
1694429871322 0.016607717107527138 148
1694429871388 0.09810769514560286 149
1694429871454 0.24961089634299602 150
1694429871519 0.17920333827543006 151
1694429871585 0.13675546538543307 152
1694429871652 0.055522189730065785 153
1694429871717 0.07446088116476217 154
1694429871783 0.2484647249547545 155
1694429871849 1.322367845355035 156
1694429871914 0.28778524972889535 157
1694429871981 0.39381400266607586 158
1694429872048 0.2790029510286711 159
1694429872114 0.23630908867157255 160
1694429872179 0.7053394502369476 161
1694429872246 0.11500483466402875 162
1694429872311 0.2666278505675634 163
1694429872376 0.03689538627996972 164
1694429872443 0.08155456485645451 165
1694429872508 0.45824795563621035 166
1694429872574 0.00021114656323488056 167
1694429872650 0.13318811365830857 168
1694429872716 0.08180386085890824 169
1694429872782 0.08270261066574243 170
1694429872849 0.19006144766956667 171
1694429872915 0.09335175348230376 172
1694429872980 0.0027173754652567907 173
1694429873046 0.005303384024690172 174
1694429873113 0.15349135126327357 175
1694429873178 1.2263215010047623 176
1694429873243 0.9929451659899806 177
1694429873309 0.05952836994422939 178
1694429873375 0.10759681515783388 179
1694429873440 0.17851036194911102 180
1694429873506 0.3880069344238891 181
1694429873572 0.46137841481182046 182
1694429873638 0.050602660138493655 183
1694429873705 0.04406157481783164 184
1694429873770 0.3698844765895617 185
1694429873837 0.12740452691370205 186
1694429873903 0.24277417979670024 187
1694429873969 0.36604011095907685 188
1694429874035 0.2865722383828351 189
1694429874101 0.1520579402163871 190
1694429874168 0.00015300451358603724 191
1694429874234 0.13962545565905962 192
1694429874299 0.31915468884558357 193
1694429874365 0.17144511749663457 194
1694429874431 1.0716993702272855 195
1694429874496 0.030309820754350694 196
1694429874562 1.1644070611633865 197
1694429874628 0.19806203447705614 198
1694429874694 0.5254075242819041 199
1694429874760 1.2699436805952153 200
1694429874825 0.17789326006134262 201
1694429874891 0.10570195235647332 202
1694429874957 0.06740832488047482 203
1694429875024 0.2160066684187254 204
1694429875090 0.7662578969034105 205
1694429875156 0.1267974541249407 206
1694429875222 0.014245829977277486 207
1694429875288 0.10465754723168962 208
1694429875353 0.3035690157074893 209
1694429875419 0.502090146444055 210
1694429875486 0.20108583741088482 211
1694429875552 0.6544641818966616 212
1694429875619 0.0035778375653917993 213
1694429875685 0.808734621292971 214
1694429875751 0.35342587036867984 215
1694429875817 0.32351288219980834 216
1694429875883 0.7553367890963079 217
1694429875950 1.2280023230132666 218
1694429876016 0.1617873397178541 219
1694429876082 0.28630601940452277 220
1694429876148 0.5371356649470197 221
1694429876215 0.7215372452510262 222
1694429876281 0.01155867113389989 223
1694429876349 0.010904386939641188 224
1694429876415 0.29020666680997015 225
1694429876481 0.5191077202458576 226
1694429876547 0.10307647789896984 227
1694429876613 0.027170860083198762 228
1694429876679 0.6308559192132828 229
1694429876745 0.11902467939260356 230
1694429876811 0.11295588033544321 231
1694429876878 0.1386626126076442 232
1694429876943 0.041372060930029625 233
1694429877010 0.05311699298039313 234
1694429877076 0.32870632583942566 235
1694429877141 0.7819044870773516 236
1694429877208 0.37385497116964167 237
1694429877274 0.2607619454710811 238
1694429877341 0.4384404430091426 239
1694429877407 0.07305256520199985 240
1694429877473 0.08601422635358669 241
1694429877539 0.713111475419173 242
1694429877606 0.5615431378202425 243
1694429877671 0.15134428805120453 244
1694429877736 0.47873131588474005 245
1694429877802 0.030877482359699164 246
1694429877867 0.041247856726057894 247
1694429877934 0.26465805975840373 248
1694429878000 1.0228495201327896 249
1694429878067 0.6251600737743135 250
1694429878133 0.3702995267856283 251
1694429878199 0.19889449681690985 252
1694429878265 0.02317821637858817 253
1694429878332 0.008446903349564851 254
1694429878398 0.2583423542860142 255
1694429878464 0.48808314038471345 256
1694429878530 0.07601988198756585 257
1694429878596 0.31362039578436585 258
1694429878662 0.11478798521567374 259
1694429878728 0.17483727066586208 260
1694429878794 0.3324261872807659 261
1694429878860 0.4794187011412026 262
1694429878926 0.36836281094533935 263
1694429878992 0.8086097083308452 264
1694429879058 0.31798367285740464 265
1694429879124 0.09031822072725273 266
1694429879188 0.5863932254701966 267
1694429879254 0.6864801812381145 268
1694429879320 0.6323511171228492 269
1694429879386 0.393793832101842 270
1694429879453 0.08493506640669132 271
1694429879519 0.3528374249838593 272
1694429879585 0.18653902357351868 273
1694429879651 0.2370612795988308 274
1694429879717 3.37911243575014e-05 275
1694429879782 0.08394132181970433 276
1694429879848 0.2654843233383536 277
1694429879914 0.6895612478441178 278
1694429879980 0.8581988477177737 279
1694429880046 0.3060059627125437 280
1694429880111 0.35497936854877576 281
1694429880177 0.0010687740267149221 282
1694429880244 0.07316728205259347 283
1694429880310 0.13568884341278603 284
1694429880376 0.0997294315755738 285
1694429880442 0.05766068091599766 286
1694429880508 0.05249194962084489 287
1694429880573 0.6842808320177248 288
1694429880640 0.030178994795109902 289
1694429880705 0.18439117285954432 290
1694429880771 3.6533121452194314e-05 291
1694429880838 0.29734483587792276 292
1694429880904 0.4263046687285924 293
1694429880970 0.24089431761482671 294
1694429881036 0.05108606899800619 295
1694429881102 0.15503596137603903 296
1694429881167 0.2107039748491846 297
1694429881233 0.07642439263537949 298
1694429881299 0.011922615174608646 299
1694429881364 0.8691435784304063 300
1694429881432 0.5244527550100141 301
1694429881498 0.13349344743784258 302
1694429881564 0.09384874072301029 303
1694429881630 0.661247850227573 304
1694429881696 0.038464282896379286 305
1694429881762 0.5916698831823911 306
1694429881828 0.005012861452449051 307
1694429881895 0.3329343746582491 308
1694429881961 0.19897440584483994 309
1694429882027 0.02150281476058654 310
1694429882092 0.2458096108940528 311
1694429882159 0.34066521795816795 312
1694429882224 0.35075863897143367 313
1694429882290 0.9085021147610208 314
1694429882357 0.07007063037740564 315
1694429882422 0.012400889394597707 316
1694429882488 0.1816819107938741 317
1694429882554 0.259822960467007 318
1694429882619 0.009295264071162915 319
1694429882686 0.0049262314631552595 320
1694429882752 0.6276150612638606 321
1694429882818 0.6311880544780308 322
1694429882885 0.16096044569434603 323
1694429882951 0.5697991030787404 324
1694429883016 0.06748253925845425 325
1694429883081 0.20705837936245944 326
1694429883149 1.652937970881084 327
1694429883214 1.228057245881403 328
1694429883280 0.37832029407390044 329
1694429883345 0.015475822750510243 330
1694429883412 0.009878993609885804 331
1694429883477 0.43161186411452573 332
1694429883544 0.3517221794870118 333
1694429883609 4.060972461512759e-05 334
1694429883675 0.46155817643150365 335
1694429883740 0.00397438874681673 336
1694429883806 0.005645268318603503 337
1694429883871 0.13652862126156548 338
1694429883937 0.4459044376115933 339
1694429884004 0.08515543260622803 340
1694429884071 0.13394062381803334 341
1694429884138 0.17641235444081313 342
1694429884202 0.28971195229534047 343
1694429884269 0.9049813046130997 344
1694429884335 0.24592661788743586 345
1694429884401 0.2376220126524672 346
1694429884468 0.13638173527383926 347
1694429884532 0.003966188248445273 348
1694429884598 0.4482873201259576 349
1694429884664 0.10845390983782982 350
1694429884731 0.24736312788037068 351
1694429884796 0.0014350164399127077 352
1694429884862 0.2877726890577696 353
1694429884929 0.13615727752001305 354
1694429884994 0.061092447869224374 355
1694429885061 0.008951956480771264 356
1694429885127 0.004849797591150871 357
1694429885193 0.3702863750125339 358
1694429885258 0.09283667949036467 359
1694429885325 0.001573460559936854 360
1694429885391 0.033827733375663936 361
1694429885457 0.017920228540443513 362
1694429885525 0.0037095894999634076 363
1694429885596 0.3253709808701953 364
1694429885663 0.4515417106973789 365
1694429885729 0.050856468981769945 366
1694429885794 0.6858480364727737 367
1694429885861 0.5705168278181729 368
1694429885927 0.15455156684617666 369
1694429885994 0.15738890348949483 370
1694429886060 0.4639471387027289 371
1694429886126 0.5805092493839029 372
1694429886192 0.6143551751326501 373
1694429886258 0.043784962914862564 374
1694429886323 0.3437989132442348 375
1694429886389 0.04070746113007943 376
1694429886455 0.30371413636426564 377
1694429886521 0.0383424952664451 378
1694429886588 0.04766899216587673 379
1694429886654 0.006173876683252717 380
1694429886720 0.0034885926038960586 381
1694429886786 0.10906081050102848 382
1694429886854 0.254760713578064 383
1694429886920 0.03390509373948611 384
1694429886985 0.05232980464750611 385
1694429887051 0.28356965088563596 386
1694429887117 0.4678385265622175 387
1694429887185 0.8133167336498405 388
1694429887251 0.7116718478868721 389
1694429887316 1.0351744815793076 390
1694429887384 0.4186894135118056 391
1694429887450 0.10077877291670165 392
1694429887516 0.24082480159851063 393
1694429887581 0.9737313995604472 394
1694429887647 0.3305149698165317 395
1694429887713 0.0017397602597749933 396
1694429887779 0.22743427502198305 397
1694429887845 0.014079889808715423 398
1694429887911 0.006322207755255754 399
1694429887977 0.4851102377329462 400
1694429888043 0.00042174159138122914 401
1694429888109 0.2476285521435341 402
1694429888175 0.0006027546774681949 403
1694429888242 0.07295025212748288 404
1694429888308 0.1611591299027347 405
1694429888374 0.07559002833372191 406
1694429888439 0.07611231508751544 407
1694429888506 0.1443645761994694 408
1694429888571 0.813741460323802 409
1694429888637 0.020209543000212993 410
1694429888703 0.053648532041815404 411
1694429888769 0.36569528360098347 412
1694429888835 0.10435779061341788 413
1694429888901 0.028836323035518384 414
1694429888967 0.5862602897529863 415
1694429889033 6.067578399632601 416
1694429889100 0.17454810867123746 417
1694429889165 0.43218851038928296 418
1694429889234 0.35221358293432486 419
1694429889300 1.1011840011325456 420
1694429889366 0.6782742901108915 421
1694429889432 0.2828577166236403 422
1694429889498 0.2884694039780599 423
1694429889565 0.14164103345369175 424
1694429889630 0.6751594728492035 425
1694429889695 0.32452709577269684 426
1694429889761 0.23800753858918572 427
1694429889828 0.030367769650577185 428
1694429889893 0.17271938358517439 429
1694429889959 0.716189802942566 430
1694429890026 0.9191514391191562 431
1694429890091 0.007295471863240919 432
1694429890157 0.12432219785614049 433
1694429890224 0.025756625358700463 434
1694429890289 0.2580744746542852 435
1694429890356 0.15658280066493488 436
1694429890422 0.12908922046313928 437
1694429890488 0.4838821743687479 438
1694429890554 1.199735057299512 439
1694429890621 0.5662356595625323 440
1694429890686 0.25738261380456917 441
1694429890753 0.21820990923714034 442
1694429890819 0.0023108344061935353 443
1694429890884 0.026227737597478963 444
1694429890951 0.7342684761989146 445
1694429891016 0.01881051872721665 446
1694429891082 0.011912456730036294 447
1694429891148 0.8164076522827337 448
1694429891214 0.834927403904411 449
1694429891279 0.16929080547166644 450
1694429891346 0.06498389503124383 451
1694429891411 1.281541843199036 452
1694429891477 0.17679840944431724 453
1694429891543 0.3196887582027497 454
1694429891611 0.23524381442508435 455
1694429891676 0.3314344287368735 456
1694429891742 0.39433599851044876 457
1694429891808 0.32002697787544293 458
1694429891873 1.2802959824169045 459
1694429891940 0.15887787616276144 460
1694429892007 0.7086111505762938 461
1694429892072 0.8558802967835372 462
1694429892138 0.5435358983616528 463
1694429892204 0.22006395155513625 464
1694429892270 0.4192269172181617 465
1694429892336 0.35319726207349633 466
1694429892402 0.33876201786550697 467
1694429892468 0.4219531143908164 468
1694429892533 0.6614638956079761 469
1694429892600 0.32331062499443436 470
1694429892666 0.214214976722712 471
1694429892732 0.19304618199898207 472
1694429892797 0.006471100637259009 473
1694429892862 0.40433391635327004 474
1694429892929 1.3204061215619123 475
1694429892996 0.21627523898429624 476
1694429893064 0.1428464431626826 477
1694429893130 0.26826297057309856 478
1694429893196 0.9717076713539725 479
1694429893261 0.413479697804415 480
1694429893329 0.48294239569502545 481
1694429893395 0.092058235079866 482
1694429893461 0.07745371626085462 483
1694429893527 0.0033190112090925182 484
1694429893592 0.38391678935442747 485
1694429893659 0.49478714156139963 486
1694429893725 0.012781604096189027 487
1694429893790 0.3940097721285696 488
1694429893857 0.41440359801581456 489
1694429893922 0.2992826662821402 490
1694429893989 0.7078272304071326 491
1694429894060 0.11738938861948507 492
1694429894131 0.2456335243916376 493
1694429894197 0.5297949906327758 494
1694429894262 0.09187711481761507 495
1694429894328 0.4354666969788863 496
1694429894394 0.013158065512297326 497
1694429894460 0.3108193021631922 498
1694429894526 0.11261014756050045 499
