1694428567695 167.6428907675885 0
1694428567712 173.11779947952388 1
1694428567727 168.08360220115517 2
1694428567741 170.45133409198678 3
1694428567757 172.82398610559662 4
1694428567771 170.0359111963475 5
1694428567786 168.3422985347365 6
1694428567801 168.84621662954964 7
1694428567815 166.07533610530112 8
1694428567833 167.90129584017646 9
1694428567851 165.31091322571072 10
1694428567866 170.3622985563374 11
1694428567882 167.9247453408389 12
1694428567896 171.39751934334686 13
1694428567911 167.0737511302682 14
1694428567926 170.10077160635282 15
1694428567941 167.45981603985794 16
1694428567956 169.39024049237702 17
1694428567973 165.24449398048802 18
1694428567988 166.34681618173758 19
1694428568005 171.3639887367216 20
1694428568024 165.74718364950851 21
1694428568044 170.53916761387973 22
1694428568062 169.98367238548346 23
1694428568082 166.91080957150498 24
1694428568103 164.45462125452718 25
1694428568124 167.3400315826037 26
1694428568144 166.217575817199 27
1694428568164 166.896404048748 28
1694428568182 171.50303153049182 29
1694428568196 168.42751930109267 30
1694428568214 172.0084077820987 31
1694428568229 171.50472792327224 32
1694428568243 168.42211255361357 33
1694428568258 168.7673791263394 34
1694428568272 165.44906761788621 35
1694428568287 168.4746203205259 36
1694428568302 165.36004894417596 37
1694428568316 166.50583068156286 38
1694428568331 173.3065545183099 39
1694428568346 167.40679155600247 40
1694428568361 170.14569264101496 41
1694428568376 168.60840588423866 42
1694428568390 171.83999927122954 43
1694428568405 172.40952734927802 44
1694428568420 165.18181875314625 45
1694428568434 166.01106834496463 46
1694428568454 168.42944330666703 47
1694428568471 167.31281068066943 48
1694428568487 167.48266800995245 49
1694428568501 170.59023962212845 50
1694428568516 166.21780635799342 51
1694428568531 169.00430571732997 52
1694428568547 164.82977486794405 53
1694428568562 172.8445904461671 54
1694428568577 169.57321156365265 55
1694428568593 164.42983321621583 56
1694428568611 166.49442822429208 57
1694428568626 168.77560346788422 58
1694428568640 170.53637109428863 59
1694428568657 169.9224339549137 60
1694428568672 166.47684788066704 61
1694428568687 166.58059364915826 62
1694428568701 166.26021495557976 63
1694428568716 162.48034154649898 64
1694428568730 164.59904890235086 65
1694428568745 168.03082801944518 66
1694428568760 168.22502388970605 67
1694428568775 169.24983318620312 68
1694428568789 171.6326805398794 69
1694428568804 164.5796813461361 70
1694428568819 169.05937044062398 71
1694428568836 171.37870561679205 72
1694428568851 168.06185674362033 73
1694428568865 165.27963300098568 74
1694428568880 162.85995466896824 75
1694428568894 169.1918912382392 76
1694428568909 168.97784225461913 77
1694428568924 169.0377689480873 78
1694428568939 164.6159518538716 79
1694428568954 164.60592236713612 80
1694428568975 167.7205061392871 81
1694428568993 169.83897598370112 82
1694428569008 165.59973312463148 83
1694428569023 169.45138794013124 84
1694428569037 166.03006632154808 85
1694428569052 172.32878580650498 86
1694428569068 168.58602712395174 87
1694428569086 165.97093945711507 88
1694428569101 166.4443935530043 89
1694428569115 169.41425617556447 90
1694428569131 167.54728887888453 91
1694428569148 165.46237170532385 92
1694428569164 166.06067249799995 93
1694428569179 171.13584717562694 94
1694428569193 165.9288908435394 95
1694428569208 169.24546484821192 96
1694428569222 171.85159759150358 97
1694428569238 170.6554988451218 98
1694428569252 165.18840915017114 99
1694428569267 170.33769799696182 100
1694428569281 170.71000414477473 101
1694428569296 166.9615311484506 102
1694428569311 165.64386339185148 103
1694428569326 169.56956637304043 104
1694428569341 169.6788183389653 105
1694428569356 169.35156434534017 106
1694428569371 170.8139023206906 107
1694428569386 163.51239665232788 108
1694428569400 170.5394602849537 109
1694428569415 168.5128952217115 110
1694428569430 168.91267058510442 111
1694428569445 169.6497811975493 112
1694428569459 167.44450113953664 113
1694428569474 169.6662415053195 114
1694428569489 171.69932797354355 115
1694428569503 162.9189222512846 116
1694428569518 169.12376359165503 117
1694428569533 167.06716709484002 118
1694428569548 166.58226710200776 119
1694428569563 169.52676993842647 120
1694428569582 167.5699682083982 121
1694428569598 168.37903104156817 122
1694428569613 170.11824139587458 123
1694428569628 168.63338905725965 124
1694428569643 165.08307361059238 125
1694428569658 167.60677535247126 126
1694428569673 170.1203344646075 127
1694428569688 164.51723454829812 128
1694428569703 166.76403902583579 129
1694428569718 167.60999236362906 130
1694428569733 169.33344129593516 131
1694428569752 166.87773693209076 132
1694428569772 167.5096361213154 133
1694428569790 165.00384941478077 134
1694428569805 163.2636489885642 135
1694428569820 167.59346590350083 136
1694428569836 168.10946073316873 137
1694428569852 170.6221195406754 138
1694428569867 164.72845772465877 139
1694428569881 171.1678507119802 140
1694428569896 164.94347063452605 141
1694428569911 171.8623540703879 142
1694428569925 172.05411367321196 143
1694428569940 166.46290897594602 144
1694428569955 169.23014136173055 145
1694428569970 172.843852413599 146
1694428569985 169.70294354364532 147
1694428570000 167.80981769795986 148
1694428570015 165.59178978641526 149
1694428570030 171.6052153434276 150
1694428570049 168.188803270936 151
1694428570069 164.95967636864083 152
1694428570089 172.43326134275236 153
1694428570106 166.86625442410246 154
1694428570125 171.1492223533814 155
1694428570144 171.4911967440752 156
1694428570162 166.19569958244386 157
1694428570179 164.95661306285015 158
1694428570201 167.66980136005418 159
1694428570221 171.22355464836133 160
1694428570243 167.4982358104466 161
1694428570261 176.12181350493046 162
1694428570277 168.4921424468214 163
1694428570292 167.15160711665837 164
1694428570307 169.7497576508239 165
1694428570323 169.35526815084708 166
1694428570338 163.07465905807516 167
1694428570353 167.1589723242785 168
1694428570368 160.2680878444974 169
1694428570383 165.84285258593158 170
1694428570398 167.81923920086237 171
1694428570412 166.66031503417304 172
1694428570428 168.84958289663356 173
1694428570442 166.7617836380843 174
1694428570457 163.3773916581774 175
1694428570472 164.1273253382837 176
1694428570486 165.8226921378944 177
1694428570501 163.64926591255147 178
1694428570516 167.03081663348698 179
1694428570531 169.99417815209247 180
1694428570545 168.5085808121931 181
1694428570560 157.10442415042317 182
1694428570575 164.0912935555396 183
1694428570590 171.33514049743505 184
1694428570608 167.05379621154358 185
1694428570625 164.2894491915275 186
1694428570640 161.30307748424008 187
1694428570655 162.81855174019185 188
1694428570670 165.96750446420373 189
1694428570684 167.63965577125938 190
1694428570699 166.4651630561813 191
1694428570714 166.27919999519972 192
1694428570729 166.32190615246455 193
1694428570743 169.05095376815834 194
1694428570758 168.78553518289166 195
1694428570772 166.07673462888076 196
1694428570787 169.76934017112663 197
1694428570802 168.67405494217957 198
1694428570818 171.59925053213058 199
1694428570832 167.71317837331716 200
1694428570846 161.1153122301258 201
1694428570861 175.2276257996172 202
1694428570878 168.81197040248858 203
1694428570892 167.02258020820364 204
1694428570907 166.14158961361213 205
1694428570922 168.69790441541386 206
1694428570937 170.60824664409049 207
1694428570951 168.708596760659 208
1694428570967 168.46316108759706 209
1694428570983 170.54753148194806 210
1694428570999 172.21458003396756 211
1694428571013 172.34828838087586 212
1694428571028 167.56423220588997 213
1694428571043 167.15156805238533 214
1694428571058 166.77299396840516 215
1694428571073 166.58360368539343 216
1694428571088 171.00862736337461 217
1694428571104 172.0393622773629 218
1694428571119 169.39776925311588 219
1694428571134 168.0161632456687 220
1694428571149 173.6518911232981 221
1694428571164 166.0231036291144 222
1694428571179 162.72528870090918 223
1694428571193 165.0862934415488 224
1694428571209 165.46784172115923 225
1694428571223 168.99562769017788 226
1694428571237 167.7636285727523 227
1694428571253 166.75053618612415 228
1694428571270 173.8976813761025 229
1694428571287 163.15602308472424 230
1694428571302 165.479701043761 231
1694428571316 167.8384034679278 232
1694428571331 170.69214667090503 233
1694428571346 170.71207212773396 234
1694428571361 165.2056276125386 235
1694428571376 168.41663499592596 236
1694428571391 167.0182487111794 237
1694428571405 171.00917784719542 238
1694428571419 166.03152568881106 239
1694428571434 168.40263901327145 240
1694428571449 162.8292758007827 241
1694428571464 162.97319534340843 242
1694428571478 170.59719676596904 243
1694428571493 171.298214348279 244
1694428571507 170.02496137180756 245
1694428571522 166.17548103410374 246
1694428571537 167.61962133267093 247
1694428571551 163.53469011390575 248
1694428571566 168.24189835580597 249
1694428571581 166.4255755077966 250
1694428571596 167.14838168367888 251
1694428571611 172.07152024024305 252
1694428571627 160.52809957596273 253
1694428571641 164.3821682705164 254
1694428571656 166.3147331723223 255
1694428571674 165.42187195813628 256
1694428571692 168.47706462989126 257
1694428571707 168.2263506607431 258
1694428571722 168.87622442873644 259
1694428571736 168.89953053211246 260
1694428571751 169.3245213811359 261
1694428571765 163.73093636930312 262
1694428571779 162.34979174405547 263
1694428571794 168.87308515805293 264
1694428571809 167.85797295857304 265
1694428571823 165.9336194994646 266
1694428571839 169.4172930522981 267
1694428571854 170.09183459474792 268
1694428571869 166.87736424698286 269
1694428571883 162.80073935370325 270
1694428571897 168.26847025428864 271
1694428571912 168.14944207751142 272
1694428571928 164.23781492998947 273
1694428571943 168.6109789970721 274
1694428571957 170.52602720955724 275
1694428571972 173.35628019404083 276
1694428571987 164.90173536984716 277
1694428572001 170.8212393285672 278
1694428572016 167.32284736124637 279
1694428572031 167.36924004522936 280
1694428572045 167.578515623521 281
1694428572060 169.54365455166436 282
1694428572076 167.32010714029823 283
1694428572091 165.95868458842168 284
1694428572105 162.0709569886339 285
1694428572121 167.87552658002224 286
1694428572135 162.70941193179186 287
1694428572151 160.25034385603152 288
1694428572166 170.49745568013077 289
1694428572180 165.09422847694916 290
1694428572195 165.29192725475758 291
1694428572209 171.00239928237994 292
1694428572225 165.04211769158118 293
1694428572240 175.73930306758302 294
1694428572254 169.42502071502972 295
1694428572269 166.69460215990742 296
1694428572283 168.31071991621727 297
1694428572298 171.5643136017022 298
1694428572313 168.63507791126514 299
1694428572328 168.7585915902418 300
1694428572345 167.08901676293868 301
1694428572366 169.05207589724864 302
1694428572387 164.85379500986932 303
1694428572403 167.59458627166117 304
1694428572418 166.59113348261698 305
1694428572434 172.7199706479809 306
1694428572448 171.82742500998322 307
1694428572464 172.88884586942035 308
1694428572478 167.57591201368174 309
1694428572493 169.4724210482772 310
1694428572507 172.3355946861638 311
1694428572522 170.82018557758278 312
1694428572537 169.09904498979657 313
1694428572551 168.79176682789335 314
1694428572566 168.47986060997664 315
1694428572581 171.53699305156098 316
1694428572595 163.0240698142927 317
1694428572610 164.6821351558368 318
1694428572625 169.05792601223885 319
1694428572639 169.92579711616665 320
1694428572656 168.70331494745398 321
1694428572671 167.29194740139732 322
1694428572686 167.24411537178523 323
1694428572700 168.67243516257045 324
1694428572714 166.45503933179444 325
1694428572729 168.74162196953628 326
1694428572744 171.46789827412636 327
1694428572759 166.50320933667152 328
1694428572774 173.18863841845112 329
1694428572788 165.2161456646483 330
1694428572804 164.53777815138514 331
1694428572823 172.03656743612956 332
1694428572842 171.7224872229139 333
1694428572857 171.47352290449098 334
1694428572872 171.53982690594253 335
1694428572886 170.07079013767512 336
1694428572901 163.18455786571965 337
1694428572916 163.68684406673705 338
1694428572932 169.26190540563476 339
1694428572946 170.93922652141742 340
1694428572962 170.72908684714187 341
1694428572977 160.9994493670153 342
1694428572991 171.78105154914763 343
1694428573006 171.58991467989281 344
1694428573021 168.20723319239514 345
1694428573036 171.19137152727032 346
1694428573051 173.17294330946106 347
1694428573069 169.24152498768834 348
1694428573084 170.88766203430535 349
1694428573098 167.57023143222935 350
1694428573113 167.755914686049 351
1694428573129 166.47525921937978 352
1694428573144 171.5890309939293 353
1694428573159 170.94314617552507 354
1694428573174 169.0419831190125 355
1694428573188 168.81462876946588 356
1694428573203 167.08053775151012 357
1694428573217 168.77683537912904 358
1694428573232 164.33452038437366 359
1694428573247 164.76120237042525 360
1694428573262 159.86118928032616 361
1694428573276 168.17163281465886 362
1694428573291 168.14119892154153 363
1694428573305 165.43608040407534 364
1694428573320 171.2758067862911 365
1694428573335 163.9564263662114 366
1694428573350 171.53223224244854 367
1694428573365 165.471003103566 368
1694428573380 166.08639810088965 369
1694428573394 170.72210588671027 370
1694428573409 166.93239403040215 371
1694428573424 168.21851617545104 372
1694428573440 171.73110596528485 373
1694428573456 169.3242199002702 374
1694428573476 167.32177460889596 375
1694428573492 165.23770756909968 376
1694428573509 171.0635340513028 377
1694428573524 170.62900975981864 378
1694428573539 168.01767127880026 379
1694428573553 166.00414856982388 380
1694428573568 165.40162795916723 381
1694428573582 169.1427712616606 382
1694428573597 172.21734830609188 383
1694428573612 165.55474311579897 384
1694428573627 162.56109135616936 385
1694428573642 166.79363507302403 386
1694428573659 168.70182804198114 387
1694428573673 169.92355960031037 388
1694428573688 166.31726458909142 389
1694428573702 167.39933333180036 390
1694428573719 163.82755916038306 391
1694428573733 166.24192648713827 392
1694428573747 163.0728970127098 393
1694428573763 177.64110912205138 394
1694428573777 171.82465933398564 395
1694428573792 168.91772490351465 396
1694428573806 171.26625286749504 397
1694428573821 170.95679598094995 398
1694428573836 161.3660563482619 399
1694428573851 166.3584102423542 400
1694428573865 170.22765616000615 401
1694428573881 166.28951584707187 402
1694428573895 170.0067329260414 403
1694428573910 171.2926580674866 404
1694428573924 171.8498190600708 405
1694428573944 167.40571314518849 406
1694428573964 172.02958384737525 407
1694428573980 167.89035354433264 408
1694428573995 168.99357437341794 409
1694428574010 165.75082626673634 410
1694428574025 165.17973264626758 411
1694428574040 167.9438522294583 412
1694428574055 166.88564439248634 413
1694428574070 169.58127928530706 414
1694428574084 169.63093192861677 415
1694428574099 169.13487781045856 416
1694428574113 164.3547328206642 417
1694428574128 167.12901457844805 418
1694428574143 165.62975064262892 419
1694428574158 172.45830635291574 420
1694428574173 174.22016715028533 421
1694428574188 168.91694570408256 422
1694428574203 172.98284188783302 423
1694428574217 168.88287313232715 424
1694428574232 169.88608628379734 425
1694428574246 170.46137731772242 426
1694428574261 161.9408861487622 427
1694428574275 163.21262583520246 428
1694428574290 172.11969885230064 429
1694428574304 161.79630998446186 430
1694428574319 163.32036744598417 431
1694428574334 168.52227677360756 432
1694428574349 167.47206967030075 433
1694428574364 169.2885594869406 434
1694428574379 177.0973664652286 435
1694428574394 170.54853534936296 436
1694428574409 169.49386743588164 437
1694428574423 173.13113041994907 438
1694428574438 165.6299771720359 439
1694428574453 169.83934685266192 440
1694428574468 170.45411006088838 441
1694428574483 167.78673875079917 442
1694428574497 172.18243227084545 443
1694428574512 170.5378062874616 444
1694428574526 166.74594770280083 445
1694428574542 173.96704586279188 446
1694428574557 164.03323825259426 447
1694428574576 170.09204760735665 448
1694428574595 168.02354223667209 449
1694428574611 166.37506151412364 450
1694428574626 165.44202230203877 451
1694428574642 167.2954737111862 452
1694428574657 170.81198679054322 453
1694428574672 166.94682496177688 454
1694428574687 165.7986796110908 455
1694428574700 171.28361310460062 456
1694428574715 163.89372734479815 457
1694428574730 173.6123850620766 458
1694428574745 174.70949538952613 459
1694428574760 172.61653559115877 460
1694428574774 162.30371540046937 461
1694428574789 168.1451432360213 462
1694428574804 169.80602790217796 463
1694428574819 165.9326602002225 464
1694428574834 168.54815436080028 465
1694428574849 170.46302198271277 466
1694428574863 174.6848338351228 467
1694428574878 166.03268514455038 468
1694428574893 171.471507875191 469
1694428574908 166.17232461830625 470
1694428574923 167.36309970190123 471
1694428574938 167.89099584120524 472
1694428574952 173.31895073582163 473
1694428574968 168.4538444620902 474
1694428574983 167.81435542332974 475
1694428574998 165.77647386932844 476
1694428575014 166.56629764871872 477
1694428575029 171.42722751464748 478
1694428575044 170.0181774316192 479
1694428575058 174.1319315015578 480
1694428575077 165.37056296486844 481
1694428575095 171.10039169669054 482
1694428575114 168.84523089702907 483
1694428575129 174.71474950797364 484
1694428575144 169.23595622422758 485
1694428575158 178.49625996826848 486
1694428575172 164.45303306198005 487
1694428575187 173.26173498711455 488
1694428575201 167.4536002033156 489
1694428575216 169.15068356296783 490
1694428575231 167.08463589730906 491
1694428575246 169.5763445832506 492
1694428575261 162.97452785938455 493
1694428575275 167.40288771062885 494
1694428575290 167.97002001684558 495
1694428575305 168.4428113462902 496
1694428575320 167.21506649415375 497
1694428575335 165.90489931017495 498
1694428575351 165.70038792664786 499
