1694433597131 132.1201345833283 0
1694433597201 31.818730519368152 1
1694433597270 19.199184657560934 2
1694433597339 10.925193171629855 3
1694433597411 4.239219911295699 4
1694433597479 2.272709320685942 5
1694433597548 1.6262717760541825 6
1694433597616 1.38406317290097 7
1694433597684 0.5729991451195233 8
1694433597752 0.08521741308559826 9
1694433597820 0.04254457892332955 10
1694433597888 0.02341180744471811 11
1694433597955 0.6554050901237615 12
1694433598022 0.4223579956372846 13
1694433598091 0.026868067444531407 14
1694433598159 0.24892746735543106 15
1694433598227 0.01291463693969723 16
1694433598299 0.04744449127433403 17
1694433598366 0.033943652553294484 18
1694433598434 0.2107022284649197 19
1694433598503 0.005676670161297644 20
1694433598571 0.14731405597388428 21
1694433598649 0.001435495634866814 22
1694433598722 0.013906381061054133 23
1694433598791 0.0616660260779863 24
1694433598859 0.6598944516552212 25
1694433598927 1.1774873519458582 26
1694433598996 0.001844270455756193 27
1694433599063 0.04242363970427216 28
1694433599131 0.0028187888722907427 29
1694433599200 0.216874946087283 30
1694433599270 0.06298253969282742 31
1694433599337 0.05304905848743352 32
1694433599406 0.0010315588713104 33
1694433599474 0.006489809885031637 34
1694433599542 0.055252828177223066 35
1694433599611 0.002029003823274712 36
1694433599678 0.037919918849809754 37
1694433599748 0.001826790546247271 38
1694433599816 0.041407551709512096 39
1694433599884 0.012884950836723048 40
1694433599951 0.01630127310293796 41
1694433600020 0.05295965492732887 42
1694433600090 0.04636340603272027 43
1694433600163 0.08907634157070539 44
1694433600233 0.11160395603215571 45
1694433600304 0.04976919813860519 46
1694433600374 0.04866138482016236 47
1694433600444 0.7626547350043502 48
1694433600514 0.0896396837292937 49
1694433600597 0.2897559944916419 50
1694433600666 0.09113623604110206 51
1694433600735 0.08968212936781728 52
1694433600805 0.09307310544185496 53
1694433600874 0.009175884521244985 54
1694433600943 0.009639786998910922 55
1694433601012 0.24098201714968726 56
1694433601081 0.0024413137209333344 57
1694433601150 0.27168527130325676 58
1694433601222 0.019810108029769367 59
1694433601329 0.0023754588338728544 60
1694433601412 0.10763121176355693 61
1694433601486 0.009877649608964294 62
1694433601558 0.03781792220419309 63
1694433601627 0.02731015404951806 64
1694433601695 0.3898187072346866 65
1694433601763 0.2953990948119644 66
1694433601831 0.04827164225062735 67
1694433601899 0.49337380633295 68
1694433601969 0.08122189689688315 69
1694433602037 0.010459970458029088 70
1694433602106 0.002745631235715162 71
1694433602172 0.08209863763406185 72
1694433602241 0.1853917339584662 73
1694433602311 0.02586247485093924 74
1694433602380 0.0019356424356271906 75
1694433602448 0.03353785107709075 76
1694433602516 0.003759147059715148 77
1694433602586 0.024328707409349268 78
1694433602654 0.037827460247636106 79
1694433602723 0.02377307766110426 80
1694433602791 0.04286507019482877 81
1694433602860 0.003878962280843496 82
1694433602928 0.07858522015375471 83
1694433602996 0.3302709162797841 84
1694433603064 0.000134220377743363 85
1694433603132 0.08102247901101914 86
1694433603201 0.03836373627932838 87
1694433603268 0.08714067336036518 88
1694433603337 0.07134370414083356 89
1694433603405 0.0066995941679910695 90
1694433603473 0.16718467100010204 91
1694433603540 1.1882377726482212e-05 92
1694433603608 0.022348329860225245 93
1694433603678 0.013254755622342861 94
1694433603745 0.0014679089321023237 95
1694433603813 0.03655112243209089 96
1694433603881 0.006989972369170047 97
1694433603948 0.02256070372918008 98
1694433604016 0.20828577713343804 99
1694433604084 0.00019912923532127127 100
1694433604151 0.04078993147349342 101
1694433604221 0.2831675053404383 102
1694433604288 0.0026730753959160226 103
1694433604356 0.028134512293462494 104
1694433604424 0.051144198301855605 105
1694433604491 0.43351338160102276 106
1694433604559 0.16695787605993082 107
1694433604627 0.27145009244519797 108
1694433604694 0.029266689346470504 109
1694433604763 0.04130336147477217 110
1694433604830 0.06813415873254575 111
1694433604898 0.07462426325563808 112
1694433604966 0.17492437179455178 113
1694433605034 0.04365500382646978 114
1694433605102 0.033882134178307884 115
1694433605170 0.02235547008578789 116
1694433605238 0.012524342102343653 117
1694433605306 0.03739287049661848 118
1694433605373 0.0070071359113049285 119
1694433605441 0.02240019989565953 120
1694433605509 0.12011165844703649 121
1694433605577 0.011200840911483807 122
1694433605645 0.0006044788472847258 123
1694433605715 0.003428803627928805 124
1694433605782 0.0009609347504202754 125
1694433605851 0.002642924329672293 126
1694433605918 0.041673216097479926 127
1694433605986 0.30562688076225797 128
1694433606055 0.06377267100194295 129
1694433606122 0.0028300664583282955 130
1694433606189 0.4293381241386734 131
1694433606257 0.0002779152515091379 132
1694433606325 0.11582092699187542 133
1694433606393 0.219915305873065 134
1694433606460 0.684522511416948 135
1694433606528 0.3850172818794577 136
1694433606597 0.43170360636485483 137
1694433606666 0.2937985024654125 138
1694433606733 0.023725204989237973 139
1694433606801 0.0025037092347421335 140
1694433606870 0.13404838201995276 141
1694433606937 0.020835222437391474 142
1694433607004 0.09037451528457797 143
1694433607073 9.885641087207123e-05 144
1694433607141 0.004857032172816896 145
1694433607208 0.0005605668078197412 146
1694433607277 0.020787476845283006 147
1694433607344 0.12305070151108091 148
1694433607413 0.004521506422863793 149
1694433607481 0.04080553183954709 150
1694433607549 0.031525058292178554 151
1694433607617 0.04734197815960999 152
1694433607686 0.0033406309940495174 153
1694433607754 0.004117103181824454 154
1694433607823 0.28312406096182546 155
1694433607890 0.9165071384830852 156
1694433607958 0.7564824185943464 157
1694433608026 0.008690606837236759 158
1694433608093 0.6913429377708009 159
1694433608160 0.2402015380558738 160
1694433608229 0.2630318767800888 161
1694433608297 0.7889761001767768 162
1694433608364 0.1346482557532277 163
1694433608432 0.07190837997709608 164
1694433608500 0.07102847732130252 165
1694433608567 0.028457139506103086 166
1694433608637 0.01872664900424984 167
1694433608704 0.018794296717016344 168
1694433608773 0.007110924939177535 169
1694433608840 0.042935810515192775 170
1694433608908 0.015354892563431064 171
1694433608976 0.0027718016406141784 172
1694433609043 0.000721577008840117 173
1694433609112 0.1982486533548716 174
1694433609181 0.49237909570114524 175
1694433609250 8.006831598071438e-05 176
1694433609318 0.7834714490192255 177
1694433609387 0.000518591466683815 178
1694433609454 0.011448445811844326 179
1694433609521 0.0001347166614657466 180
1694433609589 0.011097881102256379 181
1694433609657 0.28740028913949534 182
1694433609724 0.0013086898333651532 183
1694433609793 0.0022775455192121747 184
1694433609860 0.0010203581860135384 185
1694433609929 0.06960591458219448 186
1694433609996 0.03361770257562635 187
1694433610064 0.00040817506763112443 188
1694433610132 0.07895464757588477 189
1694433610200 0.01925118355545524 190
1694433610268 0.06935043144686322 191
1694433610336 0.037159570693866 192
1694433610403 1.0761076673609076 193
1694433610472 0.06361473087813446 194
1694433610539 0.05531115902971029 195
1694433610608 0.7498642139236013 196
1694433610675 0.30596767966407057 197
1694433610743 7.801071049640385e-05 198
1694433610810 0.28052357315289134 199
1694433610881 0.13387788076418017 200
1694433610948 0.35599490572792736 201
1694433611016 0.005756428905353657 202
1694433611083 0.03945153580496368 203
1694433611151 0.01874540960180597 204
1694433611217 0.02579082887575344 205
1694433611285 0.17417399837344807 206
1694433611352 0.0043839169273707825 207
1694433611420 0.6386463999602737 208
1694433611487 0.025881157185270027 209
1694433611555 0.2004428690644198 210
1694433611624 0.18271391148782162 211
1694433611690 0.013519169294595478 212
1694433611759 0.05873433255524123 213
1694433611826 0.07072588408286296 214
1694433611893 0.07637324646867602 215
1694433611960 0.0023907730290312814 216
1694433612028 0.032313192997614086 217
1694433612095 0.19981936964305205 218
1694433612164 0.00610717759108276 219
1694433612231 0.001468877091814563 220
1694433612299 0.02455549223585262 221
1694433612368 0.0004757692986465638 222
1694433612436 0.004672260311534566 223
1694433612504 0.07124620693170597 224
1694433612573 0.08260519001971114 225
1694433612640 0.08952292587608833 226
1694433612709 0.028670207471401678 227
1694433612777 0.06306107277149292 228
1694433612845 0.03193042065451245 229
1694433612913 0.018731731957581547 230
1694433612981 0.05179444208351771 231
1694433613048 0.0009349379931768153 232
1694433613116 0.004851613437693661 233
1694433613185 0.21397967951806057 234
1694433613253 0.02696022927210786 235
1694433613322 0.09445584436632254 236
1694433613391 0.015784686772299536 237
1694433613458 0.15975938362036698 238
1694433613527 0.07557014898751459 239
1694433613595 0.06494665795594115 240
1694433613664 0.02824169584039375 241
1694433613732 0.00983589032471062 242
1694433613801 0.015407088469785122 243
1694433613869 0.4954588762176242 244
1694433613937 0.020067155650349822 245
1694433614005 0.01179614373884178 246
1694433614072 0.03750001882148586 247
1694433614141 0.07098615170689797 248
1694433614210 0.010737868807138121 249
1694433614278 0.006119322167498716 250
1694433614346 0.33191949188594433 251
1694433614414 0.013085692270884384 252
1694433614482 0.007493426910470066 253
1694433614549 0.1464645449525244 254
1694433614617 0.7570426000416244 255
1694433614685 0.13142368916282268 256
1694433614752 0.0028540072185683878 257
1694433614820 0.17101334556381273 258
1694433614889 0.07460318177591899 259
1694433614957 0.17372697727932299 260
1694433615025 0.12260141172857461 261
1694433615093 0.3679495737017877 262
1694433615162 0.07449306751758686 263
1694433615230 0.26433098569411995 264
1694433615299 0.13778054859215857 265
1694433615367 0.3892951697739671 266
1694433615435 0.027739902673052146 267
1694433615502 0.006983482267365172 268
1694433615570 0.012626371332247142 269
1694433615638 0.17623188742757315 270
1694433615707 0.03050306112328306 271
1694433615774 0.011541158381362021 272
1694433615850 0.1266425786773454 273
1694433615918 0.1703792262466033 274
1694433615984 0.0023552149775635874 275
1694433616053 0.007087173904455909 276
1694433616121 0.0744300035959205 277
1694433616187 0.08443454350962883 278
1694433616255 0.11352888158130119 279
1694433616323 0.2799845166673744 280
1694433616390 0.023102448685896042 281
1694433616457 0.4404347727755568 282
1694433616525 0.054148459073880495 283
1694433616592 0.0031933158761408946 284
1694433616661 0.15306925053597598 285
1694433616729 0.0009322011648989681 286
1694433616797 0.020892677794429552 287
1694433616864 0.002859006375900733 288
1694433616932 0.016212147515487958 289
1694433617000 0.015211309134151125 290
1694433617068 0.013186078071161643 291
1694433617136 0.02922646231551472 292
1694433617204 0.0005194424981416067 293
1694433617271 0.43207016987876984 294
1694433617339 0.0045293677028399445 295
1694433617408 0.2681297485293826 296
1694433617476 1.3565073880626804e-05 297
1694433617544 0.05515467062371739 298
1694433617613 0.1604122613325406 299
1694433617680 0.06516081131127688 300
1694433617747 0.10455900721802688 301
1694433617815 0.0019558420470976038 302
1694433617883 0.04723392390946091 303
1694433617950 0.4940273777136802 304
1694433618018 0.046448557734724075 305
1694433618086 0.03594952485757245 306
1694433618154 0.3107428797812136 307
1694433618221 0.02622529678106925 308
1694433618289 0.0064794312792497 309
1694433618357 0.04302867721320801 310
1694433618425 0.09431007748914838 311
1694433618493 0.04597355644004605 312
1694433618561 0.010732612252253155 313
1694433618630 0.007990269568573589 314
1694433618698 0.2408992209520607 315
1694433618767 0.15682218605031373 316
1694433618835 0.2819670494861346 317
1694433618902 0.01040785890435154 318
1694433618970 0.08667383350392187 319
1694433619038 0.2652927284017849 320
1694433619105 0.019533451845049635 321
1694433619172 0.040453279736542815 322
1694433619241 0.07124573418764304 323
1694433619308 0.3267159298613868 324
1694433619376 0.03738472931833116 325
1694433619442 0.10157839160068202 326
1694433619511 0.0110818816862893 327
1694433619580 0.44428354446756907 328
1694433619647 0.020804234536665005 329
1694433619715 2.282412853657971e-05 330
1694433619783 0.006796783178793483 331
1694433619850 0.011545610513753081 332
1694433619918 0.03055131107119992 333
1694433619986 0.20579322057690544 334
1694433620053 0.038196462399743315 335
1694433620130 6.498292313859597e-05 336
1694433620199 0.04280780153257321 337
1694433620266 0.09278058340765978 338
1694433620333 0.4963173301948178 339
1694433620402 0.006417321261391994 340
1694433620470 0.17423205613236656 341
1694433620537 0.01355003119481621 342
1694433620605 0.0007568924348725992 343
1694433620673 0.07252920499368858 344
1694433620740 0.3560125660966774 345
1694433620807 0.7511722700057215 346
1694433620875 0.11479186722405935 347
1694433620942 0.00884754601501112 348
1694433621009 0.06381206883697636 349
1694433621078 0.14286864853868625 350
1694433621145 0.2938782929908047 351
1694433621213 0.0606410452363038 352
1694433621281 0.6675607483082618 353
1694433621348 0.000592237019528188 354
1694433621416 1.0559086791320662 355
1694433621483 0.004424781181451401 356
1694433621551 0.2817854580904668 357
1694433621619 0.324644622430332 358
1694433621687 0.0030848491669544695 359
1694433621754 0.19385070837540203 360
1694433621822 0.001624806192072268 361
1694433621890 0.09162857292092975 362
1694433621958 0.03176097125506935 363
1694433622026 0.04189886604128118 364
1694433622094 0.05141831807211999 365
1694433622162 0.018755887442746547 366
1694433622230 0.07992335684364447 367
1694433622299 0.05409618009091513 368
1694433622367 0.010362865372468038 369
1694433622435 0.17599696307107351 370
1694433622503 0.05125499008178845 371
1694433622571 1.0058826947216864e-08 372
1694433622640 1.570948030149764 373
1694433622709 0.004074708714678198 374
1694433622777 0.0008567693229692548 375
1694433622845 0.025445970378374295 376
1694433622913 0.026400810398823214 377
1694433622981 0.008222268237231036 378
1694433623049 0.022969632701901062 379
1694433623117 0.0007338824342536886 380
1694433623185 0.07811875048392697 381
1694433623253 0.05347244901444299 382
1694433623321 0.007021869127859847 383
1694433623388 0.0008879133112625121 384
1694433623456 0.2211988127099866 385
1694433623523 0.10175062702921826 386
1694433623591 0.49111879747080767 387
1694433623660 0.00020740607234447626 388
1694433623728 0.024358052717518612 389
1694433623796 0.0612438964549532 390
1694433623863 0.09802014398355265 391
1694433623931 0.0014408955810268917 392
1694433623999 0.0018971151346597781 393
1694433624067 0.048642036431180036 394
1694433624135 0.05324192792164368 395
1694433624202 0.045487371952467284 396
1694433624270 0.7895201025589518 397
1694433624339 0.14840579587610125 398
1694433624407 0.058842233871732 399
1694433624474 0.16637760917413802 400
1694433624541 0.010100451469379773 401
1694433624610 0.0855681454903559 402
1694433624678 0.3004584158974672 403
1694433624745 0.020791840265254574 404
1694433624813 0.02571090991936825 405
1694433624880 0.025293359172266102 406
1694433624948 0.0025878425351714067 407
1694433625017 0.002379548765317044 408
1694433625085 0.11540307652479745 409
1694433625153 0.04530114640071458 410
1694433625221 0.2447443636747767 411
1694433625288 0.2717976450864235 412
1694433625357 0.12332227785527897 413
1694433625426 0.004465688020081292 414
1694433625493 0.010235726755089842 415
1694433625560 0.4155300032138831 416
1694433625628 0.37150835277001876 417
1694433625695 0.021211154495896424 418
1694433625763 0.11380479423090109 419
1694433625830 0.3221219571602605 420
1694433625898 1.1783475079653603 421
1694433625965 0.06076912204075325 422
1694433626037 0.05366011878011744 423
1694433626104 0.009665275354594969 424
1694433626172 0.004608790993872099 425
1694433626240 0.00593878009521995 426
1694433626308 0.17210289575888546 427
1694433626376 0.022335824285218325 428
1694433626442 0.002195805086728159 429
1694433626510 0.038278363517301704 430
1694433626579 1.218684310673588 431
1694433626646 0.08473479847855217 432
1694433626714 0.03547393531630818 433
1694433626781 0.027420332928882175 434
1694433626848 0.018296289830273926 435
1694433626917 2.588388175491853e-06 436
1694433626985 0.004848865365972772 437
1694433627052 0.14280825257233207 438
1694433627121 0.0070489858661014464 439
1694433627189 0.13374774957491484 440
1694433627256 0.01742984845245001 441
1694433627324 0.0134438746240814 442
1694433627392 0.6364197494252073 443
1694433627460 0.2863822884140633 444
1694433627528 0.0012518869395606866 445
1694433627595 0.030993396758341563 446
1694433627664 0.4405365893166418 447
1694433627731 0.008794299025218605 448
1694433627800 0.026539149296825933 449
1694433627868 0.03344902658901348 450
1694433627935 0.17057141067239606 451
1694433628003 0.013455773197047808 452
1694433628071 0.00011939946513951585 453
1694433628139 0.12490747066122641 454
1694433628208 0.012585509002537567 455
1694433628274 0.06688394023135326 456
1694433628343 0.006718536848170479 457
1694433628411 0.02604675254510962 458
1694433628479 0.06589272179426005 459
1694433628547 0.07393965791687038 460
1694433628615 0.007934412786306121 461
1694433628683 0.0001532722220970392 462
1694433628751 0.26157861971129315 463
1694433628819 0.2862111165384033 464
1694433628887 0.04902198551184985 465
1694433628955 0.013615974511371766 466
1694433629025 0.0016510785470534232 467
1694433629092 0.00017985815948396222 468
1694433629161 0.08381172201407716 469
1694433629228 0.03655871544390724 470
1694433629297 0.010506314953986523 471
1694433629364 0.009143937884561918 472
1694433629432 0.0036324847109177293 473
1694433629500 1.3754510629210923 474
1694433629568 0.0004567884830227153 475
1694433629646 1.1711066443122624e-05 476
1694433629713 0.03223291522287465 477
1694433629781 0.010888488891282692 478
1694433629849 0.03732224918847943 479
1694433629916 0.18002374439251004 480
1694433629984 0.025674469164920798 481
1694433630051 0.11334401615725222 482
1694433630119 0.15847366971029045 483
1694433630187 0.015248848349070669 484
1694433630255 0.022109253016000006 485
1694433630323 0.78601642168722 486
1694433630391 0.05898720738470999 487
1694433630459 0.01922182731773999 488
1694433630528 0.05529494306532577 489
1694433630595 0.17701453741090992 490
1694433630664 0.13286143145304713 491
1694433630731 0.13412837353041243 492
1694433630799 0.017968015194603136 493
1694433630868 0.0012017341095000265 494
1694433630936 0.07364719679847063 495
1694433631003 0.09834672953165705 496
1694433631072 0.022921878987209262 497
1694433631140 0.17809255827346246 498
1694433631208 0.0032870071536486175 499
