1694429340840 159.32888761597607 0
1694429340857 156.15607982760804 1
1694429340873 153.6734682896679 2
1694429340890 151.2298687191257 3
1694429340905 148.8259698888997 4
1694429340920 146.4611155703107 5
1694429340937 144.13466326176317 6
1694429340953 141.84598116175246 7
1694429340968 139.594447993244 8
1694429340986 137.37945282522176 9
1694429341003 135.2003948973696 10
1694429341021 133.0566834478143 11
1694429341038 130.94773754387447 12
1694429341053 128.87298591575984 13
1694429341069 126.8318667931661 14
1694429341085 124.82382774471368 15
1694429341101 122.84832552017686 16
1694429341117 120.9048258954532 17
1694429341136 118.99280352022298 18
1694429341151 117.11174176824973 19
1694429341167 115.26113259027365 20
1694429341184 113.44047636945095 21
1694429341202 111.64928177929325 22
1694429341220 109.88706564406108 23
1694429341238 108.15335280156789 24
1694429341255 106.44767596835041 25
1694429341273 104.76957560716323 26
1694429341292 103.1185997967554 27
1694429341311 101.49430410388821 28
1694429341330 99.89625145755386 29
1694429341346 98.32401202535557 30
1694429341362 96.77716309201054 31
1694429341377 95.25528893993766 32
1694429341395 93.75798073189279 33
1694429341410 92.28483639561517 34
1694429341426 90.8354605104491 35
1694429341443 89.40946419590574 36
1694429341459 88.00646500213051 37
1694429341475 86.62608680224258 38
1694429341492 85.26795968651271 39
1694429341508 83.93171985834753 40
1694429341523 82.61700953204787 41
1694429341540 81.32347683230995 42
1694429341555 80.05077569543883 43
1694429341571 78.79856577224369 44
1694429341587 77.56651233258557 45
1694429341603 76.35428617154828 46
1694429341619 75.16156351720436 47
1694429341636 73.98802593994743 48
1694429341653 72.83336026336443 49
1694429341671 71.69725847661977 50
1694429341687 70.57941764832577 51
1694429341703 69.47953984187295 52
1694429341719 68.39733203219464 53
1694429341735 67.33250602394158 54
1694429341750 66.28477837104072 55
1694429341765 65.25387029761553 56
1694429341781 64.23950762024292 57
1694429341798 63.241420671524395 58
1694429341814 62.25934422494815 59
1694429341830 61.293017421019954 60
1694429341846 60.342183694640674 61
1694429341861 59.406590703708915 62
1694429341876 58.48599025892781 63
1694429341893 57.58013825479456 64
1694429341909 56.688794601752996 65
1694429341924 55.81172315948856 66
1694429341939 54.94869167134622 67
1694429341955 54.09947169985208 68
1694429341971 53.26383856331936 69
1694429341987 52.4415712735204 70
1694429342004 51.63245247440614 71
1694429342023 50.83626838185531 72
1694429342039 50.05280872443537 73
1694429342054 49.281866685158 74
1694429342071 48.52323884421222 75
1694429342086 47.77672512265803 76
1694429342103 47.042128727064494 77
1694429342119 46.3192560950759 78
1694429342134 45.60791684189015 79
1694429342151 44.90792370763382 80
1694429342167 44.21909250561865 81
1694429342183 43.541242071464254 82
1694429342200 42.8741942130724 83
1694429342215 42.217773661438386 84
1694429342231 41.571808022284955 85
1694429342247 40.936127728505234 86
1694429342263 40.310565993400516 87
1694429342279 39.694958764699464 88
1694429342295 39.08914467934567 89
1694429342312 38.49296501904018 90
1694429342329 37.90626366652635 91
1694429342346 37.3288870626046 92
1694429342362 36.76068416386424 93
1694429342378 36.20150640112069 94
1694429342394 35.6512076385458 95
1694429342410 35.10964413347966 96
1694429342425 34.57667449691255 97
1694429342441 34.05215965462515 98
1694429342457 33.53596280897659 99
1694429342472 33.02794940132883 100
1694429342488 32.52798707509686 101
1694429342505 32.03594563941409 102
1694429342520 31.551697033402593 103
1694429342536 31.075115291038045 104
1694429342551 30.60607650659905 105
1694429342567 30.144458800691375 106
1694429342583 29.690142286837162 107
1694429342599 29.243009038619704 108
1694429342615 28.802943057374318 109
1694429342631 28.3698302404163 110
1694429342647 27.94355834979673 111
1694429342662 27.52401698157747 112
1694429342679 27.111097535616295 113
1694429342694 26.70469318585403 114
1694429342710 26.304698851094816 115
1694429342727 25.911011166271553 116
1694429342742 25.52352845418817 117
1694429342758 25.142150697730838 118
1694429342775 24.76677951254016 119
1694429342791 24.39731812013678 120
1694429342807 24.033671321492488 121
1694429342824 23.675745471039797 122
1694429342840 23.32344845111222 123
1694429342857 22.976689646808275 124
1694429342873 22.635379921272122 125
1694429342889 22.299431591383733 126
1694429342905 21.968758403851787 127
1694429342920 21.643275511702672 128
1694429342936 21.322899451158804 129
1694429342951 21.007548118899823 130
1694429342968 20.697140749700278 131
1694429342983 20.39159789443748 132
1694429342999 20.090841398463446 133
1694429343015 19.794794380334572 134
1694429343031 19.503381210893483 135
1694429343047 19.216527492696752 136
1694429343063 18.934160039783023 137
1694429343078 18.65620685777572 138
1694429343094 18.382597124314813 139
1694429343111 18.11326116981209 140
1694429343127 17.84813045852465 141
1694429343144 17.58713756994113 142
1694429343160 17.33021618047568 143
1694429343174 17.07730104546442 144
1694429343191 16.82832798145932 145
1694429343207 16.583233848814704 146
1694429343223 16.341956534561255 147
1694429343239 16.104434935563013 148
1694429343256 15.87060894195246 149
1694429343271 15.640419420839129 150
1694429343287 15.413808200287187 151
1694429343303 15.190718053557605 152
1694429343318 14.971092683610262 153
1694429343334 14.754876707861964 154
1694429343350 14.54201564319596 155
1694429343366 14.332455891218766 156
1694429343382 14.126144723760259 157
1694429343397 13.923030268612912 158
1694429343414 13.723061495506393 159
1694429343430 13.52618820231328 160
1694429343446 13.33236100148241 161
1694429343462 13.141531306695839 162
1694429343479 12.953651319745815 163
1694429343494 12.768674017628147 164
1694429343510 12.586553139848167 165
1694429343526 12.407243175936053 166
1694429343542 12.230699353167857 167
1694429343558 12.056877624488818 168
1694429343574 11.885734656635718 169
1694429343590 11.717227818454841 170
1694429343606 11.551315169412492 171
1694429343622 11.387955448294598 172
1694429343638 11.227108062092565 173
1694429343655 11.068733075072089 174
1694429343671 10.912791198021944 175
1694429343686 10.75924377767981 176
1694429343703 10.60805278633225 177
1694429343719 10.459180811585728 178
1694429343735 10.312591046306128 179
1694429343751 10.168247278723776 180
1694429343766 10.026113882701338 181
1694429343781 9.886155808161822 182
1694429343797 9.748338571674083 183
1694429343813 9.612628247193229 184
1694429343829 9.478991456953327 185
1694429343845 9.347395362509923 186
1694429343861 9.217807655929857 187
1694429343876 9.090196551125992 188
1694429343892 8.964530775334447 189
1694429343908 8.840779560731956 190
1694429343924 8.718912636190975 191
1694429343940 8.59890021917045 192
1694429343956 8.48071300773977 193
1694429343971 8.364322172733937 194
1694429343989 8.249699350037504 195
1694429344006 8.136816632995528 196
1694429344022 8.025646564948964 197
1694429344039 7.916162131892964 198
1694429344055 7.808336755255615 199
1694429344070 7.702144284795367 200
1694429344085 7.5975589916151645 201
1694429344102 7.494555561291215 202
1694429344117 7.393109087114736 203
1694429344133 7.2931950634445775 204
1694429344150 7.1947893791690145 205
1694429344165 7.0978683112749925 206
1694429344180 7.002408518522772 207
1694429344196 6.908387035224579 208
1694429344213 6.815781265125269 209
1694429344228 6.724568975383446 210
1694429344245 6.634728290651424 211
1694429344260 6.54623768725225 212
1694429344276 6.459075987452345 213
1694429344292 6.373222353828072 214
1694429344308 6.288656283724757 215
1694429344324 6.205357603806582 216
1694429344339 6.123306464695905 217
1694429344356 6.042483335700477 218
1694429344371 5.962868999627133 219
1694429344387 5.884444547680571 220
1694429344403 5.8071913744457495 221
1694429344419 5.731091172952571 222
1694429344435 5.656125929821428 223
1694429344451 5.582277920488406 224
1694429344467 5.509529704508707 225
1694429344482 5.437864120937061 226
1694429344497 5.367264283783842 227
1694429344513 5.297713577545685 228
1694429344530 5.229195652809276 229
1694429344545 5.161694421927231 230
1694429344561 5.095194054764782 231
1694429344578 5.029678974516165 232
1694429344595 4.965133853589517 233
1694429344611 4.901543609559189 234
1694429344628 4.83889340118437 235
1694429344643 4.7771686244928375 236
1694429344660 4.71635490892895 237
1694429344675 4.656438113564589 238
1694429344691 4.5974043233722295 239
1694429344707 4.539239845558988 240
1694429344723 4.481931205960655 241
1694429344739 4.425465145494777 242
1694429344756 4.369828616671801 243
1694429344771 4.3150087801632715 244
1694429344787 4.260993001426218 245
1694429344802 4.207768847382754 246
1694429344819 4.1553240831540235 247
1694429344835 4.103646668847539 248
1694429344850 4.052724756397098 249
1694429344866 4.002546686454387 250
1694429344881 3.95310098533138 251
1694429344897 3.9043763619928296 252
1694429344913 3.856361705097817 253
1694429344929 3.8090460800897685 254
1694429344944 3.762418726333989 255
1694429344960 3.7164690543020145 256
1694429344975 3.671186642801984 257
1694429344991 3.626561236254269 258
1694429345006 3.58258274201163 259
1694429345022 3.539241227723164 260
1694429345038 3.496526918741324 261
1694429345054 3.4544301955713146 262
1694429345070 3.4129415913621237 263
1694429345086 3.3720517894385496 264
1694429345102 3.331751620873563 265
1694429345118 3.2920320621002808 266
1694429345135 3.2528842325629532 267
1694429345152 3.214299392406309 268
1694429345170 3.176268940202604 269
1694429345185 3.1387844107158114 270
1694429345201 3.101837472702277 271
1694429345217 3.065419926747277 272
1694429345233 3.0295237031369 273
1694429345248 2.9941408597646384 274
1694429345264 2.9592635800721423 275
1694429345280 2.9248841710235904 276
1694429345296 2.8909950611130624 277
1694429345311 2.85758879840447 278
1694429345327 2.8246580486033874 279
1694429345343 2.792195593160412 280
1694429345359 2.7601943274053737 281
1694429345374 2.7286472587120145 282
1694429345390 2.697547504692584 283
1694429345406 2.6668882914218415 284
1694429345422 2.636662951690031 285
1694429345437 2.6068649232843146 286
1694429345453 2.577487747298235 287
1694429345469 2.548525066468684 288
1694429345485 2.519970623540011 289
1694429345501 2.491818259654741 290
1694429345516 2.4640619127705525 291
1694429345532 2.4366956161029942 292
1694429345549 2.4097134965935734 293
1694429345564 2.383109773402817 294
1694429345580 2.3568787564278293 295
1694429345596 2.331014844844031 296
1694429345613 2.3055125256705704 297
1694429345629 2.2803663723591505 298
1694429345645 2.255571043405774 299
1694429345662 2.23112128098511 300
1694429345678 2.2070119096070617 301
1694429345693 2.183237834795202 302
1694429345709 2.1597940417866788 303
1694429345726 2.1366755942533175 304
1694429345744 2.113877633043473 305
1694429345761 2.0913953749443563 306
1694429345777 2.069224111464499 307
1694429345793 2.0473592076359792 308
1694429345809 2.025796100836158 309
1694429345825 2.0045302996285255 310
1694429345841 1.9835573826224058 311
1694429345857 1.9628729973511863 312
1694429345874 1.9424728591687737 313
1694429345890 1.9223527501639797 314
1694429345906 1.90250851809251 315
1694429345923 1.8829360753263502 316
1694429345939 1.8636313978201673 317
1694429345955 1.8445905240945122 318
1694429345971 1.8258095542355204 319
1694429345987 1.8072846489108576 320
1694429346002 1.7890120284016344 321
1694429346018 1.7709879716500163 322
1694429346034 1.7532088153223082 323
1694429346050 1.735670952887225 324
1694429346066 1.718370833709112 325
1694429346081 1.7013049621558725 326
1694429346097 1.6844698967213776 327
1694429346114 1.6678622491620654 328
1694429346130 1.6514786836475865 329
1694429346145 1.6353159159251838 330
1694429346161 1.619370712497614 331
1694429346177 1.603639889814423 332
1694429346192 1.588120313476274 333
1694429346208 1.5728088974522163 334
1694429346224 1.5577026033095913 335
1694429346240 1.5427984394564282 336
1694429346256 1.5280934603961214 337
1694429346272 1.5135847659941286 338
1694429346288 1.499269500756596 339
1694429346307 1.4851448531206213 340
1694429346322 1.4712080547560107 341
1694429346339 1.457456379878338 342
1694429346354 1.4438871445731185 343
1694429346370 1.4304977061308863 344
1694429346387 1.4172854623930753 345
1694429346403 1.4042478511084415 346
1694429346418 1.3913823492998785 347
1694429346435 1.3786864726415122 348
1694429346450 1.3661577748458216 349
1694429346465 1.3537938470606838 350
1694429346481 1.3415923172761552 351
1694429346497 1.3295508497408357 352
1694429346514 1.3176671443876575 353
1694429346530 1.305938936268947 354
1694429346547 1.2943639950006067 355
1694429346562 1.2829401242152736 356
1694429346578 1.271665161024306 357
1694429346594 1.2605369754884337 358
1694429346610 1.2495534700969646 359
1694429346625 1.2387125792554037 360
1694429346642 1.2280122687812962 361
1694429346657 1.217450535408253 362
1694429346673 1.207025406297923 363
1694429346689 1.196734938559867 364
1694429346704 1.1865772187791441 365
1694429346720 1.1765503625515354 366
1694429346736 1.1666525140262352 367
1694429346753 1.1568818454559167 368
1694429346769 1.1472365567540468 369
1694429346785 1.137714875059311 370
1694429346800 1.1283150543070792 371
1694429346817 1.1190353748077488 372
1694429346832 1.1098741428318637 373
1694429346849 1.1008296902019403 374
1694429346865 1.0919003738908288 375
1694429346880 1.0830845756265501 376
1694429346897 1.0743807015034752 377
1694429346914 1.0657871815997684 378
1694429346931 1.0573024696009705 379
1694429346949 1.048925042429632 380
1694429346964 1.0406533998808947 381
1694429346980 1.0324860642639282 382
1694429346995 1.0244215800491256 383
1694429347012 1.0164585135209714 384
1694429347028 1.0085954524364598 385
1694429347044 1.0008310056890186 386
1694429347060 0.993163802977812 387
1694429347075 0.9855924944823435 388
1694429347091 0.9781157505423053 389
1694429347106 0.9707322613425188 390
1694429347122 0.9634407366029677 391
1694429347138 0.956239905273765 392
1694429347154 0.9491285152350302 393
1694429347170 0.9421053330015625 394
1694429347185 0.9351691434322604 395
1694429347201 0.9283187494441645 396
1694429347216 0.9215529717311058 397
1694429347233 0.9148706484868485 398
1694429347249 0.9082706351326513 399
1694429347264 0.901751804049209 400
1694429347280 0.8953130443128624 401
1694429347296 0.8889532614360384 402
1694429347312 0.8826713771118283 403
1694429347329 0.8764663289626606 404
1694429347345 0.8703370702929684 405
1694429347361 0.8642825698458434 406
1694429347377 0.8583018115635396 407
1694429347394 0.85239379435182 408
1694429347409 0.8465575318480596 409
1694429347425 0.840792052193056 410
1694429347441 0.8350963978064682 411
1694429347458 0.8294696251658427 412
1694429347474 0.8239108045891702 413
1694429347491 0.8184190200208954 414
1694429347508 0.8129933688213427 415
1694429347524 0.8076329615595055 416
1694429347541 0.8023369218091213 417
1694429347556 0.7971043859480076 418
1694429347572 0.7919345029605742 419
1694429347589 0.786826434243504 420
1694429347605 0.781779353414503 421
1694429347622 0.7767924461240967 422
1694429347638 0.7718649098704373 423
1694429347654 0.7669959538170262 424
1694429347670 0.7621847986133526 425
1694429347685 0.7574306762183843 426
1694429347701 0.7527328297268461 427
1694429347717 0.748090513198271 428
1694429347733 0.7435029914887487 429
1694429347748 0.7389695400853712 430
1694429347764 0.7344894449432806 431
1694429347779 0.7300620023253004 432
1694429347796 0.7256865186441308 433
1694429347811 0.7213623103070288 434
1694429347827 0.7170887035629534 435
1694429347843 0.7128650343521212 436
1694429347858 0.7086906481579712 437
1694429347874 0.7045648998614469 438
1694429347890 0.7004871535975962 439
1694429347906 0.6964567826144296 440
1694429347922 0.6924731691340377 441
1694429347937 0.6885357042158661 442
1694429347954 0.6846437876221787 443
1694429347970 0.68079682768564 444
1694429347986 0.6769942411789786 445
1694429348002 0.6732354531867291 446
1694429348018 0.6695198969789745 447
1694429348033 0.6658470138870994 448
1694429348050 0.6622162531814955 449
1694429348066 0.6586270719511925 450
1694429348084 0.6550789349853927 451
1694429348099 0.6515713146568705 452
1694429348116 0.6481036908071978 453
1694429348131 0.6446755506337942 454
1694429348146 0.6412863885787516 455
1694429348162 0.6379357062193882 456
1694429348178 0.6346230121605498 457
1694429348193 0.6313478219285922 458
1694429348209 0.628109657867022 459
1694429348225 0.6249080490338 460
1694429348241 0.6217425311002313 461
1694429348256 0.6186126462514577 462
1694429348273 0.6155179430885176 463
1694429348289 0.6124579765319256 464
1694429348304 0.6094323077267658 465
1694429348320 0.6064405039492949 466
1694429348335 0.603482138514979 467
1694429348352 0.6005567906879951 468
1694429348368 0.5976640455921299 469
1694429348383 0.5948034941230895 470
1694429348399 0.5919747328621713 471
1694429348415 0.5891773639912883 472
1694429348431 0.5864109952093225 473
1694429348447 0.5836752396497836 474
1694429348463 0.5809697157997554 475
1694429348478 0.5782940474201093 476
1694429348494 0.5756478634669626 477
1694429348511 0.5730307980143526 478
1694429348525 0.5704424901781323 479
1694429348542 0.5678825840410349 480
1694429348557 0.5653507285789298 481
1694429348573 0.5628465775881966 482
1694429348589 0.5603697896142547 483
1694429348605 0.5579200278811963 484
1694429348621 0.5554969602225064 485
1694429348638 0.5531002590128693 486
1694429348656 0.5507296011010379 487
1694429348672 0.5483846677437314 488
1694429348688 0.5460651445405719 489
1694429348702 0.5437707213700241 490
1694429348719 0.5415010923263334 491
1694429348734 0.5392559556574392 492
1694429348750 0.5370350137038508 493
1694429348766 0.5348379728384628 494
1694429348782 0.532664543407322 495
1694429348797 0.5305144396712842 496
1694429348814 0.5283873797485933 497
1694429348830 0.5262830855583479 498
1694429348845 0.5242012827648243 499
