1694427970850 180.55783593224857 0
1694427970918 160.61910931967975 1
1694427970989 165.43293653804002 2
1694427971054 176.64545806065016 3
1694427971119 178.38374629353007 4
1694427971186 169.94070569344066 5
1694427971272 169.686793005231 6
1694427971369 171.01180878076806 7
1694427971446 161.99349706098783 8
1694427971511 172.38366890574912 9
1694427971579 179.54436881847877 10
1694427971647 165.57643057859224 11
1694427971711 154.71952410863702 12
1694427971775 167.26158429411237 13
1694427971840 170.18123603967177 14
1694427971905 171.80694833565985 15
1694427971978 163.1431852915271 16
1694427972043 161.02700153185154 17
1694427972108 164.22611548238788 18
1694427972172 153.26218332835424 19
1694427972238 205.9002916398607 20
1694427972304 161.6488749151568 21
1694427972368 167.3421175029603 22
1694427972433 169.28998263178897 23
1694427972497 160.32802019387032 24
1694427972568 171.1566517753384 25
1694427972633 171.7167525963122 26
1694427972697 181.86712247836132 27
1694427972765 171.44780405989252 28
1694427972833 164.6384109671369 29
1694427972897 172.24889147898247 30
1694427972963 191.6593269273981 31
1694427973027 175.24567490739736 32
1694427973095 165.1835492225122 33
1694427973161 163.43643866261127 34
1694427973226 181.77672166974432 35
1694427973292 161.9229356368391 36
1694427973364 189.94142731110637 37
1694427973429 167.79397618282033 38
1694427973495 164.98516016310109 39
1694427973560 163.03806184852806 40
1694427973626 171.22136357181012 41
1694427973692 163.55498949338585 42
1694427973757 194.52987824013186 43
1694427973821 175.33689617390417 44
1694427973886 176.59206579681694 45
1694427973951 157.00149204606797 46
1694427974016 173.36437587820458 47
1694427974080 173.61574725085026 48
1694427974144 172.1606076047154 49
1694427974218 147.75723125003518 50
1694427974283 173.2574782711499 51
1694427974348 163.72161002761464 52
1694427974412 214.91855139305528 53
1694427974476 159.97457267311228 54
1694427974541 204.22879799601318 55
1694427974605 150.72492962926788 56
1694427974669 191.86511124533496 57
1694427974736 198.7766919331799 58
1694427974802 154.90231482783364 59
1694427974866 176.11600389386962 60
1694427974928 155.63651458703973 61
1694427975005 168.52929598470848 62
1694427975073 150.96846599248423 63
1694427975136 156.4402230493295 64
1694427975201 185.45288905929948 65
1694427975266 158.79119538584823 66
1694427975331 167.6536929160394 67
1694427975396 171.5793585523008 68
1694427975460 163.7158424919741 69
1694427975525 158.3533717943775 70
1694427975589 151.90738298049675 71
1694427975653 167.29292680373356 72
1694427975719 173.12043780569795 73
1694427975783 175.39439654566573 74
1694427975847 158.03485467750485 75
1694427975922 144.26974524821318 76
1694427975987 183.01461603257053 77
1694427976052 160.83535106893487 78
1694427976116 179.52329327176338 79
1694427976181 162.16654057032608 80
1694427976246 160.28660236456142 81
1694427976311 151.92069127645362 82
1694427976378 176.24150389732432 83
1694427976443 177.8886840804415 84
1694427976506 167.96913469463593 85
1694427976572 178.8595103681674 86
1694427976636 155.9248329801911 87
1694427976701 178.32974965095954 88
1694427976773 169.9960890676628 89
1694427976838 171.22058828964862 90
1694427976902 164.4480417733624 91
1694427976968 166.920714190787 92
1694427977032 205.2098412257968 93
1694427977096 160.09703930900392 94
1694427977161 145.64988631881675 95
1694427977227 174.62458036271903 96
1694427977291 157.8297929878072 97
1694427977355 163.4743981121684 98
1694427977420 179.32815058019494 99
1694427977485 153.84886561269855 100
1694427977550 183.3288879543938 101
1694427977615 167.07513070103394 102
1694427977680 174.1735337711303 103
1694427977745 167.09487423914067 104
1694427977809 156.61178987157066 105
1694427977874 194.1557693454839 106
1694427977938 161.41459948242243 107
1694427978002 172.5987556595079 108
1694427978066 193.9639473715225 109
1694427978130 160.93289480483242 110
1694427978195 178.7825212818072 111
1694427978259 180.0794068055393 112
1694427978323 165.10774057507015 113
1694427978388 149.75397466908677 114
1694427978456 154.03062189209982 115
1694427978521 161.6541536517656 116
1694427978586 178.15343424931635 117
1694427978652 161.77437505196613 118
1694427978720 175.1946113624943 119
1694427978788 177.85507888110277 120
1694427978853 185.1525950607312 121
1694427978916 167.3311300973953 122
1694427978981 167.9825505325245 123
1694427979044 158.8883973555996 124
1694427979109 169.29917741546 125
1694427979174 185.1669991341359 126
1694427979240 174.4326915077038 127
1694427979313 169.08738703878922 128
1694427979377 177.65099668886091 129
1694427979442 154.55388427441085 130
1694427979508 177.18889314756592 131
1694427979571 142.59926595293973 132
1694427979637 156.8591979375214 133
1694427979705 186.83915833996465 134
1694427979769 168.03149602330268 135
1694427979835 175.7176236976473 136
1694427979898 155.2629690124337 137
1694427979963 149.17157622881297 138
1694427980031 178.71631939694188 139
1694427980095 163.46121099037748 140
1694427980163 164.15851230141985 141
1694427980231 193.2388780463812 142
1694427980294 170.9704916861453 143
1694427980359 155.9629760210775 144
1694427980424 156.97811798288166 145
1694427980488 175.96399341579053 146
1694427980551 170.60323263550782 147
1694427980616 146.257579159599 148
1694427980680 173.23259269655645 149
1694427980745 188.9531366713917 150
1694427980808 168.17842730399644 151
1694427980873 157.79717039893652 152
1694427980939 158.03095584130023 153
1694427981016 179.57773962692258 154
1694427981080 162.491821770265 155
1694427981144 180.51500594539328 156
1694427981210 197.74849811492388 157
1694427981275 150.8866659891381 158
1694427981341 188.82093810320686 159
1694427981405 175.21108444042466 160
1694427981469 167.43681410797467 161
1694427981534 169.4426264725862 162
1694427981598 186.7478518715983 163
1694427981663 170.00905135926277 164
1694427981727 156.43787728241222 165
1694427981791 186.03001125354777 166
1694427981861 168.01512451732006 167
1694427981926 154.9008095702483 168
1694427981991 174.718098213557 169
1694427982054 165.0816118856526 170
1694427982118 155.45538910247123 171
1694427982185 158.11462230169278 172
1694427982250 157.28254820380292 173
1694427982315 168.53645192088194 174
1694427982380 146.1286850196811 175
1694427982445 163.0034762934507 176
1694427982509 193.35211473457363 177
1694427982573 164.62870553997152 178
1694427982639 172.1890676274222 179
1694427982707 165.47201399451444 180
1694427982773 156.97755831247818 181
1694427982839 170.6859624238457 182
1694427982903 177.9178453521653 183
1694427982969 154.81050752482128 184
1694427983033 164.07228430576876 185
1694427983096 171.77087549514673 186
1694427983161 175.1467727081672 187
1694427983226 179.00352833737222 188
1694427983290 192.97493317724926 189
1694427983354 153.9637392885764 190
1694427983418 153.3096397186365 191
1694427983483 152.67646020615814 192
1694427983553 153.08834083980554 193
1694427983620 163.35611868967473 194
1694427983685 158.2678809279709 195
1694427983751 156.26938523878567 196
1694427983816 175.78904099008267 197
1694427983880 155.623517213445 198
1694427983945 168.88484698055336 199
1694427984008 155.6850302594524 200
1694427984073 155.7857873830969 201
1694427984138 173.8941728886489 202
1694427984203 145.31309421656476 203
1694427984267 153.3225923615868 204
1694427984332 158.87221203385113 205
1694427984399 154.4520785518011 206
1694427984464 160.08335533421905 207
1694427984529 164.06434499314565 208
1694427984593 164.66441937658942 209
1694427984659 155.36141402449556 210
1694427984723 165.27263793044642 211
1694427984788 177.05914281036155 212
1694427984852 166.90792012263702 213
1694427984916 295.5759700200692 214
1694427984982 159.33004963643324 215
1694427985046 158.47482269041186 216
1694427985110 161.965436983087 217
1694427985175 153.12627818332567 218
1694427985241 162.93906593161583 219
1694427985306 163.55363610302967 220
1694427985370 155.598556501245 221
1694427985435 176.0138533965635 222
1694427985499 173.42651083764122 223
1694427985563 154.75559182464374 224
1694427985627 173.7838269476155 225
1694427985692 155.15575289508078 226
1694427985758 161.62878404170272 227
1694427985822 198.36367253454208 228
1694427985886 160.7662857980604 229
1694427985950 164.81296316575114 230
1694427986014 158.266264257451 231
1694427986084 166.2054062870366 232
1694427986150 149.77953471543108 233
1694427986214 153.95046502099146 234
1694427986280 168.9210484124333 235
1694427986344 163.05354616332437 236
1694427986409 160.79123642689527 237
1694427986473 151.99263274442185 238
1694427986537 176.9136519004854 239
1694427986602 170.01853117878196 240
1694427986668 173.8047832626129 241
1694427986733 164.96344523186713 242
1694427986797 151.46087452683327 243
1694427986863 164.15803337759164 244
1694427986928 184.53529799341914 245
1694427986999 183.27120237257427 246
1694427987065 198.4840980094579 247
1694427987129 209.34874130864807 248
1694427987193 155.36439822994365 249
1694427987258 156.2224297498554 250
1694427987324 171.41491914071915 251
1694427987389 168.5433641294647 252
1694427987453 163.52289487739256 253
1694427987517 155.40803027125628 254
1694427987581 153.77232690375791 255
1694427987646 151.58138597180383 256
1694427987714 169.13703819419965 257
1694427987781 142.73829422273994 258
1694427987849 178.34587474053913 259
1694427987913 160.12100259116264 260
1694427987979 159.34127642143926 261
1694427988042 165.09129023786488 262
1694427988107 166.9023469600342 263
1694427988171 176.11899116639452 264
1694427988237 143.64639296542475 265
1694427988301 176.40538300865083 266
1694427988366 166.06514371665688 267
1694427988431 167.5432114027682 268
1694427988496 177.0007828389548 269
1694427988561 162.40292637896357 270
1694427988628 153.33623065833874 271
1694427988698 181.47828040885912 272
1694427988764 167.9112773647068 273
1694427988830 175.18012159715101 274
1694427988895 164.65653885125346 275
1694427988959 174.42291904242884 276
1694427989023 171.80746223081815 277
1694427989092 167.4624380928436 278
1694427989156 164.88028278759836 279
1694427989222 203.9262583590337 280
1694427989286 170.34759615252972 281
1694427989351 258.18322314231904 282
1694427989416 158.3151754479993 283
1694427989483 175.75710918388256 284
1694427989549 156.40078102200923 285
1694427989612 159.6589738170209 286
1694427989675 170.89022137930036 287
1694427989739 164.9011944390305 288
1694427989804 167.78998537951296 289
1694427989868 149.926149637689 290
1694427989930 170.31200490518341 291
1694427989995 155.7922104078131 292
1694427990061 169.0180455526351 293
1694427990128 175.68036275120423 294
1694427990194 180.5133758017244 295
1694427990261 149.57134224629678 296
1694427990332 182.85533131822703 297
1694427990400 229.16867034008627 298
1694427990465 193.34280587443433 299
1694427990528 174.33250910855875 300
1694427990593 153.11771687702125 301
1694427990657 173.23430500665236 302
1694427990722 158.07599586742884 303
1694427990785 170.1363854751385 304
1694427990851 204.45454807730735 305
1694427990916 152.0339375281313 306
1694427990981 161.01702523315421 307
1694427991046 169.01285030114053 308
1694427991110 160.30479724684565 309
1694427991176 150.1354599687354 310
1694427991246 175.11741301579463 311
1694427991311 161.20484398830874 312
1694427991376 166.50158302896148 313
1694427991440 161.86682703592362 314
1694427991504 187.92388651210345 315
1694427991568 153.48523366582117 316
1694427991633 167.95977571912408 317
1694427991699 157.6222071219587 318
1694427991762 149.6253061181432 319
1694427991828 172.68842020096866 320
1694427991892 169.03707880097005 321
1694427991956 180.03199693403923 322
1694427992022 169.95482307625429 323
1694427992085 170.1736498947688 324
1694427992149 152.36952579795695 325
1694427992217 190.5322405876108 326
1694427992282 176.00297286773343 327
1694427992348 162.8279786996095 328
1694427992413 167.93993427911795 329
1694427992478 181.93748660546078 330
1694427992542 167.77197876717875 331
1694427992606 160.0775192775425 332
1694427992671 158.30713334361585 333
1694427992737 168.30408731270603 334
1694427992803 168.32212953241594 335
1694427992870 160.42264509394113 336
1694427992945 158.55525866504627 337
1694427993010 152.43196284250897 338
1694427993074 158.13837081287525 339
1694427993137 166.46654341862495 340
1694427993200 151.27129504252758 341
1694427993265 192.52638936333702 342
1694427993330 151.9869368200118 343
1694427993394 198.40936890547775 344
1694427993458 178.2123531271095 345
1694427993522 178.72088100539136 346
1694427993589 173.09794213891033 347
1694427993654 163.34579497035375 348
1694427993720 170.49376511350687 349
1694427993785 158.08279847402588 350
1694427993850 157.18643976216913 351
1694427993913 165.60771614847314 352
1694427993977 178.7951032082366 353
1694427994041 171.97670233764435 354
1694427994105 152.32802337292804 355
1694427994170 171.6691107644865 356
1694427994234 162.25389568844074 357
1694427994299 148.33205010252772 358
1694427994362 173.45734887663545 359
1694427994427 163.44867857662317 360
1694427994493 149.1785660335404 361
1694427994559 219.60381149080044 362
1694427994623 162.01967867304413 363
1694427994686 155.73979987460777 364
1694427994750 159.9403461593916 365
1694427994816 160.95849416130582 366
1694427994882 160.35221969835175 367
1694427994946 154.97270776451984 368
1694427995012 160.69615828716323 369
1694427995077 232.16507450458656 370
1694427995142 154.84053768753017 371
1694427995206 157.2872872435028 372
1694427995270 174.631171054497 373
1694427995335 168.87467881425502 374
1694427995402 162.60757392891168 375
1694427995467 164.14658929788058 376
1694427995531 167.60486274424048 377
1694427995596 159.4044338787374 378
1694427995661 195.14122837626036 379
1694427995725 167.51571112436218 380
1694427995790 170.25204861115662 381
1694427995854 155.9152127004233 382
1694427995919 166.75004520569254 383
1694427995983 162.03402385143443 384
1694427996048 161.83482949516755 385
1694427996113 179.769901064765 386
1694427996177 178.50533896117176 387
1694427996250 153.86636153817656 388
1694427996317 154.76048267371596 389
1694427996382 163.02912348181675 390
1694427996445 182.66350960317789 391
1694427996510 153.34350834281577 392
1694427996574 184.37760539492876 393
1694427996639 156.69358292489332 394
1694427996703 163.26725891857393 395
1694427996772 158.68029010370748 396
1694427996836 192.00235551445255 397
1694427996904 183.6785803306776 398
1694427996970 176.98120923601297 399
1694427997034 174.13327891070887 400
1694427997106 178.29419204245366 401
1694427997172 175.19512349258767 402
1694427997237 164.88308319194218 403
1694427997300 174.44233998504168 404
1694427997366 145.33749104197383 405
1694427997430 164.32912354800933 406
1694427997495 173.7145983432101 407
1694427997559 157.6205143292239 408
1694427997623 208.5459205592402 409
1694427997687 161.63019366145704 410
1694427997753 159.70707819586033 411
1694427997818 169.05224225834445 412
1694427997882 177.77449288760008 413
1694427997950 171.65572762551142 414
1694427998016 156.384317954266 415
1694427998080 167.87620073357053 416
1694427998144 195.84747991569736 417
1694427998208 195.33624196525966 418
1694427998274 148.6979586472696 419
1694427998339 163.26173611540753 420
1694427998403 157.39885766168504 421
1694427998466 171.77179831116823 422
1694427998530 158.04803229191245 423
1694427998596 152.7688996757391 424
1694427998660 162.57877552193676 425
1694427998724 165.37506328224586 426
1694427998795 155.3998782225402 427
1694427998860 181.31527080431147 428
1694427998924 165.20101034076512 429
1694427998991 160.37152089740036 430
1694427999061 167.57399433345753 431
1694427999125 194.94015917134325 432
1694427999189 158.86061597909188 433
1694427999253 167.59803201363448 434
1694427999318 168.7409389758747 435
1694427999383 201.67918716613255 436
1694427999448 143.42430173101422 437
1694427999511 129.73494133841578 438
1694427999575 154.90625149261788 439
1694427999642 178.22550921439012 440
1694427999707 169.73873446127106 441
1694427999772 163.00382452757268 442
1694427999837 163.9738894660765 443
1694427999901 173.24252852414816 444
1694427999966 182.91980412610746 445
1694428000032 183.76661164251928 446
1694428000096 155.15008165206564 447
1694428000160 187.34607626426487 448
1694428000224 182.66877244627486 449
1694428000290 160.95123754553708 450
1694428000354 156.5881675628192 451
1694428000420 165.56264762017923 452
1694428000489 178.0657349445056 453
1694428000552 164.67154686441825 454
1694428000617 155.51775717642684 455
1694428000681 180.47066999715554 456
1694428000745 146.21066166914767 457
1694428000809 154.05323839358613 458
1694428000873 170.03927068845863 459
1694428000938 173.2934841470302 460
1694428001003 154.91049109459047 461
1694428001068 189.9021395193762 462
1694428001132 153.93729151216434 463
1694428001196 168.07415060113058 464
1694428001260 172.58881203803864 465
1694428001334 165.99343993217434 466
1694428001399 163.01339218105 467
1694428001462 154.9740632499413 468
1694428001526 175.18078406735486 469
1694428001592 171.46989770121132 470
1694428001656 161.58264818705538 471
1694428001721 181.6869524469881 472
1694428001784 169.0212519613316 473
1694428001849 165.2923678902179 474
1694428001913 192.35674949429745 475
1694428001977 156.05134270857653 476
1694428002042 176.51041447577762 477
1694428002106 158.65321769896767 478
1694428002174 166.19332912731224 479
1694428002255 178.4919569058195 480
1694428002323 182.4848302017085 481
1694428002388 168.6417444299723 482
1694428002452 164.01552624421603 483
1694428002516 166.24957409579108 484
1694428002580 163.4385541422976 485
1694428002646 163.5469143011842 486
1694428002711 169.46297202140846 487
1694428002776 164.99898872742327 488
1694428002840 160.1882850627735 489
1694428002904 195.02539211315812 490
1694428002969 163.7819061590534 491
1694428003042 168.61426925658165 492
1694428003109 163.82040662902082 493
1694428003175 187.18526196902408 494
1694428003240 187.26808209713397 495
1694428003304 187.02309991761894 496
1694428003368 161.58182366500066 497
1694428003432 158.1842298981203 498
1694428003498 172.5937813191402 499
