1694427526738 168.89967544445548 0
1694427526754 168.81724791776088 1
1694427526770 168.76133481711193 2
1694427526785 168.7114261264204 3
1694427526800 168.66707678735295 4
1694427526815 168.62763455882254 5
1694427526831 168.59252865834267 6
1694427526847 168.56125594006292 7
1694427526862 168.53337286583056 8
1694427526877 168.50848837626276 9
1694427526893 168.4862576191159 10
1694427526912 168.46637643072282 11
1694427526930 168.44857647988027 12
1694427526945 168.43262099446795 13
1694427526959 168.4183010006878 14
1694427526975 168.40543201325707 15
1694427526991 168.39385112231827 16
1694427527005 168.38341442936007 17
1694427527023 168.37399479019177 18
1694427527038 168.36547982806366 19
1694427527054 168.35777018447172 20
1694427527069 168.3507779790924 21
1694427527084 168.34442545373156 22
1694427527099 168.33864377819324 23
1694427527115 168.33337199863485 24
1694427527131 168.32855611131203 25
1694427527146 168.32414824667424 26
1694427527161 168.32010595058122 27
1694427527178 168.3163915510008 28
1694427527195 168.31297159994858 29
1694427527212 168.3098163816611 30
1694427527228 168.30689947907626 31
1694427527245 168.30419739164694 32
1694427527262 168.30168919835288 33
1694427527280 168.29935626051068 34
1694427527298 168.29718195963122 35
1694427527315 168.29515146614406 36
1694427527331 168.2932515353092 37
1694427527347 168.2914703270779 38
1694427527361 168.2897972470534 39
1694427527376 168.28822280604248 40
1694427527391 168.2867384959901 41
1694427527406 168.28533668035342 42
1694427527422 168.28401049720404 43
1694427527438 168.2827537735519 44
1694427527453 168.2815609495646 45
1694427527468 168.28042701151352 46
1694427527483 168.27934743241838 47
1694427527498 168.2783181194845 48
1694427527513 168.2773353675343 49
1694427527528 168.2763958177301 50
1694427527543 168.27549642096878 51
1694427527558 168.2746344054031 52
1694427527573 168.27380724760744 53
1694427527588 168.2730126469655 54
1694427527603 168.272248502905 55
1694427527618 168.27151289465044 56
1694427527634 168.27080406320349 57
1694427527650 168.27012039529419 58
1694427527665 168.26946040907714 59
1694427527681 168.26882274137324 60
1694427527695 168.26820613628078 61
1694427527710 168.26760943500042 62
1694427527725 168.26703156673685 63
1694427527741 168.26647154055559 64
1694427527756 168.26592843808862 65
1694427527771 168.26540140699296 66
1694427527786 168.26488965507966 67
1694427527801 168.26439244503848 68
1694427527815 168.26390908969285 69
1694427527831 168.26343894772756 70
1694427527847 168.26298141983716 71
1694427527862 168.26253594525056 72
1694427527877 168.26210199859037 73
1694427527892 168.26167908703255 74
1694427527909 168.26126674773332 75
1694427527929 168.26086454549676 76
1694427527949 168.26047207065648 77
1694427527967 168.2600889371507 78
1694427527982 168.25971478076957 79
1694427527998 168.25934925755857 80
1694427528014 168.2589920423613 81
1694427528030 168.25864282748847 82
1694427528045 168.25830132149966 83
1694427528061 168.25796724808845 84
1694427528076 168.25764034505926 85
1694427528091 168.25732036338817 86
1694427528106 168.2570070663595 87
1694427528121 168.256700228771 88
1694427528138 168.25639963620114 89
1694427528153 168.2561050843337 90
1694427528168 168.2558163783333 91
1694427528183 168.2555333322679 92
1694427528199 168.25525576857453 93
1694427528214 168.25498351756383 94
1694427528230 168.25471641696026 95
1694427528245 168.25445431147537 96
1694427528260 168.25419705241075 97
1694427528276 168.2539444972886 98
1694427528292 168.2536965095075 99
1694427528307 168.253452958022 100
1694427528322 168.25321371704234 101
1694427528337 168.25297866575534 102
1694427528352 168.2527476880627 103
1694427528368 168.252520672336 104
1694427528382 168.25229751118795 105
1694427528398 168.2520781012571 106
1694427528413 168.2518623430069 107
1694427528429 168.25165014053633 108
1694427528446 168.25144140140233 109
1694427528464 168.2512360364529 110
1694427528481 168.2510339596702 111
1694427528497 168.25083508802265 112
1694427528512 168.2506393413258 113
1694427528528 168.25044664211126 114
1694427528543 168.25025691550297 115
1694427528559 168.2500700891006 116
1694427528574 168.24988609286936 117
1694427528590 168.24970485903611 118
1694427528605 168.2495263219908 119
1694427528619 168.24935041819376 120
1694427528634 168.24917708608757 121
1694427528651 168.24900626601396 122
1694427528666 168.24883790013487 123
1694427528681 168.2486719323577 124
1694427528696 168.2485083082646 125
1694427528711 168.24834697504522 126
1694427528726 168.24818788143304 127
1694427528742 168.2480309776447 128
1694427528758 168.2478762153227 129
1694427528775 168.24772354748066 130
1694427528791 168.24757292845138 131
1694427528806 168.24742431383746 132
1694427528822 168.24727766046436 133
1694427528837 168.2471329263356 134
1694427528853 168.24699007059007 135
1694427528868 168.2468490534614 136
1694427528883 168.24670983623935 137
1694427528899 168.24657238123285 138
1694427528913 168.2464366517347 139
1694427528929 168.2463026119879 140
1694427528945 168.24617022715344 141
1694427528960 168.24603946327994 142
1694427528974 168.2459102872739 143
1694427528990 168.24578266687183 144
1694427529005 168.2456565706133 145
1694427529020 168.2455319678154 146
1694427529035 168.24540882854788 147
1694427529050 168.24528712360973 148
1694427529066 168.2451668245065 149
1694427529081 168.2450479034288 150
1694427529096 168.24493033323108 151
1694427529110 168.24481408741215 152
1694427529125 168.2446991400958 153
1694427529140 168.24458546601232 154
1694427529157 168.24447304048098 155
1694427529172 168.24436183939284 156
1694427529187 168.24425183919462 157
1694427529202 168.2441430168727 158
1694427529217 168.24403534993826 159
1694427529232 168.24392881641242 160
1694427529248 168.2438233948124 161
1694427529264 168.24371906413782 162
1694427529278 168.24361580385764 163
1694427529294 168.24351359389777 164
1694427529310 168.2434124146287 165
1694427529325 168.24331224685386 166
1694427529340 168.24321307179818 167
1694427529355 168.2431148710973 168
1694427529370 168.24301762678698 169
1694427529387 168.24292132129264 170
1694427529404 168.24282593741984 171
1694427529418 168.2427314583443 172
1694427529435 168.2426378676031 173
1694427529452 168.24254514908517 174
1694427529467 168.24245328702318 175
1694427529482 168.24236226598458 176
1694427529497 168.24227207086398 177
1694427529512 168.24218268687477 178
1694427529527 168.24209409954173 179
1694427529542 168.2420062946935 180
1694427529558 168.24191925845543 181
1694427529574 168.24183297724247 182
1694427529589 168.2417474377525 183
1694427529604 168.24166262695965 184
1694427529618 168.24157853210784 185
1694427529634 168.24149514070461 186
1694427529649 168.24141244051512 187
1694427529665 168.24133041955602 188
1694427529680 168.24124906609006 189
1694427529695 168.24116836862027 190
1694427529712 168.24108831588455 191
1694427529727 168.2410088968505 192
1694427529742 168.24093010071024 193
1694427529757 168.24085191687536 194
1694427529772 168.24077433497212 195
1694427529787 168.24069734483663 196
1694427529802 168.24062093651028 197
1694427529817 168.24054510023524 198
1694427529833 168.24046982645007 199
1694427529848 168.24039510578524 200
1694427529863 168.2403209290594 201
1694427529879 168.24024728727483 202
1694427529895 168.24017417161386 203
1694427529911 168.24010157343466 204
1694427529926 168.2400294842677 205
1694427529941 168.239957895812 206
1694427529958 168.23988679993155 207
1694427529972 168.23981618865162 208
1694427529988 168.2397460541556 209
1694427530003 168.23967638878156 210
1694427530018 168.23960718501888 211
1694427530033 168.2395384355051 212
1694427530049 168.23947013302293 213
1694427530064 168.23940227049698 214
1694427530079 168.23933484099103 215
1694427530094 168.2392678377049 216
1694427530110 168.23920125397177 217
1694427530124 168.23913508325535 218
1694427530139 168.2390693191471 219
1694427530154 168.23900395536364 220
1694427530170 168.23893898574417 221
1694427530185 168.23887440424792 222
1694427530200 168.23881020495162 223
1694427530215 168.23874638204722 224
1694427530229 168.2386829298392 225
1694427530245 168.23861984274274 226
1694427530263 168.238557115281 227
1694427530280 168.23849474208313 228
1694427530295 168.23843271788198 229
1694427530311 168.23837103751217 230
1694427530326 168.23830969590784 231
1694427530342 168.2382486881006 232
1694427530357 168.23818800921774 233
1694427530373 168.23812765447997 234
1694427530388 168.23806761919988 235
1694427530403 168.23800789877978 236
1694427530418 168.23794848871 237
1694427530433 168.23788938456715 238
1694427530448 168.2378305820123 239
1694427530464 168.2377720767892 240
1694427530479 168.2377138647228 241
1694427530494 168.23765594171743 242
1694427530510 168.23759830375536 243
1694427530526 168.23754094689502 244
1694427530543 168.2374838672697 245
1694427530559 168.23742706108575 246
1694427530575 168.2373705246215 247
1694427530590 168.23731425422545 248
1694427530605 168.23725824631504 249
1694427530620 168.23720249737516 250
1694427530635 168.23714700395703 251
1694427530651 168.23709176267653 252
1694427530666 168.2370367702132 253
1694427530681 168.2369820233087 254
1694427530697 168.23692751876592 255
1694427530712 168.23687325344733 256
1694427530727 168.23681922427411 257
1694427530742 168.23676542822483 258
1694427530758 168.23671186233437 259
1694427530773 168.23665852369274 260
1694427530788 168.23660540944405 261
1694427530803 168.2365525167853 262
1694427530819 168.23649984296551 263
1694427530833 168.23644738528446 264
1694427530848 168.23639514109198 265
1694427530864 168.2363431077866 266
1694427530879 168.2362912828149 267
1694427530894 168.23623966367032 268
1694427530909 168.23618824789233 269
1694427530924 168.2361370330656 270
1694427530938 168.2360860168189 271
1694427530953 168.23603519682436 272
1694427530969 168.23598457079663 273
1694427530985 168.23593413649195 274
1694427530999 168.23588389170737 275
1694427531015 168.23583383427996 276
1694427531032 168.235783962086 277
1694427531048 168.23573427304012 278
1694427531064 168.2356847650948 279
1694427531081 168.23563543623916 280
1694427531098 168.2355862844988 281
1694427531115 168.23553730793464 282
1694427531130 168.23548850464243 283
1694427531146 168.23543987275198 284
1694427531162 168.23539141042656 285
1694427531178 168.23534311586212 286
1694427531194 168.2352949872868 287
1694427531209 168.2352470229602 288
1694427531224 168.23519922117282 289
1694427531239 168.2351515802453 290
1694427531255 168.235104098528 291
1694427531271 168.23505677440045 292
1694427531286 168.2350096062705 293
1694427531300 168.23496259257405 294
1694427531316 168.23491573177435 295
1694427531330 168.23486902236155 296
1694427531345 168.2348224628521 297
1694427531361 168.2347760517882 298
1694427531376 168.23472978773745 299
1694427531391 168.23468366929225 300
1694427531406 168.2346376950692 301
1694427531422 168.23459186370889 302
1694427531438 168.2345461738752 303
1694427531454 168.23450062425493 304
1694427531471 168.23445521355742 305
1694427531487 168.23440994051393 306
1694427531502 168.23436480387747 307
1694427531519 168.23431980242208 308
1694427531536 168.23427493494262 309
1694427531554 168.23423020025436 310
1694427531571 168.23418559719246 311
1694427531586 168.23414112461168 312
1694427531604 168.234096781386 313
1694427531620 168.2340525664081 314
1694427531637 168.23400847858932 315
1694427531653 168.2339645168589 316
1694427531668 168.23392068016383 317
1694427531684 168.2338769674687 318
1694427531700 168.2338333777549 319
1694427531715 168.2337899100207 320
1694427531730 168.2337465632807 321
1694427531745 168.23370333656564 322
1694427531761 168.23366022892196 323
1694427531777 168.23361723941167 324
1694427531792 168.2335743671118 325
1694427531807 168.2335316111144 326
1694427531823 168.233488970526 327
1694427531838 168.2334464444675 328
1694427531854 168.23340403207374 329
1694427531870 168.23336173249342 330
1694427531885 168.23331954488862 331
1694427531900 168.23327746843478 332
1694427531915 168.23323550232024 333
1694427531931 168.23319364574596 334
1694427531945 168.23315189792564 335
1694427531960 168.233110258085 336
1694427531977 168.23306872546175 337
1694427531992 168.23302729930555 338
1694427532007 168.2329859788775 339
1694427532022 168.23294476345006 340
1694427532038 168.23290365230673 341
1694427532054 168.23286264474194 342
1694427532069 168.23282174006084 343
1694427532085 168.23278093757904 344
1694427532100 168.23274023662242 345
1694427532115 168.23269963652706 346
1694427532131 168.23265913663872 347
1694427532146 168.23261873631304 348
1694427532162 168.23257843491507 349
1694427532178 168.23253823181926 350
1694427532195 168.23249812640927 351
1694427532210 168.23245811807763 352
1694427532225 168.2324182062258 353
1694427532240 168.23237839026376 354
1694427532255 168.23233866961013 355
1694427532271 168.23229904369165 356
1694427532286 168.2322595119435 357
1694427532302 168.23222007380866 358
1694427532318 168.232180728738 359
1694427532333 168.2321414761902 360
1694427532348 168.23210231563144 361
1694427532363 168.23206324653523 362
1694427532379 168.23202426838262 363
1694427532394 168.2319853806615 364
1694427532409 168.23194658286707 365
1694427532424 168.23190787450122 366
1694427532439 168.23186925507258 367
1694427532455 168.23183072409654 368
1694427532470 168.23179228109493 369
1694427532486 168.2317539255959 370
1694427532501 168.23171565713398 371
1694427532515 168.23167747524977 372
1694427532531 168.2316393794899 373
1694427532546 168.23160136940697 374
1694427532561 168.23156344455933 375
1694427532577 168.23152560451103 376
1694427532592 168.23148784883185 377
1694427532608 168.23145017709683 378
1694427532624 168.23141258888666 379
1694427532639 168.23137508378704 380
1694427532655 168.23133766138915 381
1694427532671 168.23130032128907 382
1694427532687 168.231263063088 383
1694427532703 168.2312258863919 384
1694427532717 168.23118879081179 385
1694427532732 168.23115177596318 386
1694427532747 168.23111484146642 387
1694427532764 168.2310779869463 388
1694427532780 168.23104121203212 389
1694427532796 168.23100451635761 390
1694427532812 168.23096789956082 391
1694427532828 168.23093136128395 392
1694427532844 168.23089490117354 393
1694427532859 168.23085851888007 394
1694427532875 168.230822214058 395
1694427532891 168.23078598636596 396
1694427532905 168.23074983546618 397
1694427532921 168.23071376102484 398
1694427532936 168.23067776271185 399
1694427532952 168.23064184020075 400
1694427532967 168.2306059931687 401
1694427532982 168.23057022129638 402
1694427532998 168.23053452426794 403
1694427533012 168.230498901771 404
1694427533027 168.23046335349648 405
1694427533043 168.23042787913857 406
1694427533058 168.23039247839475 407
1694427533072 168.23035715096566 408
1694427533088 168.230321896555 409
1694427533103 168.23028671486964 410
1694427533118 168.23025160561946 411
1694427533132 168.23021656851716 412
1694427533148 168.23018160327845 413
1694427533163 168.23014670962195 414
1694427533179 168.23011188726898 415
1694427533194 168.2300771359437 416
1694427533209 168.23004245537285 417
1694427533225 168.23000784528608 418
1694427533240 168.2299733054154 419
1694427533255 168.2299388354955 420
1694427533269 168.22990443526368 421
1694427533285 168.22987010445962 422
1694427533301 168.22983584282542 423
1694427533317 168.22980165010568 424
1694427533333 168.22976752604734 425
1694427533348 168.22973347039954 426
1694427533363 168.2296994829139 427
1694427533379 168.22966556334413 428
1694427533395 168.22963171144625 429
1694427533409 168.22959792697833 430
1694427533424 168.2295642097007 431
1694427533440 168.22953055937566 432
1694427533455 168.22949697576772 433
1694427533470 168.2294634586433 434
1694427533486 168.2294300077708 435
1694427533500 168.22939662292066 436
1694427533515 168.22936330386534 437
1694427533531 168.22933005037896 438
1694427533547 168.2292968622376 439
1694427533562 168.22926373921925 440
1694427533577 168.2292306811037 441
1694427533592 168.22919768767244 442
1694427533608 168.22916475870872 443
1694427533623 168.2291318939976 444
1694427533638 168.22909909332571 445
1694427533653 168.22906635648144 446
1694427533669 168.22903368325476 447
1694427533685 168.22900107343725 448
1694427533701 168.22896852682217 449
1694427533716 168.22893604320427 450
1694427533731 168.22890362237982 451
1694427533746 168.22887126414656 452
1694427533761 168.22883896830396 453
1694427533777 168.22880673465264 454
1694427533793 168.22877456299483 455
1694427533808 168.22874245313423 456
1694427533822 168.22871040487584 457
1694427533838 168.228678418026 458
1694427533854 168.22864649239258 459
1694427533868 168.22861462778465 460
1694427533885 168.22858282401262 461
1694427533902 168.22855108088825 462
1694427533918 168.22851939822448 463
1694427533934 168.22848777583565 464
1694427533949 168.22845621353716 465
1694427533965 168.2284247111458 466
1694427533980 168.22839326847946 467
1694427533995 168.22836188535723 468
1694427534010 168.2283305615994 469
1694427534026 168.22829929702743 470
1694427534041 168.22826809146383 471
1694427534056 168.2282369447323 472
1694427534070 168.2282058566576 473
1694427534086 168.22817482706566 474
1694427534101 168.22814385578334 475
1694427534116 168.22811294263866 476
1694427534132 168.2280820874607 477
1694427534147 168.22805129007946 478
1694427534162 168.228020550326 479
1694427534176 168.22798986803244 480
1694427534193 168.2279592430318 481
1694427534207 168.22792867515813 482
1694427534223 168.22789816424637 483
1694427534237 168.22786771013247 484
1694427534252 168.22783731265332 485
1694427534267 168.22780697164657 486
1694427534283 168.22777668695102 487
1694427534299 168.22774645840622 488
1694427534314 168.22771628585258 489
1694427534329 168.22768616913146 490
1694427534345 168.22765610808503 491
1694427534359 168.22762610255634 492
1694427534375 168.22759615238922 493
1694427534390 168.22756625742844 494
1694427534405 168.22753641751942 495
1694427534421 168.2275066325085 496
1694427534436 168.2274769022428 497
1694427534452 168.22744722657023 498
1694427534467 168.22741760533947 499
