1694427587529 169.03908926289097 0
1694427587545 169.03842690814267 1
1694427587561 169.03789772774218 2
1694427587577 169.03736905363357 3
1694427587592 169.03684090162938 4
1694427587607 169.03631327114994 5
1694427587622 169.03578616161874 6
1694427587636 169.0352595724599 7
1694427587653 169.0347335030981 8
1694427587668 169.0342079529588 9
1694427587684 169.03368292146823 10
1694427587703 169.03315840805308 11
1694427587720 169.03263441214085 12
1694427587736 169.03211093315966 13
1694427587751 169.03158797053837 14
1694427587767 169.03106552370642 15
1694427587782 169.03054359209392 16
1694427587797 169.03002217513176 17
1694427587814 169.02950127225145 18
1694427587829 169.02898088288507 19
1694427587844 169.02846100646545 20
1694427587859 169.02794164242613 21
1694427587875 169.0274227902012 22
1694427587892 169.02690444922555 23
1694427587907 169.02638661893457 24
1694427587924 169.02586929876446 25
1694427587941 169.02535248815207 26
1694427587958 169.02483618653474 27
1694427587975 169.0243203933507 28
1694427587992 169.0238051080387 29
1694427588008 169.02329033003815 30
1694427588024 169.0227760587892 31
1694427588038 169.02226229373255 32
1694427588054 169.02174903430966 33
1694427588070 169.02123627996258 34
1694427588086 169.02072403013406 35
1694427588100 169.02021228426747 36
1694427588115 169.01970104180677 37
1694427588130 169.01919030219673 38
1694427588145 169.01868006488266 39
1694427588160 169.0181703293105 40
1694427588176 169.01766109492695 41
1694427588191 169.01715236117923 42
1694427588207 169.01664412751526 43
1694427588223 169.0161363933837 44
1694427588238 169.01562915823374 45
1694427588253 169.01512242151517 46
1694427588267 169.01461618267862 47
1694427588283 169.01411044117515 48
1694427588299 169.01360519645667 49
1694427588313 169.01310044797557 50
1694427588329 169.01259619518487 51
1694427588344 169.0120924375384 52
1694427588359 169.0115891744905 53
1694427588375 169.01108640549614 54
1694427588390 169.010584130011 55
1694427588405 169.0100823474914 56
1694427588420 169.00958105739417 57
1694427588435 169.00908025917695 58
1694427588450 169.00857995229788 59
1694427588466 169.00808013621585 60
1694427588481 169.00758081039027 61
1694427588497 169.00708197428125 62
1694427588511 169.00658362734953 63
1694427588527 169.00608576905645 64
1694427588542 169.00558839886403 65
1694427588558 169.0050915162349 66
1694427588573 169.00459512063225 67
1694427588589 169.00409921152 68
1694427588604 169.0036037883627 69
1694427588619 169.00310885062544 70
1694427588634 169.00261439777398 71
1694427588650 169.00212042927475 72
1694427588666 169.00162694459473 73
1694427588682 169.00113394320155 74
1694427588698 169.00064142456347 75
1694427588718 169.0001493881494 76
1694427588739 168.99965783342887 77
1694427588758 168.99916675987197 78
1694427588774 168.99867616694942 79
1694427588789 168.99818605413262 80
1694427588804 168.99769642089356 81
1694427588820 168.99720726670486 82
1694427588835 168.99671859103972 83
1694427588849 168.99623039337197 84
1694427588865 168.99574267317607 85
1694427588880 168.99525542992717 86
1694427588896 168.99476866310087 87
1694427588911 168.99428237217342 88
1694427588926 168.99379655662182 89
1694427588941 168.99331121592363 90
1694427588957 168.99282634955685 91
1694427588971 168.99234195700035 92
1694427588987 168.99185803773344 93
1694427589003 168.99137459123605 94
1694427589019 168.99089161698885 95
1694427589035 168.99040911447295 96
1694427589050 168.9899270831701 97
1694427589065 168.9894455225628 98
1694427589080 168.988964432134 99
1694427589096 168.9884838113673 100
1694427589111 168.9880036597469 101
1694427589126 168.98752397675764 102
1694427589141 168.98704476188496 103
1694427589157 168.98656601461482 104
1694427589172 168.9860877344339 105
1694427589188 168.98560992082938 106
1694427589203 168.9851325732891 107
1694427589218 168.98465569130144 108
1694427589235 168.98417927435545 109
1694427589253 168.9837033219408 110
1694427589270 168.9832278335476 111
1694427589285 168.98275280866673 112
1694427589301 168.98227824678955 113
1694427589316 168.98180414740807 114
1694427589331 168.98133051001494 115
1694427589347 168.98085733410326 116
1694427589362 168.98038461916687 117
1694427589377 168.97991236470008 118
1694427589394 168.97944057019794 119
1694427589409 168.97896923515594 120
1694427589424 168.97849835907024 121
1694427589439 168.97802794143755 122
1694427589454 168.9775579817552 123
1694427589470 168.97708847952114 124
1694427589487 168.9766194342338 125
1694427589502 168.9761508453923 126
1694427589518 168.9756827124963 127
1694427589534 168.9752150350461 128
1694427589549 168.9747478125424 129
1694427589565 168.97428104448673 130
1694427589579 168.97381473038104 131
1694427589595 168.97334886972794 132
1694427589611 168.97288346203058 133
1694427589626 168.97241850679274 134
1694427589641 168.97195400351868 135
1694427589656 168.97148995171335 136
1694427589671 168.97102635088225 137
1694427589687 168.97056320053136 138
1694427589702 168.9701005001674 139
1694427589718 168.96963824929753 140
1694427589733 168.96917644742956 141
1694427589749 168.96871509407185 142
1694427589765 168.96825418873334 143
1694427589780 168.96779373092355 144
1694427589795 168.9673337201525 145
1694427589811 168.96687415593098 146
1694427589826 168.96641503777008 147
1694427589842 168.96595636518168 148
1694427589856 168.96549813767808 149
1694427589871 168.96504035477233 150
1694427589887 168.96458301597784 151
1694427589903 168.96412612080871 152
1694427589918 168.96366966877963 153
1694427589933 168.96321365940568 154
1694427589948 168.96275809220276 155
1694427589964 168.9623029666872 156
1694427589979 168.96184828237585 157
1694427589995 168.96139403878624 158
1694427590010 168.9609402354363 159
1694427590025 168.96048687184475 160
1694427590040 168.96003394753063 161
1694427590055 168.95958146201377 162
1694427590071 168.95912941481438 163
1694427590087 168.95867780545328 164
1694427590103 168.95822663345191 165
1694427590119 168.95777589833224 166
1694427590135 168.95732559961675 167
1694427590151 168.9568757368285 168
1694427590167 168.95642630949112 169
1694427590182 168.95597731712883 170
1694427590198 168.95552875926637 171
1694427590212 168.95508063542894 172
1694427590228 168.95463294514255 173
1694427590244 168.95418568793346 174
1694427590259 168.95373886332862 175
1694427590273 168.95329247085562 176
1694427590289 168.95284651004246 177
1694427590305 168.95240098041782 178
1694427590321 168.95195588151074 179
1694427590335 168.951511212851 180
1694427590351 168.9510669739688 181
1694427590366 168.950623164395 182
1694427590381 168.95017978366093 183
1694427590397 168.94973683129848 184
1694427590412 168.94929430684005 185
1694427590427 168.94885220981865 186
1694427590442 168.94841053976788 187
1694427590458 168.94796929622171 188
1694427590473 168.94752847871482 189
1694427590488 168.94708808678234 190
1694427590504 168.94664811995997 191
1694427590519 168.94620857778398 192
1694427590533 168.94576945979114 193
1694427590548 168.94533076551878 194
1694427590564 168.94489249450473 195
1694427590579 168.94445464628743 196
1694427590594 168.94401722040573 197
1694427590610 168.94358021639925 198
1694427590625 168.94314363380792 199
1694427590640 168.94270747217226 200
1694427590658 168.94227173103343 201
1694427590673 168.941836409933 202
1694427590689 168.94140150841312 203
1694427590704 168.9409670260165 204
1694427590719 168.94053296228634 205
1694427590735 168.9400993167664 206
1694427590751 168.939666089001 207
1694427590765 168.93923327853489 208
1694427590780 168.9388008849134 209
1694427590797 168.9383689076825 210
1694427590812 168.93793734638854 211
1694427590827 168.9375062005784 212
1694427590842 168.93707546979962 213
1694427590858 168.93664515360015 214
1694427590873 168.9362152515285 215
1694427590890 168.9357857631337 216
1694427590905 168.93535668796534 217
1694427590920 168.9349280255735 218
1694427590935 168.93449977550875 219
1694427590950 168.93407193732227 220
1694427590966 168.93364451056573 221
1694427590981 168.93321749479125 222
1694427590997 168.93279088955157 223
1694427591011 168.9323646943999 224
1694427591027 168.93193890888998 225
1694427591041 168.9315135325761 226
1694427591056 168.93108856501297 227
1694427591071 168.93066400575594 228
1694427591086 168.9302398543609 229
1694427591102 168.929816110384 230
1694427591117 168.92939277338223 231
1694427591133 168.9289698429129 232
1694427591148 168.92854731853387 233
1694427591163 168.92812519980365 234
1694427591178 168.92770348628102 235
1694427591195 168.9272821775254 236
1694427591209 168.9268612730968 237
1694427591224 168.92644077255562 238
1694427591240 168.92602067546284 239
1694427591257 168.92560098137992 240
1694427591274 168.92518168986882 241
1694427591289 168.92476280049206 242
1694427591304 168.9243443128126 243
1694427591319 168.92392622639395 244
1694427591335 168.92350854080013 245
1694427591350 168.92309125559564 246
1694427591364 168.92267437034556 247
1694427591379 168.92225788461542 248
1694427591395 168.92184179797118 249
1694427591410 168.92142610997945 250
1694427591425 168.92101082020721 251
1694427591440 168.9205959282221 252
1694427591457 168.92018143359212 253
1694427591472 168.91976733588575 254
1694427591488 168.91935363467218 255
1694427591504 168.9189403295209 256
1694427591519 168.91852742000196 257
1694427591534 168.91811490568594 258
1694427591549 168.91770278614388 259
1694427591564 168.91729106094735 260
1694427591579 168.91687972966835 261
1694427591594 168.9164687918795 262
1694427591610 168.91605824715379 263
1694427591626 168.91564809506482 264
1694427591640 168.91523833518661 265
1694427591655 168.91482896709363 266
1694427591670 168.914419990361 267
1694427591686 168.91401140456418 268
1694427591701 168.9136032092792 269
1694427591716 168.91319540408253 270
1694427591731 168.91278798855126 271
1694427591748 168.91238096226283 272
1694427591763 168.91197432479518 273
1694427591778 168.91156807572682 274
1694427591794 168.91116221463676 275
1694427591810 168.91075674110436 276
1694427591827 168.91035165470961 277
1694427591842 168.90994695503295 278
1694427591857 168.90954264165524 279
1694427591872 168.90913871415788 280
1694427591887 168.90873517212285 281
1694427591903 168.9083320151324 282
1694427591918 168.90792924276948 283
1694427591933 168.90752685461737 284
1694427591948 168.90712485025995 285
1694427591963 168.90672322928145 286
1694427591979 168.9063219912668 287
1694427591994 168.9059211358011 288
1694427592009 168.9055206624702 289
1694427592024 168.90512057086036 290
1694427592039 168.90472086055823 291
1694427592054 168.904321531151 292
1694427592069 168.90392258222641 293
1694427592085 168.90352401337262 294
1694427592099 168.90312582417815 295
1694427592115 168.9027280142322 296
1694427592130 168.90233058312435 297
1694427592145 168.9019335304446 298
1694427592161 168.9015368557836 299
1694427592177 168.90114055873227 300
1694427592192 168.9007446388821 301
1694427592208 168.90034909582502 302
1694427592223 168.89995392915358 303
1694427592238 168.8995591384606 304
1694427592253 168.89916472333945 305
1694427592268 168.89877068338407 306
1694427592284 168.89837701818868 307
1694427592299 168.89798372734813 308
1694427592314 168.89759081045767 309
1694427592329 168.89719826711303 310
1694427592344 168.89680609691035 311
1694427592359 168.89641429944643 312
1694427592376 168.89602287431833 313
1694427592392 168.8956318211236 314
1694427592409 168.8952411394604 315
1694427592424 168.89485082892722 316
1694427592439 168.89446088912305 317
1694427592454 168.8940713196474 318
1694427592469 168.89368212010015 319
1694427592485 168.8932932900818 320
1694427592501 168.8929048291931 321
1694427592516 168.89251673703538 322
1694427592532 168.89212901321045 323
1694427592547 168.89174165732058 324
1694427592562 168.89135466896843 325
1694427592577 168.89096804775718 326
1694427592592 168.89058179329044 327
1694427592607 168.89019590517233 328
1694427592622 168.88981038300736 329
1694427592637 168.88942522640056 330
1694427592654 168.8890404349574 331
1694427592668 168.88865600828373 332
1694427592683 168.888271945986 333
1694427592698 168.887888247671 334
1694427592715 168.887504912946 335
1694427592729 168.88712194141877 336
1694427592744 168.8867393326975 337
1694427592759 168.88635708639083 338
1694427592775 168.8859752021079 339
1694427592790 168.88559367945817 340
1694427592804 168.8852125180517 341
1694427592820 168.88483171749903 342
1694427592835 168.88445127741093 343
1694427592850 168.88407119739878 344
1694427592865 168.88369147707448 345
1694427592880 168.88331211605026 346
1694427592896 168.8829331139388 347
1694427592912 168.88255447035326 348
1694427592929 168.88217618490725 349
1694427592946 168.8817982572148 350
1694427592961 168.88142068689044 351
1694427592977 168.88104347354908 352
1694427592992 168.88066661680617 353
1694427593008 168.8802901162775 354
1694427593023 168.87991397157938 355
1694427593038 168.87953818232847 356
1694427593054 168.879162748142 357
1694427593069 168.87878766863756 358
1694427593084 168.8784129434332 359
1694427593099 168.87803857214743 360
1694427593114 168.8776645543992 361
1694427593129 168.87729088980782 362
1694427593145 168.8769175779932 363
1694427593160 168.87654461857554 364
1694427593175 168.87617201117556 365
1694427593190 168.87579975541433 366
1694427593206 168.87542785091355 367
1694427593222 168.87505629729512 368
1694427593237 168.87468509418156 369
1694427593252 168.87431424119572 370
1694427593267 168.87394373796093 371
1694427593282 168.87357358410094 372
1694427593297 168.87320377923996 373
1694427593312 168.8728343230026 374
1694427593328 168.8724652150139 375
1694427593343 168.87209645489946 376
1694427593357 168.87172804228513 377
1694427593372 168.87135997679724 378
1694427593386 168.8709922580626 379
1694427593401 168.87062488570848 380
1694427593418 168.8702578593625 381
1694427593433 168.86989117865278 382
1694427593448 168.86952484320778 383
1694427593463 168.8691588526565 384
1694427593478 168.86879320662828 385
1694427593493 168.86842790475293 386
1694427593508 168.86806294666064 387
1694427593525 168.86769833198218 388
1694427593542 168.86733406034853 389
1694427593557 168.86697013139124 390
1694427593571 168.8666065447422 391
1694427593586 168.8662433000339 392
1694427593601 168.86588039689892 393
1694427593618 168.86551783497063 394
1694427593633 168.86515561388265 395
1694427593648 168.864793733269 396
1694427593663 168.8644321927642 397
1694427593679 168.8640709920031 398
1694427593694 168.863710130621 399
1694427593710 168.86334960825377 400
1694427593726 168.86298942453746 401
1694427593741 168.8626295791087 402
1694427593756 168.8622700716045 403
1694427593770 168.8619109016623 404
1694427593786 168.8615520689199 405
1694427593801 168.86119357301556 406
1694427593817 168.860835413588 407
1694427593833 168.8604775902763 408
1694427593848 168.86012010272003 409
1694427593863 168.859762950559 410
1694427593877 168.85940613343368 411
1694427593893 168.85904965098473 412
1694427593908 168.85869350285338 413
1694427593924 168.8583376886812 414
1694427593939 168.8579822081102 415
1694427593955 168.85762706078282 416
1694427593970 168.85727224634184 417
1694427593985 168.85691776443053 418
1694427594001 168.85656361469256 419
1694427594017 168.856209796772 420
1694427594033 168.85585631031324 421
1694427594048 168.8555031549613 422
1694427594064 168.85515033036134 423
1694427594080 168.85479783615915 424
1694427594096 168.85444567200082 425
1694427594112 168.85409383753287 426
1694427594127 168.85374233240225 427
1694427594142 168.85339115625627 428
1694427594157 168.85304030874266 429
1694427594172 168.85268978950964 430
1694427594188 168.85233959820567 431
1694427594203 168.8519897344798 432
1694427594218 168.85164019798128 433
1694427594234 168.85129098836003 434
1694427594248 168.85094210526609 435
1694427594263 168.85059354835013 436
1694427594279 168.85024531726307 437
1694427594294 168.84989741165631 438
1694427594309 168.84954983118166 439
1694427594325 168.84920257549132 440
1694427594340 168.8488556442378 441
1694427594356 168.84850903707414 442
1694427594371 168.8481627536537 443
1694427594386 168.84781679363033 444
1694427594400 168.84747115665812 445
1694427594416 168.84712584239173 446
1694427594432 168.8467808504861 447
1694427594447 168.84643618059664 448
1694427594462 168.84609183237913 449
1694427594477 168.8457478054897 450
1694427594492 168.84540409958498 451
1694427594508 168.84506071432187 452
1694427594523 168.8447176493578 453
1694427594538 168.84437490435047 454
1694427594553 168.84403247895807 455
1694427594568 168.84369037283912 456
1694427594584 168.84334858565254 457
1694427594599 168.8430071170577 458
1694427594614 168.8426659667143 459
1694427594630 168.8423251342825 460
1694427594647 168.8419846194227 461
1694427594662 168.8416444217959 462
1694427594677 168.84130454106338 463
1694427594693 168.84096497688677 464
1694427594709 168.8406257289281 465
1694427594724 168.84028679684994 466
1694427594739 168.83994818031505 467
1694427594754 168.8396098789867 468
1694427594770 168.8392718925285 469
1694427594786 168.83893422060444 470
1694427594801 168.83859686287894 471
1694427594815 168.83825981901677 472
1694427594831 168.83792308868314 473
1694427594847 168.8375866715435 474
1694427594862 168.8372505672639 475
1694427594877 168.8369147755106 476
1694427594891 168.83657929595032 477
1694427594907 168.83624412825014 478
1694427594924 168.83590927207752 479
1694427594939 168.83557472710035 480
1694427594954 168.8352404929868 481
1694427594969 168.8349065694056 482
1694427594983 168.83457295602568 483
1694427594999 168.8342396525164 484
1694427595015 168.83390665854762 485
1694427595030 168.83357397378938 486
1694427595045 168.83324159791223 487
1694427595060 168.83290953058705 488
1694427595075 168.83257777148515 489
1694427595091 168.8322463202782 490
1694427595105 168.83191517663818 491
1694427595120 168.83158434023753 492
1694427595135 168.83125381074908 493
1694427595150 168.83092358784592 494
1694427595166 168.83059367120163 495
1694427595181 168.8302640604901 496
1694427595197 168.82993475538564 497
1694427595212 168.82960575556297 498
1694427595229 168.82927706069702 499
