1694430491495 175.77118058641688 0
1694430491511 172.241063806755 1
1694430491527 168.78394190460034 2
1694430491543 165.39825760961705 3
1694430491559 162.0824885245128 4
1694430491576 158.83514627901891 5
1694430491592 155.65477570697118 6
1694430491607 152.53995404576614 7
1694430491623 149.48929015749124 8
1694430491640 146.50142377105433 9
1694430491658 143.57502474466054 10
1694430491674 140.70879234800844 11
1694430491690 137.90145456359934 12
1694430491706 135.15176740657424 13
1694430491722 132.45851426251508 14
1694430491738 129.8205052426645 15
1694430491754 127.23657655603908 16
1694430491771 124.70558989792805 17
1694430491790 122.2264318542875 18
1694430491805 119.79801332155682 19
1694430491821 117.41926894144022 20
1694430491838 115.08915655021188 21
1694430491855 112.80665664211804 22
1694430491872 110.57077184646398 23
1694430491889 108.38052641798767 24
1694430491907 106.23496574013487 25
1694430491924 104.13315584086385 26
1694430491942 102.07418292061992 27
1694430491963 100.05715289213155 28
1694430491981 98.0811909316924 29
1694430491999 96.14544104160302 30
1694430492017 94.24906562345825 31
1694430492035 92.39124506197507 32
1694430492050 90.57117731906689 33
1694430492067 88.78807753787858 34
1694430492083 87.04117765650646 35
1694430492100 85.32972603113585 36
1694430492114 83.65298706833775 37
1694430492130 82.01024086627376 38
1694430492146 80.40078286456668 39
1694430492162 78.82392350260193 40
1694430492179 77.27898788603187 41
1694430492195 75.76531546126238 42
1694430492210 74.28225969770811 43
1694430492226 72.82918777760894 44
1694430492243 71.40548029320695 45
1694430492258 70.01053095108895 46
1694430492275 68.64374628350608 47
1694430492291 67.304545366487 48
1694430492307 65.9923595445673 49
1694430492322 64.70663216196267 50
1694430492339 63.44681830001912 51
1694430492355 62.21238452077728 52
1694430492373 61.00280861649419 53
1694430492390 59.81757936496946 54
1694430492406 58.656196290527376 55
1694430492421 57.51816943051136 56
1694430492437 56.40301910715066 57
1694430492453 55.310275704663816 58
1694430492469 54.23947945146681 59
1694430492486 53.190180207358026 60
1694430492502 52.16193725555548 61
1694430492517 51.154319099465596 62
1694430492532 50.16690326406581 63
1694430492548 49.19927610178714 64
1694430492563 48.25103260278556 65
1694430492579 47.32177620949428 66
1694430492596 46.4111186353523 67
1694430492611 45.51867968760694 68
1694430492626 44.64408709409142 69
1694430492643 43.786976333880865 70
1694430492660 42.94699047173318 71
1694430492677 42.1237799962231 72
1694430492694 41.31700266148101 73
1694430492709 40.52632333245003 74
1694430492724 39.75141383357691 75
1694430492740 38.991952800855586 76
1694430492756 38.24762553714306 77
1694430492772 37.51812387067046 78
1694430492788 36.803146016673544 79
1694430492804 36.10239644206929 80
1694430492820 35.415585733106944 81
1694430492835 34.74243046592356 82
1694430492851 34.08265307993658 83
1694430492866 33.435981754006754 84
1694430492883 32.80215028530747 85
1694430492898 32.18089797083719 86
1694430492914 31.57196949151421 87
1694430492929 30.975114798793886 88
1694430492945 30.390089003750255 89
1694430492960 29.816652268565466 90
1694430492976 29.25456970037169 91
1694430492994 28.703611247391752 92
1694430493009 28.163551597326038 93
1694430493024 27.634170077934353 94
1694430493042 27.115250559763055 95
1694430493057 26.60658136096852 96
1694430493074 26.10795515418976 97
1694430493093 25.619168875423657 98
1694430493109 25.1400236348578 99
1694430493124 24.670324629616882 100
1694430493140 24.2098810583795 101
1694430493155 23.758506037823665 102
1694430493171 23.316016520859865 103
1694430493188 22.882233216611958 104
1694430493204 22.45698051210677 105
1694430493219 22.040086395634436 106
1694430493235 21.63138238174232 107
1694430493251 21.23070343782635 108
1694430493265 20.83788791228425 109
1694430493282 20.452777464196295 110
1694430493298 20.07521699449975 111
1694430493313 19.705054578624114 112
1694430493329 19.34214140055505 113
1694430493346 18.9863316882955 114
1694430493361 18.637482650693453 115
1694430493377 18.29545441560637 116
1694430493394 17.960109969372922 117
1694430493409 17.63131509756374 118
1694430493426 17.308938326982922 119
1694430493441 16.992850868893292 120
1694430493458 16.682926563438727 121
1694430493473 16.379041825237472 122
1694430493490 16.081075590121053 123
1694430493506 15.788909262993993 124
1694430493522 15.502426666790017 125
1694430493538 15.221513992500999 126
1694430493554 14.946059750255543 127
1694430493570 14.675954721424558 128
1694430493586 14.411091911731551 129
1694430493602 14.151366505346193 130
1694430493618 13.896675819939892 131
1694430493634 13.646919262682697 132
1694430493650 13.401998287161366 133
1694430493664 13.161816351198889 134
1694430493682 12.926278875556006 135
1694430493698 12.695293203496064 136
1694430493713 12.468768561194482 137
1694430493729 12.246616018975082 138
1694430493746 12.02874845335533 139
1694430493762 11.81508050988353 140
1694430493778 11.605528566750868 141
1694430493794 11.400010699161934 142
1694430493809 11.198446644447587 143
1694430493826 11.000757767904283 144
1694430493843 10.806867029344602 145
1694430493859 10.616698950343718 146
1694430493874 10.430179582167204 147
1694430493891 10.247236474365591 148
1694430493906 10.067798644021709 149
1694430493922 9.891796545636868 150
1694430493938 9.719162041642495 151
1694430493954 9.549828373523908 152
1694430493969 9.383730133543358 153
1694430493985 9.220803237049681 154
1694430494002 9.060984895362232 155
1694430494018 8.904213589216882 156
1694430494033 8.750429042762427 157
1694430494048 8.59957219809563 158
1694430494064 8.4515851903237 159
1694430494080 8.306411323143067 160
1694430494097 8.163995044923615 161
1694430494112 8.024281925287772 162
1694430494128 7.887218632174022 163
1694430494144 7.752752909374763 164
1694430494160 7.620833554538504 165
1694430494177 7.491410397626657 166
1694430494195 7.3644342798154865 167
1694430494211 7.239857032833774 168
1694430494227 7.117631458727236 169
1694430494244 6.997711310040609 170
1694430494259 6.880051270408783 171
1694430494276 6.764606935548426 172
1694430494292 6.651334794641667 173
1694430494307 6.540192212103697 174
1694430494323 6.43113740972633 175
1694430494338 6.324129449189572 176
1694430494355 6.219128214933621 177
1694430494370 6.116094397383703 178
1694430494387 6.0149894765204985 179
1694430494402 5.91577570578884 180
1694430494417 5.8184160963377645 181
1694430494433 5.722874401584894 182
1694430494450 5.629115102098508 183
1694430494465 5.537103390790653 184
1694430494481 5.4468051584148185 185
1694430494498 5.358186979361871 186
1694430494513 5.271216097748013 187
1694430494529 5.185860413788781 188
1694430494545 5.1020884704530385 189
1694430494561 5.019869440391237 190
1694430494576 4.939173113132215 191
1694430494592 4.859969882542993 192
1694430494608 4.782230734546043 193
1694430494623 4.705927235088807 194
1694430494639 4.631031518360145 195
1694430494655 4.55751627524862 196
1694430494670 4.485354742037646 197
1694430494686 4.414520689332549 198
1694430494703 4.344988411214739 199
1694430494720 4.2767327146183485 200
1694430494736 4.209728908924706 201
1694430494752 4.14395279577008 202
1694430494768 4.079380659062369 203
1694430494784 4.015989255202397 204
1694430494800 3.95375580350554 205
1694430494815 3.8926579768196024 206
1694430494832 3.8326738923348453 207
1694430494848 3.773782102582207 208
1694430494864 3.7159615866158697 209
1694430494879 3.659191741376309 210
1694430494895 3.6034523732301253 211
1694430494911 3.5487236896830154 212
1694430494926 3.4949862912623084 213
1694430494943 3.442221163565569 214
1694430494959 3.3904096694718135 215
1694430494974 3.3395335415120595 216
1694430494990 3.2895748743958224 217
1694430495006 3.2405161176904262 218
1694430495021 3.1923400686499717 219
1694430495037 3.1450298651908093 220
1694430495052 3.098568979010596 221
1694430495067 3.0529412088478924 222
1694430495084 3.0081306738794704 223
1694430495100 2.964121807252452 224
1694430495116 2.9208993497485394 225
1694430495131 2.878448343577585 226
1694430495146 2.8367541262978597 227
1694430495164 2.795802324860393 228
1694430495179 2.755578849774881 229
1694430495196 2.7160698893946007 230
1694430495211 2.677261904317901 231
1694430495228 2.6391416219039234 232
1694430495244 2.6016960309001185 233
1694430495260 2.5649123761793344 234
1694430495275 2.528778153584178 235
1694430495292 2.4932811048764814 236
1694430495310 2.4584092127896797 237
1694430495325 2.424150696182001 238
1694430495342 2.390494005288405 239
1694430495357 2.357427817069256 240
1694430495373 2.3249410306536773 241
1694430495389 2.293022762875727 242
1694430495405 2.2616623439014423 243
1694430495421 2.2308493129449074 244
1694430495436 2.2005734140714734 245
1694430495452 2.1708245920864297 246
1694430495468 2.141592988507281 247
1694430495484 2.112868937617966 248
1694430495501 2.084642962603331 249
1694430495516 2.0569057717622092 250
1694430495531 2.0296482547974914 251
1694430495548 2.0028614791815915 252
1694430495564 1.976536686595827 253
1694430495578 1.9506652894420877 254
1694430495595 1.9252388674254501 255
1694430495612 1.9002491642061485 256
1694430495627 1.8756880841195844 257
1694430495643 1.8515476889629103 258
1694430495659 1.8278201948468797 259
1694430495673 1.804497969111591 260
1694430495690 1.781573527304828 261
1694430495706 1.7590395302216937 262
1694430495723 1.7368887810043399 263
1694430495739 1.715114222300506 264
1694430495755 1.6937089334796829 265
1694430495770 1.6726661279057211 266
1694430495786 1.6519791502647356 267
1694430495803 1.6316414739471745 268
1694430495820 1.6116466984829405 269
1694430495836 1.5919885470284554 270
1694430495851 1.5726608639046629 271
1694430495867 1.5536576121848835 272
1694430495884 1.5349728713314958 273
1694430495900 1.5166008348804842 274
1694430495917 1.498535808172858 275
1694430495932 1.480772206131953 276
1694430495947 1.463304551085733 277
1694430495964 1.446127470633136 278
1694430495980 1.42923569555356 279
1694430495996 1.4126240577586366 280
1694430496013 1.3962874882854115 281
1694430496029 1.380221015330079 282
1694430496045 1.3644197623214505 283
1694430496061 1.348878946033362 284
1694430496076 1.3335938747351817 285
1694430496092 1.3185599463797044 286
1694430496108 1.3037726468276003 287
1694430496124 1.2892275481077238 288
1694430496140 1.2749203067125328 289
1694430496156 1.2608466619278964 290
1694430496171 1.2470024341965842 291
1694430496187 1.23338352351479 292
1694430496204 1.2199859078609658 293
1694430496219 1.2068056416563269 294
1694430496234 1.193838854256399 295
1694430496250 1.1810817484729519 296
1694430496266 1.1685305991257093 297
1694430496283 1.1561817516232271 298
1694430496299 1.1440316205723493 299
1694430496315 1.1320766884156523 300
1694430496331 1.1203135040963157 301
1694430496347 1.1087386817498504 302
1694430496363 1.0973488994221479 303
1694430496378 1.0861408978133196 304
1694430496395 1.0751114790467682 305
1694430496412 1.0642575054630272 306
1694430496428 1.0535758984378223 307
1694430496445 1.0430636372238822 308
1694430496461 1.032717757816012 309
1694430496479 1.022535351838963 310
1694430496494 1.0125135654576118 311
1694430496511 1.0026495983090287 312
1694430496527 0.9929407024559543 313
1694430496543 0.9833841813612805 314
1694430496558 0.973977388883098 315
1694430496573 0.9647177282898771 316
1694430496589 0.9556026512954005 317
1694430496604 0.946629657113011 318
1694430496620 0.937796291528831 319
1694430496636 0.9291001459935186 320
1694430496652 0.9205388567322114 321
1694430496667 0.912110103872282 322
1694430496682 0.9038116105885574 323
1694430496698 0.8956411422656049 324
1694430496715 0.8875965056768013 325
1694430496731 0.8796755481797875 326
1694430496746 0.8718761569280127 327
1694430496762 0.8641962580980243 328
1694430496779 0.856633816132194 329
1694430496795 0.8491868329965532 330
1694430496811 0.8418533474534511 331
1694430496826 0.8346314343487089 332
1694430496842 0.8275192039130133 333
1694430496858 0.82051480107722 334
1694430496873 0.8136164048013131 335
1694430496890 0.806822227416734 336
1694430496906 0.8001305139818163 337
1694430496922 0.7935395416500343 338
1694430496938 0.7870476190508592 339
1694430496954 0.7806530856829019 340
1694430496969 0.7743543113191512 341
1694430496985 0.7681496954240308 342
1694430497004 0.7620376665820392 343
1694430497020 0.7560166819377458 344
1694430497037 0.7500852266469116 345
1694430497052 0.7442418133385071 346
1694430497068 0.738484981587417 347
1694430497083 0.7328132973975907 348
1694430497099 0.7272253526954549 349
1694430497114 0.7217197648333706 350
1694430497130 0.7162951761029264 351
1694430497145 0.7109502532578769 352
1694430497163 0.7056836870465317 353
1694430497178 0.7004941917533943 354
1694430497193 0.6953805047498721 355
1694430497209 0.6903413860538854 356
1694430497225 0.6853756178981716 357
1694430497241 0.6804820043071178 358
1694430497257 0.6756593706819758 359
1694430497272 0.6709065633942389 360
1694430497288 0.6662224493870745 361
1694430497304 0.661605915784596 362
1694430497320 0.65705586950886 363
1694430497336 0.6525712369044105 364
1694430497351 0.6481509633702062 365
1694430497366 0.6437940129988224 366
1694430497382 0.6394993682227478 367
1694430497397 0.6352660294676276 368
1694430497413 0.6310930148123505 369
1694430497429 0.6269793596558135 370
1694430497445 0.6229241163902244 371
1694430497461 0.6189263540808335 372
1694430497476 0.6149851581519545 373
1694430497492 0.6110996300791427 374
1694430497508 0.6072688870874159 375
1694430497523 0.6034920618553932 376
1694430497541 0.599768302225229 377
1694430497557 0.5960967709182264 378
1694430497572 0.5924766452560378 379
1694430497588 0.5889071168872938 380
1694430497605 0.585387391519605 381
1694430497620 0.5819166886567863 382
1694430497637 0.5784942413412224 383
1694430497654 0.5751192959012695 384
1694430497668 0.5717911117035818 385
1694430497684 0.5685089609102775 386
1694430497701 0.5652721282408277 387
1694430497715 0.562079910738602 388
1694430497732 0.5589316175419478 389
1694430497749 0.5558265696597467 390
1694430497765 0.5527640997513129 391
1694430497780 0.549743551910589 392
1694430497796 0.5467642814545342 393
1694430497812 0.5438256547156239 394
1694430497828 0.5409270488383718 395
1694430497844 0.5380678515798171 396
1694430497861 0.5352474611138592 397
1694430497876 0.5324652858393972 398
1694430497893 0.5297207441921942 399
1694430497908 0.5270132644603674 400
1694430497925 0.5243422846034574 401
1694430497941 0.5217072520750012 402
1694430497957 0.5191076236485255 403
1694430497972 0.5165428652469003 404
1694430497988 0.5140124517749993 405
1694430498004 0.5115158669555746 406
1694430498021 0.5090526031683027 407
1694430498038 0.5066221612919339 408
1694430498052 0.5042240505494692 409
1694430498068 0.5018577883563383 410
1694430498085 0.4995229001714754 411
1694430498101 0.4972189193512659 412
1694430498116 0.49494538700630514 413
1694430498134 0.4927018518608946 414
1694430498149 0.49048787011524475 415
1694430498165 0.4883030053103048 416
1694430498182 0.48614682819519894 417
1694430498198 0.48401891659718854 418
1694430498214 0.4819188552941236 419
1694430498231 0.47984623588933695 420
1694430498246 0.47780065668892235 421
1694430498262 0.4757817225813649 422
1694430498279 0.47378904491945373 423
1694430498295 0.47182224140445994 424
1694430498309 0.4698809359725123 425
1694430498326 0.4679647586831355 426
1694430498342 0.4660733456099189 427
1694430498357 0.46420633873324796 428
1694430498372 0.46236338583508896 429
1694430498389 0.46054414039575486 430
1694430498404 0.4587482614926426 431
1694430498420 0.45697541370088485 432
1694430498437 0.45522526699587973 433
1694430498452 0.45349749665766714 434
1694430498468 0.4517917831771199 435
1694430498484 0.4501078121638927 436
1694430498500 0.44844527425611985 437
1694430498515 0.44680386503182085 438
1694430498531 0.4451832849219564 439
1694430498548 0.4435832391251449 440
1694430498564 0.44200343752397014 441
1694430498579 0.44044359460286 442
1694430498596 0.4389034293675248 443
1694430498611 0.43738266526588493 444
1694430498628 0.43588103011050033 445
1694430498644 0.43439825600244686 446
1694430498660 0.43293407925661476 447
1694430498676 0.43148824032841165 448
1694430498692 0.43006048374183053 449
1694430498708 0.4286505580188592 450
1694430498724 0.4272582156102134 451
1694430498740 0.4258832128273583 452
1694430498756 0.4245253097757972 453
1694430498773 0.42318427028959654 454
1694430498789 0.42185986186713653 455
1694430498804 0.42055185560804637 456
1694430498821 0.4192600261513225 457
1694430498837 0.4179841516145768 458
1694430498853 0.4167240135344298 459
1694430498868 0.4154793968079904 460
1694430498884 0.41425008963542775 461
1694430498900 0.4130358834635995 462
1694430498915 0.4118365729307235 463
1694430498931 0.4106519558120664 464
1694430498947 0.40948183296663787 465
1694430498963 0.40832600828485544 466
1694430498978 0.40718428863718675 467
1694430498994 0.4060564838237197 468
1694430499009 0.40494240652466684 469
1694430499025 0.4038418722517796 470
1694430499042 0.40275469930064167 471
1694430499058 0.4016807087038428 472
1694430499073 0.4006197241850079 473
1694430499089 0.3995715721136623 474
1694430499104 0.39853608146092373 475
1694430499119 0.39751308375600014 476
1694430499136 0.3965024130434737 477
1694430499152 0.3955039058413731 478
1694430499167 0.3945174010999965 479
1694430499183 0.3935427401614852 480
1694430499199 0.39257976672013256 481
1694430499213 0.3916283267834098 482
1694430499229 0.39068826863369105 483
1694430499245 0.3897594427906765 484
1694430499261 0.38884170197449686 485
1694430499277 0.3879349010694687 486
1694430499293 0.3870388970885188 487
1694430499308 0.3861535491382321 488
1694430499326 0.3852787183845462 489
1694430499343 0.38441426801904094 490
1694430499360 0.3835600632258495 491
1694430499375 0.38271597114914774 492
1694430499391 0.38188186086123943 493
1694430499407 0.381057603331195 494
1694430499423 0.3802430713940635 495
1694430499439 0.3794381397206284 496
1694430499455 0.37864268478769714 497
1694430499470 0.3778565848489241 498
1694430499485 0.3770797199061533 499
