1694429253952 173.0942352762744 0
1694429254021 170.4435426515006 1
1694429254090 146.66207079352668 2
1694429254159 173.1400886525663 3
1694429254229 182.10461142330288 4
1694429254297 159.94691090432872 5
1694429254365 168.01000119764257 6
1694429254433 153.55232782328815 7
1694429254500 168.72771756920787 8
1694429254568 174.66397365504764 9
1694429254636 152.61172490629005 10
1694429254703 164.50947062620062 11
1694429254772 172.49714975702986 12
1694429254839 170.72725555480574 13
1694429254907 175.29749977198753 14
1694429254975 172.91035832236685 15
1694429255045 156.51738588800663 16
1694429255112 153.4665728710033 17
1694429255194 175.96620571144712 18
1694429255261 154.47595365815783 19
1694429255329 150.00961012055495 20
1694429255397 191.94666360849547 21
1694429255464 168.46357999120065 22
1694429255533 168.70279781275548 23
1694429255601 162.54209496856637 24
1694429255668 147.77466984106817 25
1694429255736 161.8530404262622 26
1694429255803 157.08438962036914 27
1694429255870 168.52894970417077 28
1694429255938 188.2027098978949 29
1694429256006 174.22484002207693 30
1694429256073 176.13037435692522 31
1694429256141 172.93820469934033 32
1694429256209 150.00542558554383 33
1694429256276 179.27879125377206 34
1694429256346 161.96125006776626 35
1694429256413 188.38080283639886 36
1694429256481 187.00290388125015 37
1694429256548 178.29367132547333 38
1694429256617 159.51779123056343 39
1694429256685 172.1364793258585 40
1694429256754 167.57566877409187 41
1694429256822 165.60782157924723 42
1694429256890 171.32890362361314 43
1694429256958 178.561298548577 44
1694429257025 171.60493266326836 45
1694429257094 183.1874430287961 46
1694429257162 173.90734932080235 47
1694429257230 177.04624889642753 48
1694429257297 171.7694433988884 49
1694429257365 152.09382601266933 50
1694429257433 172.6497339666579 51
1694429257500 157.40673402719514 52
1694429257568 163.5722821155035 53
1694429257635 222.79664268467468 54
1694429257703 156.9416290585365 55
1694429257772 123.54246332513783 56
1694429257839 173.91289457677797 57
1694429257907 168.3699757797249 58
1694429257975 165.25659190585984 59
1694429258042 176.89896331719189 60
1694429258109 175.76260416103992 61
1694429258177 163.64343959768502 62
1694429258243 167.78413346386756 63
1694429258313 182.49200754643454 64
1694429258380 172.87814412103236 65
1694429258449 152.8538192009954 66
1694429258516 166.49352407208946 67
1694429258583 161.93766635989795 68
1694429258652 154.24526986842181 69
1694429258718 153.6830474433035 70
1694429258786 163.29456623385028 71
1694429258853 173.008202606117 72
1694429258922 165.8706267513987 73
1694429258989 173.25116147755554 74
1694429259056 183.52460362199562 75
1694429259124 155.46422654093482 76
1694429259191 162.26282708640187 77
1694429259259 157.31842186845077 78
1694429259327 169.22948543584423 79
1694429259394 168.61648799292635 80
1694429259463 170.39661729498698 81
1694429259530 146.1823573165237 82
1694429259599 176.83009451758173 83
1694429259667 150.92141713165427 84
1694429259734 162.3560496325321 85
1694429259801 175.74944034399365 86
1694429259869 161.2991417248406 87
1694429259937 178.34443590907358 88
1694429260004 177.29848036967877 89
1694429260073 174.2506820764945 90
1694429260140 172.60385885352656 91
1694429260207 171.9716023895463 92
1694429260275 155.33089260072455 93
1694429260343 172.56886189217965 94
1694429260410 160.8655121981703 95
1694429260477 146.0285290416302 96
1694429260545 165.05683466452606 97
1694429260613 180.0822487972911 98
1694429260680 164.12450312727833 99
1694429260748 161.63759914266384 100
1694429260816 175.77996879346162 101
1694429260882 166.77739817624675 102
1694429260950 168.40843956337156 103
1694429261017 180.29694408112104 104
1694429261086 172.13683118616504 105
1694429261154 205.78785067611614 106
1694429261221 171.87300381309055 107
1694429261289 252.72864959999373 108
1694429261359 178.16118978821504 109
1694429261425 116.36516098916279 110
1694429261494 169.77046245700248 111
1694429261561 156.05748319281196 112
1694429261628 177.62841538471744 113
1694429261696 172.81028376214368 114
1694429261764 172.59832023431386 115
1694429261832 175.54609886750055 116
1694429261901 170.75760098568904 117
1694429261969 166.21317420833256 118
1694429262035 173.8320815016107 119
1694429262105 160.3635128912324 120
1694429262173 161.18641190656442 121
1694429262240 163.28509915228713 122
1694429262307 164.15114871132403 123
1694429262374 184.0289909478824 124
1694429262443 178.98624585379565 125
1694429262510 171.30043851245622 126
1694429262578 174.37935577678718 127
1694429262645 175.95023103650288 128
1694429262713 136.52040023550026 129
1694429262782 180.86148715205425 130
1694429262848 171.27138348935296 131
1694429262916 182.83201529944213 132
1694429262983 162.2444418432341 133
1694429263051 160.9401831198297 134
1694429263118 182.49171626411788 135
1694429263186 174.74281577210886 136
1694429263252 171.45413411640342 137
1694429263321 149.05924838448848 138
1694429263391 170.23402440299202 139
1694429263458 171.94853490769685 140
1694429263525 143.939008862603 141
1694429263592 174.77656079889138 142
1694429263660 173.79255535546943 143
1694429263727 140.66809679551093 144
1694429263795 163.94677753792934 145
1694429263862 164.46532895042748 146
1694429263930 177.02164977573423 147
1694429263998 167.0398674271023 148
1694429264065 147.47507154258219 149
1694429264132 170.68543743104493 150
1694429264201 162.46927738946525 151
1694429264268 159.49584303538288 152
1694429264336 151.8501041825796 153
1694429264403 168.58262744368196 154
1694429264470 181.3968273368697 155
1694429264537 158.16905750701508 156
1694429264604 166.42147954271405 157
1694429264671 161.58341044510243 158
1694429264738 153.52267420871698 159
1694429264807 148.18274032050462 160
1694429264873 176.2501078964789 161
1694429264940 179.0262771825834 162
1694429265007 174.78071832175414 163
1694429265075 176.99322527292566 164
1694429265143 162.03721110097334 165
1694429265211 175.87856469295687 166
1694429265278 161.92494768466722 167
1694429265346 135.49189770233227 168
1694429265413 177.60758798000518 169
1694429265481 160.29984043433618 170
1694429265548 162.89739960888627 171
1694429265614 158.75179816169964 172
1694429265681 171.80757945100186 173
1694429265749 180.51500329756877 174
1694429265816 173.90990987876953 175
1694429265883 155.5292456530015 176
1694429265951 140.53469207732408 177
1694429266018 169.2772699893859 178
1694429266086 155.92466499678753 179
1694429266154 169.2679618193984 180
1694429266220 146.22458739684586 181
1694429266288 171.08266661858846 182
1694429266355 166.15048032795565 183
1694429266422 169.1793965852674 184
1694429266489 172.7081854730118 185
1694429266556 139.9743578218294 186
1694429266624 173.16017211333693 187
1694429266692 177.44522507484882 188
1694429266759 148.4791827876839 189
1694429266826 160.33957633803112 190
1694429266893 158.47603309125503 191
1694429266960 158.89890936079212 192
1694429267027 169.25113964572594 193
1694429267094 125.33654421209651 194
1694429267161 175.56229322132407 195
1694429267229 164.0407409771886 196
1694429267296 173.08304101504052 197
1694429267363 183.1496260367246 198
1694429267431 186.38962371502214 199
1694429267499 114.87491140671439 200
1694429267565 155.84211040600064 201
1694429267633 158.38509906630006 202
1694429267701 172.93561400809963 203
1694429267768 176.06705858706516 204
1694429267836 160.9940753001284 205
1694429267904 167.5157751070597 206
1694429267971 161.53374081290798 207
1694429268038 171.35546199202471 208
1694429268106 170.5602987858871 209
1694429268173 169.6716444539491 210
1694429268240 142.8213245390434 211
1694429268308 176.0517120110991 212
1694429268374 168.24870724201827 213
1694429268442 174.08639262303944 214
1694429268510 168.65589846654532 215
1694429268577 177.63576671898775 216
1694429268644 167.9759424575981 217
1694429268712 170.02274590840443 218
1694429268780 167.6497605958584 219
1694429268847 155.48913867450784 220
1694429268914 163.5663503368606 221
1694429268982 162.80189659039354 222
1694429269050 147.9259740282765 223
1694429269117 145.54363575246583 224
1694429269185 176.52856352959847 225
1694429269251 161.80328023826453 226
1694429269320 175.9944995594796 227
1694429269387 173.1955260988939 228
1694429269454 191.81264916215292 229
1694429269521 168.3445061468206 230
1694429269589 188.14597418638675 231
1694429269657 171.6198462617934 232
1694429269724 160.82089342688386 233
1694429269791 150.07129355152358 234
1694429269859 158.19208617942118 235
1694429269926 139.04028957188956 236
1694429269992 155.78506442209726 237
1694429270060 178.00140908236148 238
1694429270126 168.31673162754674 239
1694429270194 179.66623771674003 240
1694429270260 155.52764192894384 241
1694429270328 180.87267253499442 242
1694429270395 172.52766044325307 243
1694429270461 119.39024583030178 244
1694429270528 173.0529658923047 245
1694429270596 151.48962219217594 246
1694429270663 182.79558132646386 247
1694429270732 172.07987437264285 248
1694429270800 163.80306555796744 249
1694429270868 163.54545949646723 250
1694429270935 182.62610086678885 251
1694429271002 183.1371498049634 252
1694429271071 156.49463610239127 253
1694429271139 169.17539949643572 254
1694429271206 172.3764881319641 255
1694429271274 173.88330095079908 256
1694429271341 174.46211734379764 257
1694429271408 158.00511526071355 258
1694429271476 180.36185599520738 259
1694429271545 175.74510062244718 260
1694429271611 176.53251304036058 261
1694429271679 161.59361178583706 262
1694429271748 175.25366131707275 263
1694429271814 153.7354175481586 264
1694429271883 167.67940366146857 265
1694429271950 158.38503697074046 266
1694429272017 163.7453584352095 267
1694429272086 176.73437249846884 268
1694429272153 173.88096387039056 269
1694429272219 164.13383594246815 270
1694429272288 182.77824528083647 271
1694429272355 146.4403491291769 272
1694429272422 127.53787893228932 273
1694429272489 186.1836276890687 274
1694429272556 175.42304373509162 275
1694429272624 148.7796734955971 276
1694429272692 174.71389715459594 277
1694429272759 178.10729342537948 278
1694429272826 93.85821341229178 279
1694429272894 170.8109762585075 280
1694429272961 168.49732279508038 281
1694429273029 153.45571465560084 282
1694429273096 175.04388948368168 283
1694429273164 170.8564668689657 284
1694429273231 161.88874275284547 285
1694429273298 174.88750852517308 286
1694429273365 181.1733524859163 287
1694429273431 160.3536860774071 288
1694429273499 169.46622265733188 289
1694429273567 177.3734269356409 290
1694429273634 179.914962491826 291
1694429273704 165.93036089579905 292
1694429273771 170.16592050929836 293
1694429273838 174.99057746752277 294
1694429273905 161.65822907394343 295
1694429273972 173.97281080174173 296
1694429274041 171.53736861329477 297
1694429274112 169.24033189548715 298
1694429274179 171.27716571477725 299
1694429274245 174.50571622904118 300
1694429274312 163.34504210707556 301
1694429274379 179.16629875812234 302
1694429274446 181.50363957500352 303
1694429274513 176.84991698175776 304
1694429274581 163.082874541465 305
1694429274648 177.8671393440619 306
1694429274716 211.6363259910658 307
1694429274783 164.21932079535185 308
1694429274849 176.52778991981975 309
1694429274916 182.1600526983101 310
1694429274983 148.9802134270847 311
1694429275052 152.93209216976376 312
1694429275118 174.1755753155267 313
1694429275186 176.00344998316785 314
1694429275253 179.19979257203607 315
1694429275319 151.96854022660656 316
1694429275388 178.96208671461113 317
1694429275454 178.33825987561306 318
1694429275521 155.84673807642056 319
1694429275589 161.16157949410294 320
1694429275655 177.1269258845525 321
1694429275723 164.38121588735282 322
1694429275789 180.98667366655582 323
1694429275857 126.07283293045346 324
1694429275924 176.17334789297257 325
1694429275991 178.26682890545044 326
1694429276058 163.02702282615923 327
1694429276126 183.83160211629846 328
1694429276194 177.9986006927547 329
1694429276261 176.2228923419747 330
1694429276329 166.1191024530984 331
1694429276397 152.86943103484887 332
1694429276466 157.2600750978062 333
1694429276534 171.67774558482455 334
1694429276601 175.0615291902475 335
1694429276668 175.59253266541904 336
1694429276735 175.86618037268644 337
1694429276803 161.5520210269677 338
1694429276870 154.4530833231464 339
1694429276937 176.48421185197375 340
1694429277005 163.2686907269011 341
1694429277072 176.4526992343285 342
1694429277140 173.73621781923828 343
1694429277208 163.7985838237942 344
1694429277275 147.36935199599554 345
1694429277342 166.623768597589 346
1694429277409 180.86774448380768 347
1694429277476 172.85765417402592 348
1694429277543 174.2763491551454 349
1694429277609 155.68382563940028 350
1694429277677 168.3249291606996 351
1694429277744 168.3229714713818 352
1694429277812 158.55103894025075 353
1694429277879 177.66064968047414 354
1694429277946 170.94157006650522 355
1694429278013 176.59881874422322 356
1694429278081 167.51315253538684 357
1694429278148 167.62766292556088 358
1694429278216 140.9754541342316 359
1694429278282 166.53705203606808 360
1694429278349 165.7656877332951 361
1694429278417 169.43935806579861 362
1694429278484 151.2333772606426 363
1694429278551 164.14431020109075 364
1694429278619 158.41799493250483 365
1694429278687 161.0128546261421 366
1694429278755 179.19401204920916 367
1694429278823 171.45340320086763 368
1694429278890 174.31194175915607 369
1694429278957 177.13861144725098 370
1694429279025 130.52865210529444 371
1694429279094 158.58617528635764 372
1694429279161 171.8586058473865 373
1694429279228 178.04365828416812 374
1694429279295 175.15448945682715 375
1694429279363 146.99010974426628 376
1694429279430 148.63205398811706 377
1694429279497 190.3200865823539 378
1694429279566 153.62417316054842 379
1694429279633 167.65177957427215 380
1694429279700 166.0249585266651 381
1694429279766 155.83622873746594 382
1694429279832 141.943687986492 383
1694429279901 173.79394013681747 384
1694429279967 156.52720749663985 385
1694429280034 177.53702992733764 386
1694429280103 175.7647892012808 387
1694429280170 178.3854714352566 388
1694429280237 174.48602601992374 389
1694429280305 155.54894583990082 390
1694429280373 168.67843964064787 391
1694429280440 158.16442068314598 392
1694429280507 158.02205692415336 393
1694429280575 180.67070391305745 394
1694429280643 184.07388244620964 395
1694429280710 168.66192650065926 396
1694429280777 179.1570644139914 397
1694429280845 171.8134004264635 398
1694429280913 163.89765560546718 399
1694429280980 177.28276978187102 400
1694429281047 167.5285300760967 401
1694429281114 164.81984959476657 402
1694429281181 154.52350202450518 403
1694429281249 170.57255026342258 404
1694429281316 175.2846680173941 405
1694429281382 148.5816443839846 406
1694429281450 176.90335036296764 407
1694429281517 157.7679175268128 408
1694429281585 165.9161473711676 409
1694429281652 170.59219574705213 410
1694429281719 151.53812473298586 411
1694429281786 172.09556302913344 412
1694429281854 170.42250569994496 413
1694429281920 150.4100707837866 414
1694429281988 169.58312181264085 415
1694429282056 172.30122734983865 416
1694429282123 167.1541792049742 417
1694429282190 184.45717021647488 418
1694429282257 167.77563473584934 419
1694429282325 183.78988361145903 420
1694429282393 156.7527979444999 421
1694429282460 172.43947589301567 422
1694429282527 146.06407240905082 423
1694429282595 173.36718544332436 424
1694429282662 179.05513750521143 425
1694429282730 165.35722602487988 426
1694429282798 170.26971862846838 427
1694429282865 164.9851634539423 428
1694429282932 160.39540773454246 429
1694429283000 162.4618530798838 430
1694429283068 171.8801940492187 431
1694429283135 147.91067199931896 432
1694429283203 183.8757109213139 433
1694429283270 176.7392035367061 434
1694429283337 169.17413260510153 435
1694429283404 157.5656232091142 436
1694429283471 175.8272306004632 437
1694429283539 157.33281121568186 438
1694429283607 75.1550834168631 439
1694429283672 168.98611713311885 440
1694429283740 174.4354231937813 441
1694429283808 175.1715285696725 442
1694429283877 143.86363600532042 443
1694429283944 179.00386844958746 444
1694429284012 174.8279718590656 445
1694429284080 174.26611645173634 446
1694429284147 177.40193629753043 447
1694429284214 168.52116090726182 448
1694429284283 169.3693948784193 449
1694429284351 163.1585973033798 450
1694429284419 187.48235343368853 451
1694429284487 161.62337170780808 452
1694429284554 173.80893810599594 453
1694429284622 183.9226820681634 454
1694429284691 138.66913639317764 455
1694429284757 168.62808538926066 456
1694429284825 178.5146643502485 457
1694429284895 148.30853989449966 458
1694429284962 167.59411486804794 459
1694429285031 171.38178218072864 460
1694429285099 163.38941514169196 461
1694429285166 177.6756934496398 462
1694429285233 158.80314324871915 463
1694429285301 162.2100840001297 464
1694429285368 168.23189777548689 465
1694429285440 180.1730123900716 466
1694429285509 168.43877267060898 467
1694429285576 155.76116101700234 468
1694429285644 178.84027152935337 469
1694429285713 178.98310951296824 470
1694429285781 179.2320270251698 471
1694429285849 168.2004338169817 472
1694429285917 171.20349426542518 473
1694429285985 187.1274751201985 474
1694429286053 170.04660767951066 475
1694429286122 174.39917265949637 476
1694429286191 172.95283954281837 477
1694429286259 150.53658489420422 478
1694429286327 173.83143182121788 479
1694429286395 179.30013391757282 480
1694429286464 181.7135100113306 481
1694429286532 160.80454351198563 482
1694429286600 150.6099406499982 483
1694429286675 154.9468749612163 484
1694429286747 181.42751974874045 485
1694429286815 163.29396848212022 486
1694429286883 174.19371531037007 487
1694429286952 179.24219529628107 488
1694429287019 170.27566667205795 489
1694429287087 158.73389856838224 490
1694429287155 173.5502459900364 491
1694429287223 156.73104191015454 492
1694429287292 168.03790513584826 493
1694429287359 165.60504871743092 494
1694429287427 170.77401633207992 495
1694429287494 173.76474009799256 496
1694429287560 167.6912916538782 497
1694429287628 173.9490360041084 498
1694429287697 166.9237590011298 499
