1694429287829 161.96872512432577 0
1694429287898 198.99866816653667 1
1694429287966 168.29163143277498 2
1694429288039 169.8251557605394 3
1694429288110 184.4255156306492 4
1694429288179 168.4562982643911 5
1694429288246 181.44182793075606 6
1694429288314 168.77307651356494 7
1694429288382 154.60513657761612 8
1694429288451 165.50285207327212 9
1694429288519 167.88560413165501 10
1694429288587 169.94600235284562 11
1694429288655 165.32117215255238 12
1694429288723 161.114776264601 13
1694429288791 162.04379243266504 14
1694429288858 165.0610450276393 15
1694429288926 180.4492680347326 16
1694429288995 172.89359077240493 17
1694429289062 177.7107801107312 18
1694429289131 188.02430752419295 19
1694429289199 182.6682784404311 20
1694429289268 175.70475465218254 21
1694429289335 159.28220732418737 22
1694429289404 179.82047625831476 23
1694429289471 170.04526133117193 24
1694429289539 139.19739384767644 25
1694429289607 179.53290312388978 26
1694429289675 188.03505517015512 27
1694429289743 160.33409071590577 28
1694429289810 168.6506358029869 29
1694429289879 167.36223339983664 30
1694429289947 160.7210506940543 31
1694429290014 170.49605846534305 32
1694429290082 170.291502002776 33
1694429290150 157.3317797992984 34
1694429290218 171.34159176244893 35
1694429290286 178.80592931266418 36
1694429290355 160.7460519759752 37
1694429290423 158.8115619826648 38
1694429290491 169.94929729300512 39
1694429290558 183.7815547712661 40
1694429290627 184.0748156932741 41
1694429290695 172.0446516403999 42
1694429290762 171.6946272551249 43
1694429290831 178.5316439325131 44
1694429290899 162.58263829621552 45
1694429290967 173.65843991365216 46
1694429291035 171.98046145331801 47
1694429291102 169.5597819676972 48
1694429291171 181.69003446515453 49
1694429291238 170.34263527451392 50
1694429291307 181.77684290068865 51
1694429291375 172.4687670353934 52
1694429291444 156.19613889107958 53
1694429291513 169.8962826327084 54
1694429291581 170.31161317275144 55
1694429291648 158.60395827887098 56
1694429291716 155.93124254311263 57
1694429291783 172.2031966358937 58
1694429291851 174.8578923790993 59
1694429291919 165.91804717597736 60
1694429291986 188.02391393970495 61
1694429292054 168.81033567629711 62
1694429292121 165.0420852649988 63
1694429292189 152.4743475068393 64
1694429292257 166.76128168477462 65
1694429292325 175.25114397098483 66
1694429292393 167.89074173901685 67
1694429292460 147.77188779410537 68
1694429292529 178.11548244503558 69
1694429292597 175.3336509567534 70
1694429292665 164.0957901319742 71
1694429292732 161.26671578119687 72
1694429292799 170.04326621147052 73
1694429292868 144.07751017495568 74
1694429292936 162.30707887462484 75
1694429293004 178.43600417039994 76
1694429293071 175.58602466422576 77
1694429293139 174.14933884348127 78
1694429293207 181.59932253804195 79
1694429293276 178.5460987465569 80
1694429293343 169.24670453873895 81
1694429293413 164.20602830590389 82
1694429293481 167.99756483507718 83
1694429293549 168.53470751210295 84
1694429293617 171.2949284228371 85
1694429293685 181.57245034631424 86
1694429293753 185.1467262629891 87
1694429293820 164.03728280215154 88
1694429293889 175.3271386394667 89
1694429293958 159.5271227729246 90
1694429294026 173.42722771216702 91
1694429294094 168.5980506260075 92
1694429294162 163.8588791279019 93
1694429294230 155.3131507346539 94
1694429294299 172.84314919027454 95
1694429294367 174.97699402830045 96
1694429294434 168.1811241142564 97
1694429294501 171.10894616467994 98
1694429294568 192.45533959134676 99
1694429294636 163.05594780051598 100
1694429294704 154.41950808236095 101
1694429294773 176.51673891217192 102
1694429294841 174.06548754574237 103
1694429294909 199.9887864520277 104
1694429294978 160.97719587926838 105
1694429295046 87.52376846022267 106
1694429295112 168.0115309299448 107
1694429295180 172.00402599234542 108
1694429295248 171.8614230478015 109
1694429295316 173.03111458615115 110
1694429295383 163.910189826255 111
1694429295453 162.374965396743 112
1694429295520 163.01010035623338 113
1694429295589 163.74360973715244 114
1694429295657 170.05051886722305 115
1694429295727 164.94352112095962 116
1694429295795 146.82490855905093 117
1694429295863 178.67954974209718 118
1694429295931 169.33555890270011 119
1694429296000 155.00673764955295 120
1694429296068 173.15455461169503 121
1694429296135 176.871770909867 122
1694429296203 172.19766670107083 123
1694429296271 154.73838196538836 124
1694429296339 172.49326465044712 125
1694429296407 163.60822770589712 126
1694429296474 166.6586214303333 127
1694429296543 169.98004378416118 128
1694429296611 164.15250497856587 129
1694429296679 175.29904688094274 130
1694429296747 158.55275837367887 131
1694429296815 156.35450147474666 132
1694429296884 192.10527735253626 133
1694429296951 164.05292947471048 134
1694429297019 186.21546383262043 135
1694429297087 179.4535810595069 136
1694429297156 167.8831303664455 137
1694429297224 160.11118447791185 138
1694429297291 159.91464098936663 139
1694429297359 155.37924634628416 140
1694429297426 167.17831726722355 141
1694429297493 172.4171308890675 142
1694429297562 165.0723417237717 143
1694429297630 178.15947325794775 144
1694429297697 172.87611908502714 145
1694429297764 170.61818121738693 146
1694429297833 175.39798595486613 147
1694429297901 170.08339614006124 148
1694429297969 190.15255535324204 149
1694429298037 161.25841661388617 150
1694429298103 168.71051824842215 151
1694429298172 160.772696278991 152
1694429298240 173.91239787607984 153
1694429298306 166.9769528852402 154
1694429298373 173.07187747660527 155
1694429298440 145.0281793658348 156
1694429298508 157.29387471751446 157
1694429298574 157.12478669625568 158
1694429298643 154.24728217291045 159
1694429298710 161.6523639542123 160
1694429298777 156.64571078865512 161
1694429298848 166.22166515167518 162
1694429298915 175.09460963236984 163
1694429298982 181.00953620706125 164
1694429299050 173.18626303063843 165
1694429299118 171.3692781382662 166
1694429299184 174.9446516099762 167
1694429299252 173.9063460376038 168
1694429299318 184.29308731129666 169
1694429299386 163.02400742694792 170
1694429299454 175.604029452409 171
1694429299521 147.86747663403386 172
1694429299588 157.10413001734744 173
1694429299656 166.1913842335647 174
1694429299724 164.98250771327926 175
1694429299791 150.628820626561 176
1694429299858 158.71971626113267 177
1694429299925 177.14851802572528 178
1694429299992 178.56091434709916 179
1694429300058 156.67781564590103 180
1694429300126 173.37064843645558 181
1694429300194 172.25905841255656 182
1694429300260 170.3450671367876 183
1694429300330 185.24884988236568 184
1694429300397 167.49778164790288 185
1694429300464 164.75253036168326 186
1694429300532 170.98384656418204 187
1694429300599 163.76035239620782 188
1694429300666 174.36559183545387 189
1694429300734 177.31510782712297 190
1694429300801 169.72393028806766 191
1694429300870 169.37860712169984 192
1694429300938 168.46814734908833 193
1694429301005 161.55488352360115 194
1694429301071 143.77987256082372 195
1694429301138 161.040971357924 196
1694429301205 174.9859711218827 197
1694429301272 179.1367689439229 198
1694429301340 169.54666306051186 199
1694429301408 153.40598842155958 200
1694429301477 186.1394713601993 201
1694429301544 176.40055715165045 202
1694429301612 170.71758727802867 203
1694429301679 173.16433099384972 204
1694429301746 173.2986865085962 205
1694429301815 166.97759521426815 206
1694429301883 163.7715558337372 207
1694429301950 157.05817219637268 208
1694429302017 152.41213855520772 209
1694429302085 162.34330553586042 210
1694429302152 178.81947760845543 211
1694429302220 163.16736821009565 212
1694429302288 167.53254842695108 213
1694429302355 164.19898435318723 214
1694429302423 168.6170883409156 215
1694429302491 169.69823318847247 216
1694429302559 157.94051082110497 217
1694429302628 173.25336516871104 218
1694429302695 156.19383532078933 219
1694429302763 171.5972128945258 220
1694429302832 166.81393594917856 221
1694429302899 159.28278728652379 222
1694429302967 168.015383056538 223
1694429303034 170.9411114564959 224
1694429303103 172.52241772946573 225
1694429303171 169.82085063720692 226
1694429303237 174.2563469185804 227
1694429303305 186.74178969810316 228
1694429303372 171.23831554758704 229
1694429303441 173.6833793225662 230
1694429303509 165.40483257351022 231
1694429303577 173.24004483559222 232
1694429303644 156.15738880687633 233
1694429303712 167.16015515017708 234
1694429303781 180.615952109046 235
1694429303848 173.74592213765723 236
1694429303916 173.90641137170508 237
1694429303984 154.21882372081382 238
1694429304051 165.30915475167814 239
1694429304119 171.97389855114295 240
1694429304186 192.8873199150198 241
1694429304253 175.18049559326244 242
1694429304319 156.86832466061904 243
1694429304386 164.09449302291864 244
1694429304454 156.9344386626429 245
1694429304522 173.61517331436514 246
1694429304589 176.34396854621897 247
1694429304656 146.45867820987334 248
1694429304723 186.35201088507088 249
1694429304791 174.93136224129918 250
1694429304859 164.52766468415336 251
1694429304926 155.3296141769982 252
1694429304994 185.18129095269504 253
1694429305060 173.94122796006906 254
1694429305127 183.06869184164057 255
1694429305195 176.0311350987988 256
1694429305262 174.88524022678024 257
1694429305329 175.21798142450032 258
1694429305397 162.7924834489556 259
1694429305465 170.89746272655066 260
1694429305532 170.03076564419712 261
1694429305599 147.53667678475793 262
1694429305668 172.17096257254357 263
1694429305735 161.65494815678346 264
1694429305804 166.76810273201514 265
1694429305871 188.86744219103724 266
1694429305939 176.06684105911015 267
1694429306007 155.08481047435055 268
1694429306075 155.5626977285863 269
1694429306142 165.4256373139834 270
1694429306210 156.11890618622692 271
1694429306279 198.360676757549 272
1694429306346 178.8818292829797 273
1694429306414 181.03310544113342 274
1694429306483 170.47836084819008 275
1694429306552 167.2528672336189 276
1694429306619 158.93669077325794 277
1694429306687 154.67793459249935 278
1694429306755 164.22900027832208 279
1694429306822 174.67346201787404 280
1694429306889 166.50291516770608 281
1694429306955 187.65790669336457 282
1694429307024 164.1754592466405 283
1694429307091 161.9249575525937 284
1694429307159 169.35379018049946 285
1694429307227 156.4044823691367 286
1694429307294 176.59852466203546 287
1694429307361 159.79787484968952 288
1694429307428 165.91342671627794 289
1694429307496 165.64809059831046 290
1694429307563 171.78309868764237 291
1694429307630 167.62055451468618 292
1694429307699 186.62282639763828 293
1694429307766 164.39124226075566 294
1694429307833 151.4104378807543 295
1694429307902 165.286842186123 296
1694429307969 164.06169926203478 297
1694429308036 176.6868510387175 298
1694429308104 177.66313294514882 299
1694429308171 165.60462588159686 300
1694429308238 183.91075667012683 301
1694429308306 173.50955682630612 302
1694429308374 167.47238776746568 303
1694429308442 177.34487314800754 304
1694429308510 165.4057780995631 305
1694429308577 185.24645978754376 306
1694429308644 158.26478415443995 307
1694429308712 175.99986805296126 308
1694429308779 174.60978073128595 309
1694429308849 169.5621007667004 310
1694429308916 176.35955805406624 311
1694429308984 182.57703650182424 312
1694429309051 168.2814120215528 313
1694429309118 162.49192928285527 314
1694429309187 172.17343837807417 315
1694429309254 164.95273039129194 316
1694429309320 172.61881578339273 317
1694429309387 151.6302441554322 318
1694429309455 169.41130155483324 319
1694429309523 162.0173807688212 320
1694429309589 162.11499250369883 321
1694429309656 172.50615004723122 322
1694429309724 164.7103635665834 323
1694429309792 173.97360542982014 324
1694429309860 187.20581595924705 325
1694429309931 161.34023578918357 326
1694429310002 154.01247254777988 327
1694429310070 171.83076931803257 328
1694429310140 166.30905114802263 329
1694429310209 173.91325980304225 330
1694429310275 171.32216760052032 331
1694429310345 168.25846763782778 332
1694429310413 168.11152225334573 333
1694429310480 178.57486817365998 334
1694429310547 169.7989569464883 335
1694429310615 179.2007295768879 336
1694429310683 166.04870068090173 337
1694429310751 176.3518926831704 338
1694429310818 174.25797582020377 339
1694429310885 157.85514178042783 340
1694429310952 171.70339871391695 341
1694429311020 157.78479694391623 342
1694429311088 176.95262887361721 343
1694429311158 156.57429953582678 344
1694429311225 162.2524230415657 345
1694429311293 182.16216465114348 346
1694429311361 171.8754469276935 347
1694429311429 167.46366367892233 348
1694429311497 179.29992705022613 349
1694429311565 151.5939997516775 350
1694429311636 165.28633307642306 351
1694429311703 176.7360630133217 352
1694429311771 164.74255997873803 353
1694429311838 176.79275865310848 354
1694429311905 166.26578571274067 355
1694429311973 175.55106757408663 356
1694429312040 186.79209162192865 357
1694429312107 158.998087181166 358
1694429312175 184.94315270254347 359
1694429312242 162.16799858017882 360
1694429312310 161.8725909674015 361
1694429312376 197.83668943916632 362
1694429312444 144.4218324263152 363
1694429312512 157.5149672162949 364
1694429312579 162.31164354038535 365
1694429312648 169.75043173166395 366
1694429312715 172.025999023749 367
1694429312783 166.29503643049267 368
1694429312851 160.0644977438722 369
1694429312917 176.29906753119596 370
1694429312986 170.17251559204982 371
1694429313053 177.9677355645576 372
1694429313122 171.3381158486738 373
1694429313190 176.50104523940385 374
1694429313257 162.3944388660342 375
1694429313325 173.21627076675802 376
1694429313393 162.69869090377102 377
1694429313461 161.85355513509944 378
1694429313528 183.09149146975636 379
1694429313595 180.6294843734743 380
1694429313663 174.92369517973594 381
1694429313732 160.81155535756656 382
1694429313800 121.81182708973445 383
1694429313868 182.69684392964803 384
1694429313935 172.961702123061 385
1694429314002 157.68124466595984 386
1694429314070 172.55012486755874 387
1694429314139 155.077368137973 388
1694429314206 174.2533995069448 389
1694429314273 206.70697160458099 390
1694429314341 171.5130142497161 391
1694429314408 174.7730617364348 392
1694429314477 174.3325546571244 393
1694429314544 188.62527151245635 394
1694429314612 157.57173312409967 395
1694429314680 171.10159114072292 396
1694429314748 155.38739971858814 397
1694429314815 175.6394665185021 398
1694429314882 163.34865750003937 399
1694429314950 172.86683758922393 400
1694429315017 174.55979023726903 401
1694429315084 167.3700196074913 402
1694429315152 175.85630855959008 403
1694429315218 160.82053064445435 404
1694429315285 161.2969222692882 405
1694429315354 170.44824055511887 406
1694429315421 183.05841058688455 407
1694429315488 158.91582540343148 408
1694429315555 165.79280222462216 409
1694429315622 173.2452379568074 410
1694429315689 171.68529738395068 411
1694429315757 149.2889147658441 412
1694429315825 173.78140602291145 413
1694429315894 164.2731127595364 414
1694429315961 175.30550868434054 415
1694429316029 168.51266999152722 416
1694429316097 163.0514942089187 417
1694429316164 168.13814091855096 418
1694429316231 170.0777222596761 419
1694429316299 164.853051264526 420
1694429316366 164.70911172006976 421
1694429316433 161.0552563231974 422
1694429316500 170.0715771631045 423
1694429316568 171.97302320282392 424
1694429316634 166.0409797906631 425
1694429316702 177.47975619203928 426
1694429316770 170.8955267323676 427
1694429316837 188.123186290603 428
1694429316907 180.1392688142657 429
1694429316975 157.11835859419762 430
1694429317041 167.75089286287698 431
1694429317108 168.27508898767408 432
1694429317176 180.30214739789133 433
1694429317243 189.5433317952889 434
1694429317310 172.81797706786978 435
1694429317377 185.50640408312597 436
1694429317445 162.87194514692416 437
1694429317512 170.61908287142396 438
1694429317580 174.0570360981974 439
1694429317648 135.04356001577943 440
1694429317715 169.05272557937565 441
1694429317783 186.4733385871282 442
1694429317850 167.81768416594292 443
1694429317917 169.89098974037316 444
1694429317985 175.41883762149843 445
1694429318052 166.1997290816573 446
1694429318119 177.06298701881326 447
1694429318188 170.8355011661067 448
1694429318255 168.09962492899976 449
1694429318322 162.9160798414552 450
1694429318389 170.0732637588364 451
1694429318457 173.52227116389756 452
1694429318525 167.58087886469355 453
1694429318593 173.10751749556297 454
1694429318660 174.67018466721504 455
1694429318727 174.46488185595044 456
1694429318795 173.9120812375824 457
1694429318862 171.20101032802847 458
1694429318929 175.25720596863567 459
1694429318998 164.32414107193216 460
1694429319064 170.260023486227 461
1694429319131 170.23921866465233 462
1694429319200 173.19225495504617 463
1694429319267 158.03335297337964 464
1694429319335 153.85890300288864 465
1694429319403 183.21444509734516 466
1694429319471 175.0697048803267 467
1694429319538 164.08732004259832 468
1694429319606 168.76133989348548 469
1694429319673 172.93009179562492 470
1694429319740 178.29715733016772 471
1694429319807 162.70761991005074 472
1694429319875 168.53434905962942 473
1694429319943 171.3883311694992 474
1694429320010 174.6284370079967 475
1694429320077 173.50717340183198 476
1694429320146 172.08640424744956 477
1694429320214 172.86452787456076 478
1694429320281 179.62406927579465 479
1694429320348 167.82296816344763 480
1694429320416 148.6705012899312 481
1694429320482 181.95241940952323 482
1694429320550 174.68625353609673 483
1694429320617 188.38439922522437 484
1694429320684 157.22584619787705 485
1694429320751 165.56828486406036 486
1694429320817 170.07439521306878 487
1694429320885 199.9231094791975 488
1694429320954 166.7676655932856 489
1694429321021 177.2724331008205 490
1694429321088 165.01888281744522 491
1694429321155 150.19236949715463 492
1694429321223 162.66131062889505 493
1694429321291 158.80053751373686 494
1694429321358 155.97191023035353 495
1694429321425 177.79008902378766 496
1694429321493 176.99524176159818 497
1694429321559 156.71095561660098 498
1694429321626 166.41364573189 499
