1694427834804 119.31851895255186 0
1694427834869 164.35954219440796 1
1694427834934 306.13719534227573 2
1694427834999 76.6003024280002 3
1694427835068 40.41843938106846 4
1694427835133 261.41195875894465 5
1694427835197 168.38319241247243 6
1694427835260 199.24186886872283 7
1694427835324 275.97783092186523 8
1694427835388 147.71559466183922 9
1694427835452 158.49500196221948 10
1694427835517 87.13924412184323 11
1694427835581 175.25366008628507 12
1694427835643 168.33684752613038 13
1694427835709 125.65827126205512 14
1694427835775 91.36429135609947 15
1694427835849 131.78164591599153 16
1694427835925 428.1344978224785 17
1694427835996 296.7318273247469 18
1694427836071 53.74538682199972 19
1694427836134 77.85294414817861 20
1694427836197 135.7743833708961 21
1694427836263 230.4112713797819 22
1694427836327 351.1572883447336 23
1694427836394 239.35744499902538 24
1694427836458 106.05801167393933 25
1694427836521 152.40481032201973 26
1694427836584 173.00755578609613 27
1694427836649 192.47543587450681 28
1694427836713 165.9149601665289 29
1694427836777 316.97739123494847 30
1694427836840 203.57208005289067 31
1694427836909 147.39399651131765 32
1694427836973 136.49218254042256 33
1694427837038 169.73108478207237 34
1694427837102 430.41008379887717 35
1694427837165 216.7143934228124 36
1694427837229 139.04136235960212 37
1694427837295 162.13120483179753 38
1694427837359 203.39304326645833 39
1694427837422 232.53744430009021 40
1694427837486 228.87854793676476 41
1694427837549 116.65918687648202 42
1694427837613 201.0195795973981 43
1694427837676 180.89196245394993 44
1694427837742 301.48805218676944 45
1694427837809 173.9491681175057 46
1694427837871 151.57298252327837 47
1694427837934 240.05909743093787 48
1694427837998 203.0293838444207 49
1694427838063 165.53895242397806 50
1694427838127 192.90257184681388 51
1694427838192 237.7568474230553 52
1694427838256 120.59219048785307 53
1694427838319 121.09357138194396 54
1694427838381 210.20757556394312 55
1694427838445 211.1335864662061 56
1694427838509 226.57743543961772 57
1694427838573 238.44398240262024 58
1694427838644 42.48655061902738 59
1694427838711 203.885707392535 60
1694427838774 185.37759055311838 61
1694427838838 152.98815539923675 62
1694427838901 95.12508496591094 63
1694427838965 170.19677663619075 64
1694427839028 119.22372884735006 65
1694427839092 224.50470754623467 66
1694427839156 115.76297715641478 67
1694427839219 197.66840348969353 68
1694427839283 137.81835248067748 69
1694427839346 357.46641750683443 70
1694427839409 296.30062081778254 71
1694427839483 188.42854422698434 72
1694427839548 179.41240352851005 73
1694427839611 213.9612208229511 74
1694427839675 87.7973370265957 75
1694427839740 52.589788623931305 76
1694427839804 120.32674719881413 77
1694427839866 100.11073299933224 78
1694427839931 161.58229426063244 79
1694427839996 123.79351642221688 80
1694427840065 172.31966216110007 81
1694427840130 218.36450103212275 82
1694427840196 162.5964679570138 83
1694427840261 13.780970386922421 84
1694427840332 381.36369839157067 85
1694427840399 58.21944290881243 86
1694427840465 235.10581561641837 87
1694427840534 127.94392671498903 88
1694427840598 133.93029008213998 89
1694427840664 111.53335946346171 90
1694427840729 172.4584491383289 91
1694427840794 273.1239572470672 92
1694427840857 68.57241326250625 93
1694427840920 132.51309725669492 94
1694427840992 149.7152389277098 95
1694427841056 119.7556030057192 96
1694427841119 93.18683999760535 97
1694427841192 286.294285838018 98
1694427841257 83.78674791504734 99
1694427841321 160.14472039444425 100
1694427841384 243.89452881427758 101
1694427841448 200.95451163052908 102
1694427841511 265.19429447007525 103
1694427841576 110.91961579845477 104
1694427841640 92.7645407945593 105
1694427841703 140.90775267272875 106
1694427841767 236.65730504599424 107
1694427841831 75.34957168651466 108
1694427841895 98.67369951419978 109
1694427841958 221.57792063907044 110
1694427842025 193.74919927057016 111
1694427842088 134.3475050792587 112
1694427842154 94.19499728679789 113
1694427842219 217.69351873159093 114
1694427842283 156.57091732583902 115
1694427842347 171.94441312367204 116
1694427842410 82.5954013075625 117
1694427842475 265.62071509418865 118
1694427842539 142.48758977449347 119
1694427842603 175.22448763152306 120
1694427842667 693.2437861066477 121
1694427842732 90.77419487786699 122
1694427842797 171.8075071144746 123
1694427842868 304.84683725812584 124
1694427842932 143.36249863559343 125
1694427842996 175.46982379290273 126
1694427843063 78.12376610717185 127
1694427843127 114.13906712495921 128
1694427843190 316.70080004773183 129
1694427843254 111.4239531337171 130
1694427843317 127.20071485294832 131
1694427843381 214.26446824101657 132
1694427843446 241.2474191466818 133
1694427843511 106.64726563773009 134
1694427843576 194.37526127361457 135
1694427843639 130.96789579846197 136
1694427843715 104.45945513250936 137
1694427843779 159.77084394264762 138
1694427843843 139.56527200763878 139
1694427843908 145.34027763210673 140
1694427843970 154.12585301926993 141
1694427844034 196.01402992904545 142
1694427844098 116.85672697985757 143
1694427844162 107.12939768455179 144
1694427844226 125.87520095726225 145
1694427844290 192.357653741892 146
1694427844355 239.73898630234896 147
1694427844420 94.204757105126 148
1694427844484 24.579579546661357 149
1694427844551 139.31886581426417 150
1694427844617 153.3707638839029 151
1694427844681 378.90813225743074 152
1694427844745 166.2115371441246 153
1694427844808 150.20615889775792 154
1694427844872 209.44783371302768 155
1694427844935 192.51517767738002 156
1694427844998 206.27106351514576 157
1694427845062 237.25165750235678 158
1694427845126 136.42402884321461 159
1694427845190 211.41373434147303 160
1694427845254 234.39155108762648 161
1694427845318 216.62998095594378 162
1694427845385 171.79940420244563 163
1694427845450 101.88170375797334 164
1694427845513 4.620429080928658 165
1694427845576 151.34604009329632 166
1694427845641 101.98574689791992 167
1694427845704 183.86098454643547 168
1694427845769 151.6608007764703 169
1694427845831 167.62206655225393 170
1694427845894 97.80886036133387 171
1694427845959 130.6898582532801 172
1694427846022 160.1878985792472 173
1694427846086 196.55226930294407 174
1694427846150 92.08719435268189 175
1694427846226 7.469172834357795 176
1694427846290 165.1188347545736 177
1694427846354 90.13255818656816 178
1694427846418 200.11370097618325 179
1694427846481 227.57758312897457 180
1694427846545 136.94436267162376 181
1694427846608 167.646658597582 182
1694427846672 159.44848352509223 183
1694427846735 129.12198741387232 184
1694427846799 276.0488740162732 185
1694427846862 138.0796045978248 186
1694427846925 293.59990611350946 187
1694427846989 131.70807329877633 188
1694427847058 149.27455772827517 189
1694427847122 176.54936359595752 190
1694427847185 46.76480332890659 191
1694427847248 132.97789216285673 192
1694427847312 237.63225206312183 193
1694427847377 88.2640784106605 194
1694427847440 312.5643114471448 195
1694427847506 123.11400834274242 196
1694427847569 214.91374822588247 197
1694427847633 191.04245315675547 198
1694427847699 184.86894362391527 199
1694427847764 88.89755104902027 200
1694427847828 178.81431320124815 201
1694427847894 48.67567804882321 202
1694427847961 791.8382908691669 203
1694427848025 215.1211700357958 204
1694427848087 144.5522218347627 205
1694427848150 197.29433269557157 206
1694427848214 158.17346270442562 207
1694427848277 168.43316591195358 208
1694427848341 159.36186967640364 209
1694427848405 165.14521098687683 210
1694427848469 172.51591936579166 211
1694427848532 183.69087861674336 212
1694427848596 61.762194691407586 213
1694427848661 143.93375963242127 214
1694427848725 89.79021813779661 215
1694427848792 215.6384182615601 216
1694427848855 267.03381587798646 217
1694427848918 227.17799454614106 218
1694427848984 118.58550771077871 219
1694427849049 193.08831657312555 220
1694427849114 64.24864163715478 221
1694427849178 51.6720834616917 222
1694427849242 450.95940659227927 223
1694427849306 166.45309318571944 224
1694427849369 106.70241903820077 225
1694427849432 188.81881369609206 226
1694427849496 179.9376366495346 227
1694427849560 49.39253814505878 228
1694427849627 173.5645457478414 229
1694427849692 126.39355382722641 230
1694427849755 412.51080162198707 231
1694427849818 171.09290811572447 232
1694427849882 182.09017981609227 233
1694427849945 82.51971993985663 234
1694427850009 204.74875615434388 235
1694427850074 140.93716927221712 236
1694427850138 72.92088002202051 237
1694427850201 198.62470435005463 238
1694427850266 102.0231191227639 239
1694427850330 104.6616198450854 240
1694427850393 128.93137853154118 241
1694427850461 241.24616886948948 242
1694427850525 325.69446647675926 243
1694427850589 271.4245863440477 244
1694427850653 80.1098271879077 245
1694427850718 156.0249616145843 246
1694427850782 237.07830741764383 247
1694427850845 113.20090711649397 248
1694427850908 107.82871611657451 249
1694427850973 129.43041380173062 250
1694427851038 189.31495798351636 251
1694427851100 148.43141135400103 252
1694427851166 668.9104675329457 253
1694427851231 191.82807638180137 254
1694427851299 160.06560882969112 255
1694427851362 161.94992833928646 256
1694427851425 145.3304583347352 257
1694427851490 102.21612081828758 258
1694427851553 143.6884750869517 259
1694427851616 292.3940675243916 260
1694427851680 276.3637446393917 261
1694427851745 147.03502220722334 262
1694427851808 132.36966538315357 263
1694427851871 152.36059907688667 264
1694427851934 122.36346380391127 265
1694427851998 185.93432253175132 266
1694427852066 223.76336834606275 267
1694427852129 162.6563880072958 268
1694427852193 176.16359849369633 269
1694427852258 217.42649575258557 270
1694427852324 122.28775951400728 271
1694427852386 173.61665094398043 272
1694427852451 220.4986800603847 273
1694427852514 158.75593050107932 274
1694427852578 223.16358013489813 275
1694427852641 144.80290582417203 276
1694427852710 151.79829960376878 277
1694427852775 115.1881070013612 278
1694427852838 133.8138074111711 279
1694427852906 332.3614521201643 280
1694427852972 64.28308656606593 281
1694427853035 240.62500604099446 282
1694427853102 36.848816606799936 283
1694427853166 94.75374474542919 284
1694427853230 155.99001353035834 285
1694427853294 154.0575051913546 286
1694427853358 22.86116073155678 287
1694427853425 158.62457469841377 288
1694427853490 200.3945268777063 289
1694427853553 166.4753513203904 290
1694427853617 120.76433412342375 291
1694427853683 202.49368119668938 292
1694427853754 151.45094153151507 293
1694427853817 285.62416287204866 294
1694427853882 218.8129736325634 295
1694427853945 192.49308447141334 296
1694427854009 541.6892955350568 297
1694427854072 255.08642467398033 298
1694427854136 175.84557779391136 299
1694427854201 134.34408505174244 300
1694427854264 221.97469339634117 301
1694427854329 180.6891194311095 302
1694427854392 136.77444424024313 303
1694427854456 196.4304142232728 304
1694427854522 154.50217156979596 305
1694427854590 153.78339630961844 306
1694427854653 140.2753771003762 307
1694427854717 147.51840353276552 308
1694427854781 215.2661930550879 309
1694427854844 174.87896323241787 310
1694427854907 123.95525683442769 311
1694427854970 187.12362240802767 312
1694427855034 161.5851201707828 313
1694427855098 184.4081429045643 314
1694427855161 643.6207013832224 315
1694427855224 75.67722500047287 316
1694427855288 120.1802019761129 317
1694427855352 182.64335810594537 318
1694427855418 68.51424398745034 319
1694427855482 138.80697394068292 320
1694427855547 209.70726500230256 321
1694427855611 169.95074320080943 322
1694427855673 78.14323791793737 323
1694427855739 196.38287794092028 324
1694427855803 54.92456463672225 325
1694427855868 246.3876253180424 326
1694427855932 2.747787033848888 327
1694427855997 174.07596817666274 328
1694427856060 264.65187158964346 329
1694427856125 127.77071950942972 330
1694427856189 125.00029984652984 331
1694427856259 175.37252329108114 332
1694427856325 151.3538666794009 333
1694427856390 216.82463440807607 334
1694427856457 179.12106908987832 335
1694427856521 237.56845766859246 336
1694427856585 161.85014699500962 337
1694427856649 188.49208262570443 338
1694427856713 129.26589421161336 339
1694427856777 210.68158708859997 340
1694427856866 83.46947233172965 341
1694427856930 225.74780801305255 342
1694427857004 121.15338829419223 343
1694427857068 403.3009379271377 344
1694427857150 188.1006699107445 345
1694427857241 244.0437432321915 346
1694427857307 181.7409873958554 347
1694427857371 106.75592517712279 348
1694427857436 185.6191708902963 349
1694427857499 243.27541444918643 350
1694427857562 197.56579985501313 351
1694427857626 111.59891363542715 352
1694427857689 120.21315002134784 353
1694427857755 174.175432394195 354
1694427857818 267.5422915344913 355
1694427857881 234.12713351125052 356
1694427857947 165.26702663191696 357
1694427858013 160.18857385299208 358
1694427858076 201.70736887041355 359
1694427858139 164.67584216280986 360
1694427858203 243.73705012791862 361
1694427858268 56.18552817790929 362
1694427858333 145.77428895970635 363
1694427858395 79.7962797702303 364
1694427858459 55.2818297061111 365
1694427858523 261.07158603834705 366
1694427858586 154.02994519325458 367
1694427858652 189.31794259858194 368
1694427858716 173.1687408672618 369
1694427858783 186.59552586315917 370
1694427858851 270.12794567434423 371
1694427858915 248.21741995471675 372
1694427858978 351.8716553397955 373
1694427859041 183.28633894533925 374
1694427859104 108.75780648394205 375
1694427859167 217.92906999543314 376
1694427859231 197.0580452735603 377
1694427859295 373.4452609878697 378
1694427859360 174.49048465301058 379
1694427859424 188.62921189040927 380
1694427859489 154.6217553487417 381
1694427859552 180.59097548823533 382
1694427859615 170.2571549913119 383
1694427859681 391.8808077871082 384
1694427859745 2.1583467427343836 385
1694427859809 0.43399134161644365 386
1694427859871 103.24184952631879 387
1694427859937 95.83984476943175 388
1694427860000 397.047930683092 389
1694427860063 146.00960560902715 390
1694427860126 144.6000182966202 391
1694427860193 301.3354328173678 392
1694427860258 201.01776187817924 393
1694427860321 202.9734706315366 394
1694427860386 266.07760849201117 395
1694427860454 174.0651805741102 396
1694427860521 233.57228765295022 397
1694427860584 186.32765791240416 398
1694427860649 134.53698532959785 399
1694427860713 157.02838671793427 400
1694427860777 165.2765142878539 401
1694427860840 177.54269365106944 402
1694427860902 387.1315766089646 403
1694427860965 238.96393719950436 404
1694427861030 320.28931661248583 405
1694427861094 143.28221376863237 406
1694427861157 153.8702515225775 407
1694427861224 181.11397310851567 408
1694427861287 260.2116905470657 409
1694427861353 157.51596263922622 410
1694427861418 216.90088489166152 411
1694427861482 119.09301763253941 412
1694427861547 124.26225187976506 413
1694427861610 126.46657151763733 414
1694427861674 201.08028320311033 415
1694427861737 146.50814809563337 416
1694427861801 178.06803559011982 417
1694427861865 199.59534213514328 418
1694427861929 267.39002772211774 419
1694427861993 161.98196643253766 420
1694427862056 180.09650008148967 421
1694427862119 21.872995702012545 422
1694427862190 196.05551267387688 423
1694427862254 206.12769899720846 424
1694427862317 182.9073015234777 425
1694427862381 29.080136463594883 426
1694427862444 175.51214709432674 427
1694427862507 218.0016782502792 428
1694427862571 166.93936067018166 429
1694427862635 52.47338590974765 430
1694427862700 234.24408344428628 431
1694427862766 203.33486210952938 432
1694427862832 162.2033864087334 433
1694427862894 121.03134738227207 434
1694427862958 182.03563968162993 435
1694427863025 170.98076403307468 436
1694427863088 95.04635998899293 437
1694427863151 111.64368598785076 438
1694427863216 337.8179901647289 439
1694427863280 170.5992894264054 440
1694427863343 154.7458599680461 441
1694427863407 132.17042313631188 442
1694427863473 148.8013706623248 443
1694427863538 238.30817055756074 444
1694427863601 231.00273152682078 445
1694427863665 228.55777445498956 446
1694427863729 181.3290295741297 447
1694427863793 16.609640801856116 448
1694427863865 149.76535850341634 449
1694427863929 138.9096412289562 450
1694427863992 162.04861468778142 451
1694427864055 223.57138239748085 452
1694427864118 163.06282684606703 453
1694427864182 188.5533547169902 454
1694427864246 151.33951061246748 455
1694427864310 233.92081254412574 456
1694427864373 197.33362397484117 457
1694427864439 130.67177539808856 458
1694427864503 113.59428088050736 459
1694427864566 68.6945603312544 460
1694427864628 122.05819941077921 461
1694427864694 61.62453193880337 462
1694427864761 189.09688947581776 463
1694427864823 531.3250386196 464
1694427864887 183.1719154857285 465
1694427864951 192.3614086860271 466
1694427865015 137.7915401327902 467
1694427865077 154.0309016820771 468
1694427865141 175.36370913622926 469
1694427865204 119.23039022766366 470
1694427865268 182.66207435856433 471
1694427865331 151.64760723243378 472
1694427865394 90.49539994080143 473
1694427865459 220.455379875282 474
1694427865526 199.63098366738015 475
1694427865592 228.71947964077012 476
1694427865655 190.70476886185892 477
1694427865718 57.14310994297092 478
1694427865782 94.72268438128253 479
1694427865845 92.40637635929892 480
1694427865907 145.04335006519042 481
1694427865971 233.15914148816614 482
1694427866036 144.89284818160561 483
1694427866099 175.06423955845378 484
1694427866164 154.10272652772662 485
1694427866227 95.9318631913585 486
1694427866291 318.8707370679367 487
1694427866353 154.28932397915167 488
1694427866426 1.9076582362026488 489
1694427866495 254.96030307801817 490
1694427866559 165.17640403477185 491
1694427866622 87.97596071632489 492
1694427866685 62.865755798820814 493
1694427866748 178.55674942166632 494
1694427866812 255.03084180161122 495
1694427866876 113.24185727298136 496
1694427866938 189.45979114924268 497
1694427867005 84.84718915368909 498
1694427867070 237.3266792156553 499
