1694433736810 0.0011238855510814748 0
1694433736879 0.002657438807375485 1
1694433736949 0.5942392697060143 2
1694433737017 0.012862316964658265 3
1694433737087 0.003979868950112511 4
1694433737154 0.02104180519954891 5
1694433737222 0.25761227124748737 6
1694433737291 0.3299421084280231 7
1694433737360 0.034720325065615905 8
1694433737427 0.06315195729003652 9
1694433737495 0.0631109390797859 10
1694433737584 0.011116154682028685 11
1694433737656 0.04322371414913451 12
1694433737723 0.0022792989026841756 13
1694433737792 0.02383554801688412 14
1694433737860 0.004599602214521992 15
1694433737928 0.0010564118831055869 16
1694433737996 0.22403097743712486 17
1694433738065 0.0027303327116159175 18
1694433738133 0.060495199109861154 19
1694433738203 0.0009458903012057212 20
1694433738271 0.0021885786876195325 21
1694433738339 0.05070406118431358 22
1694433738407 0.1410634258689942 23
1694433738475 0.18076379700159462 24
1694433738542 1.1007514728479553 25
1694433738611 0.04718484900476349 26
1694433738680 0.08915929320670615 27
1694433738749 0.24352867833132105 28
1694433738817 0.011808155220259261 29
1694433738885 0.003989996559799243 30
1694433738952 0.15247247466884112 31
1694433739021 0.003655385909235143 32
1694433739093 0.031104475660304318 33
1694433739161 0.024624044498909693 34
1694433739229 0.1284172187757717 35
1694433739298 0.06823860445083244 36
1694433739366 0.039452069629140225 37
1694433739434 0.14637386806463087 38
1694433739502 0.07179236539214556 39
1694433739570 0.0007075817937251664 40
1694433739639 0.09224409143518394 41
1694433739707 0.0004669346264975772 42
1694433739775 0.3390854705630949 43
1694433739843 0.13244548840666223 44
1694433739911 0.002037372540108098 45
1694433739979 0.031036073895355933 46
1694433740047 0.018727806079554238 47
1694433740115 0.09746786927593282 48
1694433740183 0.002616277487382112 49
1694433740250 0.07153730677952609 50
1694433740319 0.12974551316774852 51
1694433740387 0.5920904998175078 52
1694433740454 0.006731637544634827 53
1694433740523 0.15484653342918012 54
1694433740591 0.05968009491900305 55
1694433740660 0.14510083600297324 56
1694433740727 0.048664782209287695 57
1694433740806 0.018283664119136463 58
1694433740873 0.11790767512064684 59
1694433740940 0.020004030179967384 60
1694433741009 0.01041231914928846 61
1694433741077 0.11788321074301002 62
1694433741145 0.20905471459690497 63
1694433741213 7.86458365625803e-05 64
1694433741282 0.011475360241398133 65
1694433741349 4.459280068787899e-05 66
1694433741417 0.2404008488802958 67
1694433741486 0.047354516314836205 68
1694433741554 0.09564743725705051 69
1694433741630 0.14286864036512575 70
1694433741698 0.014961374936161042 71
1694433741766 0.0954292707160329 72
1694433741834 0.0032086189710735986 73
1694433741902 0.08218872513895921 74
1694433741969 0.061387200718578186 75
1694433742037 0.05469383405270287 76
1694433742106 0.14352357021843065 77
1694433742173 0.01788696326566055 78
1694433742240 0.11978225930888 79
1694433742310 0.005220580862227689 80
1694433742378 0.12447078085290349 81
1694433742446 0.47884488615049164 82
1694433742514 0.10522239099972487 83
1694433742583 0.33188113837809874 84
1694433742651 0.29328797429131703 85
1694433742720 0.35850541661139324 86
1694433742787 0.05542229093108551 87
1694433742855 0.0010486126108408729 88
1694433742924 0.2769237259986039 89
1694433742993 0.06110659618226867 90
1694433743061 9.670011145723596e-05 91
1694433743130 0.05965294474552987 92
1694433743198 0.005460707313273705 93
1694433743265 0.17323422326259993 94
1694433743334 0.005282714185720203 95
1694433743403 1.7446927752051098e-07 96
1694433743471 0.026401716515143316 97
1694433743539 0.14313381016661705 98
1694433743608 0.001062431771052079 99
1694433743676 0.07902731187152952 100
1694433743744 0.031113528648756484 101
1694433743812 0.02798461966566679 102
1694433743881 1.4962054735849897 103
1694433743949 0.0006672847121022376 104
1694433744017 0.33515764943726495 105
1694433744085 0.006352381566036029 106
1694433744152 0.0004692657855244427 107
1694433744222 0.0017918311494512845 108
1694433744291 0.8163592409926054 109
1694433744359 0.030206216805272985 110
1694433744427 3.048091864278431e-05 111
1694433744494 0.06278213387282199 112
1694433744561 0.011173853605439741 113
1694433744629 0.21340569670375847 114
1694433744697 0.09555363255082006 115
1694433744765 0.2523213009135531 116
1694433744833 0.015516396226658482 117
1694433744901 0.008146511802656152 118
1694433744969 0.012859982367202668 119
1694433745037 0.08211304229584167 120
1694433745105 0.041371474853639734 121
1694433745173 0.0287905604219963 122
1694433745240 0.00039635654877973736 123
1694433745312 0.020175817049833223 124
1694433745381 0.17583023367115477 125
1694433745447 0.023999903854364645 126
1694433745516 0.21154473187693573 127
1694433745585 0.15579831347634893 128
1694433745654 0.016951704143547356 129
1694433745722 0.01953508140775967 130
1694433745789 0.001009054857965715 131
1694433745856 0.04302552760217689 132
1694433745925 0.03452172624537218 133
1694433745992 0.0437444059030161 134
1694433746061 0.10945326645558995 135
1694433746129 0.004726380486408352 136
1694433746197 0.0648235696799314 137
1694433746266 0.20566232390624598 138
1694433746333 5.185409363059324e-05 139
1694433746401 0.7907109018036821 140
1694433746469 0.0468608897124815 141
1694433746538 0.047172109084665265 142
1694433746606 0.03521036271411286 143
1694433746673 0.0002679685801228126 144
1694433746742 0.06643911165882077 145
1694433746813 0.09394761167000983 146
1694433746881 0.014856029443492529 147
1694433746949 0.03165342278845085 148
1694433747016 0.0022469014992165257 149
1694433747084 0.03913354477215865 150
1694433747153 0.13837886592689302 151
1694433747222 0.025920508675390343 152
1694433747290 0.010232677160038306 153
1694433747358 0.07603520531514293 154
1694433747425 0.12413637279600159 155
1694433747493 0.021544560670607726 156
1694433747561 0.026791802171845843 157
1694433747629 0.6346958712075662 158
1694433747696 0.14044906854221065 159
1694433747765 0.22732255006288626 160
1694433747832 0.3274782217798571 161
1694433747900 0.09492121619949995 162
1694433747968 0.046568423959640746 163
1694433748038 1.019283142019285e-06 164
1694433748106 0.020818815286922185 165
1694433748174 0.06350254030295503 166
1694433748241 0.011909702813153577 167
1694433748310 0.044036679220423015 168
1694433748379 0.044601215592565566 169
1694433748447 0.025644121052179742 170
1694433748516 0.00038961618088833807 171
1694433748584 0.053150765977182025 172
1694433748652 0.07777239811346694 173
1694433748719 0.08679406233055499 174
1694433748788 0.0002933146572422056 175
1694433748857 0.04669656486058457 176
1694433748925 0.004512209126053946 177
1694433748992 0.0017399214377782728 178
1694433749060 0.004047327346431912 179
1694433749127 0.03978354291527484 180
1694433749195 0.07663104667916346 181
1694433749263 0.07774399145007896 182
1694433749332 0.12780682568526314 183
1694433749401 0.013435186045084013 184
1694433749470 0.013239321826231094 185
1694433749537 0.10700320216096142 186
1694433749607 0.04143792470622956 187
1694433749674 0.032171986291479195 188
1694433749742 0.0002376606055786271 189
1694433749810 0.11619589993311363 190
1694433749877 0.17637302669309177 191
1694433749946 0.5564835055411892 192
1694433750014 0.007582324426906356 193
1694433750081 0.5159869578674184 194
1694433750149 0.3825832727873601 195
1694433750217 0.0019114758646289296 196
1694433750286 0.18589488178662733 197
1694433750354 0.01583047502799637 198
1694433750422 0.08102699177507398 199
1694433750490 0.9716986744037505 200
1694433750557 0.036069804214812394 201
1694433750626 0.08875110209113023 202
1694433750694 0.08453973131778299 203
1694433750763 0.24399776650448332 204
1694433750830 0.010519703999408832 205
1694433750897 0.19251580578917316 206
1694433750967 0.04130383036493422 207
1694433751035 0.010742838658891411 208
1694433751104 0.0031627668534616885 209
1694433751172 0.007634573467511638 210
1694433751238 0.00872854079852865 211
1694433751308 0.10613461562121053 212
1694433751376 0.4743657231940186 213
1694433751444 0.07733464213510337 214
1694433751512 0.022197649963545053 215
1694433751581 0.23013594973281915 216
1694433751647 0.0030070862788215747 217
1694433751715 0.3032050230358567 218
1694433751783 0.22315083050861906 219
1694433751850 0.07907204922018972 220
1694433751920 0.07315718996248842 221
1694433751987 0.018933227441961728 222
1694433752055 0.030166043136200395 223
1694433752126 0.03391710435770198 224
1694433752195 0.00016131916722275752 225
1694433752262 0.339112027191338 226
1694433752331 0.15393238069356618 227
1694433752400 0.21257631064915566 228
1694433752468 0.003998780792188266 229
1694433752537 0.0376717081548105 230
1694433752606 0.00982408007857445 231
1694433752674 0.02285250469031344 232
1694433752742 0.3566595820643882 233
1694433752811 0.010156374054344755 234
1694433752879 0.000389111649229121 235
1694433752947 0.07789278185328194 236
1694433753015 0.7585390511755199 237
1694433753083 0.0016603298960995562 238
1694433753151 0.1071760055389096 239
1694433753218 0.0002215407191333369 240
1694433753286 0.031120880893313822 241
1694433753355 0.31168660109957647 242
1694433753421 0.0025191285225407353 243
1694433753489 0.07326589043030579 244
1694433753558 0.044872574891840315 245
1694433753627 0.0013225534777139463 246
1694433753695 0.03537375906035971 247
1694433753763 0.03132436983290041 248
1694433753832 0.42093845456623713 249
1694433753899 0.4458308366407231 250
1694433753967 0.0006430945195996235 251
1694433754034 0.022672857555858354 252
1694433754104 0.006838935344660376 253
1694433754171 0.012153533655161199 254
1694433754240 0.08526372785382824 255
1694433754308 0.1817483342181864 256
1694433754376 0.053163570291594235 257
1694433754444 0.05600780045985762 258
1694433754512 0.14113690942703613 259
1694433754580 0.011794312694598826 260
1694433754648 1.0185115759988967 261
1694433754716 0.5853337183073348 262
1694433754784 5.566285436587459e-06 263
1694433754851 0.02874720569872475 264
1694433754919 0.11756427102003454 265
1694433754986 0.06361884867603086 266
1694433755055 0.22731105150026976 267
1694433755123 0.13155402759063792 268
1694433755190 0.03106863742269971 269
1694433755259 0.054109806071283836 270
1694433755328 0.008581387717621047 271
1694433755395 0.0002362845087345368 272
1694433755464 0.083473102346771 273
1694433755532 0.003002723418786128 274
1694433755600 0.38458643364510414 275
1694433755668 0.007025545163955072 276
1694433755737 0.1929241945713766 277
1694433755806 0.10488778537107632 278
1694433755873 0.040793346981326195 279
1694433755941 0.016096814035818273 280
1694433756010 0.1564933899838399 281
1694433756078 0.040556877068096624 282
1694433756146 0.10666151742859124 283
1694433756215 0.028078622128677094 284
1694433756283 0.13367138868643377 285
1694433756351 0.19963780683068374 286
1694433756418 0.2027938031754055 287
1694433756486 0.03530657214573237 288
1694433756555 0.012147039097224305 289
1694433756623 0.10933836856115535 290
1694433756691 0.027181739767265706 291
1694433756759 0.00019249745184011878 292
1694433756827 0.08889244266210401 293
1694433756894 0.0320775780159899 294
1694433756962 0.11889421893227073 295
1694433757033 0.013519755417948469 296
1694433757102 0.16701088736570177 297
1694433757171 0.018529884783339317 298
1694433757239 0.2254324711821967 299
1694433757309 0.002023097966015216 300
1694433757377 0.00419454213174 301
1694433757445 0.05023133252125439 302
1694433757513 0.0071341323687627405 303
1694433757581 1.0679438252118811 304
1694433757650 0.001826336465927304 305
1694433757718 0.02439741226243799 306
1694433757785 0.0317015466070905 307
1694433757854 0.007883775872471712 308
1694433757922 0.03518846736249309 309
1694433757990 0.0135108717120865 310
1694433758058 0.01044946733980025 311
1694433758126 0.0004300528181458296 312
1694433758193 0.7850177400087043 313
1694433758261 0.04070881213001075 314
1694433758329 0.09379123243517938 315
1694433758398 0.0011760356626328548 316
1694433758466 0.017254346186924542 317
1694433758534 0.1372916458655177 318
1694433758602 0.07889461117127569 319
1694433758671 0.18242080899498772 320
1694433758739 0.028588525595716015 321
1694433758807 0.33537234394997784 322
1694433758876 0.465316454268953 323
1694433758944 0.10573394470727197 324
1694433759014 0.0009596103257795705 325
1694433759082 0.14535874114171912 326
1694433759150 0.012231462248040764 327
1694433759217 0.012015671562355454 328
1694433759286 0.01591516972188672 329
1694433759354 0.04890623404503175 330
1694433759422 0.00017755253085629074 331
1694433759489 0.0028739109499414674 332
1694433759558 0.24879913350976327 333
1694433759626 0.09348171878888517 334
1694433759694 0.0011287943539288702 335
1694433759763 0.034838649316779886 336
1694433759830 0.057530989975422074 337
1694433759899 0.08610350685533391 338
1694433759966 0.14693574054245512 339
1694433760034 0.3608596361297202 340
1694433760103 0.05865330390811008 341
1694433760172 0.03755203692021497 342
1694433760239 0.06969554687025924 343
1694433760308 0.01820467771142494 344
1694433760377 0.03289775663342365 345
1694433760445 0.0661831252937833 346
1694433760514 0.03136045904728436 347
1694433760581 0.18986558978979542 348
1694433760648 0.0009014849426148969 349
1694433760716 0.08921399512292812 350
1694433760784 0.012202552135211273 351
1694433760851 0.0246986607320043 352
1694433760919 0.015459154798627545 353
1694433760987 0.023890432963120285 354
1694433761054 0.07763092178949534 355
1694433761122 0.02079177623653393 356
1694433761191 0.44884581836813664 357
1694433761267 0.12902579237104486 358
1694433761339 0.3372908477094379 359
1694433761409 0.03979904891035757 360
1694433761478 0.15002313298115103 361
1694433761545 0.14191230754760797 362
1694433761612 0.1743740006868359 363
1694433761680 0.2806326143934315 364
1694433761748 0.07521840067743076 365
1694433761816 0.05456437716405778 366
1694433761883 0.027690434245312107 367
1694433761949 0.007117851002401385 368
1694433762018 0.01468166947910869 369
1694433762085 0.002737363124772382 370
1694433762154 0.0033213801543403912 371
1694433762222 0.004323231882012489 372
1694433762289 0.2346005313132665 373
1694433762358 0.009071341693834235 374
1694433762426 0.00028677457506596734 375
1694433762494 0.08867774393093948 376
1694433762562 0.010706387108689971 377
1694433762632 0.1114764511650477 378
1694433762702 0.003999334498547173 379
1694433762770 0.15620029534246566 380
1694433762838 0.1642154543387564 381
1694433762906 0.16492739359432834 382
1694433762982 0.3152395161937295 383
1694433763054 0.19271191335112495 384
1694433763124 0.029455869583436614 385
1694433763192 0.0014324514767175484 386
1694433763260 0.06030713642979837 387
1694433763333 0.2225986819949583 388
1694433763400 0.07516745960951021 389
1694433763469 0.07693156459622486 390
1694433763539 0.06365652968791635 391
1694433763607 0.012067987359862703 392
1694433763676 0.029437090127231277 393
1694433763744 0.00021261072767523765 394
1694433763812 0.15014374741706216 395
1694433763880 0.02508890159857767 396
1694433763947 0.05774760115760432 397
1694433764016 0.07164130328462277 398
1694433764084 0.0061805878433541265 399
1694433764152 0.11798222133004302 400
1694433764220 0.17419796841494709 401
1694433764287 0.001792638855441431 402
1694433764355 0.08393283259430702 403
1694433764423 0.008041438691936775 404
1694433764490 0.02265670099199345 405
1694433764560 0.01283006200774477 406
1694433764628 0.1797545174613764 407
1694433764698 0.22071956265678072 408
1694433764765 0.15155500836405914 409
1694433764833 0.6953976105743052 410
1694433764901 0.09219913007917223 411
1694433764967 0.009121619508105137 412
1694433765035 0.1739621697858749 413
1694433765103 0.23930805111809378 414
1694433765170 0.1645342614237935 415
1694433765240 0.1602358430679666 416
1694433765308 0.1667485985164048 417
1694433765376 0.30670370456036483 418
1694433765444 0.0038461576022919574 419
1694433765512 0.21410091723150965 420
1694433765581 0.19930843114805205 421
1694433765649 0.1551596664989116 422
1694433765716 0.0959680601571055 423
1694433765784 0.00821802523728159 424
1694433765852 0.05136909451085409 425
1694433765920 0.0032248309672434396 426
1694433765988 0.2267174450221671 427
1694433766056 0.06773613620788808 428
1694433766123 0.0007001765344572555 429
1694433766191 0.04591812685844732 430
1694433766259 0.013296866315766506 431
1694433766327 0.0286424119240831 432
1694433766396 0.015091318003975047 433
1694433766465 0.0005656026260732283 434
1694433766532 0.03987029861967665 435
1694433766600 0.16402309750348107 436
1694433766668 0.0015117772497099799 437
1694433766737 0.19560713302109112 438
1694433766810 0.0216762307358941 439
1694433766880 0.0017349167722946726 440
1694433766948 0.2918727022236038 441
1694433767018 0.0011638255739404393 442
1694433767085 0.20060665009389306 443
1694433767154 0.15905990773645914 444
1694433767221 0.0012718171294014335 445
1694433767290 0.09950463818746436 446
1694433767359 0.08675069357196424 447
1694433767427 0.029536366336317763 448
1694433767494 0.5137392387798687 449
1694433767562 0.008723228209625249 450
1694433767630 0.13823406853742454 451
1694433767698 0.10046949798649693 452
1694433767767 0.04823123653415639 453
1694433767836 0.0020964754602131167 454
1694433767904 0.019185295485966133 455
1694433767972 0.06243698330312918 456
1694433768040 0.04133189024872532 457
1694433768109 0.003458027173708268 458
1694433768176 0.04847437873259229 459
1694433768244 0.0280856367724283 460
1694433768313 7.519769328189607e-07 461
1694433768382 0.036448029226587145 462
1694433768449 0.10229002768710935 463
1694433768517 0.001176570747620898 464
1694433768585 0.12620161258565651 465
1694433768654 0.12259096933379005 466
1694433768723 0.08588811488149592 467
1694433768791 0.04006894289238552 468
1694433768859 0.31112178728781625 469
1694433768928 0.0005548237887776069 470
1694433768996 0.15402081324523323 471
1694433769065 0.00023936874435878484 472
1694433769131 0.0020768426460701828 473
1694433769200 0.0034214164165830637 474
1694433769267 0.035551403955224985 475
1694433769336 0.04199540565953442 476
1694433769404 0.02446267015288941 477
1694433769472 0.0019609801321797357 478
1694433769540 0.07408438235220648 479
1694433769608 0.24798943101020607 480
1694433769676 0.6352166986763068 481
1694433769744 0.21919555778760078 482
1694433769812 0.05464684961336822 483
1694433769881 0.0442793890259106 484
1694433769948 0.011313915925262808 485
1694433770016 0.0007627293317301306 486
1694433770084 0.06997670071832597 487
1694433770152 0.07808954005324846 488
1694433770219 0.06583292317518258 489
1694433770287 0.016878183892550018 490
1694433770356 1.1814745124291937 491
1694433770423 0.6915637330281316 492
1694433770491 0.05297625410869907 493
1694433770559 0.3093078853028778 494
1694433770627 0.05749792067477297 495
1694433770696 0.12136956599595725 496
1694433770764 0.04663751055918378 497
1694433770832 0.005605623714960676 498
1694433770900 0.008429443662947856 499
