1694429825471 0.567956978548766 0
1694429825539 0.03457413271667601 1
1694429825606 0.08796291264881412 2
1694429825672 0.08440887531163267 3
1694429825753 0.048277053570865834 4
1694429825822 0.39298730780044505 5
1694429825888 0.4221402601145281 6
1694429825954 0.0007024604602723396 7
1694429826020 0.591115523329333 8
1694429826086 0.1525888203267426 9
1694429826152 0.5591003526963949 10
1694429826218 0.11146795609897164 11
1694429826286 0.03398375381901765 12
1694429826351 0.7945464565859238 13
1694429826418 0.005144757834596787 14
1694429826484 0.39996573952630327 15
1694429826550 0.3562759924676099 16
1694429826618 0.08294533751872989 17
1694429826684 0.47172362240790494 18
1694429826750 0.2222144550426399 19
1694429826816 0.1292388263818285 20
1694429826882 0.30474776147116056 21
1694429826949 0.17889836267429568 22
1694429827015 0.561086659451824 23
1694429827080 2.1712432986866754 24
1694429827145 0.26938348626036007 25
1694429827211 0.08475150447150705 26
1694429827275 0.14234471902241447 27
1694429827342 0.06874963617710177 28
1694429827407 0.1333874266506403 29
1694429827472 0.061402258149607265 30
1694429827538 0.14939831103865608 31
1694429827604 0.9223343160602017 32
1694429827669 0.38305269210770654 33
1694429827734 0.05437857004275715 34
1694429827800 0.011824214614159292 35
1694429827866 0.26439900094467256 36
1694429827932 0.3659489850104221 37
1694429827998 1.2325395647092956 38
1694429828063 0.11045108208396712 39
1694429828130 0.36351219554052183 40
1694429828196 0.02503628814723459 41
1694429828261 0.3840973495847799 42
1694429828327 0.12061534014704678 43
1694429828393 0.2539978740868294 44
1694429828458 0.0696129461457962 45
1694429828524 1.5487103425199618 46
1694429828591 0.026809609025482697 47
1694429828657 0.5072159120047608 48
1694429828722 0.8971034255227488 49
1694429828788 0.44901075480664016 50
1694429828854 0.3713274202882647 51
1694429828921 0.009885321247204737 52
1694429828987 0.6320115771308901 53
1694429829051 0.21292051293045797 54
1694429829119 1.3575526489372947 55
1694429829184 0.4349785750022489 56
1694429829249 0.35392191080472474 57
1694429829316 0.5763095111171815 58
1694429829381 0.19822686139491913 59
1694429829447 0.7544397357830693 60
1694429829515 0.4737856189367649 61
1694429829579 0.18520795056395847 62
1694429829645 0.43838367353639396 63
1694429829711 0.7605746341043249 64
1694429829776 0.1565546621160566 65
1694429829843 0.16324499680375962 66
1694429829909 0.23476367790774647 67
1694429829974 0.3548822844386141 68
1694429830039 0.9761911893042575 69
1694429830106 0.3703592048339416 70
1694429830171 0.02090550409056177 71
1694429830236 0.2797307659770111 72
1694429830302 0.01419259820715367 73
1694429830368 0.2850414088814392 74
1694429830434 0.7370140327162163 75
1694429830500 0.49683705036750403 76
1694429830565 0.10604569724375587 77
1694429830632 0.03620330685300334 78
1694429830697 0.07466791052600906 79
1694429830763 0.20111680982643995 80
1694429830830 0.012614955666494197 81
1694429830895 0.19581074588085964 82
1694429830961 0.47757798633215254 83
1694429831028 0.10306858536931214 84
1694429831093 0.49509068852246374 85
1694429831160 0.05930609124327467 86
1694429831226 0.4310563355352375 87
1694429831292 0.6257864493492329 88
1694429831357 0.0039691829924546375 89
1694429831423 0.3170087691633449 90
1694429831488 0.16370598397015257 91
1694429831554 0.35803840023845845 92
1694429831620 0.05551615228655063 93
1694429831685 0.07930628336658999 94
1694429831751 0.12734365237141085 95
1694429831817 0.4505146890270873 96
1694429831882 0.5405712895544298 97
1694429831948 1.2604077332854373 98
1694429832013 0.3243981230495314 99
1694429832077 0.41572786154320834 100
1694429832142 0.6464871704770998 101
1694429832210 0.03809841884515621 102
1694429832277 0.34227812602939295 103
1694429832343 0.01745272656364729 104
1694429832409 0.3966350355953163 105
1694429832475 0.7245086055016959 106
1694429832540 0.34104952147218703 107
1694429832606 0.04862385711674488 108
1694429832671 0.25049404948184406 109
1694429832737 0.29062106475906846 110
1694429832803 0.006922531622834577 111
1694429832870 0.06896867326404572 112
1694429832936 0.068883430748884 113
1694429833002 0.11699202970561207 114
1694429833068 5.992834274464055 115
1694429833134 1.3998293088734937 116
1694429833199 0.10325272481098345 117
1694429833266 0.39635219024222607 118
1694429833332 0.3124076113244334 119
1694429833398 0.1765038551277599 120
1694429833463 0.30969808391955733 121
1694429833528 0.12018128199593377 122
1694429833593 0.009057588075617143 123
1694429833659 1.2748028891929717 124
1694429833725 0.2795770589059327 125
1694429833789 0.45356758945632636 126
1694429833856 0.3385539056138842 127
1694429833923 0.21955667020639036 128
1694429833989 0.6662948100942828 129
1694429834056 0.31892781330152425 130
1694429834122 0.09795607783640957 131
1694429834187 0.1737488299770115 132
1694429834253 0.13676536608809503 133
1694429834318 0.09401817299567208 134
1694429834383 0.15785657826743404 135
1694429834450 0.2916887745060187 136
1694429834515 0.430178845204788 137
1694429834580 0.10292822003998257 138
1694429834646 0.056690479046756566 139
1694429834711 0.14711174461401988 140
1694429834775 0.35007521391503016 141
1694429834842 0.10051556767375623 142
1694429834908 0.23929469496713465 143
1694429834974 0.3148611602786267 144
1694429835040 0.292463419683163 145
1694429835107 0.03325538494831348 146
1694429835171 0.4728984300389382 147
1694429835237 0.010217782090671017 148
1694429835303 0.44704216837409677 149
1694429835367 0.35306671612848833 150
1694429835433 0.17904333055572264 151
1694429835498 0.01967193343196665 152
1694429835564 0.011635761569404473 153
1694429835630 0.12410416740765472 154
1694429835694 0.3012521339206185 155
1694429835762 0.20323148734651078 156
1694429835827 0.09878647639784847 157
1694429835894 0.021212374705762146 158
1694429835959 0.5782005765364283 159
1694429836026 0.05133782170334164 160
1694429836091 0.5836683542314312 161
1694429836157 0.2362166756981094 162
1694429836223 0.5959885780103767 163
1694429836289 0.16502287478982278 164
1694429836354 0.06687784531709626 165
1694429836419 0.8360159167805482 166
1694429836484 0.05154297483318607 167
1694429836551 0.009761432676892598 168
1694429836617 1.0011761791968352 169
1694429836683 1.4120375440908197 170
1694429836749 0.2610978522215448 171
1694429836814 0.04969969459413807 172
1694429836880 0.3455292541809117 173
1694429836946 0.41269759733522654 174
1694429837011 0.11018235662800602 175
1694429837077 0.10079570959571575 176
1694429837143 0.10558730339718864 177
1694429837208 0.14560878234795815 178
1694429837273 0.12084609962947696 179
1694429837339 0.1123092810771584 180
1694429837405 0.048470285967498486 181
1694429837472 0.26213144462175764 182
1694429837537 0.08887606093260762 183
1694429837604 0.7100579289053479 184
1694429837671 0.20618240270464724 185
1694429837737 0.009285858236830804 186
1694429837802 0.03433244251611166 187
1694429837868 0.04748877899652102 188
1694429837934 0.011588497132250852 189
1694429838001 0.05397764664066094 190
1694429838067 0.4393276466769767 191
1694429838133 0.3650854455101906 192
1694429838200 0.3567802972537948 193
1694429838265 0.6514951625399023 194
1694429838331 0.31260607775014243 195
1694429838397 0.5523364178711894 196
1694429838462 0.8007329409343428 197
1694429838529 0.15612797678511606 198
1694429838594 0.5863106330524337 199
1694429838660 0.05914698445010727 200
1694429838727 0.022405968923191924 201
1694429838793 0.3747127163477163 202
1694429838857 0.3902281386721642 203
1694429838923 0.09736130119965841 204
1694429838989 0.2400531904410688 205
1694429839055 0.4947759040538305 206
1694429839121 0.30647010582134093 207
1694429839187 0.15627012625986977 208
1694429839253 0.4579242722506717 209
1694429839319 0.03275134335844289 210
1694429839385 0.034787689596005505 211
1694429839450 0.10975694484289714 212
1694429839516 0.4372667509691421 213
1694429839581 0.01888289823895773 214
1694429839648 0.9541558687271928 215
1694429839712 0.37344937682578994 216
1694429839777 0.5150203732575402 217
1694429839842 0.44835406748400175 218
1694429839908 0.17368109256483655 219
1694429839974 0.45743309127828047 220
1694429840039 0.4432584800099138 221
1694429840105 0.32564471362697905 222
1694429840171 0.42763754674453486 223
1694429840236 0.0335922956821145 224
1694429840301 0.002137852824253905 225
1694429840367 0.0006605723353716463 226
1694429840433 0.6721207244727314 227
1694429840499 0.5726439444653526 228
1694429840565 0.008640410605103779 229
1694429840631 0.1615960987534677 230
1694429840698 0.0733593790002088 231
1694429840763 0.7864004937566875 232
1694429840829 0.05766405268290749 233
1694429840895 0.13549031096796318 234
1694429840961 0.1796630836444691 235
1694429841026 0.15960481175330798 236
1694429841092 0.0668101339386856 237
1694429841158 0.003634006734617208 238
1694429841224 0.8554471558367959 239
1694429841291 0.3300675357145129 240
1694429841356 0.22550678507812744 241
1694429841421 0.26083694866493295 242
1694429841487 0.3768172775345259 243
1694429841553 0.2926248394145727 244
1694429841618 0.37534385578771073 245
1694429841683 0.1365251671358765 246
1694429841748 0.32741924004260076 247
1694429841813 0.3039829047662031 248
1694429841879 0.21303169852484916 249
1694429841945 0.4767194751548279 250
1694429842011 0.43153591430789884 251
1694429842075 0.46236134080760866 252
1694429842140 0.010099513630080994 253
1694429842207 0.004949921506605914 254
1694429842273 0.2790053812798882 255
1694429842341 0.34140213433984673 256
1694429842407 0.49140924032203087 257
1694429842472 0.6078929436733982 258
1694429842538 0.07513407788149207 259
1694429842604 0.14138934425176403 260
1694429842670 0.25554332569416405 261
1694429842736 0.46686682180824984 262
1694429842802 0.1711567193193254 263
1694429842868 0.21989963691048636 264
1694429842936 0.489388628201661 265
1694429843001 0.010985731918268 266
1694429843067 0.22374352109889115 267
1694429843132 0.09656949386894834 268
1694429843197 0.388052626421421 269
1694429843263 0.43060126691977046 270
1694429843329 0.14801755118228516 271
1694429843398 0.34061601014780424 272
1694429843464 0.6985828671698382 273
1694429843530 0.9795805721436596 274
1694429843596 0.41355175828183244 275
1694429843662 7.401075566472778e-05 276
1694429843727 0.9268023286278791 277
1694429843793 0.2526026187876002 278
1694429843858 0.22516520505930498 279
1694429843926 0.7333349507131591 280
1694429843991 0.39286478981682815 281
1694429844057 0.4143888205899489 282
1694429844123 3.984954788914466e-08 283
1694429844188 0.29031417506629714 284
1694429844254 0.2993564971871486 285
1694429844320 3.5938948858744467e-06 286
1694429844385 0.034687608935641115 287
1694429844451 0.03751112140118605 288
1694429844516 0.8806774170295929 289
1694429844582 0.280990556113019 290
1694429844648 0.1872475477590314 291
1694429844714 0.5471629891460085 292
1694429844781 0.22597465132166084 293
1694429844847 0.030684351799397803 294
1694429844913 0.023014593811509058 295
1694429844988 0.47969813253689964 296
1694429845086 0.4311748740582653 297
1694429845158 0.0006538992269834232 298
1694429845227 0.07938588964958997 299
1694429845292 0.07546718851186271 300
1694429845357 0.7902323937864456 301
1694429845425 0.05000352216464436 302
1694429845489 0.8340230148613657 303
1694429845554 0.4372173282164237 304
1694429845619 0.2407703592704184 305
1694429845685 0.45144892886641347 306
1694429845749 0.17107954383259769 307
1694429845816 0.09006360256542484 308
1694429845881 0.4174952304398512 309
1694429845947 0.27618810726312576 310
1694429846013 0.44106721075133837 311
1694429846079 0.851035000025194 312
1694429846148 0.2343821017832071 313
1694429846215 0.8677164390379961 314
1694429846280 0.07124016745935273 315
1694429846347 0.039382774650743906 316
1694429846413 0.5076511357655411 317
1694429846479 0.19077484968933173 318
1694429846544 0.09860466068003869 319
1694429846611 0.7268636905794075 320
1694429846676 0.480368770448377 321
1694429846742 0.1719296005769608 322
1694429846808 0.015887888363357153 323
1694429846874 0.03656206143630118 324
1694429846940 0.013651004635059683 325
1694429847006 0.445932680383866 326
1694429847071 0.6338176710694261 327
1694429847137 0.10449855379145885 328
1694429847203 0.2857715023314828 329
1694429847268 0.16449223990479145 330
1694429847334 0.2652019097285048 331
1694429847400 0.007689558480946145 332
1694429847466 0.14933711619068815 333
1694429847532 0.3636608331301404 334
1694429847596 0.6638457466604183 335
1694429847663 0.7968715151442023 336
1694429847729 0.06081983025976595 337
1694429847795 0.1121665776947568 338
1694429847860 0.7806149443567435 339
1694429847927 0.00807896651402582 340
1694429847993 0.7389729607369948 341
1694429848059 0.5958941704898644 342
1694429848125 0.0675621437440325 343
1694429848190 0.7212736995364498 344
1694429848256 0.023172528783577926 345
1694429848321 0.4528311027371666 346
1694429848387 0.08485324695607864 347
1694429848451 0.3809223592805085 348
1694429848517 0.13954797758412363 349
1694429848584 0.9198511695637679 350
1694429848650 0.14104364589505186 351
1694429848716 0.3607998884439829 352
1694429848781 0.1407136229727009 353
1694429848847 0.12318517154915735 354
1694429848911 0.014043230096893317 355
1694429848977 0.0728912805386824 356
1694429849043 0.04500362988496449 357
1694429849108 0.09505337988802166 358
1694429849173 0.3866650305341725 359
1694429849238 0.0009574322374636955 360
1694429849304 0.32339432923303835 361
1694429849369 0.03265131944054347 362
1694429849436 0.01955445010589746 363
1694429849501 0.05677674690545217 364
1694429849566 0.006261869111353683 365
1694429849632 0.3723907840619535 366
1694429849699 0.3405605684929665 367
1694429849765 0.0006242656477322823 368
1694429849830 0.4884978182072217 369
1694429849896 0.04033196501687314 370
1694429849963 0.7299954047619398 371
1694429850028 0.22103281729573473 372
1694429850092 0.07653449708317467 373
1694429850159 0.23399221004517337 374
1694429850225 0.5861912125156429 375
1694429850291 0.25833717859129585 376
1694429850358 0.18257189796824538 377
1694429850422 0.4200979082567756 378
1694429850488 0.20809285695948834 379
1694429850553 0.2950268434360112 380
1694429850619 0.5247652154353982 381
1694429850684 0.17227080902596878 382
1694429850750 0.4643199687860791 383
1694429850814 0.39775100275879477 384
1694429850881 0.03790843206951154 385
1694429850947 0.21166892437289384 386
1694429851011 0.22812020382564369 387
1694429851078 0.04870470200813018 388
1694429851144 0.19977527997457661 389
1694429851208 0.22647975491179473 390
1694429851275 0.1030454602143272 391
1694429851340 1.5092039402639217 392
1694429851406 0.13341973276909722 393
1694429851471 0.3993325679094505 394
1694429851537 0.017119706215339182 395
1694429851604 0.43992066609217967 396
1694429851669 0.24292014793685016 397
1694429851735 0.38010997212128295 398
1694429851799 0.1870305557950992 399
1694429851866 0.24913947037706669 400
1694429851933 0.3061897448226143 401
1694429851998 0.035580125973975675 402
1694429852065 0.2964353165867108 403
1694429852131 0.10868423417876033 404
1694429852196 0.04315631328846963 405
1694429852262 0.22431938443047597 406
1694429852328 0.17799280353071698 407
1694429852393 1.385920385902538 408
1694429852458 0.26634227342167666 409
1694429852524 0.01352031320469696 410
1694429852589 0.8828356512461378 411
1694429852656 0.5950709069088357 412
1694429852721 0.08136132149231397 413
1694429852789 0.2945116368942698 414
1694429852855 0.22336536411661623 415
1694429852921 1.1013962130024533 416
1694429852986 1.3353484745620259 417
1694429853053 0.2416114856028904 418
1694429853118 0.1710457649364346 419
1694429853184 0.0035735302935738767 420
1694429853249 0.01915960726396414 421
1694429853314 0.14767084355898377 422
1694429853380 0.04820418320005587 423
1694429853446 0.33758639625512415 424
1694429853511 0.02313837184381227 425
1694429853578 0.6266968115678394 426
1694429853643 0.199332133919491 427
1694429853710 0.5060436320134213 428
1694429853775 0.06018285870189832 429
1694429853840 0.43852485051586193 430
1694429853907 0.295398919120742 431
1694429853973 0.21468163845505553 432
1694429854039 0.09683650545495481 433
1694429854105 0.15793106586710987 434
1694429854169 0.06447514262965942 435
1694429854235 0.13528371738952039 436
1694429854300 0.1378787798686096 437
1694429854366 0.024768239769272764 438
1694429854431 0.5273391415627984 439
1694429854498 0.25502262185981284 440
1694429854563 0.028531636342285848 441
1694429854629 0.3795891761239521 442
1694429854694 0.2844578858223026 443
1694429854761 0.00667597202788704 444
1694429854825 0.30660045651037243 445
1694429854892 0.36962030847048366 446
1694429854958 0.21780229046097085 447
1694429855024 0.014521073974439271 448
1694429855090 0.5272110802544021 449
1694429855155 0.3768910039070878 450
1694429855220 0.07190275220009502 451
1694429855287 0.2355594357648291 452
1694429855352 0.0946820754261619 453
1694429855417 0.09971525989031561 454
1694429855483 0.3103516188794875 455
1694429855549 0.23735570559978544 456
1694429855615 0.35352533225364535 457
1694429855681 0.3879540564438567 458
1694429855747 0.950468956162827 459
1694429855812 0.026344501983158863 460
1694429855879 0.3972510785936045 461
1694429855944 0.01360088870512636 462
1694429856009 0.4505891767637985 463
1694429856078 1.308332882955551 464
1694429856144 1.473253027183984 465
1694429856209 0.13737643680951353 466
1694429856274 0.0885001152265427 467
1694429856339 0.07842669171593791 468
1694429856405 0.07500258086924821 469
1694429856470 0.4796487715421094 470
1694429856536 0.5411165850684085 471
1694429856602 0.43780040068289383 472
1694429856668 0.034995140370281175 473
1694429856734 0.3706801034533834 474
1694429856800 0.29879580125555083 475
1694429856866 0.07766877543844362 476
1694429856933 0.5652583204458933 477
1694429856999 0.3260996500374029 478
1694429857064 0.6875136673343746 479
1694429857131 0.7698762935849927 480
1694429857197 0.6016647997258482 481
1694429857261 0.49414219808761156 482
1694429857328 0.2379423849650949 483
1694429857393 0.21010239560252805 484
1694429857458 0.0995228701254255 485
1694429857525 0.24557935296775965 486
1694429857592 0.5830459115078499 487
1694429857657 0.40035179905274243 488
1694429857722 0.13159531336758593 489
1694429857788 0.4084746046135892 490
1694429857854 0.19853958741805466 491
1694429857920 0.4568414416412345 492
1694429857987 0.00024854657881678166 493
1694429858053 0.5157113203350023 494
1694429858119 0.7376259677385824 495
1694429858185 0.07726042563343673 496
1694429858250 0.12600697055048396 497
1694429858317 0.27863970947208466 498
1694429858382 0.41965442411854054 499
