1694439077956 0.2155417950927168 0
1694439078026 1.03565404055399 1
1694439078095 0.4593269777325499 2
1694439078166 0.017674845788141973 3
1694439078237 0.022432324161563003 4
1694439078327 0.1769950724511085 5
1694439078399 0.06798658529590701 6
1694439078469 0.009215496729958302 7
1694439078540 0.0003271007237981197 8
1694439078612 0.01224450586701927 9
1694439078682 0.01284852506784719 10
1694439078755 0.032056247236245915 11
1694439078825 0.058237186045119224 12
1694439078894 0.002506365195834093 13
1694439078966 0.08372600197031536 14
1694439079039 2.426986381096733e-05 15
1694439079109 0.04772114980387683 16
1694439079179 0.15611268290237035 17
1694439079249 0.23993569025274383 18
1694439079318 0.14186401329214124 19
1694439079389 0.3772666090956157 20
1694439079460 0.09142255387417803 21
1694439079529 0.2510719516833478 22
1694439079605 0.14852409079690895 23
1694439079678 0.13751108576733717 24
1694439079750 0.35850177220943974 25
1694439079820 0.3772495813361603 26
1694439079890 0.029316850768956387 27
1694439079960 0.006933534490757956 28
1694439080029 0.01974535992577212 29
1694439080100 0.40987288572826963 30
1694439080170 0.04919432827133289 31
1694439080240 0.16646073691831428 32
1694439080309 0.06595198605360549 33
1694439080379 0.09233751588301667 34
1694439080447 0.0007811708731239718 35
1694439080517 0.025071942215744422 36
1694439080586 0.09745387894141866 37
1694439080655 0.03514236210491352 38
1694439080723 2.255007137572169e-05 39
1694439080794 0.28508292560334614 40
1694439080862 0.001445818771930129 41
1694439080933 0.003231212590223071 42
1694439081001 0.0010260768251578547 43
1694439081071 0.025256832734455385 44
1694439081140 0.13574275357804588 45
1694439081209 0.0951825496966647 46
1694439081280 0.00019295720233306486 47
1694439081348 0.00019874925505367533 48
1694439081417 0.0043344315386275745 49
1694439081487 0.05343528413707955 50
1694439081557 0.005347700458149611 51
1694439081626 0.01409623638165766 52
1694439081696 0.034858278033961514 53
1694439081765 0.02441243822020233 54
1694439081835 0.06658786350965884 55
1694439081903 0.0462689651719321 56
1694439081973 0.1366142170590114 57
1694439082042 0.10008475240815852 58
1694439082111 0.034549449228197256 59
1694439082181 0.0008448740776474996 60
1694439082252 0.04554956472033338 61
1694439082321 0.03279527144074836 62
1694439082390 0.0012571640028661967 63
1694439082459 0.0049428611546980215 64
1694439082529 0.024837196151091295 65
1694439082598 0.005103092854604201 66
1694439082669 0.02840115418523183 67
1694439082737 0.14485610546270827 68
1694439082809 0.16895293697615457 69
1694439082878 0.02547794219876036 70
1694439082950 0.0014877585482872661 71
1694439083018 0.0018904916101928856 72
1694439083090 0.021426639799818212 73
1694439083161 0.007086102040072362 74
1694439083231 0.07388898049204996 75
1694439083301 0.005255008130563876 76
1694439083372 0.012687040884391446 77
1694439083443 0.14739881729959092 78
1694439083516 0.0029514166249918336 79
1694439083589 0.027086552649986006 80
1694439083659 9.991175640074433e-05 81
1694439083730 0.9950016791986173 82
1694439083800 0.04183859066870635 83
1694439083869 0.03339694567758524 84
1694439083938 0.6434881445586075 85
1694439084008 0.004795250260297466 86
1694439084078 0.03362327527910607 87
1694439084148 0.06135455014210986 88
1694439084217 0.0008568434533009826 89
1694439084285 9.355243676030598e-05 90
1694439084355 0.04684331206495519 91
1694439084424 0.0003978068377327056 92
1694439084494 0.019861833106785135 93
1694439084562 0.0071343039946366845 94
1694439084637 0.056977688221137524 95
1694439084711 0.3131586410860751 96
1694439084797 0.021267619761189602 97
1694439084877 0.0005770338771409274 98
1694439084955 0.4567971639163981 99
1694439085029 0.25743756207193835 100
1694439085099 0.06009556609087973 101
1694439085169 0.020768207987642156 102
1694439085240 0.023014419423698803 103
1694439085311 0.05361170866133953 104
1694439085380 0.3530639193214746 105
1694439085449 0.04240968460623963 106
1694439085521 0.01042080691514748 107
1694439085591 0.009194981216321497 108
1694439085660 0.6509006274203237 109
1694439085729 0.14839529208825708 110
1694439085799 0.0413065075867349 111
1694439085870 0.20655134866006242 112
1694439085942 0.04449783733104316 113
1694439086014 6.07372350406358e-06 114
1694439086084 0.002147555661825389 115
1694439086153 0.001415884251322377 116
1694439086222 0.1251912853068593 117
1694439086292 0.029326412718522574 118
1694439086362 0.0013470388460612367 119
1694439086432 0.25979748002082115 120
1694439086503 0.13378371160065378 121
1694439086572 2.4032326839038882e-05 122
1694439086641 0.006618387767332141 123
1694439086710 0.17679442881452156 124
1694439086780 0.019662641650309908 125
1694439086849 0.018177653538532235 126
1694439086918 0.0009225780276743303 127
1694439086988 0.057463345370061085 128
1694439087057 0.012800412983192082 129
1694439087127 0.11144285937362927 130
1694439087199 0.00034560891424576835 131
1694439087268 0.01757718765379526 132
1694439087337 0.0014916068862449994 133
1694439087406 0.0007331113124026455 134
1694439087476 0.04005931228512084 135
1694439087545 0.13582189060281677 136
1694439087614 0.14088392163783386 137
1694439087683 0.01564297468908712 138
1694439087754 0.6774401326022073 139
1694439087825 0.1302266646812126 140
1694439087896 1.4166081583995669 141
1694439087964 0.6316352911136973 142
1694439088033 0.018528595952868786 143
1694439088103 0.043410075941478846 144
1694439088173 0.007052694148547485 145
1694439088242 0.20601939882766812 146
1694439088311 0.003372778158210354 147
1694439088382 0.24671067275514288 148
1694439088450 0.02930357262008468 149
1694439088519 0.2270475120927883 150
1694439088588 0.1733024603700367 151
1694439088659 0.016472039011209496 152
1694439088729 0.04611835403902189 153
1694439088798 0.00034064268815927674 154
1694439088866 0.001819060576839924 155
1694439088935 0.006090803527444916 156
1694439089006 0.0010658126755148844 157
1694439089074 0.029559676579657235 158
1694439089145 0.00027015752112150536 159
1694439089213 0.035963904963331315 160
1694439089283 0.0020295305225045573 161
1694439089353 0.12124786612082478 162
1694439089423 0.010167076873447691 163
1694439089492 0.01621997684004233 164
1694439089561 0.004490919944797158 165
1694439089631 0.00540998974768453 166
1694439089699 0.04307292040748157 167
1694439089771 0.027432562471483977 168
1694439089840 0.08616678324420296 169
1694439089909 0.001451328731049168 170
1694439089978 9.017316487527144e-05 171
1694439090048 0.012093363668829026 172
1694439090117 0.6160960746924673 173
1694439090186 0.001129732890169506 174
1694439090256 0.001511878748795395 175
1694439090324 0.002660363272220098 176
1694439090394 0.018678337607974393 177
1694439090462 0.05909179007318973 178
1694439090532 0.05118067969920285 179
1694439090601 0.0019045579430575354 180
1694439090670 0.003941106251786368 181
1694439090740 0.00019179578440837663 182
1694439090808 0.1755412716192355 183
1694439090877 0.48192568850627443 184
1694439090947 0.0011452657171052213 185
1694439091016 0.1432891581448251 186
1694439091085 0.11568152806360905 187
1694439091154 0.02432850630716745 188
1694439091223 0.022032449037487946 189
1694439091291 0.007099247050715787 190
1694439091361 0.13913653608755902 191
1694439091430 0.004404219361745957 192
1694439091499 1.744079031681062e-05 193
1694439091569 0.4541615903482052 194
1694439091638 0.1344057468658187 195
1694439091707 0.0002875381670344219 196
1694439091776 0.04487464855288656 197
1694439091846 0.03413133665309391 198
1694439091915 0.04191472538166133 199
1694439091985 7.878280442103813e-05 200
1694439092054 0.5236817480865588 201
1694439092123 0.20124742769521833 202
1694439092192 0.041288429358028345 203
1694439092261 0.029734069052651965 204
1694439092332 0.0818857739923259 205
1694439092400 0.36512236304818035 206
1694439092470 0.029291422111770774 207
1694439092540 0.08944123267021721 208
1694439092609 0.006483189340430001 209
1694439092679 0.019152119633779635 210
1694439092748 0.22499499498325734 211
1694439092817 0.028282525675842798 212
1694439092887 0.02543401795855084 213
1694439092956 0.10381079246282804 214
1694439093024 0.12850766240019784 215
1694439093093 0.1346203320770666 216
1694439093162 0.005584246933529441 217
1694439093231 0.4729327045870202 218
1694439093299 0.06248625363289276 219
1694439093369 0.002929614580488429 220
1694439093437 0.2839185664518705 221
1694439093506 0.0016130411572523513 222
1694439093577 0.042232595280417694 223
1694439093646 0.001456323929299727 224
1694439093715 0.0012420810174395213 225
1694439093786 4.448370368261343e-05 226
1694439093855 0.02934855531021903 227
1694439093924 3.066007979938453e-05 228
1694439094000 0.15080079924862427 229
1694439094069 0.014488798994468182 230
1694439094137 0.012071814944131143 231
1694439094206 0.012430615657067759 232
1694439094276 0.005129084061474443 233
1694439094346 0.011782064025451351 234
1694439094414 0.07330730116336623 235
1694439094484 0.0002754773382110229 236
1694439094553 0.025603823821902377 237
1694439094621 0.014843541149871138 238
1694439094691 0.2523925330749841 239
1694439094761 0.07410510735315085 240
1694439094833 0.02307669199507864 241
1694439094902 0.10148505139144379 242
1694439094971 0.0029326817353635647 243
1694439095040 0.141259596288761 244
1694439095108 0.041738795493732245 245
1694439095178 0.0033807619489627017 246
1694439095248 0.09267569923892828 247
1694439095317 0.5599673411780313 248
1694439095386 0.10788523589012908 249
1694439095455 0.0014582223957759247 250
1694439095524 0.004355345920370712 251
1694439095593 0.17591314120549092 252
1694439095662 0.4654450269019321 253
1694439095731 0.021503069163506458 254
1694439095800 0.44115991949300437 255
1694439095869 0.12129193582152986 256
1694439095938 0.08628178905395893 257
1694439096007 0.13598624360464054 258
1694439096077 0.0782524751894405 259
1694439096145 0.04391843220703736 260
1694439096214 0.0167783964030718 261
1694439096283 0.0018951758934260276 262
1694439096352 0.004730735573647727 263
1694439096421 0.055518881641933984 264
1694439096489 0.13648016119237538 265
1694439096559 0.11715184521935466 266
1694439096628 0.03711347055948347 267
1694439096695 0.0011231952989953682 268
1694439096764 0.4432130749921992 269
1694439096834 0.14641744755652572 270
1694439096904 0.34706131369522386 271
1694439096974 0.16219419517041359 272
1694439097044 0.37110823227187856 273
1694439097115 0.190950479345391 274
1694439097186 0.030978390746728174 275
1694439097260 0.0015031306798997052 276
1694439097330 0.06883177100320335 277
1694439097401 0.3084359147661053 278
1694439097474 0.4941872473992385 279
1694439097544 0.16025248056950228 280
1694439097613 0.3649365339696319 281
1694439097683 0.005990796045927665 282
1694439097754 0.08909316071990202 283
1694439097823 0.141295421801727 284
1694439097894 0.0038057521245169553 285
1694439097963 0.21656753506157145 286
1694439098033 0.014355195730040777 287
1694439098103 0.0032714550000960754 288
1694439098173 0.6424624690121413 289
1694439098242 0.0911583491179538 290
1694439098312 0.022356385457080158 291
1694439098381 0.3614930464387344 292
1694439098452 0.20368599062469625 293
1694439098522 0.004551763660535799 294
1694439098593 0.046192817571505805 295
1694439098662 0.0019036976160840245 296
1694439098731 0.10616394237087973 297
1694439098802 0.032194475956551186 298
1694439098872 0.025054306747316065 299
1694439098941 0.16178573417916592 300
1694439099012 0.021499454380190013 301
1694439099089 0.011774738740082735 302
1694439099159 0.0013753737046878602 303
1694439099227 0.0020318298258093443 304
1694439099297 0.010945464459357724 305
1694439099367 0.04377933444360448 306
1694439099437 0.019395106727843194 307
1694439099507 0.11724414793201617 308
1694439099576 0.05543430849432085 309
1694439099647 0.03545355476986049 310
1694439099718 0.04977032414869575 311
1694439099788 0.034407532554955864 312
1694439099857 0.2756797209293332 313
1694439099927 2.8427344833985213e-05 314
1694439099997 0.0405736856482699 315
1694439100066 0.00020570979860371662 316
1694439100136 0.10677929094444574 317
1694439100206 0.011895695333547136 318
1694439100275 0.0003058016350758919 319
1694439100345 0.016554965909357178 320
1694439100415 0.05958201048051991 321
1694439100484 0.16830574233945922 322
1694439100554 0.001373261963779701 323
1694439100624 0.04205639146492607 324
1694439100693 0.13725506018313358 325
1694439100763 0.0591773551631333 326
1694439100834 0.034425093327610595 327
1694439100902 0.03149571087956941 328
1694439100973 0.007763276762499569 329
1694439101043 0.11664785000080995 330
1694439101113 0.04278052266678139 331
1694439101183 0.40621531432551944 332
1694439101252 0.037447366496602366 333
1694439101321 0.03714133961879205 334
1694439101391 0.02734307428083144 335
1694439101460 0.0031809035392697505 336
1694439101529 0.09037325638790425 337
1694439101598 0.034867954574905186 338
1694439101668 0.041894757539086454 339
1694439101738 0.33388392720649707 340
1694439101807 0.0024151859012968703 341
1694439101877 0.0032852703312048637 342
1694439101947 0.20598956683737144 343
1694439102018 0.036574934219881325 344
1694439102089 0.10301564680803303 345
1694439102161 1.6811855370480762 346
1694439102231 0.028349014286136166 347
1694439102300 0.028529648255352 348
1694439102369 0.4372077068528197 349
1694439102439 0.04942080235004517 350
1694439102509 0.40460591881164965 351
1694439102579 0.06963761523998584 352
1694439102649 0.010055235426584555 353
1694439102719 0.01339428552278233 354
1694439102789 0.001945734206114832 355
1694439102858 0.0472970735415882 356
1694439102927 0.05364328580363382 357
1694439102997 0.22547114295463191 358
1694439103066 0.003591281114731327 359
1694439103136 0.3620259116077531 360
1694439103205 0.3640126559581379 361
1694439103274 0.15809493915731487 362
1694439103344 0.2141873866777384 363
1694439103413 0.006046679711632507 364
1694439103483 0.013278038043305084 365
1694439103554 0.06827920470823048 366
1694439103624 0.004050177206613206 367
1694439103694 0.10870203783638942 368
1694439103763 0.07997407190767765 369
1694439103833 0.10061306404771114 370
1694439103903 0.15271610641616637 371
1694439103972 0.013246933636368011 372
1694439104042 0.0049621760988927234 373
1694439104111 0.07597479933875437 374
1694439104180 0.16939980914497196 375
1694439104250 0.003988815557328709 376
1694439104318 0.053148229745025324 377
1694439104389 0.29698927348114207 378
1694439104458 0.006874935732169933 379
1694439104528 0.09484615620796434 380
1694439104597 0.040509436693376095 381
1694439104669 0.0032097909206731277 382
1694439104739 0.07719772605223248 383
1694439104808 0.007850911626521545 384
1694439104878 9.807841466305753e-05 385
1694439104948 0.006416557245616082 386
1694439105017 0.1814005579348659 387
1694439105088 0.7027751415452237 388
1694439105158 0.22395116722620084 389
1694439105228 0.10602908227874315 390
1694439105298 0.0034387160752529003 391
1694439105367 0.013356567222963566 392
1694439105438 0.09817961729849489 393
1694439105508 0.0018100152440029412 394
1694439105576 0.07759561125237845 395
1694439105647 0.3262500580935699 396
1694439105717 0.007265195104108095 397
1694439105787 0.008732558132406535 398
1694439105856 0.10436576854832604 399
1694439105929 0.021864231425589624 400
1694439105999 0.001163008752904062 401
1694439106069 0.017228599310883677 402
1694439106139 8.155119262796209e-05 403
1694439106209 0.0812852344590557 404
1694439106278 0.02435081669831874 405
1694439106348 0.17714693374940632 406
1694439106418 0.12912707174054142 407
1694439106487 0.018371422580183837 408
1694439106557 0.03468247300393051 409
1694439106627 0.003435726799786506 410
1694439106697 0.0027264726636189733 411
1694439106766 0.060986264335780714 412
1694439106835 0.0019361496580618533 413
1694439106904 0.02529842449096645 414
1694439106975 0.04154327473987513 415
1694439107043 0.0932671857214491 416
1694439107114 0.11288137585906673 417
1694439107182 0.02240678764477722 418
1694439107252 0.0706207174474437 419
1694439107321 0.011129148966965279 420
1694439107391 0.027749632677767908 421
1694439107461 0.027653525148571032 422
1694439107530 0.020614978228304402 423
1694439107600 0.0017725931413423279 424
1694439107669 0.00031804695245179516 425
1694439107739 0.05848974013283467 426
1694439107809 0.003284239434411376 427
1694439107879 0.01127818504465909 428
1694439107949 0.1539769090489968 429
1694439108019 0.050356490746816 430
1694439108089 0.001092382109700466 431
1694439108165 0.06899361401825198 432
1694439108234 0.09308098653321498 433
1694439108303 0.008640604449284803 434
1694439108373 0.00015340729190840534 435
1694439108443 0.07963311435514757 436
1694439108514 0.005499145816917796 437
1694439108584 0.0017645313952028897 438
1694439108654 0.001474398706169281 439
1694439108723 0.4255602311514078 440
1694439108793 0.06776999024035817 441
1694439108862 2.897998778226876e-05 442
1694439108933 0.002298104290634447 443
1694439109003 0.06533882465753794 444
1694439109072 0.4513598025901646 445
1694439109142 0.0007279507761319088 446
1694439109211 0.05190611768387782 447
1694439109282 0.07714806117596998 448
1694439109353 0.010054625138095998 449
1694439109423 0.046564641094270574 450
1694439109492 0.021753011813798077 451
1694439109563 0.005852569520070754 452
1694439109632 0.010214654073288129 453
1694439109701 0.36254062276610627 454
1694439109772 0.045067201148390815 455
1694439109842 0.019856392851445966 456
1694439109910 0.01266626327045629 457
1694439109980 0.06312896331840546 458
1694439110049 0.07636228816429977 459
1694439110120 0.0004328176971449432 460
1694439110191 0.050513875652755995 461
1694439110260 6.878871745759607e-05 462
1694439110331 0.12451349497373976 463
1694439110402 0.10780304089762807 464
1694439110472 0.028586569272374525 465
1694439110541 4.0623754761842015e-06 466
1694439110610 0.36064416180063186 467
1694439110679 0.0354606008803583 468
1694439110749 0.05605686761835878 469
1694439110819 0.003195242778097567 470
1694439110889 0.0020901010456203127 471
1694439110958 0.00519978014166239 472
1694439111028 0.4116300960625898 473
1694439111098 0.06150251566234783 474
1694439111168 0.03243094908301885 475
1694439111239 0.02284505275310335 476
1694439111309 0.3594778280244814 477
1694439111378 0.46267595584323445 478
1694439111448 0.19122745441929803 479
1694439111518 0.08563671920448716 480
1694439111587 0.0780280231576444 481
1694439111657 0.3178122153314011 482
1694439111727 0.06131499097725179 483
1694439111797 0.5792226913664037 484
1694439111866 0.057793788972197085 485
1694439111936 0.3813290890194792 486
1694439112006 0.03872882512459381 487
1694439112076 0.1312039900597068 488
1694439112146 0.2750508110970192 489
1694439112214 0.030058117436433603 490
1694439112284 0.1371798497881007 491
1694439112356 0.007299223764652955 492
1694439112425 0.021605439821680176 493
1694439112493 0.03254879524785592 494
1694439112562 0.0026922751131076396 495
1694439112631 0.007997075621269778 496
1694439112701 0.057694866859842285 497
1694439112770 0.18830356449895455 498
1694439112839 0.017821583950184624 499
