1694428666191 168.941893472929 0
1694428666213 173.4573423958714 1
1694428666231 169.40145521119203 2
1694428666250 165.20962219908208 3
1694428666270 167.1061977783589 4
1694428666289 164.21565864704786 5
1694428666311 168.3746103434042 6
1694428666330 167.11640595409398 7
1694428666350 164.49696196967224 8
1694428666369 158.8803086648099 9
1694428666390 167.38501782382937 10
1694428666409 169.44926020403804 11
1694428666429 169.94492190519153 12
1694428666446 176.5004343009356 13
1694428666462 166.5769831018024 14
1694428666480 169.8816567548651 15
1694428666497 169.6020987571905 16
1694428666514 169.64714111290368 17
1694428666534 166.25333784041817 18
1694428666551 167.47855742510936 19
1694428666568 167.40162885876117 20
1694428666584 172.10322561951585 21
1694428666603 166.8979938135429 22
1694428666621 168.65454866036117 23
1694428666639 170.31726891989433 24
1694428666655 173.7498279934284 25
1694428666672 170.42450122339181 26
1694428666689 164.90849746597084 27
1694428666707 168.870916066083 28
1694428666725 171.42152888412514 29
1694428666742 167.57887033312707 30
1694428666759 168.99781029580365 31
1694428666775 167.15874423135384 32
1694428666793 171.79313624934346 33
1694428666810 167.69296114674086 34
1694428666827 168.26090004525852 35
1694428666844 170.76690763115408 36
1694428666860 168.07958327812247 37
1694428666878 172.58152566545567 38
1694428666894 172.41421400632612 39
1694428666912 170.03133833058038 40
1694428666929 172.41953730782393 41
1694428666945 171.52465302803193 42
1694428666964 164.406897942165 43
1694428666981 171.36000865072262 44
1694428666997 166.75102138243537 45
1694428667014 168.0838813449081 46
1694428667032 169.19537001998918 47
1694428667051 171.4141425574312 48
1694428667069 169.42010260333652 49
1694428667085 168.61963111286255 50
1694428667103 166.97923673511582 51
1694428667120 168.6158637601959 52
1694428667138 173.79754888196604 53
1694428667157 170.95366168837566 54
1694428667174 164.0335243899383 55
1694428667194 172.56088613753133 56
1694428667211 169.6863961773448 57
1694428667227 163.77808274446343 58
1694428667244 166.35372495064257 59
1694428667261 167.3035612789184 60
1694428667278 167.80104049418352 61
1694428667296 164.9188146048484 62
1694428667318 166.0354940895529 63
1694428667339 169.464779799944 64
1694428667359 165.31429292271022 65
1694428667377 168.93684346373536 66
1694428667394 169.5232706365547 67
1694428667411 171.21232155324697 68
1694428667428 170.87084675800105 69
1694428667444 170.95272049556118 70
1694428667462 163.79637624263643 71
1694428667478 165.62421199748533 72
1694428667496 165.55204899047084 73
1694428667514 171.03246338925314 74
1694428667532 169.5950866070868 75
1694428667549 169.27587130775012 76
1694428667568 168.18021405766163 77
1694428667587 172.1626590655948 78
1694428667607 163.98385369902513 79
1694428667624 169.1550333124351 80
1694428667642 167.2629065680217 81
1694428667659 169.1823587494359 82
1694428667677 172.44553463413908 83
1694428667693 171.60428437225684 84
1694428667710 166.90523426975486 85
1694428667727 166.9676765964657 86
1694428667745 167.8431802462007 87
1694428667761 167.92026859736504 88
1694428667777 169.44652108846716 89
1694428667794 166.2531177323013 90
1694428667812 164.90263224590913 91
1694428667830 166.92540624347612 92
1694428667847 165.2072449159962 93
1694428667865 172.7862318906785 94
1694428667882 166.848701395985 95
1694428667899 170.5305321918053 96
1694428667916 171.67256104825478 97
1694428667933 173.55139374186277 98
1694428667951 166.00404236230906 99
1694428667969 171.57103310553364 100
1694428667986 165.9114100595486 101
1694428668003 171.49194154781506 102
1694428668020 165.58318530782705 103
1694428668037 172.25020993478876 104
1694428668055 166.22210141376064 105
1694428668072 166.9647386708032 106
1694428668089 168.0930400511724 107
1694428668105 170.27598542351 108
1694428668122 170.16908129434032 109
1694428668139 169.02111321989355 110
1694428668155 173.77404538518272 111
1694428668172 170.32795500656792 112
1694428668190 166.8965988552309 113
1694428668206 169.11211814308075 114
1694428668224 172.19525954336206 115
1694428668242 171.3010399471887 116
1694428668258 173.05290774270242 117
1694428668275 169.71842970154552 118
1694428668292 168.03695934158435 119
1694428668308 161.61855480282705 120
1694428668326 167.22386635152864 121
1694428668343 167.63405542117698 122
1694428668359 168.74039367262745 123
1694428668377 167.45774715856683 124
1694428668393 169.0569669805233 125
1694428668410 166.36771382136627 126
1694428668427 172.34353317144993 127
1694428668444 169.13365327966082 128
1694428668460 168.57181796711959 129
1694428668479 165.8059857875849 130
1694428668497 168.69886105800555 131
1694428668516 170.96444828072666 132
1694428668532 166.4018847960625 133
1694428668548 170.66925408915614 134
1694428668566 163.94655869166397 135
1694428668582 169.28113429120523 136
1694428668599 169.5735691358087 137
1694428668616 169.25894917201202 138
1694428668632 168.07253704650367 139
1694428668650 170.2256903771261 140
1694428668666 170.31496559699272 141
1694428668684 163.02132539927234 142
1694428668702 172.29793908206418 143
1694428668720 174.4007629942144 144
1694428668737 165.1557874989921 145
1694428668755 166.69921312871847 146
1694428668773 166.43959138615725 147
1694428668790 170.2027940888856 148
1694428668807 170.20721481730354 149
1694428668825 170.41829998969965 150
1694428668842 169.59575375503414 151
1694428668860 166.10802367495052 152
1694428668878 165.70628633836023 153
1694428668894 169.88554127948504 154
1694428668911 171.68923264176988 155
1694428668929 169.69552576614115 156
1694428668946 167.0687639711473 157
1694428668963 170.64922573181568 158
1694428668980 169.86000760634917 159
1694428668997 167.41532982738588 160
1694428669014 163.5447463102187 161
1694428669031 164.99518853788302 162
1694428669047 165.34514778976447 163
1694428669064 171.1198253241632 164
1694428669081 166.80857139343524 165
1694428669097 168.2494833271325 166
1694428669115 169.12494136382261 167
1694428669132 169.63879144082037 168
1694428669149 172.19617346014215 169
1694428669165 168.22888315823994 170
1694428669181 167.5613899582873 171
1694428669199 170.44269793591215 172
1694428669215 172.20696597117302 173
1694428669233 166.71676605624975 174
1694428669249 170.29203503414234 175
1694428669266 165.7983490559911 176
1694428669282 171.56265111764975 177
1694428669298 166.57845624003738 178
1694428669316 168.50235078674996 179
1694428669332 163.57372818816094 180
1694428669349 168.65965220318216 181
1694428669366 171.1290452219376 182
1694428669383 169.6955929158496 183
1694428669399 166.84259291893045 184
1694428669416 169.00738187754527 185
1694428669433 172.10251667137996 186
1694428669450 165.40994637142472 187
1694428669467 174.2468049936411 188
1694428669484 166.18200653413956 189
1694428669501 163.58929085473915 190
1694428669518 170.59632346925898 191
1694428669534 167.93399572722646 192
1694428669552 169.2445583247209 193
1694428669568 168.58456906310454 194
1694428669584 164.9912155908051 195
1694428669602 170.47896881088673 196
1694428669618 166.89901831647518 197
1694428669635 168.02653274007343 198
1694428669651 171.05708403756935 199
1694428669671 173.67884366080122 200
1694428669688 171.85241276014565 201
1694428669706 165.19444967931764 202
1694428669723 165.031014098687 203
1694428669740 175.26931301633456 204
1694428669757 174.16301476289533 205
1694428669773 167.91520354299064 206
1694428669791 166.58622557014527 207
1694428669806 166.82208765333806 208
1694428669824 165.76048900695034 209
1694428669840 162.05321900942457 210
1694428669857 169.66009657148473 211
1694428669874 166.51097760626848 212
1694428669891 167.36129671817997 213
1694428669907 168.68773216874334 214
1694428669923 168.18097534051495 215
1694428669940 171.79571417731154 216
1694428669957 170.36295957049475 217
1694428669974 169.4852860650566 218
1694428669991 171.03539626742221 219
1694428670007 164.96320466041038 220
1694428670024 166.6550681270988 221
1694428670041 172.2425636995083 222
1694428670058 172.1715661621335 223
1694428670074 166.52081295882775 224
1694428670091 166.02941871621533 225
1694428670108 169.26687420755152 226
1694428670125 171.7509091912952 227
1694428670142 166.16681622401046 228
1694428670159 167.63108319813048 229
1694428670175 171.4417122836681 230
1694428670192 167.72903564918104 231
1694428670211 165.02897918445223 232
1694428670229 169.51333162160043 233
1694428670248 165.35981859346705 234
1694428670268 169.95139169069617 235
1694428670285 167.88759430838556 236
1694428670304 165.39121137094622 237
1694428670322 167.58595033618 238
1694428670340 170.93081130140928 239
1694428670357 165.71019888737297 240
1694428670373 172.23644883622708 241
1694428670390 166.72409468248767 242
1694428670406 169.39016992997307 243
1694428670423 167.285694063841 244
1694428670440 165.11777057909836 245
1694428670457 173.0091473203393 246
1694428670473 169.38154435368565 247
1694428670490 168.8136074360667 248
1694428670509 170.3389123299074 249
1694428670525 167.58744344425008 250
1694428670541 166.95633257238566 251
1694428670559 171.6252251627548 252
1694428670575 167.26227611570252 253
1694428670591 165.0466825332546 254
1694428670608 173.12983164309375 255
1694428670625 166.524088516777 256
1694428670642 169.50191995351184 257
1694428670659 173.7794923006411 258
1694428670675 168.37847990560675 259
1694428670692 166.19345278816516 260
1694428670708 167.61718693221925 261
1694428670726 170.14522124380815 262
1694428670742 168.57915390540913 263
1694428670760 171.79386920858218 264
1694428670777 170.43820032697454 265
1694428670793 166.99174683814135 266
1694428670810 170.1510984898958 267
1694428670826 166.26134984468143 268
1694428670843 167.02775579092915 269
1694428670861 170.97217346301468 270
1694428670880 167.9566307065681 271
1694428670898 169.49343242832248 272
1694428670915 168.54251664237614 273
1694428670931 169.205949994081 274
1694428670949 167.21358283528937 275
1694428670966 167.12728150062995 276
1694428670982 167.1406753143151 277
1694428670999 169.69636317725775 278
1694428671015 167.54180000648495 279
1694428671032 169.4941006602089 280
1694428671050 168.3083383722516 281
1694428671066 169.5864901337609 282
1694428671083 164.706743926146 283
1694428671099 167.6545321654243 284
1694428671116 170.13980888104447 285
1694428671133 164.31406264061917 286
1694428671151 167.90470134207203 287
1694428671167 167.51127003747337 288
1694428671184 174.37763173223024 289
1694428671200 163.7926702873411 290
1694428671216 166.1674602741411 291
1694428671233 167.699619544587 292
1694428671251 172.50633548092787 293
1694428671271 166.5809435516595 294
1694428671290 169.2940896745499 295
1694428671308 166.48402422669642 296
1694428671326 173.23329307582472 297
1694428671343 169.04067756427023 298
1694428671360 164.70916348865458 299
1694428671377 171.34450262844499 300
1694428671394 168.87501138733114 301
1694428671410 166.45018647861497 302
1694428671427 167.60270320570194 303
1694428671446 167.24330350710505 304
1694428671464 170.43334174038856 305
1694428671482 165.43803649623533 306
1694428671498 166.3593006132788 307
1694428671515 169.93940875099938 308
1694428671533 168.488663520573 309
1694428671550 168.57338925802972 310
1694428671567 168.20917743720642 311
1694428671584 173.14665320463538 312
1694428671600 168.16267501755584 313
1694428671617 168.14993797742073 314
1694428671634 167.202531778191 315
1694428671651 169.7558253673449 316
1694428671668 165.9317146693676 317
1694428671685 169.90715031241297 318
1694428671702 171.61832983828234 319
1694428671718 168.57888850982795 320
1694428671734 164.73806001620986 321
1694428671752 170.95850289089998 322
1694428671769 167.82178299433312 323
1694428671785 168.16048881269123 324
1694428671803 168.53140399301108 325
1694428671820 167.03338348774633 326
1694428671839 169.56341385414242 327
1694428671857 164.2346123425286 328
1694428671875 167.04286009852322 329
1694428671893 175.34238815182775 330
1694428671910 171.8626469855628 331
1694428671929 171.60726777885944 332
1694428671947 169.03670791664535 333
1694428671963 174.59570433481153 334
1694428671980 168.85420880587193 335
1694428671997 166.987793742203 336
1694428672014 168.46374985684517 337
1694428672031 165.11489985459886 338
1694428672047 168.25521498830616 339
1694428672065 168.6486675392956 340
1694428672083 169.71208677582536 341
1694428672100 168.93605562138515 342
1694428672117 165.81768017253822 343
1694428672133 172.33720016074014 344
1694428672150 167.38320863080148 345
1694428672167 167.14599329655746 346
1694428672184 172.30573252364496 347
1694428672200 166.33008957063495 348
1694428672216 164.4408904765243 349
1694428672233 168.55406568290923 350
1694428672249 170.20071855417632 351
1694428672266 166.96996423406182 352
1694428672283 165.58827764961478 353
1694428672300 172.17283620858754 354
1694428672316 169.66395926721785 355
1694428672333 168.4371328199361 356
1694428672349 167.46885151751232 357
1694428672366 168.55702520029095 358
1694428672383 163.8189386333833 359
1694428672400 171.7078192026952 360
1694428672417 180.59828110242393 361
1694428672435 169.23671828289136 362
1694428672451 171.12952434832238 363
1694428672468 166.1521972252264 364
1694428672485 170.4858507728016 365
1694428672502 169.11970207276573 366
1694428672518 166.7539954906674 367
1694428672534 166.80874064010976 368
1694428672551 165.40548509662216 369
1694428672568 167.17946240878845 370
1694428672584 171.83756896205063 371
1694428672600 170.1969036791899 372
1694428672617 166.7920252265444 373
1694428672637 168.4076895722223 374
1694428672655 168.1027657127498 375
1694428672672 165.69688575279773 376
1694428672689 167.35261280150777 377
1694428672705 167.18131850353052 378
1694428672721 169.83667213765452 379
1694428672739 167.55125885967917 380
1694428672756 173.85642981948718 381
1694428672775 169.50848588042896 382
1694428672793 174.08374691660265 383
1694428672812 172.15712018855996 384
1694428672830 163.06954628452692 385
1694428672847 169.276517462647 386
1694428672864 166.41224606502533 387
1694428672881 167.78094052821353 388
1694428672898 166.40339557372383 389
1694428672914 168.8780667200752 390
1694428672931 167.83579683350425 391
1694428672947 169.6561169620808 392
1694428672963 169.9541012706202 393
1694428672981 167.29071981156753 394
1694428672997 168.60172487592098 395
1694428673013 167.9761421269284 396
1694428673031 169.21546745647933 397
1694428673049 167.92388675337838 398
1694428673065 170.6025232967217 399
1694428673082 167.19125485787566 400
1694428673100 175.82384933055909 401
1694428673117 163.59939961973072 402
1694428673133 169.73526929061592 403
1694428673150 170.71380154862868 404
1694428673167 170.97159235181638 405
1694428673183 166.39847861400543 406
1694428673200 167.06434283896448 407
1694428673217 171.5054423198504 408
1694428673234 163.69561152422517 409
1694428673251 167.29577849290214 410
1694428673267 168.899725804175 411
1694428673285 167.73309008272523 412
1694428673302 172.82935091959845 413
1694428673318 165.11849209476082 414
1694428673335 166.44802664501137 415
1694428673351 170.10966830518606 416
1694428673368 170.6599065033233 417
1694428673385 170.07523986844345 418
1694428673402 172.75589483078082 419
1694428673418 168.6339042379338 420
1694428673435 170.11927947423374 421
1694428673451 167.51706618521266 422
1694428673469 169.96899307236072 423
1694428673486 167.10650136020578 424
1694428673503 168.65995903200434 425
1694428673520 174.1066408351839 426
1694428673536 165.64271458902368 427
1694428673552 166.97220749826099 428
1694428673568 167.29114557273166 429
1694428673586 174.8973511311953 430
1694428673603 165.1329674941185 431
1694428673619 175.36558276847992 432
1694428673636 170.59895403553523 433
1694428673653 169.92449282879366 434
1694428673670 163.90076858248077 435
1694428673687 169.74107758257892 436
1694428673704 171.22198141159984 437
1694428673720 173.96125834420428 438
1694428673736 169.33520792666133 439
1694428673753 166.8106918547031 440
1694428673769 164.1816735072992 441
1694428673787 165.2895656512033 442
1694428673804 166.38047730001517 443
1694428673820 168.15704362114136 444
1694428673839 165.07181426316006 445
1694428673855 168.8453472695055 446
1694428673872 168.5384786576447 447
1694428673889 172.0909223016251 448
1694428673906 169.57403588370863 449
1694428673922 172.54595011817563 450
1694428673938 178.04558538306023 451
1694428673956 168.23120620815982 452
1694428673972 169.33945447684195 453
1694428673989 172.53939549757436 454
1694428674006 169.82758647204128 455
1694428674023 166.06949125754394 456
1694428674039 167.5287925444493 457
1694428674056 167.371404378677 458
1694428674072 165.236165540327 459
1694428674089 166.31875457009906 460
1694428674106 169.4908653847226 461
1694428674122 164.08918943805338 462
1694428674139 171.29215803968796 463
1694428674155 169.62910030810352 464
1694428674172 164.979163485164 465
1694428674188 166.75809572029303 466
1694428674205 170.47092595279673 467
1694428674222 171.1129751188246 468
1694428674239 170.376891910309 469
1694428674255 165.82364422667314 470
1694428674272 170.70082254652363 471
1694428674289 168.82128290549522 472
1694428674305 170.4278443319079 473
1694428674322 166.8104523830987 474
1694428674338 168.67534841410628 475
1694428674355 164.91806325828148 476
1694428674371 169.53176053948056 477
1694428674389 169.2719228215182 478
1694428674408 161.20990109338524 479
1694428674424 165.27729420458377 480
1694428674441 170.68949713116984 481
1694428674457 164.91773178392435 482
1694428674474 164.0153448082587 483
1694428674490 169.15322203131828 484
1694428674507 163.9084800234636 485
1694428674524 167.20974579664585 486
1694428674540 174.4088088043822 487
1694428674558 165.1334047501943 488
1694428674574 168.67985069570955 489
1694428674591 175.3381288795142 490
1694428674608 167.27501586473883 491
1694428674624 168.69737471385614 492
1694428674641 164.50999600358566 493
1694428674657 165.83712195231342 494
1694428674673 167.69765313944137 495
1694428674691 166.33400604408976 496
1694428674707 170.35468691517795 497
1694428674724 168.50873611484482 498
1694428674742 168.9441024833611 499
