1694436522223 169.19669551054898 0
1694436522241 169.1628268345297 1
1694436522257 169.13573773102215 2
1694436522276 169.10865283483201 3
1694436522293 169.08157228105256 4
1694436522309 169.0544960689842 5
1694436522330 169.0274241979303 6
1694436522348 169.0003566671942 7
1694436522367 168.97329347607942 8
1694436522384 168.94623462388964 9
1694436522400 168.91918010992862 10
1694436522417 168.89212993350017 11
1694436522433 168.8650840939083 12
1694436522451 168.8380425904571 13
1694436522467 168.81100542245073 14
1694436522485 168.78397258919355 15
1694436522501 168.7569440899899 16
1694436522518 168.7299199241444 17
1694436522536 168.70290009096166 18
1694436522554 168.6758845897464 19
1694436522572 168.64887341980355 20
1694436522588 168.62186658043802 21
1694436522604 168.594864070955 22
1694436522622 168.56786589065956 23
1694436522646 168.54087203885717 24
1694436522670 168.5138825148531 25
1694436522688 168.48689731795298 26
1694436522704 168.4599164474624 27
1694436522721 168.4329399026872 28
1694436522739 168.40596768293318 29
1694436522755 168.37899978750636 30
1694436522773 168.35203621571281 31
1694436522790 168.32507696685877 32
1694436522807 168.29812204025052 33
1694436522827 168.2711714351945 34
1694436522847 168.2442251509973 35
1694436522867 168.2172831869655 36
1694436522891 168.19034554240588 37
1694436522911 168.16341221662535 38
1694436522934 168.13648320893088 39
1694436522954 168.10955851862954 40
1694436522976 168.0826381450286 41
1694436522996 168.05572208743533 42
1694436523018 168.02881034515715 43
1694436523043 168.00190291750164 44
1694436523066 167.97499980377646 45
1694436523089 167.94810100328934 46
1694436523107 167.92120651534816 47
1694436523126 167.89431633926097 48
1694436523143 167.86743047433575 49
1694436523159 167.84054891988083 50
1694436523176 167.8136716752045 51
1694436523194 167.78679873961514 52
1694436523211 167.75993011242127 53
1694436523227 167.73306579293168 54
1694436523244 167.70620578045506 55
1694436523260 167.67935007430026 56
1694436523279 167.65249867377634 57
1694436523296 167.62565157819228 58
1694436523313 167.59880878685743 59
1694436523333 167.57197029908104 60
1694436523353 167.5451361141725 61
1694436523371 167.51830623144141 62
1694436523388 167.49148065019745 63
1694436523405 167.4646593697503 64
1694436523423 167.43784238940992 65
1694436523440 167.41102970848627 66
1694436523457 167.38422132628943 67
1694436523474 167.35741724212957 68
1694436523492 167.33061745531714 69
1694436523510 167.3038219651624 70
1694436523533 167.27703077097604 71
1694436523554 167.25024387206864 72
1694436523572 167.22346126775096 73
1694436523590 167.19668295733388 74
1694436523606 167.1699089401284 75
1694436523624 167.1431392154456 76
1694436523641 167.1163737825967 77
1694436523659 167.08961264089297 78
1694436523675 167.0628557896459 79
1694436523694 167.036103228167 80
1694436523712 167.00935495576795 81
1694436523728 166.98261097176047 82
1694436523745 166.95587127545636 83
1694436523761 166.9291358661677 84
1694436523781 166.9024047432066 85
1694436523797 166.8756779058852 86
1694436523814 166.84895535351583 87
1694436523832 166.82223708541088 88
1694436523851 166.79552310088295 89
1694436523871 166.76881339924464 90
1694436523893 166.74210797980868 91
1694436523912 166.715406841888 92
1694436523929 166.6887099847955 93
1694436523946 166.66201740784433 94
1694436523963 166.63532911034767 95
1694436523979 166.60864509161877 96
1694436523998 166.5819653509711 97
1694436524014 166.5552898877182 98
1694436524031 166.52861870117363 99
1694436524047 166.50195179065122 100
1694436524065 166.47528915546476 101
1694436524081 166.44863079492828 102
1694436524099 166.42197670835583 103
1694436524120 166.39532689506157 104
1694436524137 166.36868135435986 105
1694436524155 166.34204008556503 106
1694436524171 166.31540308799165 107
1694436524189 166.28877036095435 108
1694436524206 166.26214190376783 109
1694436524223 166.23551771574697 110
1694436524245 166.20889779620674 111
1694436524263 166.18228214446216 112
1694436524280 166.15567075982847 113
1694436524297 166.1290636416209 114
1694436524314 166.1024607891549 115
1694436524331 166.0758622017459 116
1694436524348 166.04926787870963 117
1694436524364 166.02267781936175 118
1694436524381 165.99609202301812 119
1694436524402 165.96951048899467 120
1694436524418 165.94293321660746 121
1694436524435 165.91636020517268 122
1694436524452 165.88979145400657 123
1694436524469 165.86322696242556 124
1694436524486 165.83666672974613 125
1694436524503 165.8101107552849 126
1694436524520 165.78355903835856 127
1694436524537 165.75701157828397 128
1694436524554 165.730468374378 129
1694436524570 165.70392942595782 130
1694436524588 165.6773947323405 131
1694436524605 165.65086429284324 132
1694436524622 165.6243381067836 133
1694436524638 165.59781617347892 134
1694436524656 165.57129849224683 135
1694436524672 165.54478506240505 136
1694436524691 165.5182758832714 137
1694436524708 165.49177095416377 138
1694436524724 165.4652702744002 139
1694436524741 165.43877384329892 140
1694436524757 165.41228166017808 141
1694436524774 165.38579372435606 142
1694436524791 165.35931003515134 143
1694436524809 165.33283059188255 144
1694436524825 165.30635539386833 145
1694436524843 165.27988444042748 146
1694436524859 165.25341773087888 147
1694436524876 165.22695526454166 148
1694436524894 165.20049704073483 149
1694436524912 165.1740430587777 150
1694436524929 165.14759331798962 151
1694436524946 165.12114781768994 152
1694436524963 165.0947065571984 153
1694436524984 165.06826953583453 154
1694436525005 165.0418367529182 155
1694436525028 165.01540820776927 156
1694436525045 164.98898389970776 157
1694436525062 164.96256382805376 158
1694436525078 164.9361479921275 159
1694436525098 164.9097363912493 160
1694436525115 164.88332902473965 161
1694436525131 164.85692589191908 162
1694436525148 164.8305269921082 163
1694436525166 164.80413232462783 164
1694436525182 164.7777418887988 165
1694436525202 164.75135568394214 166
1694436525218 164.72497370937896 167
1694436525235 164.6985959644304 168
1694436525252 164.6722224484178 169
1694436525269 164.64585316066263 170
1694436525285 164.61948810048636 171
1694436525305 164.5931272672107 172
1694436525323 164.5667706601573 173
1694436525339 164.54041827864813 174
1694436525357 164.51407012200505 175
1694436525373 164.48772618955022 176
1694436525390 164.4613864806058 177
1694436525410 164.43505099449408 178
1694436525427 164.40871973053746 179
1694436525443 164.38239268805842 180
1694436525463 164.35606986637964 181
1694436525483 164.32975126482384 182
1694436525502 164.30343688271384 183
1694436525519 164.27712671937257 184
1694436525537 164.25082077412313 185
1694436525553 164.22451904628866 186
1694436525569 164.19822153519246 187
1694436525585 164.17192824015785 188
1694436525604 164.1456391605084 189
1694436525621 164.11935429556763 190
1694436525638 164.09307364465934 191
1694436525654 164.06679720710724 192
1694436525679 164.04052498223538 193
1694436525705 164.01425696936772 194
1694436525728 163.98799316782836 195
1694436525746 163.9617335769416 196
1694436525762 163.93547819603188 197
1694436525778 163.90922702442356 198
1694436525797 163.88298006144123 199
1694436525815 163.85673730640966 200
1694436525832 163.8304987586535 201
1694436525849 163.8042644174978 202
1694436525866 163.77803428226747 203
1694436525882 163.7518083522877 204
1694436525899 163.72558662688365 205
1694436525919 163.6993691053807 206
1694436525936 163.67315578710432 207
1694436525953 163.64694667138 208
1694436525970 163.6207417575335 209
1694436525987 163.59454104489043 210
1694436526003 163.56834453277682 211
1694436526020 163.54215222051857 212
1694436526037 163.51596410744185 213
1694436526054 163.48978019287276 214
1694436526071 163.46360047613774 215
1694436526088 163.4374249565631 216
1694436526103 163.4112536334754 217
1694436526123 163.38508650620133 218
1694436526142 163.3589235740676 219
1694436526163 163.332764836401 220
1694436526181 163.3066102925286 221
1694436526199 163.28045994177737 222
1694436526217 163.25431378347452 223
1694436526233 163.2281718169474 224
1694436526250 163.20203404152332 225
1694436526267 163.17590045652983 226
1694436526284 163.1497710612945 227
1694436526300 163.12364585514513 228
1694436526317 163.09752483740942 229
1694436526333 163.0714080074154 230
1694436526350 163.0452953644911 231
1694436526366 163.01918690796464 232
1694436526382 162.99308263716426 233
1694436526399 162.9669825514184 234
1694436526418 162.9408866500555 235
1694436526436 162.91479493240408 236
1694436526454 162.88870739779293 237
1694436526470 162.86262404555077 238
1694436526486 162.83654487500652 239
1694436526503 162.8104698854892 240
1694436526521 162.784399076328 241
1694436526537 162.75833244685202 242
1694436526554 162.7322699963907 243
1694436526571 162.70621172427346 244
1694436526587 162.6801576298298 245
1694436526603 162.65410771238942 246
1694436526621 162.62806197128208 247
1694436526638 162.60202040583766 248
1694436526654 162.57598301538616 249
1694436526672 162.54994979925766 250
1694436526691 162.5239207567823 251
1694436526712 162.49789588729047 252
1694436526730 162.47187519011254 253
1694436526747 162.44585866457905 254
1694436526764 162.41984631002066 255
1694436526780 162.393838125768 256
1694436526796 162.36783411115198 257
1694436526814 162.34183426550356 258
1694436526831 162.3158385881538 259
1694436526848 162.28984707843384 260
1694436526865 162.26385973567497 261
1694436526882 162.23787655920853 262
1694436526898 162.2118975483661 263
1694436526918 162.1859227024792 264
1694436526934 162.15995202087956 265
1694436526950 162.13398550289895 266
1694436526967 162.10802314786935 267
1694436526984 162.08206495512275 268
1694436526999 162.05611092399127 269
1694436527019 162.0301610538072 270
1694436527036 162.0042153439028 271
1694436527052 161.97827379361064 272
1694436527070 161.9523364022632 273
1694436527086 161.92640316919318 274
1694436527103 161.90047409373332 275
1694436527121 161.87454917521654 276
1694436527138 161.8486284129758 277
1694436527154 161.82271180634427 278
1694436527172 161.79679935465506 279
1694436527189 161.7708910572415 280
1694436527205 161.74498691343712 281
1694436527225 161.7190869225753 282
1694436527241 161.69319108398972 283
1694436527258 161.66729939701415 284
1694436527275 161.64141186098243 285
1694436527292 161.6155284752285 286
1694436527308 161.5896492390864 287
1694436527331 161.56377415189039 288
1694436527354 161.5379032129746 289
1694436527374 161.5120364216735 290
1694436527391 161.48617377732162 291
1694436527407 161.46031527925348 292
1694436527426 161.4344609268038 293
1694436527443 161.40861071930743 294
1694436527459 161.38276465609923 295
1694436527478 161.35692273651426 296
1694436527494 161.33108495988765 297
1694436527511 161.3052513255546 298
1694436527530 161.27942183285046 299
1694436527546 161.25359648111078 300
1694436527563 161.22777526967096 301
1694436527580 161.20195819786682 302
1694436527596 161.17614526503402 303
1694436527613 161.15033647050845 304
1694436527630 161.12453181362613 305
1694436527649 161.0987312937232 306
1694436527666 161.07293491013573 307
1694436527684 161.04714266220014 308
1694436527701 161.02135454925278 309
1694436527718 160.9955705706302 310
1694436527735 160.969790725669 311
1694436527752 160.94401501370587 312
1694436527770 160.91824343407774 313
1694436527787 160.89247598612153 314
1694436527805 160.8667126691742 315
1694436527822 160.84095348257304 316
1694436527839 160.81519842565524 317
1694436527855 160.7894474977582 318
1694436527872 160.76370069821934 319
1694436527891 160.7379580263763 320
1694436527910 160.71221948156676 321
1694436527928 160.68648506312852 322
1694436527946 160.66075477039948 323
1694436527963 160.63502860271763 324
1694436527979 160.60930655942107 325
1694436527995 160.58358863984805 326
1694436528011 160.5578748433369 327
1694436528029 160.53216516922603 328
1694436528045 160.50645961685407 329
1694436528063 160.48075818555952 330
1694436528079 160.45506087468124 331
1694436528095 160.42936768355807 332
1694436528112 160.40367861152896 333
1694436528133 160.377993657933 334
1694436528150 160.35231282210933 335
1694436528167 160.32663610339725 336
1694436528184 160.30096350113618 337
1694436528201 160.27529501466557 338
1694436528218 160.24963064332508 339
1694436528237 160.22397038645437 340
1694436528253 160.19831424339327 341
1694436528270 160.17266221348171 342
1694436528286 160.1470142960597 343
1694436528305 160.12137049046737 344
1694436528322 160.095730796045 345
1694436528340 160.07009521213286 346
1694436528357 160.04446373807147 347
1694436528373 160.0188363732014 348
1694436528390 159.99321311686325 349
1694436528407 159.96759396839778 350
1694436528425 159.94197892714593 351
1694436528441 159.91636799244864 352
1694436528459 159.890761163647 353
1694436528476 159.86515844008224 354
1694436528491 159.83955982109558 355
1694436528511 159.81396530602848 356
1694436528531 159.78837489422247 357
1694436528550 159.76278858501914 358
1694436528566 159.73720637776017 359
1694436528583 159.71162827178748 360
1694436528599 159.6860542664429 361
1694436528616 159.66048436106854 362
1694436528635 159.6349185550065 363
1694436528652 159.60935684759903 364
1694436528669 159.58379923818856 365
1694436528685 159.55824572611746 366
1694436528702 159.53269631072834 367
1694436528719 159.5071509913639 368
1694436528737 159.48160976736685 369
1694436528754 159.4560726380801 370
1694436528771 159.43053960284666 371
1694436528789 159.4050106610096 372
1694436528805 159.3794858119122 373
1694436528822 159.35396505489766 374
1694436528840 159.32844838930944 375
1694436528856 159.30293581449104 376
1694436528873 159.2774273297861 377
1694436528890 159.25192293453827 378
1694436528907 159.22642262809154 379
1694436528925 159.20092640978973 380
1694436528942 159.1754342789769 381
1694436528958 159.14994623499726 382
1694436528976 159.12446227719502 383
1694436528992 159.0989824049145 384
1694436529009 159.07350661750024 385
1694436529026 159.04803491429678 386
1694436529044 159.02256729464875 387
1694436529061 158.99710375790104 388
1694436529080 158.97164430339845 389
1694436529102 158.94618893048602 390
1694436529120 158.92073763850874 391
1694436529139 158.89529042681198 392
1694436529156 158.86984729474094 393
1694436529173 158.84440824164108 394
1694436529190 158.81897326685785 395
1694436529207 158.79354236973694 396
1694436529224 158.76811554962404 397
1694436529242 158.74269280586503 398
1694436529259 158.71727413780582 399
1694436529276 158.6918595447924 400
1694436529293 158.66644902617102 401
1694436529310 158.64104258128788 402
1694436529328 158.61564020948936 403
1694436529346 158.5902419101219 404
1694436529362 158.56484768253208 405
1694436529380 158.53945752606654 406
1694436529397 158.51407144007214 407
1694436529414 158.4886894238957 408
1694436529431 158.4633114768842 409
1694436529450 158.4379375983848 410
1694436529466 158.41256778774462 411
1694436529483 158.387202044311 412
1694436529499 158.36184036743137 413
1694436529517 158.33648275645325 414
1694436529534 158.31112921072418 415
1694436529552 158.28577972959192 416
1694436529569 158.26043431240439 417
1694436529586 158.23509295850937 418
1694436529602 158.209755667255 419
1694436529619 158.18442243798938 420
1694436529636 158.15909327006077 421
1694436529654 158.13376816281752 422
1694436529671 158.1084471156081 423
1694436529692 158.08313012778106 424
1694436529712 158.05781719868506 425
1694436529733 158.0325083276689 426
1694436529751 158.00720351408137 427
1694436529768 157.98190275727157 428
1694436529784 157.95660605658847 429
1694436529801 157.93131341138132 430
1694436529817 157.90602482099945 431
1694436529834 157.88074028479215 432
1694436529851 157.855459802109 433
1694436529869 157.83018337229962 434
1694436529887 157.80491099471368 435
1694436529903 157.779642668701 436
1694436529919 157.75437839361152 437
1694436529937 157.72911816879522 438
1694436529955 157.70386199360232 439
1694436529972 157.67860986738293 440
1694436529989 157.6533617894875 441
1694436530005 157.62811775926636 442
1694436530021 157.60287777607016 443
1694436530040 157.5776418392495 444
1694436530058 157.55240994815523 445
1694436530075 157.52718210213803 446
1694436530091 157.501958300549 447
1694436530108 157.47673854273916 448
1694436530124 157.4515228280597 449
1694436530142 157.42631115586187 450
1694436530158 157.40110352549704 451
1694436530176 157.3758999363168 452
1694436530192 157.35070038767265 453
1694436530208 157.3255048789163 454
1694436530226 157.30031340939948 455
1694436530244 157.2751259784742 456
1694436530263 157.2499425854924 457
1694436530282 157.22476322980623 458
1694436530301 157.19958791076792 459
1694436530319 157.1744166277297 460
1694436530336 157.14924938004407 461
1694436530354 157.12408616706352 462
1694436530371 157.0989269881407 463
1694436530388 157.07377184262836 464
1694436530405 157.04862072987927 465
1694436530422 157.02347364924645 466
1694436530439 156.99833060008294 467
1694436530456 156.97319158174182 468
1694436530474 156.9480565935764 469
1694436530491 156.92292563494001 470
1694436530507 156.89779870518618 471
1694436530523 156.8726758036684 472
1694436530540 156.84755692974034 473
1694436530558 156.82244208275583 474
1694436530575 156.79733126206864 475
1694436530591 156.7722244670329 476
1694436530608 156.74712169700265 477
1694436530625 156.72202295133198 478
1694436530641 156.6969282293753 479
1694436530658 156.6718375304869 480
1694436530675 156.64675085402138 481
1694436530691 156.62166819933327 482
1694436530708 156.59658956577735 483
1694436530726 156.57151495270836 484
1694436530743 156.54644435948126 485
1694436530762 156.52137778545102 486
1694436530779 156.4963152299728 487
1694436530795 156.47125669240188 488
1694436530812 156.44620217209348 489
1694436530829 156.4211516684031 490
1694436530846 156.39610518068625 491
1694436530863 156.37106270829855 492
1694436530886 156.34602425059583 493
1694436530908 156.32098980693382 494
1694436530926 156.29595937666855 495
1694436530944 156.27093295915606 496
1694436530961 156.2459105537525 497
1694436530978 156.2208921598141 498
1694436530995 156.19587777669727 499
