1694429561431 164.34629335820387 0
1694429561449 167.6104513172802 1
1694429561467 159.44508694936096 2
1694429561483 150.72153895358005 3
1694429561500 141.13309758400788 4
1694429561517 157.31509779252883 5
1694429561533 146.30330853171031 6
1694429561551 144.68304936047596 7
1694429561569 140.45021241518683 8
1694429561586 151.70392592135698 9
1694429561604 125.20596727658305 10
1694429561620 142.1216639036077 11
1694429561637 132.55319069815513 12
1694429561654 141.5605974304678 13
1694429561671 149.40943636077262 14
1694429561688 128.55252145787637 15
1694429561704 131.54666013658576 16
1694429561721 131.23643345490714 17
1694429561739 113.36922484225538 18
1694429561756 129.2319936201582 19
1694429561773 124.1200366318135 20
1694429561790 110.4338911790918 21
1694429561807 120.22471838728384 22
1694429561824 116.90125263351948 23
1694429561841 98.13946632159153 24
1694429561858 102.81739314627634 25
1694429561875 124.83105100592805 26
1694429561891 96.8931713535303 27
1694429561907 112.0983437821247 28
1694429561924 119.31705579405566 29
1694429561942 104.8127871620868 30
1694429561959 102.91118980704881 31
1694429561978 88.2986946343165 32
1694429561996 93.36959221661536 33
1694429562015 97.82100760918094 34
1694429562033 103.4334809986783 35
1694429562051 96.19573565366866 36
1694429562071 100.67996588615024 37
1694429562089 94.09883795489402 38
1694429562106 92.90848843228991 39
1694429562122 93.95134044289226 40
1694429562139 88.3914881376911 41
1694429562155 99.85724354929485 42
1694429562173 89.81250802202409 43
1694429562193 91.9393753926956 44
1694429562212 89.81609532118792 45
1694429562231 83.78261198003625 46
1694429562248 91.1289464045371 47
1694429562265 86.4886019931773 48
1694429562282 78.89349947127184 49
1694429562299 79.08839092643485 50
1694429562316 85.94323262171545 51
1694429562332 82.97821248002643 52
1694429562349 74.89680370587904 53
1694429562366 74.84228665553935 54
1694429562383 71.74407287766913 55
1694429562400 83.53102568762459 56
1694429562416 77.67189568549806 57
1694429562433 74.15107143522198 58
1694429562452 76.57153576250843 59
1694429562471 79.45994166325659 60
1694429562488 65.13728255598146 61
1694429562505 73.91551073792449 62
1694429562522 71.17270936751586 63
1694429562538 67.23829467743995 64
1694429562555 67.7854221674071 65
1694429562572 61.80907231151013 66
1694429562590 72.09434000351396 67
1694429562611 62.50063749413004 68
1694429562634 74.0752346989804 69
1694429562654 66.45473184822781 70
1694429562671 58.589566835601495 71
1694429562688 59.22856461693665 72
1694429562705 64.0045432382775 73
1694429562724 52.44715404452223 74
1694429562741 63.733481453099905 75
1694429562758 61.570026294623155 76
1694429562776 62.89643529023071 77
1694429562792 57.243730277088424 78
1694429562809 51.77371440671548 79
1694429562826 58.179547190682975 80
1694429562845 53.32163502416766 81
1694429562865 55.28581242847669 82
1694429562882 48.30507479932042 83
1694429562900 56.98934136682181 84
1694429562917 57.11733874871705 85
1694429562934 50.69096742810816 86
1694429562950 52.569361114735564 87
1694429562967 44.50709197634701 88
1694429562984 45.6034275059683 89
1694429563000 48.309400607960654 90
1694429563017 53.17392978644182 91
1694429563033 50.049502151803146 92
1694429563050 48.06887292838047 93
1694429563067 47.624969750161604 94
1694429563084 45.50657599721388 95
1694429563103 45.19590124292228 96
1694429563120 39.1653204362757 97
1694429563137 41.289187661129354 98
1694429563154 44.814025533382356 99
1694429563170 45.19032102353666 100
1694429563187 41.64320095161319 101
1694429563204 42.80914929578512 102
1694429563221 40.72367231583426 103
1694429563237 41.76758490166628 104
1694429563254 37.50672539152065 105
1694429563271 36.78506075734141 106
1694429563288 41.65772310965793 107
1694429563304 36.22408833608526 108
1694429563321 39.820129563489 109
1694429563338 38.15702949473752 110
1694429563355 40.19865119391766 111
1694429563372 37.90439477582176 112
1694429563389 35.020836302597296 113
1694429563406 38.26055319493373 114
1694429563422 33.22976535834945 115
1694429563439 34.17407636259948 116
1694429563456 36.41708947857201 117
1694429563473 34.9966060269698 118
1694429563490 33.584878149634406 119
1694429563507 36.91945634353486 120
1694429563525 33.10085217935417 121
1694429563541 29.52593355863736 122
1694429563558 34.62609484858876 123
1694429563575 30.704680360715326 124
1694429563592 33.89497562109957 125
1694429563609 29.582128899442257 126
1694429563626 30.712485220137953 127
1694429563645 30.894134119182418 128
1694429563664 32.40838587537943 129
1694429563682 31.483248745268945 130
1694429563699 29.44761024985388 131
1694429563716 30.349852936548448 132
1694429563733 29.822504103932353 133
1694429563750 29.0133844013481 134
1694429563767 26.791691392162107 135
1694429563784 26.804551704472317 136
1694429563801 26.713910928866056 137
1694429563818 29.824565822432326 138
1694429563836 24.87222359726641 139
1694429563853 24.676431366716724 140
1694429563870 26.094203341425505 141
1694429563887 26.03584031368717 142
1694429563903 26.02336040920988 143
1694429563920 23.913387013140945 144
1694429563937 26.206703671951864 145
1694429563954 24.81659858164753 146
1694429563971 21.63130675423185 147
1694429563988 22.820941694138277 148
1694429564005 23.0345296138691 149
1694429564022 22.836415394533436 150
1694429564039 24.472922932060246 151
1694429564055 22.950009577847464 152
1694429564072 23.041400092009503 153
1694429564089 22.063872203156425 154
1694429564106 24.443781498704123 155
1694429564123 20.736047204558492 156
1694429564140 20.83225289213727 157
1694429564157 20.90373475583857 158
1694429564173 21.9913941143057 159
1694429564190 22.151835473181844 160
1694429564207 19.819013149674255 161
1694429564224 18.37543521171089 162
1694429564241 18.76730732731509 163
1694429564258 18.537421661880746 164
1694429564276 20.081406054790182 165
1694429564294 19.137540396610888 166
1694429564311 19.35026981344499 167
1694429564327 17.646305607204376 168
1694429564344 19.164206695929607 169
1694429564361 18.891802869165588 170
1694429564378 16.366227288254 171
1694429564395 17.461194976647338 172
1694429564412 18.3155646630539 173
1694429564429 17.47640541989915 174
1694429564446 16.499216114589235 175
1694429564463 15.917064398539951 176
1694429564479 16.886063442146646 177
1694429564496 16.311719099693317 178
1694429564513 16.635574466916562 179
1694429564530 15.52692501271803 180
1694429564546 17.08610119482491 181
1694429564563 17.681890000269796 182
1694429564581 14.666434147730223 183
1694429564598 17.217607473952825 184
1694429564614 13.425482777617288 185
1694429564631 13.896161014843733 186
1694429564648 15.257476774880091 187
1694429564665 15.017449951587421 188
1694429564682 13.960802599236441 189
1694429564699 13.692023461389553 190
1694429564715 15.227860971655742 191
1694429564732 13.844830257177392 192
1694429564749 13.997890224702603 193
1694429564765 13.022756988526016 194
1694429564783 15.09554126559277 195
1694429564800 12.74525614713408 196
1694429564816 12.880621539176804 197
1694429564833 14.156952880186086 198
1694429564851 13.932516028660327 199
1694429564868 12.610651849908544 200
1694429564886 11.875423194932193 201
1694429564903 11.875106816697365 202
1694429564919 12.815936236858956 203
1694429564935 12.466948788361695 204
1694429564952 12.189450802232683 205
1694429564968 12.165681904500342 206
1694429564984 10.878140858059774 207
1694429565001 11.31785371331411 208
1694429565018 11.936446277775431 209
1694429565034 11.075636270485997 210
1694429565051 11.63299092452389 211
1694429565068 10.63578109502177 212
1694429565084 11.403067953641779 213
1694429565101 11.468066035071582 214
1694429565118 10.109553322693198 215
1694429565134 10.697338563486264 216
1694429565151 9.684226288611232 217
1694429565167 10.17600436815147 218
1694429565184 10.082073080093618 219
1694429565201 10.266531069160418 220
1694429565217 10.258049840707553 221
1694429565233 9.38262320416996 222
1694429565250 9.99335348099552 223
1694429565266 10.838950349565588 224
1694429565282 11.001149520732154 225
1694429565298 8.716455481468682 226
1694429565315 9.032368647655181 227
1694429565331 10.356125945487847 228
1694429565347 8.429997862822482 229
1694429565363 10.071258633192162 230
1694429565380 8.416640891049283 231
1694429565397 8.897252345906452 232
1694429565414 8.507738109033852 233
1694429565430 8.698521863347358 234
1694429565447 7.816765589603911 235
1694429565464 8.64562904575853 236
1694429565483 7.102489692738919 237
1694429565499 7.5466148606272085 238
1694429565515 8.75787659578848 239
1694429565531 8.061283874121553 240
1694429565548 8.057835275548962 241
1694429565564 8.165082724240802 242
1694429565581 7.235957763801137 243
1694429565597 8.224206923225125 244
1694429565614 7.789427742910585 245
1694429565630 8.101153504293142 246
1694429565646 8.016274374055588 247
1694429565662 7.83679402584737 248
1694429565678 7.34440656634941 249
1694429565694 8.257713895075744 250
1694429565712 7.919114337257089 251
1694429565728 7.619517677357967 252
1694429565744 7.036647397514058 253
1694429565760 6.870934922677148 254
1694429565777 6.575219868799643 255
1694429565794 7.189897743212653 256
1694429565811 6.58904957645398 257
1694429565827 6.721161362715894 258
1694429565844 5.842063588568398 259
1694429565861 5.912112943830648 260
1694429565877 6.415749634353783 261
1694429565893 6.4047857428004145 262
1694429565910 6.076135029409878 263
1694429565927 5.61071929280903 264
1694429565943 6.5195502694189935 265
1694429565960 6.051355721190995 266
1694429565977 5.765316151371857 267
1694429565994 5.130841110772585 268
1694429566012 6.043842859772135 269
1694429566028 5.7355886346594716 270
1694429566046 5.748736268217024 271
1694429566063 4.943192775661926 272
1694429566079 4.924189343941967 273
1694429566095 5.846841384882667 274
1694429566113 4.998175238363437 275
1694429566129 5.865234535137956 276
1694429566145 4.1630091388155215 277
1694429566161 6.0454553041485735 278
1694429566178 5.423576054854558 279
1694429566194 5.919445231299718 280
1694429566211 5.583827307248515 281
1694429566228 5.133477263155165 282
1694429566244 5.356951642852366 283
1694429566260 4.529197074103757 284
1694429566278 6.020465874511062 285
1694429566294 5.356202749375815 286
1694429566311 4.665976636545224 287
1694429566328 4.845876079809162 288
1694429566344 5.249041128114138 289
1694429566360 5.200999240124943 290
1694429566377 4.317603681781401 291
1694429566393 4.818144950374477 292
1694429566409 5.255133994016796 293
1694429566426 4.478754273443402 294
1694429566442 4.142881020666274 295
1694429566458 4.8044714821970995 296
1694429566474 3.6647440805827043 297
1694429566491 4.806864830314723 298
1694429566508 3.7578789116732407 299
1694429566525 4.299129218436022 300
1694429566541 3.3982247007231523 301
1694429566557 3.7891895063910765 302
1694429566575 5.03879618660624 303
1694429566591 3.376928863333726 304
1694429566608 4.2795641937343865 305
1694429566625 4.026579101580181 306
1694429566642 3.9071594849161047 307
1694429566660 3.9957914900417557 308
1694429566676 3.5426720376691185 309
1694429566692 4.156699164548782 310
1694429566708 3.5009050498665872 311
1694429566725 3.616579606717241 312
1694429566741 2.9814328370400185 313
1694429566757 3.937752497970102 314
1694429566773 3.9507396825527 315
1694429566790 3.8013776387603464 316
1694429566807 3.3268032303596713 317
1694429566824 3.414441950551113 318
1694429566840 3.623857130165558 319
1694429566856 3.034483170899174 320
1694429566873 3.3949767390892753 321
1694429566889 3.3048949214449395 322
1694429566905 3.6189678783042445 323
1694429566922 3.638138610001611 324
1694429566938 3.6941988396967838 325
1694429566954 3.5658081434882836 326
1694429566971 3.527781097714779 327
1694429566988 2.765107331971962 328
1694429567004 3.076567484680233 329
1694429567020 3.064703886830817 330
1694429567037 3.2990556955759307 331
1694429567053 3.0817851877348095 332
1694429567069 2.905984298397093 333
1694429567086 2.93837323645107 334
1694429567103 2.7908348875601168 335
1694429567120 2.9131294246243984 336
1694429567137 2.8201334762747905 337
1694429567152 3.3215763415874577 338
1694429567168 3.2957628253244047 339
1694429567187 2.88697378088228 340
1694429567203 2.882536907984296 341
1694429567221 2.8227786675784374 342
1694429567237 2.8870420675747615 343
1694429567253 2.2539586096014106 344
1694429567270 3.1393261116445763 345
1694429567286 2.5856719091064986 346
1694429567302 2.364512141199629 347
1694429567319 2.5435708509065313 348
1694429567336 3.62365320446062 349
1694429567353 2.3953186032519467 350
1694429567369 2.8213427067037165 351
1694429567386 2.9082055472403803 352
1694429567402 2.600541854767943 353
1694429567419 2.582263940563071 354
1694429567436 2.462801771978398 355
1694429567453 2.650029251777106 356
1694429567470 2.187681814263811 357
1694429567486 2.28982393469618 358
1694429567503 2.1224987788288088 359
1694429567520 2.843323113074875 360
1694429567536 2.3973736671598567 361
1694429567553 2.3247657684231053 362
1694429567569 2.5069040929618893 363
1694429567585 2.5456338460584647 364
1694429567603 1.9849493264767466 365
1694429567619 2.1759494776751396 366
1694429567635 2.1253384064200462 367
1694429567653 2.1303269837926035 368
1694429567668 2.6776318406628348 369
1694429567685 2.0477925543022133 370
1694429567702 2.155468020114171 371
1694429567718 2.3479932319886307 372
1694429567735 1.6934563617334877 373
1694429567751 1.7516248424509555 374
1694429567768 2.1314069284008896 375
1694429567786 1.9135622022306913 376
1694429567803 1.835811971788519 377
1694429567821 1.9598314645202106 378
1694429567837 2.231269036988575 379
1694429567854 1.9088286966054635 380
1694429567870 2.222443842074253 381
1694429567887 2.247911739919489 382
1694429567903 1.8898439513461647 383
1694429567920 1.8306757524719512 384
1694429567936 1.7572926536001994 385
1694429567953 1.7410551601871949 386
1694429567969 1.6845339303900257 387
1694429567985 1.768711565408766 388
1694429568002 1.7886511871569828 389
1694429568018 1.4251041469455754 390
1694429568036 1.263138023919696 391
1694429568052 2.1040385715940966 392
1694429568067 1.5829285000161661 393
1694429568084 1.7121653540312836 394
1694429568101 1.7519636749426026 395
1694429568118 2.060103840323781 396
1694429568134 1.522330560163691 397
1694429568151 1.5150931182958456 398
1694429568167 1.553234863793832 399
1694429568184 1.9648960615132365 400
1694429568200 1.7386856984408816 401
1694429568217 1.3793301297437193 402
1694429568233 1.6190964036476225 403
1694429568249 1.5092396106054338 404
1694429568265 1.922864391007105 405
1694429568281 1.342059104597959 406
1694429568298 1.6151244164124496 407
1694429568314 1.393220071575131 408
1694429568331 1.8221030686769113 409
1694429568347 1.170519963245443 410
1694429568365 1.1179524655314628 411
1694429568383 1.8007482086932196 412
1694429568400 1.4519208181740317 413
1694429568416 1.6948835940147622 414
1694429568433 1.2106115916850986 415
1694429568449 1.4586268596279257 416
1694429568465 1.2249231600226393 417
1694429568481 1.483952628359695 418
1694429568497 1.1760071384692254 419
1694429568513 1.6234184435781056 420
1694429568530 1.5491229125734016 421
1694429568547 1.1812023012079889 422
1694429568565 1.3240159064853736 423
1694429568581 1.354320309442288 424
1694429568597 1.4539107261487558 425
1694429568614 1.3125749517669636 426
1694429568630 1.5251112778918967 427
1694429568648 1.336577906772161 428
1694429568664 0.9700576048481411 429
1694429568680 1.1439104362563222 430
1694429568697 1.1824557778697706 431
1694429568714 1.3243221689499969 432
1694429568730 1.0396026164770633 433
1694429568746 1.1503563344218135 434
1694429568763 1.0204882005645561 435
1694429568779 1.4810147489007686 436
1694429568796 0.956272942198574 437
1694429568812 1.575442508489814 438
1694429568829 1.2660917490352226 439
1694429568845 0.908287783841464 440
1694429568862 0.9456925592822435 441
1694429568879 1.3944836713506632 442
1694429568896 1.2930722740449172 443
1694429568912 1.46147109041398 444
1694429568928 1.2783302523174602 445
1694429568946 1.280055329419531 446
1694429568963 1.2716542570318004 447
1694429568980 1.23035853646653 448
1694429568997 0.7978141285308216 449
1694429569013 1.058290935244669 450
1694429569030 1.4271166685609882 451
1694429569046 1.232373218905746 452
1694429569064 1.2829073182220512 453
1694429569081 1.1613945206848302 454
1694429569098 0.9060580945687278 455
1694429569115 1.0254487124632772 456
1694429569131 0.8148304063429189 457
1694429569148 1.2909567492085279 458
1694429569165 1.1408922547903342 459
1694429569182 1.023973414355633 460
1694429569198 1.2822087401716638 461
1694429569214 0.9524484929446558 462
1694429569231 0.8531661065022356 463
1694429569247 1.1257683572143955 464
1694429569262 0.7299916773349641 465
1694429569279 0.8890475006515833 466
1694429569296 0.989697485168164 467
1694429569312 0.9770078028619918 468
1694429569329 1.1742052707832376 469
1694429569345 1.0717039217345627 470
1694429569362 1.4122041329107198 471
1694429569377 1.0146144917310476 472
1694429569395 1.0603394349280104 473
1694429569412 1.0733286863484743 474
1694429569427 1.092250003957645 475
1694429569445 1.0738462136623177 476
1694429569461 0.9687738407474581 477
1694429569477 0.8811461091479149 478
1694429569494 0.9103778037459668 479
1694429569511 1.0565766976563362 480
1694429569530 0.942970059802878 481
1694429569547 1.0306851706432265 482
1694429569565 0.9057808661991544 483
1694429569581 0.9363814442113506 484
1694429569598 0.9902132290392233 485
1694429569614 1.044404713267576 486
1694429569630 1.150020965836552 487
1694429569647 0.8930583380009771 488
1694429569664 1.0947447614727006 489
1694429569680 0.6143131684709072 490
1694429569696 0.6644620246843801 491
1694429569713 0.599389460581379 492
1694429569729 0.637947825882998 493
1694429569745 0.9983761619837753 494
1694429569761 1.0009461499055525 495
1694429569778 0.8709513971931269 496
1694429569796 1.1841185225725777 497
1694429569812 0.7755965456140406 498
1694429569828 1.102550410945934 499
