1694428137121 134.98282839837842 0
1694428137187 30.228577069878238 1
1694428137255 345.78792216198644 2
1694428137322 198.13986722827764 3
1694428137398 120.73888857398454 4
1694428137476 66.37974696308164 5
1694428137541 171.67170670090087 6
1694428137606 144.7624077817269 7
1694428137670 177.84990958751686 8
1694428137735 135.99727613742718 9
1694428137800 214.94205577062434 10
1694428137864 455.57901584809514 11
1694428137928 142.36802335059798 12
1694428137992 243.12571271784225 13
1694428138061 164.878280387213 14
1694428138126 446.1825274401223 15
1694428138191 290.9406907971133 16
1694428138254 105.88299932766627 17
1694428138320 161.42437554795924 18
1694428138384 159.56374404755806 19
1694428138449 283.89681305164675 20
1694428138514 138.69254446687566 21
1694428138578 226.18511467244443 22
1694428138643 165.70371044032814 23
1694428138727 198.09046214808671 24
1694428138792 92.22908352533041 25
1694428138855 289.6820863046147 26
1694428138927 208.47451494872527 27
1694428139002 142.60719759246078 28
1694428139067 85.25139953187676 29
1694428139130 139.68078515598737 30
1694428139195 234.28893741421734 31
1694428139279 185.71426205395957 32
1694428139345 44.54940820196712 33
1694428139408 122.80972608669553 34
1694428139473 148.41533340532752 35
1694428139537 59.33194582672479 36
1694428139601 149.9910680058073 37
1694428139664 43.34608609645477 38
1694428139728 192.9635888889351 39
1694428139803 296.18893318719876 40
1694428139866 183.35265684298378 41
1694428139931 149.5205055473754 42
1694428139995 341.69640265991416 43
1694428140084 278.8749074726593 44
1694428140156 185.74095300048137 45
1694428140220 125.94683769837108 46
1694428140285 69.60735116735233 47
1694428140350 108.44924841122143 48
1694428140415 42.612705999189615 49
1694428140480 97.0206511356991 50
1694428140545 262.2977451250124 51
1694428140613 190.02301069050543 52
1694428140678 284.3043821797709 53
1694428140742 184.3248378372463 54
1694428140807 177.59512898285615 55
1694428140871 214.90757555791208 56
1694428140936 133.87458082613793 57
1694428141004 161.33520445966892 58
1694428141068 181.36010022925697 59
1694428141133 133.3925406942584 60
1694428141196 190.8717686459688 61
1694428141259 208.8450873172537 62
1694428141327 77.64704876146432 63
1694428141394 138.39053876472033 64
1694428141461 179.36420932793416 65
1694428141526 205.37653362764593 66
1694428141589 250.92920873017692 67
1694428141654 46.94923767557681 68
1694428141718 33.19123704321227 69
1694428141783 182.0479583504744 70
1694428141846 121.64856311256243 71
1694428141911 160.51450137903592 72
1694428141974 152.34762133363847 73
1694428142039 149.97729725205528 74
1694428142103 115.95954604724395 75
1694428142167 189.66727463080153 76
1694428142231 157.86641554732307 77
1694428142301 161.97232261172493 78
1694428142369 183.516352382462 79
1694428142434 131.8484021607213 80
1694428142497 211.42890064145226 81
1694428142560 75.50229328009077 82
1694428142623 160.95005105738088 83
1694428142687 379.66625597773765 84
1694428142752 158.41026218796918 85
1694428142817 320.1658536165168 86
1694428142880 130.66915202726605 87
1694428142945 406.23040234954254 88
1694428143010 190.86535336831162 89
1694428143074 128.3615295816348 90
1694428143139 194.11415228374284 91
1694428143210 290.58859833546364 92
1694428143275 115.07595731627649 93
1694428143340 71.56558405652095 94
1694428143402 155.52492232726772 95
1694428143466 156.5122472411221 96
1694428143531 171.67903665229034 97
1694428143594 206.4345085883457 98
1694428143659 131.55010928216421 99
1694428143723 168.77693952945282 100
1694428143787 174.80259209091588 101
1694428143853 252.94283786073387 102
1694428143918 355.4178071288968 103
1694428143982 165.30943781280274 104
1694428144052 73.46261940760375 105
1694428144117 108.39501557730014 106
1694428144181 342.77340790223377 107
1694428144244 279.80887811393643 108
1694428144307 161.59329832737785 109
1694428144371 149.91856866875273 110
1694428144437 261.2423176969167 111
1694428144502 225.89472628413978 112
1694428144566 153.86644050330995 113
1694428144630 142.84485991301537 114
1694428144692 208.88181987917744 115
1694428144756 182.354461096934 116
1694428144825 85.9778617164499 117
1694428144890 154.2682944486043 118
1694428144954 528.6288451514516 119
1694428145018 176.27272160921947 120
1694428145082 41.26742038984313 121
1694428145148 160.469739279225 122
1694428145211 148.12862413458413 123
1694428145275 21.52395353756107 124
1694428145340 145.7075344904505 125
1694428145405 199.61818347781025 126
1694428145469 39.6923718126238 127
1694428145533 197.66912635504204 128
1694428145596 140.5248988562754 129
1694428145661 43.803714396254094 130
1694428145727 266.0766753772016 131
1694428145790 177.5723896881834 132
1694428145853 223.02460546327728 133
1694428145915 210.7960645463785 134
1694428145980 279.6682632011364 135
1694428146045 170.5874049188188 136
1694428146108 207.82909158896052 137
1694428146171 131.980758812462 138
1694428146235 55.465553019286794 139
1694428146300 63.134617783653226 140
1694428146363 415.3961029047372 141
1694428146426 181.60990591774797 142
1694428146490 212.98044277227268 143
1694428146559 322.98007543581355 144
1694428146622 200.93062954379272 145
1694428146687 280.61186183925753 146
1694428146751 348.7845994763693 147
1694428146815 131.87237713680634 148
1694428146878 13.046490695540681 149
1694428146942 147.19038830016868 150
1694428147005 143.74966208874318 151
1694428147072 140.2710742528763 152
1694428147136 148.36853533782235 153
1694428147200 229.9602440058363 154
1694428147264 200.47547833590568 155
1694428147328 243.4420908341463 156
1694428147394 102.87010741370537 157
1694428147458 407.5802624839028 158
1694428147522 79.35808431430783 159
1694428147587 158.73905298939388 160
1694428147651 176.03685285167515 161
1694428147715 104.4673086593759 162
1694428147781 259.3147391120583 163
1694428147844 140.39214169250818 164
1694428147909 157.0414004777724 165
1694428147973 116.6267171802916 166
1694428148037 351.3468173558095 167
1694428148100 167.05778368421997 168
1694428148163 180.91489667335242 169
1694428148231 129.97804732665716 170
1694428148294 146.33878317342086 171
1694428148359 108.7543916550998 172
1694428148422 284.95599532466287 173
1694428148487 180.09281240277053 174
1694428148550 183.32151038097558 175
1694428148613 432.5642237703323 176
1694428148678 85.38489676872362 177
1694428148743 169.47660812060525 178
1694428148806 177.71538426449916 179
1694428148869 99.95281278441414 180
1694428148933 335.3412893323146 181
1694428149001 209.36666627335367 182
1694428149070 196.82723045384728 183
1694428149135 195.67452041537214 184
1694428149198 57.40150246499632 185
1694428149263 159.73599211504114 186
1694428149328 392.1573999155963 187
1694428149396 288.9708384258983 188
1694428149462 148.9006689683722 189
1694428149526 105.7797413072604 190
1694428149590 195.07278150489952 191
1694428149654 76.9990446155992 192
1694428149717 188.283147140819 193
1694428149781 169.05978386824788 194
1694428149847 178.15109170647452 195
1694428149917 38.190808512089006 196
1694428149981 209.8527637892418 197
1694428150044 212.54397832505305 198
1694428150107 255.5625323350255 199
1694428150171 130.95844636339012 200
1694428150235 162.3288742532359 201
1694428150299 31.214147128189126 202
1694428150363 138.3018001405646 203
1694428150428 199.27051949323803 204
1694428150491 63.05829991763025 205
1694428150559 256.49638741532954 206
1694428150622 385.4613083866224 207
1694428150686 170.9164672327883 208
1694428150761 83.30503046053575 209
1694428150824 191.31476307917012 210
1694428150890 115.51332875013681 211
1694428150956 122.792226296422 212
1694428151019 214.44684521754965 213
1694428151083 111.53564360776811 214
1694428151147 90.19289146121531 215
1694428151210 210.47457235161258 216
1694428151273 758.9867643406075 217
1694428151337 155.3673997031982 218
1694428151401 265.31677650752835 219
1694428151466 143.19541099307992 220
1694428151529 199.69861607049097 221
1694428151597 169.09735990546986 222
1694428151663 121.08464970593245 223
1694428151727 180.57375107200136 224
1694428151790 201.28669163761091 225
1694428151853 160.5973741518716 226
1694428151917 154.72617131172825 227
1694428151980 139.56292822937635 228
1694428152044 203.83985328839006 229
1694428152108 225.6289137646519 230
1694428152172 336.5066057627692 231
1694428152238 112.45565260442378 232
1694428152302 133.71640841729834 233
1694428152365 125.23179519550823 234
1694428152443 60.02845421947284 235
1694428152507 45.656663021707196 236
1694428152572 218.19708442419278 237
1694428152635 236.69419465093296 238
1694428152700 84.90842727142918 239
1694428152765 47.29595896351068 240
1694428152829 169.583878039231 241
1694428152893 660.4170008252937 242
1694428152957 131.51590105428343 243
1694428153024 122.24504837108616 244
1694428153091 101.3474212732901 245
1694428153155 183.06740917517806 246
1694428153220 219.51266237875524 247
1694428153307 113.4357999420178 248
1694428153385 116.69703580857364 249
1694428153453 108.93762948334593 250
1694428153517 116.93783165365727 251
1694428153580 159.40834327002065 252
1694428153644 140.03365952391633 253
1694428153709 161.4117116509188 254
1694428153773 173.5977861008259 255
1694428153837 189.97459920120787 256
1694428153901 159.14162251372494 257
1694428153966 214.47725767221044 258
1694428154029 210.11489616599073 259
1694428154096 152.70500865566316 260
1694428154161 150.84125891119285 261
1694428154225 191.35603911574853 262
1694428154290 109.45961361243289 263
1694428154354 76.16660617909949 264
1694428154421 219.33441173840652 265
1694428154486 36.7996434408852 266
1694428154551 172.8830001026833 267
1694428154615 210.9772353347713 268
1694428154681 130.17103804050964 269
1694428154745 53.27077586185354 270
1694428154809 151.87188085736045 271
1694428154872 500.64612002444386 272
1694428154946 63.0597530764617 273
1694428155010 164.42033195996078 274
1694428155073 323.16122423827596 275
1694428155137 180.2631837580046 276
1694428155201 122.00322764821972 277
1694428155264 125.07657963425324 278
1694428155329 88.40346461358111 279
1694428155394 302.7721504410673 280
1694428155458 166.06785547422166 281
1694428155521 65.83672329461358 282
1694428155584 119.0212596980367 283
1694428155648 203.09144139917873 284
1694428155712 212.45620891738272 285
1694428155779 165.1660972973194 286
1694428155846 403.1074372519511 287
1694428155910 163.65375434796576 288
1694428155974 139.28439298199132 289
1694428156038 122.0529660124191 290
1694428156103 40.70299611152078 291
1694428156166 4.921551023120728 292
1694428156230 182.15972398663487 293
1694428156294 71.6857500362039 294
1694428156358 141.77173637017347 295
1694428156422 102.22201277828368 296
1694428156487 137.4723150954329 297
1694428156551 156.0123322941185 298
1694428156615 159.8105394735799 299
1694428156681 111.92362884135437 300
1694428156746 118.73207884815925 301
1694428156809 131.27511816139346 302
1694428156874 174.5428581374323 303
1694428156938 316.2261658649022 304
1694428157003 177.2538964525996 305
1694428157067 145.62279003878822 306
1694428157130 196.17882763780614 307
1694428157195 564.8996180908894 308
1694428157259 210.58963616843917 309
1694428157322 192.97614433168215 310
1694428157390 128.88580358930923 311
1694428157454 256.8268373245338 312
1694428157525 179.03365944853715 313
1694428157590 85.48028432620251 314
1694428157655 268.75811568762225 315
1694428157719 158.05772179315892 316
1694428157784 150.3708442083505 317
1694428157847 273.7097235733141 318
1694428157910 314.97566338615036 319
1694428157989 82.96073076966006 320
1694428158080 252.11213521313323 321
1694428158148 170.9828808651433 322
1694428158212 113.07129670866809 323
1694428158276 321.3931320799586 324
1694428158350 212.12304113395302 325
1694428158415 218.04069700550414 326
1694428158477 338.8051728059467 327
1694428158546 96.2860485421338 328
1694428158613 207.07842009247406 329
1694428158678 225.59381555607206 330
1694428158743 88.73059483246837 331
1694428158807 167.61051593376598 332
1694428158870 82.59860838212695 333
1694428158933 158.50261433428795 334
1694428158998 341.2923077704702 335
1694428159061 295.4859862441787 336
1694428159124 190.81156198962375 337
1694428159197 170.93132061523718 338
1694428159260 204.58146399952795 339
1694428159324 130.7808997011651 340
1694428159387 162.72240437476387 341
1694428159451 180.96580731225507 342
1694428159515 140.58709511926477 343
1694428159579 122.8233794394078 344
1694428159643 253.07570652788098 345
1694428159710 100.18218651928359 346
1694428159776 187.548830035093 347
1694428159839 179.89785813794774 348
1694428159904 135.27572146450163 349
1694428159968 184.37730782493722 350
1694428160034 50.50171690846305 351
1694428160100 288.53108402574793 352
1694428160165 80.28018212875939 353
1694428160229 118.55230305264907 354
1694428160292 179.1950105268265 355
1694428160356 224.1575152899122 356
1694428160423 122.5072940380801 357
1694428160488 27.779319324170668 358
1694428160550 192.89166333233248 359
1694428160614 156.76487677413417 360
1694428160678 131.09280232928177 361
1694428160741 771.6836490578436 362
1694428160807 228.5646685037303 363
1694428160879 336.4550818735073 364
1694428160942 231.30253443787447 365
1694428161007 236.52128582872106 366
1694428161069 162.65114096201702 367
1694428161133 228.6649661447755 368
1694428161198 218.92798952095913 369
1694428161263 124.55112720215098 370
1694428161328 172.1296087030966 371
1694428161392 90.29925269099088 372
1694428161457 153.64145702801517 373
1694428161520 279.85004053584464 374
1694428161584 121.55381791179818 375
1694428161648 194.3942415592124 376
1694428161718 151.12235097127947 377
1694428161786 186.90802547182935 378
1694428161851 28.036679959564314 379
1694428161914 214.91792949113363 380
1694428161979 95.46432399646837 381
1694428162043 223.00976003996334 382
1694428162107 172.00347813876638 383
1694428162170 266.22180460549606 384
1694428162234 172.64279575540664 385
1694428162303 147.931768734388 386
1694428162367 236.5667329683749 387
1694428162431 309.1499412586549 388
1694428162494 205.73888877972163 389
1694428162558 228.64336344519296 390
1694428162628 138.39860121373493 391
1694428162692 168.64885569524324 392
1694428162757 205.1403294933247 393
1694428162822 249.47287151365126 394
1694428162885 125.02845242716002 395
1694428162950 158.80031471212885 396
1694428163014 127.31173360918154 397
1694428163076 132.33995275112173 398
1694428163139 101.8864004069669 399
1694428163205 197.1593202166442 400
1694428163267 131.74592980569795 401
1694428163330 191.08502531431245 402
1694428163393 80.6967391842142 403
1694428163462 202.36660839656943 404
1694428163526 18.9425681440091 405
1694428163590 217.02751904504842 406
1694428163656 236.10040622577884 407
1694428163719 190.4205779253268 408
1694428163784 206.9779967088312 409
1694428163848 331.01209730875644 410
1694428163912 60.2019951988799 411
1694428163978 152.79081304418378 412
1694428164041 220.1362139416903 413
1694428164105 122.26028029460544 414
1694428164169 167.99642501314204 415
1694428164232 74.60092288805062 416
1694428164300 206.41803603635 417
1694428164367 161.37122219808336 418
1694428164429 169.13520661120506 419
1694428164493 327.480395475756 420
1694428164558 37.67082267872474 421
1694428164621 217.00753232981245 422
1694428164686 138.9124301063265 423
1694428164749 210.1913757408973 424
1694428164813 43.10629798308412 425
1694428164876 172.0930436674473 426
1694428164941 72.36601783730536 427
1694428165005 228.59819303753466 428
1694428165067 132.8409515041785 429
1694428165132 147.11804565652596 430
1694428165198 233.02284055161877 431
1694428165261 168.1879646797296 432
1694428165324 89.53556115765825 433
1694428165388 156.67729314290267 434
1694428165454 113.68512609940585 435
1694428165518 249.14450684758262 436
1694428165581 104.04635513609975 437
1694428165645 169.60958018670857 438
1694428165709 158.29338563276843 439
1694428165774 207.46012987979884 440
1694428165838 18.411380882283254 441
1694428165901 98.48591035851778 442
1694428165967 181.34291101560694 443
1694428166031 185.0546893467468 444
1694428166095 215.1111506581013 445
1694428166163 217.82323075243474 446
1694428166240 157.38943724675406 447
1694428166305 148.31061173983215 448
1694428166368 86.26661201658513 449
1694428166433 124.19473348499876 450
1694428166496 125.21932070282061 451
1694428166560 121.38466585801521 452
1694428166624 305.2722300365688 453
1694428166687 152.5094894487418 454
1694428166751 149.52580633501654 455
1694428166823 187.68817314234414 456
1694428166889 131.66143902686056 457
1694428166954 141.8166250438929 458
1694428167019 130.81774972659437 459
1694428167082 143.09156631715177 460
1694428167146 86.73105531481765 461
1694428167211 168.80809389658552 462
1694428167278 237.26609607349658 463
1694428167342 102.6684646894588 464
1694428167406 82.93319688978235 465
1694428167470 159.38360063376436 466
1694428167534 285.20241468955413 467
1694428167598 147.76571742621525 468
1694428167665 36.67331762090152 469
1694428167729 0.5236822478311158 470
1694428167795 618.4511247480535 471
1694428167862 235.54201393483226 472
1694428167926 238.2353400718075 473
1694428167990 188.42824132395643 474
1694428168055 107.78806438653072 475
1694428168119 276.2678743236349 476
1694428168183 160.5092873697003 477
1694428168249 300.9793454598791 478
1694428168314 24.960713998872098 479
1694428168378 234.2151861868612 480
1694428168443 200.79698595130728 481
1694428168509 216.94745575697885 482
1694428168574 117.58003523900211 483
1694428168638 221.47665132130268 484
1694428168703 190.278864754891 485
1694428168769 245.46498073161845 486
1694428168832 328.8487247463239 487
1694428168897 443.70837591943945 488
1694428168960 203.77294637976885 489
1694428169025 330.9631001025185 490
1694428169089 131.43381761215338 491
1694428169152 293.5053551158673 492
1694428169215 173.0372278400099 493
1694428169279 144.8763903011977 494
1694428169352 236.07605661221547 495
1694428169419 165.5746960953492 496
1694428169486 175.33266797306464 497
1694428169551 128.99835285771917 498
1694428169614 125.41568450280873 499
