1694428484445 169.19669551054895 0
1694428484464 169.1911589011917 1
1694428484485 169.18567965457365 2
1694428484503 169.18025708975145 3
1694428484522 169.17489053451703 4
1694428484542 169.16957932528067 5
1694428484561 169.1643228069547 6
1694428484580 169.15912033283965 7
1694428484598 169.15397126451134 8
1694428484615 169.14887497170992 9
1694428484635 169.14383083223004 10
1694428484652 169.1388382318133 11
1694428484671 169.13389656404107 12
1694428484691 169.12900523022984 13
1694428484710 169.12416363932735 14
1694428484728 169.1193712078105 15
1694428484742 169.11462735958452 16
1694428484756 169.1099315258834 17
1694428484771 169.10528314517202 18
1694428484786 169.1006816630495 19
1694428484799 169.0961265321535 20
1694428484814 169.09161721206664 21
1694428484828 169.08715316922337 22
1694428484842 169.08273387681868 23
1694428484855 169.07835881471777 24
1694428484875 169.07402746936728 25
1694428484893 169.0697393337072 26
1694428484908 169.06549390708463 27
1694428484921 169.06129069516825 28
1694428484937 169.0571292098643 29
1694428484957 169.05300896923336 30
1694428484976 169.04892949740847 31
1694428484991 169.04489032451468 32
1694428485006 169.04089098658898 33
1694428485021 169.036931025502 34
1694428485034 169.0330099888805 35
1694428485048 169.02912743003088 36
1694428485062 169.02528290786384 37
1694428485076 169.0214759868201 38
1694428485090 169.017706236797 39
1694428485104 169.01397323307626 40
1694428485120 169.01027655625268 41
1694428485138 169.0066157921637 42
1694428485152 169.00299053182002 43
1694428485166 168.9994003713374 44
1694428485180 168.99584491186883 45
1694428485194 168.99232375953824 46
1694428485207 168.98883652537464 47
1694428485222 168.98538282524754 48
1694428485235 168.98196227980293 49
1694428485249 168.97857451440044 50
1694428485263 168.97521915905097 51
1694428485276 168.97189584835562 52
1694428485291 168.9686042214451 53
1694428485306 168.96534392192024 54
1694428485320 168.962114597793 55
1694428485335 168.95891590142858 56
1694428485351 168.95574748948823 57
1694428485368 168.95260902287256 58
1694428485387 168.94950016666638 59
1694428485401 168.94642059008316 60
1694428485415 168.94336996641138 61
1694428485429 168.94034797296075 62
1694428485443 168.93735429100985 63
1694428485457 168.93438860575387 64
1694428485470 168.93145060625338 65
1694428485484 168.92853998538385 66
1694428485498 168.92565643978585 67
1694428485512 168.9227996698156 68
1694428485526 168.91996937949648 69
1694428485540 168.91716527647134 70
1694428485554 168.9143870719552 71
1694428485570 168.91163448068843 72
1694428485587 168.9089072208911 73
1694428485604 168.90620501421753 74
1694428485618 168.90352758571154 75
1694428485633 168.90087466376235 76
1694428485647 168.89824598006103 77
1694428485661 168.89564126955784 78
1694428485675 168.89306027041943 79
1694428485689 168.8905027239875 80
1694428485703 168.88796837473734 81
1694428485718 168.88545697023733 82
1694428485732 168.8829682611087 83
1694428485746 168.8805020009861 84
1694428485760 168.87805794647858 85
1694428485774 168.87563585713102 86
1694428485787 168.87323549538624 87
1694428485802 168.87085662654744 88
1694428485815 168.86849901874146 89
1694428485829 168.86616244288197 90
1694428485843 168.86384667263385 91
1694428485857 168.86155148437769 92
1694428485872 168.8592766571745 93
1694428485886 168.85702197273145 94
1694428485900 168.85478721536774 95
1694428485914 168.852572171981 96
1694428485928 168.85037663201413 97
1694428485942 168.84820038742254 98
1694428485957 168.84604323264207 99
1694428485975 168.84390496455694 100
1694428485990 168.84178538246843 101
1694428486005 168.839684288064 102
1694428486018 168.83760148538659 103
1694428486032 168.8355367808045 104
1694428486046 168.83348998298172 105
1694428486062 168.8314609028485 106
1694428486077 168.8294493535724 107
1694428486094 168.82745515052966 108
1694428486109 168.82547811127728 109
1694428486123 168.8235180555249 110
1694428486137 168.8215748051075 111
1694428486151 168.81964818395838 112
1694428486165 168.81773801808234 113
1694428486179 168.81584413552943 114
1694428486193 168.81396636636885 115
1694428486206 168.8121045426635 116
1694428486220 168.8102584984444 117
1694428486234 168.80842806968593 118
1694428486248 168.80661309428118 119
1694428486262 168.80481341201744 120
1694428486275 168.80302886455257 121
1694428486290 168.80125929539096 122
1694428486304 168.7995045498605 123
1694428486319 168.79776447508934 124
1694428486333 168.79603891998315 125
1694428486348 168.7943277352029 126
1694428486362 168.79263077314258 127
1694428486376 168.79094788790735 128
1694428486390 168.789278935292 129
1694428486404 168.7876237727598 130
1694428486418 168.7859822594214 131
1694428486432 168.78435425601415 132
1694428486446 168.78273962488186 133
1694428486460 168.78113822995425 134
1694428486474 168.7795499367276 135
1694428486489 168.77797461224458 136
1694428486503 168.77641212507532 137
1694428486516 168.774862345298 138
1694428486530 168.77332514448028 139
1694428486545 168.77180039566045 140
1694428486558 168.77028797332915 141
1694428486573 168.76878775341132 142
1694428486587 168.7672996132483 143
1694428486601 168.76582343158015 144
1694428486619 168.76435908852818 145
1694428486634 168.76290646557803 146
1694428486650 168.76146544556238 147
1694428486667 168.7600359126444 148
1694428486685 168.7586177523014 149
1694428486699 168.75721085130814 150
1694428486714 168.7558150977211 151
1694428486728 168.7544303808625 152
1694428486742 168.75305659130458 153
1694428486756 168.7516936208543 154
1694428486770 168.75034136253788 155
1694428486784 168.74899971058602 156
1694428486798 168.74766856041873 157
1694428486812 168.746347808631 158
1694428486826 168.74503735297813 159
1694428486840 168.74373709236153 160
1694428486854 168.74244692681452 161
1694428486867 168.74116675748863 162
1694428486882 168.7398964866397 163
1694428486896 168.73863601761443 164
1694428486911 168.73738525483702 165
1694428486925 168.7361441037959 166
1694428486939 168.73491247103073 167
1694428486954 168.73369026411967 168
1694428486968 168.73247739166655 169
1694428486982 168.73127376328847 170
1694428486996 168.73007928960325 171
1694428487011 168.7288938822175 172
1694428487025 168.7277174537145 173
1694428487039 168.7265499176421 174
1694428487055 168.7253911885014 175
1694428487069 168.72424118173475 176
1694428487083 168.72309981371475 177
1694428487097 168.72196700173254 178
1694428487111 168.7208426639871 179
1694428487125 168.71972671957388 180
1694428487138 168.71861908847438 181
1694428487152 168.71751969154494 182
1694428487166 168.7164284505066 183
1694428487183 168.71534528793455 184
1694428487200 168.7142701272477 185
1694428487218 168.71320289269877 186
1694428487232 168.71214350936407 187
1694428487246 168.7110919031336 188
1694428487259 168.7100480007014 189
1694428487273 168.7090117295558 190
1694428487287 168.7079830179701 191
1694428487301 168.7069617949928 192
1694428487315 168.70594799043866 193
1694428487329 168.70494153487942 194
1694428487343 168.70394235963468 195
1694428487360 168.70295039676319 196
1694428487374 168.7019655790538 197
1694428487388 168.70098784001692 198
1694428487401 168.70001711387584 199
1694428487416 168.69905333555843 200
1694428487429 168.69809644068837 201
1694428487443 168.69714636557745 202
1694428487457 168.69620304721698 203
1694428487471 168.69526642326989 204
1694428487484 168.6943364320628 205
1694428487498 168.69341301257816 206
1694428487512 168.69249610444646 207
1694428487527 168.6915856479386 208
1694428487541 168.69068158395848 209
1694428487555 168.6897838540352 210
1694428487569 168.68889240031618 211
1694428487583 168.68800716555933 212
1694428487597 168.6871280931265 213
1694428487612 168.68625512697582 214
1694428487626 168.68538821165507 215
1694428487641 168.6845272922947 216
1694428487655 168.68367231460084 217
1694428487670 168.6828232248489 218
1694428487684 168.68197996987658 219
1694428487698 168.6811424970775 220
1694428487712 168.68031075439472 221
1694428487726 168.6794846903142 222
1694428487741 168.6786642538587 223
1694428487759 168.67784939458136 224
1694428487776 168.67704006255966 225
1694428487792 168.67623620838918 226
1694428487806 168.67543778317778 227
1694428487820 168.67464473853966 228
1694428487834 168.67385702658922 229
1694428487848 168.6730745999358 230
1694428487862 168.6722974116774 231
1694428487876 168.67152541539537 232
1694428487891 168.67075856514884 233
1694428487905 168.66999681546915 234
1694428487919 168.66924012135448 235
1694428487933 168.66848843826423 236
1694428487948 168.66774172211422 237
1694428487962 168.66699992927101 238
1694428487976 168.66626301654694 239
1694428487990 168.66553094119502 240
1694428488004 168.66480366090386 241
1694428488018 168.66408113379273 242
1694428488032 168.66336331840657 243
1694428488046 168.66265017371126 244
1694428488061 168.66194165908874 245
1694428488077 168.66123773433242 246
1694428488094 168.66053835964217 247
1694428488118 168.65984349562018 248
1694428488135 168.659153103266 249
1694428488154 168.65846714397222 250
1694428488171 168.65778557952012 251
1694428488189 168.65710837207504 252
1694428488205 168.65643548418217 253
1694428488221 168.6557668787623 254
1694428488236 168.65510251910763 255
1694428488252 168.6544423688774 256
1694428488268 168.6537863920939 257
1694428488284 168.6531345531385 258
1694428488302 168.65248681674726 259
1694428488320 168.65184314800743 260
1694428488335 168.65120351235316 261
1694428488349 168.65056787556188 262
1694428488364 168.64993620375014 263
1694428488378 168.64930846337018 264
1694428488393 168.64868462120592 265
1694428488407 168.64806464436947 266
1694428488421 168.64744850029734 267
1694428488436 168.64683615674693 268
1694428488450 168.64622758179283 269
1694428488464 168.64562274382354 270
1694428488478 168.64502161153777 271
1694428488492 168.6444241539411 272
1694428488506 168.64383034034262 273
1694428488520 168.64324014035145 274
1694428488534 168.6426535238737 275
1694428488548 168.64207046110886 276
1694428488562 168.6414909225468 277
1694428488576 168.64091487896465 278
1694428488589 168.64034230142326 279
1694428488603 168.63977316126457 280
1694428488617 168.6392074301082 281
1694428488632 168.6386450798486 282
1694428488646 168.63808608265185 283
1694428488661 168.637530410953 284
1694428488675 168.6369780374527 285
1694428488689 168.63642893511482 286
1694428488703 168.63588307716316 287
1694428488717 168.63534043707884 288
1694428488731 168.63480098859748 289
1694428488744 168.63426470570639 290
1694428488758 168.63373156264186 291
1694428488772 168.6332015338866 292
1694428488786 168.6326745941668 293
1694428488800 168.6321507184497 294
1694428488814 168.63162988194105 295
1694428488828 168.6311120600824 296
1694428488842 168.63059722854848 297
1694428488857 168.630085363245 298
1694428488875 168.6295764403059 299
1694428488891 168.62907043609096 300
1694428488907 168.6285673271836 301
1694428488922 168.62806709038802 302
1694428488936 168.6275697027274 303
1694428488950 168.62707514144114 304
1694428488965 168.62658338398276 305
1694428488979 168.62609440801745 306
1694428488993 168.62560819142016 307
1694428489006 168.62512471227288 308
1694428489021 168.62464394886294 309
1694428489035 168.62416587968048 310
1694428489048 168.62369048341642 311
1694428489062 168.62321773896042 312
1694428489076 168.6227476253986 313
1694428489090 168.62228012201166 314
1694428489103 168.62181520827272 315
1694428489117 168.6213528638452 316
1694428489131 168.62089306858115 317
1694428489146 168.6204358025188 318
1694428489160 168.6199810458812 319
1694428489175 168.61952877907353 320
1694428489188 168.61907898268188 321
1694428489202 168.618631637471 322
1694428489216 168.61818672438255 323
1694428489230 168.61774422453323 324
1694428489244 168.6173041192129 325
1694428489258 168.61686638988286 326
1694428489272 168.616431018174 327
1694428489286 168.6159979858852 328
1694428489300 168.61556727498134 329
1694428489314 168.61513886759172 330
1694428489328 168.6147127460084 331
1694428489342 168.61428889268439 332
1694428489356 168.61386729023212 333
1694428489370 168.61344792142177 334
1694428489388 168.6130307691795 335
1694428489405 168.61261581658607 336
1694428489422 168.6122030468751 337
1694428489437 168.61179244343148 338
1694428489450 168.61138398979 339
1694428489464 168.6109776696336 340
1694428489478 168.61057346679206 341
1694428489492 168.61017136524026 342
1694428489506 168.60977134909695 343
1694428489520 168.60937340262308 344
1694428489534 168.60897751022046 345
1694428489548 168.60858365643043 346
1694428489562 168.60819182593212 347
1694428489576 168.60780200354137 348
1694428489589 168.6074141742092 349
1694428489603 168.60702832302053 350
1694428489616 168.60664443519272 351
1694428489631 168.60626249607424 352
1694428489644 168.60588249114346 353
1694428489659 168.6055044060072 354
1694428489673 168.60512822639961 355
1694428489687 168.60475393818072 356
1694428489701 168.6043815273353 357
1694428489714 168.6040109799714 358
1694428489729 168.6036422823195 359
1694428489743 168.60327542073085 360
1694428489756 168.60291038167668 361
1694428489770 168.60254715174656 362
1694428489784 168.6021857176477 363
1694428489798 168.6018260662033 364
1694428489812 168.60146818435186 365
1694428489826 168.6011120591456 366
1694428489840 168.6007576777496 367
1694428489854 168.6004050274408 368
1694428489867 168.60005409560637 369
1694428489881 168.5997048697433 370
1694428489895 168.59935733745678 371
1694428489910 168.59901148645935 372
1694428489924 168.59866730456997 373
1694428489938 168.59832477971264 374
1694428489952 168.5979838999157 375
1694428489970 168.5976446533105 376
1694428489987 168.59730702813079 377
1694428490003 168.59697101271126 378
1694428490021 168.5966365954869 379
1694428490035 168.59630376499183 380
1694428490048 168.59597250985837 381
1694428490063 168.59564281881626 382
1694428490076 168.59531468069142 383
1694428490090 168.5949880844052 384
1694428490104 168.5946630189734 385
1694428490118 168.59433947350536 386
1694428490132 168.59401743720312 387
1694428490146 168.59369689936028 388
1694428490160 168.59337784936147 389
1694428490174 168.59306027668137 390
1694428490188 168.5927441708835 391
1694428490202 168.59242952161978 392
1694428490215 168.59211631862954 393
1694428490229 168.59180455173868 394
1694428490243 168.59149421085877 395
1694428490257 168.59118528598637 396
1694428490271 168.59087776720202 397
1694428490285 168.59057164466967 398
1694428490299 168.5902669086357 399
1694428490314 168.58996354942818 400
1694428490328 168.58966155745617 401
1694428490342 168.5893609232088 402
1694428490356 168.5890616372547 403
1694428490371 168.58876369024108 404
1694428490384 168.58846707289302 405
1694428490398 168.58817177601284 406
1694428490413 168.5878777904792 407
1694428490427 168.58758510724655 408
1694428490441 168.5872937173442 409
1694428490455 168.5870036118759 410
1694428490478 168.58671478201884 411
1694428490495 168.58642721902322 412
1694428490513 168.5861409142113 413
1694428490529 168.58585585897703 414
1694428490543 168.58557204478504 415
1694428490557 168.5852894631704 416
1694428490572 168.58500810573736 417
1694428490586 168.58472796415938 418
1694428490599 168.58444903017798 419
1694428490614 168.58417129560232 420
1694428490630 168.58389475230854 421
1694428490646 168.58361939223923 422
1694428490661 168.58334520740246 423
1694428490674 168.58307218987167 424
1694428490688 168.58280033178474 425
1694428490702 168.58252962534348 426
1694428490716 168.58226006281294 427
1694428490730 168.58199163652105 428
1694428490744 168.5817243388578 429
1694428490758 168.58145816227483 430
1694428490772 168.58119309928477 431
1694428490786 168.58092914246075 432
1694428490799 168.5806662844358 433
1694428490813 168.58040451790228 434
1694428490827 168.58014383561138 435
1694428490841 168.57988423037256 436
1694428490855 168.57962569505298 437
1694428490869 168.57936822257716 438
1694428490883 168.57911180592615 439
1694428490897 168.57885643813717 440
1694428490911 168.57860211230326 441
1694428490926 168.57834882157246 442
1694428490940 168.57809655914758 443
1694428490954 168.57784531828548 444
1694428490969 168.57759509229675 445
1694428490983 168.57734587454513 446
1694428490997 168.5770976584471 447
1694428491011 168.57685043747136 448
1694428491025 168.57660420513832 449
1694428491039 168.57635895501963 450
1694428491053 168.57611468073793 451
1694428491067 168.5758713759661 452
1694428491083 168.5756290344269 453
1694428491098 168.5753876498927 454
1694428491117 168.57514721618472 455
1694428491134 168.5749077271728 456
1694428491149 168.57466917677513 457
1694428491163 168.57443155895731 458
1694428491179 168.5741948677324 459
1694428491193 168.57395909716033 460
1694428491207 168.5737242413475 461
1694428491221 168.57349029444615 462
1694428491235 168.57325725065436 463
1694428491249 168.57302510421542 464
1694428491263 168.57279384941734 465
1694428491277 168.57256348059255 466
1694428491291 168.57233399211762 467
1694428491305 168.57210537841266 468
1694428491319 168.57187763394114 469
1694428491334 168.5716507532092 470
1694428491349 168.57142473076576 471
1694428491363 168.57119956120155 472
1694428491377 168.57097523914933 473
1694428491390 168.57075175928307 474
1694428491404 168.5705291163178 475
1694428491418 168.57030730500927 476
1694428491433 168.5700863201534 477
1694428491447 168.5698661565862 478
1694428491461 168.5696468091832 479
1694428491474 168.5694282728592 480
1694428491488 168.56921054256793 481
1694428491502 168.56899361330167 482
1694428491516 168.568777480091 483
1694428491530 168.56856213800427 484
1694428491544 168.5683475821476 485
1694428491558 168.56813380766417 486
1694428491572 168.56792080973418 487
1694428491587 168.56770858357442 488
1694428491604 168.56749712443798 489
1694428491624 168.56728642761394 490
1694428491642 168.567076488427 491
1694428491656 168.56686730223728 492
1694428491671 168.56665886443986 493
1694428491685 168.56645117046466 494
1694428491699 168.56624421577607 495
1694428491713 168.56603799587242 496
1694428491726 168.56583250628628 497
1694428491741 168.56562774258342 498
1694428491755 168.56542370036314 499
