1694438634759 166.07111983885116 0
1694438634778 161.46015006499442 1
1694438634797 162.81475418859773 2
1694438634815 165.6428883618701 3
1694438634834 163.18982581023016 4
1694438634853 144.04007998997704 5
1694438634871 145.8275191511558 6
1694438634889 143.14824085668687 7
1694438634909 147.40525878086865 8
1694438634930 146.5366905920051 9
1694438634950 132.30203312220237 10
1694438634973 131.19850242398255 11
1694438634993 138.38540872973928 12
1694438635014 132.04180784708385 13
1694438635037 132.1825217950651 14
1694438635061 134.96863027248068 15
1694438635083 126.25389749624767 16
1694438635103 119.46307072397913 17
1694438635122 127.6895588298491 18
1694438635141 129.17669075565308 19
1694438635158 123.28920453943306 20
1694438635177 118.04269511150662 21
1694438635196 115.64628648367888 22
1694438635214 115.69680736425732 23
1694438635232 117.70467242606937 24
1694438635251 111.24463363485803 25
1694438635269 107.68997004983896 26
1694438635288 109.99734699683312 27
1694438635306 104.73449624827329 28
1694438635325 105.99715108422747 29
1694438635344 94.93001196816495 30
1694438635363 104.52161790483058 31
1694438635381 99.82412241823214 32
1694438635399 94.5430879892258 33
1694438635417 92.07714255857582 34
1694438635436 92.69974640744704 35
1694438635455 90.98536231668129 36
1694438635474 85.44094380181714 37
1694438635492 86.02976076903738 38
1694438635510 92.62147013994887 39
1694438635528 88.77483716281812 40
1694438635547 86.10718856656527 41
1694438635566 87.27727434328224 42
1694438635583 78.62229329916939 43
1694438635602 77.26736786853353 44
1694438635620 78.67561877929279 45
1694438635638 73.274927973245 46
1694438635658 78.34799363757111 47
1694438635676 75.98367489420329 48
1694438635694 76.13127007531527 49
1694438635712 73.86523831883493 50
1694438635731 69.71210109235555 51
1694438635750 72.24027587261904 52
1694438635768 68.1527318517223 53
1694438635787 63.23741457368368 54
1694438635805 65.93235836442169 55
1694438635825 62.53671412531901 56
1694438635844 66.68068733931969 57
1694438635862 63.3576203697839 58
1694438635880 61.21799963387043 59
1694438635899 62.968464219659246 60
1694438635920 62.98018205439564 61
1694438635944 59.17307952028791 62
1694438635966 59.56309785196551 63
1694438635984 59.299191944851465 64
1694438636003 55.71720500997401 65
1694438636020 55.96079129536522 66
1694438636039 58.2452264416014 67
1694438636058 53.86262505600617 68
1694438636076 54.0998935345286 69
1694438636094 49.85604522902772 70
1694438636113 51.0250933144407 71
1694438636133 51.27591005674865 72
1694438636153 47.932148697264324 73
1694438636172 48.64606183921796 74
1694438636191 49.5428398062023 75
1694438636209 46.15099117612048 76
1694438636228 48.10678790975163 77
1694438636247 47.498916351055435 78
1694438636265 45.750300923407465 79
1694438636284 45.33488671128191 80
1694438636302 46.937860016786274 81
1694438636320 44.088026334326784 82
1694438636339 43.42001854859917 83
1694438636358 41.214395257440856 84
1694438636377 40.07078821029349 85
1694438636394 40.5583468570058 86
1694438636411 39.15475727447899 87
1694438636431 38.11038863228964 88
1694438636449 37.324339592838676 89
1694438636469 39.25799896572799 90
1694438636487 37.12839328950919 91
1694438636506 36.13439453502516 92
1694438636524 36.24313263810181 93
1694438636542 34.566772824525714 94
1694438636562 34.074702021872966 95
1694438636580 35.68540095225458 96
1694438636598 34.22093036981782 97
1694438636616 33.758908008612906 98
1694438636634 32.52893114194852 99
1694438636654 31.361065311638832 100
1694438636673 30.68543583299385 101
1694438636694 31.713047350672316 102
1694438636713 31.08113584628867 103
1694438636732 32.43929650371589 104
1694438636750 30.722715893302507 105
1694438636768 31.5758077581454 106
1694438636787 29.700224461654678 107
1694438636805 25.79182109844612 108
1694438636824 28.0299589665564 109
1694438636842 27.05074773289308 110
1694438636861 27.81386923356979 111
1694438636880 25.6019794488022 112
1694438636897 24.990765986659323 113
1694438636915 25.210751625946788 114
1694438636933 24.37745999874944 115
1694438636952 24.185113934205496 116
1694438636972 24.266242387119423 117
1694438636990 24.234109147132894 118
1694438637007 23.181571557179783 119
1694438637026 23.57047140555117 120
1694438637043 22.708440345323446 121
1694438637062 23.13210029385214 122
1694438637081 21.355685183542487 123
1694438637100 22.72383822771956 124
1694438637117 21.10122389829238 125
1694438637136 21.49408135642151 126
1694438637154 22.901729000081755 127
1694438637173 20.16740585352228 128
1694438637191 21.224255639854142 129
1694438637209 20.604837778622134 130
1694438637228 19.177937703196694 131
1694438637245 21.468030104529443 132
1694438637265 18.551515633374294 133
1694438637283 18.73814564418267 134
1694438637302 18.97170134990068 135
1694438637321 17.95250136408981 136
1694438637341 17.469068922959185 137
1694438637360 16.085531869023335 138
1694438637379 17.34910194730119 139
1694438637396 15.820326238973474 140
1694438637414 17.075098874446592 141
1694438637432 16.43151713955798 142
1694438637451 16.582724435837882 143
1694438637470 15.048046086346243 144
1694438637489 15.574249405901728 145
1694438637508 14.716376771031147 146
1694438637526 15.092010947183761 147
1694438637544 15.444008430505761 148
1694438637563 15.404004318539382 149
1694438637582 14.110897065855797 150
1694438637599 14.331710135727349 151
1694438637618 13.534475056946961 152
1694438637636 13.262598198667204 153
1694438637656 12.127791506819282 154
1694438637674 12.884014432901695 155
1694438637693 13.33151452527036 156
1694438637710 12.17801510045479 157
1694438637729 13.234068797743797 158
1694438637747 12.313197271774573 159
1694438637766 12.14528703367939 160
1694438637784 11.330067842235513 161
1694438637803 11.141624421927165 162
1694438637821 11.776516269524546 163
1694438637840 11.29832067748483 164
1694438637860 10.549635256774138 165
1694438637879 11.34780346786712 166
1694438637897 12.415218366503742 167
1694438637918 10.887669283116301 168
1694438637940 10.601143537696176 169
1694438637958 10.666516475463267 170
1694438637977 10.146543579455836 171
1694438637996 9.61699230632963 172
1694438638013 9.097837183117196 173
1694438638031 9.198648641600146 174
1694438638050 9.305096215440084 175
1694438638069 9.194306174269185 176
1694438638088 10.663388635146518 177
1694438638108 9.571727955007358 178
1694438638126 8.901146560361166 179
1694438638144 9.109798350448632 180
1694438638163 8.25622911694291 181
1694438638181 8.637052445592916 182
1694438638199 8.073591834326399 183
1694438638218 7.747107190796963 184
1694438638236 7.684407491126057 185
1694438638254 9.384848445967688 186
1694438638273 7.542340061889506 187
1694438638291 7.766783878080786 188
1694438638309 8.299501291547054 189
1694438638327 6.803292728819186 190
1694438638346 6.823264858124628 191
1694438638363 6.562403760442649 192
1694438638383 7.630629325809362 193
1694438638402 6.614418996393228 194
1694438638420 6.413160230209104 195
1694438638438 7.154272498061417 196
1694438638456 7.191718817076313 197
1694438638476 7.165655569703177 198
1694438638495 6.7347177101616085 199
1694438638514 6.838745668271515 200
1694438638531 6.488831943377456 201
1694438638551 5.818059671547985 202
1694438638571 6.302050410077492 203
1694438638589 5.916932119037986 204
1694438638609 5.836731105335786 205
1694438638627 5.872859780490218 206
1694438638646 5.388003781282108 207
1694438638664 5.507871601825472 208
1694438638683 5.074543215926836 209
1694438638702 4.684138503145887 210
1694438638720 5.728764021565702 211
1694438638738 5.003591229689511 212
1694438638756 5.395051677100851 213
1694438638775 5.551698112751218 214
1694438638794 5.563589360296179 215
1694438638812 4.411314973194452 216
1694438638830 4.835350291891934 217
1694438638848 5.152801843493536 218
1694438638867 4.539784482835578 219
1694438638886 4.630879465316336 220
1694438638903 4.39995946933539 221
1694438638922 4.396042139819395 222
1694438638940 4.790790599951066 223
1694438638957 4.2990935073309355 224
1694438638976 4.406156862858666 225
1694438638994 4.637264976555483 226
1694438639012 4.3505119056099675 227
1694438639030 4.1751680153203115 228
1694438639048 3.871519639493573 229
1694438639067 3.6154444676167246 230
1694438639086 3.7095946161407047 231
1694438639104 3.6343754719558308 232
1694438639124 4.011328100696592 233
1694438639142 3.5347179084313254 234
1694438639160 3.1733469505561835 235
1694438639180 3.9280539259697522 236
1694438639198 2.985802348816563 237
1694438639217 3.4777023610902518 238
1694438639235 3.388135368540572 239
1694438639253 2.84574636060702 240
1694438639271 3.258984697585454 241
1694438639290 3.378647957763136 242
1694438639307 3.366138046872547 243
1694438639327 2.5002455005481363 244
1694438639345 3.366914520005405 245
1694438639362 2.801096227000462 246
1694438639382 3.260980802285684 247
1694438639399 2.8248970134666536 248
1694438639417 2.8536044571235477 249
1694438639436 3.224353642190341 250
1694438639454 2.9867259616487587 251
1694438639473 2.441739114497911 252
1694438639492 2.6946141018757737 253
1694438639510 2.8167744468109412 254
1694438639528 2.574518711160271 255
1694438639545 2.6199084073405 256
1694438639564 2.4014349758218 257
1694438639583 2.7113317080029735 258
1694438639600 2.766550332957761 259
1694438639618 2.4031223723413726 260
1694438639637 2.3667634328661458 261
1694438639655 2.013083559261601 262
1694438639674 2.4352944230678406 263
1694438639693 2.694341866952087 264
1694438639711 2.152706266899754 265
1694438639730 2.1307704594357717 266
1694438639749 1.7645184957684321 267
1694438639767 2.160270891444965 268
1694438639787 1.7214757436553267 269
1694438639806 1.8447795785368284 270
1694438639824 1.733161461229822 271
1694438639842 2.0794589749151062 272
1694438639860 2.0512553459482534 273
1694438639879 2.059382795917003 274
1694438639897 1.9311428657346543 275
1694438639915 2.116662897955892 276
1694438639934 1.6835007955652777 277
1694438639952 1.7148211668775883 278
1694438639971 1.7320808875376044 279
1694438639990 1.6629780990339813 280
1694438640011 2.13180770606997 281
1694438640031 1.5378524244320955 282
1694438640049 1.583623081841917 283
1694438640069 1.469028916750294 284
1694438640088 2.021984700516378 285
1694438640107 1.7837101937105506 286
1694438640125 1.6747696013119364 287
1694438640144 1.7032895857377912 288
1694438640162 1.8845387640847788 289
1694438640181 1.6190725455294237 290
1694438640200 1.505863459125571 291
1694438640218 1.253528860800106 292
1694438640237 1.276526705796371 293
1694438640255 1.7184340319676288 294
1694438640273 1.5472719827881831 295
1694438640291 1.8103267345987109 296
1694438640311 1.4922709271117809 297
1694438640330 1.4090859682068984 298
1694438640349 1.1434795643751297 299
1694438640367 1.230179342150898 300
1694438640386 1.249283363768645 301
1694438640404 1.1409010140173605 302
1694438640422 1.1806996347425254 303
1694438640440 1.1799757525749877 304
1694438640458 1.3539855829156036 305
1694438640478 0.9863359238119805 306
1694438640496 1.0050577211282228 307
1694438640514 1.043818465816967 308
1694438640532 1.019132587620176 309
1694438640550 1.1046522833505683 310
1694438640568 1.2546483393711287 311
1694438640587 1.1652253621510873 312
1694438640604 1.3607491347226615 313
1694438640622 1.2318546036202005 314
1694438640641 1.2264323003341795 315
1694438640659 1.5425007301961935 316
1694438640677 1.1101188247144727 317
1694438640696 0.5957382699458897 318
1694438640713 1.2090043022764363 319
1694438640732 0.9542318025902604 320
1694438640750 1.4601367862063668 321
1694438640768 0.9012884864881092 322
1694438640786 0.9306107857113292 323
1694438640806 0.9000456056523027 324
1694438640824 0.7511583907596353 325
1694438640842 0.75627106897014 326
1694438640861 1.0425329545545376 327
1694438640880 0.905148592698336 328
1694438640897 1.1217703157407195 329
1694438640915 0.8424211019177311 330
1694438640934 0.6791546223439796 331
1694438640953 0.8623376235460114 332
1694438640972 0.41306868347259984 333
1694438640991 0.7433253874160631 334
1694438641010 0.7218331630167633 335
1694438641028 0.8542466758453167 336
1694438641047 0.5626718333338475 337
1694438641065 0.6374645735491022 338
1694438641083 0.8761129830937648 339
1694438641102 0.5446132368889688 340
1694438641120 0.6985397697582528 341
1694438641139 0.662978178274935 342
1694438641158 0.7769219489444333 343
1694438641175 0.4275219291614304 344
1694438641195 0.765130334523268 345
1694438641213 0.6143799609554669 346
1694438641231 0.8889754346184845 347
1694438641249 0.676863654476781 348
1694438641267 0.8096019396327209 349
1694438641287 0.5401864583005337 350
1694438641305 0.755450214275034 351
1694438641324 0.44943829658946294 352
1694438641342 0.5460191874634015 353
1694438641360 0.703132834963952 354
1694438641377 0.5792063678786036 355
1694438641396 0.6028239179281129 356
1694438641414 0.6996895122801883 357
1694438641433 0.4746756017150933 358
1694438641451 0.5463688467496348 359
1694438641469 0.5934147657113222 360
1694438641488 0.4629866443078033 361
1694438641507 0.4783872069972223 362
1694438641525 0.6759185253060472 363
1694438641544 0.4222772338086975 364
1694438641564 0.5416685682615368 365
1694438641585 0.6991104168198871 366
1694438641603 0.3373958872728868 367
1694438641621 0.43762383890550155 368
1694438641640 0.5055800137328615 369
1694438641658 0.597759960297315 370
1694438641676 0.39084712225695745 371
1694438641696 0.6465744550349424 372
1694438641714 0.49547531798957545 373
1694438641733 0.3515296161769756 374
1694438641752 0.6335671605568658 375
1694438641771 0.8554676367437789 376
1694438641790 0.3973896510158855 377
1694438641809 0.595711482693489 378
1694438641827 0.3886589854772694 379
1694438641845 0.3606711499779722 380
1694438641864 0.3677886117407731 381
1694438641885 0.48938472010665596 382
1694438641905 0.35494005353532126 383
1694438641923 0.36333288014652565 384
1694438641941 0.30049353863901046 385
1694438641960 0.38517327208953894 386
1694438641979 0.3362778599348966 387
1694438641997 0.3907965538394671 388
1694438642015 0.39400835766203424 389
1694438642034 0.25350891460681435 390
1694438642052 0.29335448408695175 391
1694438642070 0.4262554947638074 392
1694438642089 0.5025274704366847 393
1694438642108 0.34690749271963145 394
1694438642127 0.26823183263739386 395
1694438642144 0.18324283373792685 396
1694438642164 0.28904027835155255 397
1694438642182 0.19530761055318696 398
1694438642202 0.5926259927841624 399
1694438642219 0.31575301567035796 400
1694438642238 0.5785605876657737 401
1694438642257 0.10638628338465586 402
1694438642274 0.19462919917332405 403
1694438642294 0.5025153040580381 404
1694438642312 0.4885836285211779 405
1694438642330 0.42072901003976154 406
1694438642350 0.2987398827723533 407
1694438642367 0.3628459004483406 408
1694438642385 0.36815982854473367 409
1694438642404 0.30635823409153107 410
1694438642422 0.375975675576648 411
1694438642441 0.37752515820021554 412
1694438642459 0.34244835707179583 413
1694438642477 0.3860866444768143 414
1694438642496 0.23346240614359787 415
1694438642516 0.19547122897942773 416
1694438642533 0.24836393951347688 417
1694438642551 0.434981985046878 418
1694438642570 0.22747277376216976 419
1694438642587 0.20144905656974693 420
1694438642605 0.2129243416242303 421
1694438642623 0.2344794675255 422
1694438642642 0.18243011478559246 423
1694438642660 0.237341941079714 424
1694438642679 0.21757558937967197 425
1694438642698 0.40162902263957884 426
1694438642717 0.4125853632271503 427
1694438642735 0.28069241763923436 428
1694438642753 0.18631803557762613 429
1694438642773 0.2331781859630699 430
1694438642792 0.28108125726761113 431
1694438642811 0.17769640953493265 432
1694438642829 0.15126712070047293 433
1694438642847 0.2656785998593533 434
1694438642866 0.15830053004038083 435
1694438642884 0.33267427382809256 436
1694438642903 0.15627053655587075 437
1694438642921 0.08974749011908652 438
1694438642940 0.09592650340771233 439
1694438642958 0.377462384551206 440
1694438642977 0.22017421687291835 441
1694438642994 0.1673518311791759 442
1694438643013 0.1522588690786981 443
1694438643032 0.13405384149979274 444
1694438643050 0.2867583832928689 445
1694438643068 0.3160613186144907 446
1694438643086 0.3202488815782708 447
1694438643104 0.23117358206758368 448
1694438643123 0.18755572516905375 449
1694438643142 0.20309029178559723 450
1694438643159 0.2384990902224437 451
1694438643178 0.10216227708976973 452
1694438643196 0.08808143570783482 453
1694438643215 0.20578774536640196 454
1694438643233 0.286661556508253 455
1694438643252 0.1709134954475397 456
1694438643270 0.09126599807098239 457
1694438643289 0.05665551419051999 458
1694438643308 0.16205400370292827 459
1694438643327 0.11079336288332894 460
1694438643345 0.19715307568922902 461
1694438643363 0.207857912184086 462
1694438643384 0.27361849982249103 463
1694438643403 0.20785244069907552 464
1694438643421 0.15172209417543248 465
1694438643440 0.17332284264203596 466
1694438643459 0.17339830206867818 467
1694438643478 0.11281906950829522 468
1694438643496 0.26158874408905003 469
1694438643514 0.20781987374235258 470
1694438643532 0.1424942715452949 471
1694438643551 0.18234420270636872 472
1694438643569 0.14590897700147948 473
1694438643587 0.09057623596785726 474
1694438643606 0.17129373027756625 475
1694438643625 0.2956195385509969 476
1694438643644 0.11937692208103298 477
1694438643662 0.28245459111296556 478
1694438643681 0.10596127142163533 479
1694438643699 0.12823151704538502 480
1694438643718 0.07734533325831747 481
1694438643737 0.09153856183189732 482
1694438643756 0.1679825906065484 483
1694438643773 0.10561437282088328 484
1694438643792 0.23707982228169727 485
1694438643810 0.11107251452156217 486
1694438643829 0.1406988984950738 487
1694438643848 0.18582464051696615 488
1694438643866 0.2153891039471429 489
1694438643884 0.2306636943402776 490
1694438643903 0.16345998008235152 491
1694438643922 0.14392700270998668 492
1694438643940 0.14682324643016953 493
1694438643958 0.1550253842692644 494
1694438643979 0.18540964988005568 495
1694438643997 0.14073386936985574 496
1694438644017 0.22441971876601396 497
1694438644035 0.12376265352959477 498
1694438644054 0.12228721001522588 499
