1694427438234 169.47459806802775 0
1694427438251 169.41263000237737 1
1694427438272 169.36691740226095 2
1694427438288 169.3237469756274 3
1694427438304 169.2830603988658 4
1694427438319 169.24470812386198 5
1694427438334 169.20855052470114 6
1694427438349 169.17445652993604 7
1694427438365 169.14230308681616 8
1694427438380 169.11197465522807 9
1694427438400 169.08336273515465 10
1694427438415 169.0563654252315 11
1694427438431 169.03088701021372 12
1694427438445 169.00683757533565 13
1694427438460 168.98413264569663 14
1694427438473 168.9626928489491 15
1694427438488 168.94244359969224 16
1694427438502 168.923314804094 17
1694427438517 168.90524058337252 18
1694427438534 168.88815901486802 19
1694427438553 168.8720118895277 20
1694427438570 168.85674448471167 21
1694427438586 168.84230535130598 22
1694427438603 168.82864611419876 23
1694427438618 168.81572128524527 24
1694427438634 168.80348808790535 25
1694427438650 168.7919062927957 26
1694427438665 168.78093806345146 27
1694427438681 168.77054781163832 28
1694427438697 168.76070206160352 29
1694427438713 168.75136932269407 30
1694427438728 168.7425199698095 31
1694427438744 168.73412613119197 32
1694427438762 168.72616158308972 33
1694427438777 168.7186016508612 34
1694427438793 168.71142311611462 35
1694427438809 168.70460412950484 36
1694427438824 168.6981241288349 37
1694427438841 168.69196376213102 38
1694427438857 168.6861048153823 39
1694427438873 168.68053014465622 40
1694427438888 168.67522361231917 41
1694427438903 168.67017002710895 42
1694427438919 168.66535508782167 43
1694427439024 168.66076533039174 44
1694427439041 168.65638807815665 45
1694427439059 168.65221139511098 46
1694427439074 168.64822404196852 47
1694427439089 168.64441543485964 48
1694427439105 168.6407756065046 49
1694427439120 168.6372951697122 50
1694427439136 168.63396528306154 51
1694427439152 168.6307776186366 52
1694427439168 168.6277243316872 53
1694427439183 168.62479803210138 54
1694427439198 168.62199175757934 55
1694427439216 168.61929894840628 56
1694427439237 168.61671342372784 57
1694427439258 168.61422935923773 58
1694427439279 168.61184126619304 59
1694427439297 168.60954397167663 60
1694427439314 168.60733260003255 61
1694427439332 168.60520255540393 62
1694427439350 168.6031495053072 63
1694427439368 168.6011693651807 64
1694427439388 168.59925828384928 65
1694427439405 168.59741262985037 66
1694427439423 168.5956289785699 67
1694427439440 168.59390410013975 68
1694427439455 168.59223494805119 69
1694427439471 168.5906186484422 70
1694427439486 168.58905249001754 71
1694427439501 168.5875339145648 72
1694427439517 168.58606050803053 73
1694427439533 168.58462999212298 74
1694427439549 168.5832402164107 75
1694427439563 168.581889150887 76
1694427439579 168.5805748789727 77
1694427439593 168.5792955909316 78
1694427439609 168.57804957767323 79
1694427439625 168.5768352249211 80
1694427439641 168.5756510077238 81
1694427439657 168.57449548528902 82
1694427439672 168.57336729612138 83
1694427439689 168.57226515344604 84
1694427439705 168.5711878409011 85
1694427439723 168.57013420848284 86
1694427439740 168.56910316872913 87
1694427439756 168.5680936931266 88
1694427439776 168.5671048087282 89
1694427439794 168.5661355949695 90
1694427439810 168.5651851806709 91
1694427439826 168.5642527412157 92
1694427439841 168.56333749589305 93
1694427439857 168.5624387053964 94
1694427439872 168.56155566946774 95
1694427439888 168.56068772468018 96
1694427439904 168.55983424234898 97
1694427439920 168.55899462656524 98
1694427439939 168.55816831234375 99
1694427439955 168.55735476387878 100
1694427439970 168.55655347290144 101
1694427439985 168.55576395713268 102
1694427440001 168.55498575882595 103
1694427440016 168.5542184433947 104
1694427440032 168.5534615981194 105
1694427440048 168.55271483092972 106
1694427440063 168.5519777692568 107
1694427440078 168.55125005895263 108
1694427440094 168.550531363271 109
1694427440109 168.54982136190856 110
1694427440124 168.54911975009975 111
1694427440140 168.5484262377651 112
1694427440155 168.54774054870805 113
1694427440169 168.54706241985792 114
1694427440185 168.54639160055657 115
1694427440200 168.54572785188597 116
1694427440215 168.54507094603417 117
1694427440231 168.54442066569763 118
1694427440247 168.54377680351791 119
1694427440262 168.54313916155002 120
1694427440278 168.54250755076188 121
1694427440293 168.54188179056118 122
1694427440308 168.54126170835025 123
1694427440323 168.54064713910543 124
1694427440338 168.54003792498045 125
1694427440354 168.53943391493257 126
1694427440369 168.53883496436913 127
1694427440384 168.53824093481475 128
1694427440401 168.5376516935969 129
1694427440416 168.53706711354886 130
1694427440431 168.53648707272998 131
1694427440448 168.53591145416087 132
1694427440463 168.5353401455738 133
1694427440477 168.534773039177 134
1694427440494 168.53421003143146 135
1694427440508 168.5336510228411 136
1694427440523 168.53309591775343 137
1694427440539 168.53254462417206 138
1694427440555 168.53199705357906 139
1694427440569 168.531453120767 140
1694427440585 168.53091274368057 141
1694427440600 168.5303758432663 142
1694427440615 168.52984234333096 143
1694427440630 168.5293121704071 144
1694427440645 168.52878525362632 145
1694427440661 168.5282615245989 146
1694427440676 168.52774091730038 147
1694427440692 168.5272233679637 148
1694427440707 168.52670881497727 149
1694427440722 168.5261971987886 150
1694427440736 168.52568846181282 151
1694427440751 168.52518254834587 152
1694427440767 168.5246794044826 153
1694427440782 168.52417897803892 154
1694427440797 168.52368121847778 155
1694427440812 168.52318607683944 156
1694427440829 168.52269350567477 157
1694427440845 168.52220345898257 158
1694427440860 168.52171589214942 159
1694427440875 168.5212307618932 160
1694427440890 168.5207480262087 161
1694427440905 168.52026764431693 162
1694427440920 168.51978957661586 163
1694427440935 168.51931378463456 164
1694427440951 168.51884023098887 165
1694427440966 168.5183688793396 166
1694427440981 168.5178996943528 167
1694427440997 168.5174326416616 168
1694427441013 168.51696768783034 169
1694427441028 168.51650480031986 170
1694427441045 168.51604394745505 171
1694427441061 168.51558509839325 172
1694427441076 168.51512822309468 173
1694427441090 168.51467329229405 174
1694427441106 168.51422027747316 175
1694427441121 168.51376915083534 176
1694427441136 168.51331988528042 177
1694427441152 168.5128724543814 178
1694427441168 168.5124268323615 179
1694427441183 168.51198299407304 180
1694427441198 168.51154091497634 181
1694427441213 168.51110057112018 182
1694427441227 168.51066193912297 183
1694427441242 168.51022499615448 184
1694427441258 168.50978971991856 185
1694427441273 168.50935608863648 186
1694427441288 168.50892408103098 187
1694427441303 168.50849367631113 188
1694427441318 168.50806485415734 189
1694427441332 168.50763759470763 190
1694427441348 168.50721187854384 191
1694427441362 168.5067876866788 192
1694427441377 168.50636500054367 193
1694427441392 168.50594380197606 194
1694427441407 168.50552407320848 195
1694427441422 168.50510579685712 196
1694427441437 168.50468895591123 197
1694427441453 168.50427353372265 198
1694427441470 168.5038595139962 199
1694427441486 168.50344688077976 200
1694427441501 168.50303561845524 201
1694427441517 168.5026257117296 202
1694427441533 168.5022171456262 203
1694427441547 168.50180990547665 204
1694427441562 168.50140397691266 205
1694427441576 168.5009993458583 206
1694427441592 168.50059599852264 207
1694427441606 168.50019392139242 208
1694427441622 168.499793101225 209
1694427441637 168.4993935250417 210
1694427441652 168.49899518012117 211
1694427441668 168.49859805399308 212
1694427441683 168.49820213443195 213
1694427441698 168.4978074094512 214
1694427441713 168.49741386729747 215
1694427441728 168.49702149644477 216
1694427441742 168.49663028558933 217
1694427441757 168.49624022364426 218
1694427441773 168.4958512997343 219
1694427441788 168.49546350319105 220
1694427441803 168.49507682354803 221
1694427441818 168.49469125053602 222
1694427441833 168.4943067740786 223
1694427441848 168.49392338428765 224
1694427441863 168.4935410714591 225
1694427441878 168.49315982606862 226
1694427441893 168.49277963876781 227
1694427441908 168.49240050038014 228
1694427441924 168.49202240189697 229
1694427441939 168.49164533447393 230
1694427441955 168.49126928942744 231
1694427441970 168.49089425823078 232
1694427441985 168.49052023251102 233
1694427441999 168.49014720404546 234
1694427442014 168.4897751647584 235
1694427442029 168.48940410671787 236
1694427442044 168.48903402213267 237
1694427442060 168.48866490334927 238
1694427442075 168.4882967428487 239
1694427442089 168.4879295332439 240
1694427442106 168.48756326727687 241
1694427442122 168.48719793781575 242
1694427442137 168.48683353785233 243
1694427442153 168.48647006049933 244
1694427442168 168.4861074989879 245
1694427442183 168.48574584666505 246
1694427442200 168.4853850969914 247
1694427442215 168.48502524353856 248
1694427442229 168.48466627998707 249
1694427442244 168.4843082001239 250
1694427442261 168.48395099784042 251
1694427442276 168.4835946671301 252
1694427442291 168.48323920208654 253
1694427442306 168.4828845969013 254
1694427442321 168.4825308458619 255
1694427442336 168.48217794334997 256
1694427442352 168.48182588383904 257
1694427442368 168.481474661893 258
1694427442382 168.4811242721641 259
1694427442397 168.4807747093911 260
1694427442412 168.4804259683976 261
1694427442427 168.48007804409022 262
1694427442443 168.47973093145714 263
1694427442458 168.4793846255662 264
1694427442472 168.47903912156335 265
1694427442487 168.4786944146712 266
1694427442502 168.4783505001874 267
1694427442517 168.47800737348314 268
1694427442532 168.47766503000162 269
1694427442547 168.47732346525672 270
1694427442563 168.4769826748315 271
1694427442577 168.47664265437686 272
1694427442593 168.4763033996102 273
1694427442609 168.4759649063141 274
1694427442623 168.4756271703349 275
1694427442639 168.4752901875816 276
1694427442655 168.47495395402464 277
1694427442671 168.47461846569453 278
1694427442686 168.47428371868074 279
1694427442700 168.4739497091305 280
1694427442715 168.47361643324774 281
1694427442730 168.473283887292 282
1694427442747 168.47295206757718 283
1694427442762 168.47262097047067 284
1694427442778 168.47229059239203 285
1694427442793 168.47196092981227 286
1694427442808 168.47163197925275 287
1694427442823 168.47130373728402 288
1694427442838 168.47097620052506 289
1694427442854 168.47064936564234 290
1694427442869 168.4703232293488 291
1694427442884 168.46999778840294 292
1694427442900 168.46967303960798 293
1694427442915 168.4693489798111 294
1694427442929 168.4690256059024 295
1694427442944 168.46870291481414 296
1694427442959 168.46838090351997 297
1694427442974 168.46805956903407 298
1694427442989 168.46773890841047 299
1694427443005 168.46741891874217 300
1694427443019 168.4670995971604 301
1694427443034 168.46678094083398 302
1694427443049 168.4664629469686 303
1694427443065 168.46614561280586 304
1694427443080 168.465828935623 305
1694427443095 168.46551291273187 306
1694427443110 168.46519754147843 307
1694427443125 168.46488281924215 308
1694427443140 168.46456874343514 309
1694427443156 168.46425531150183 310
1694427443172 168.46394252091812 311
1694427443186 168.463630369191 312
1694427443202 168.46331885385763 313
1694427443218 168.46300797248517 314
1694427443233 168.46269772266993 315
1694427443249 168.46238810203698 316
1694427443264 168.46207910823935 317
1694427443280 168.46177073895805 318
1694427443296 168.46146299190085 319
1694427443310 168.4611558648023 320
1694427443325 168.46084935542297 321
1694427443339 168.46054346154912 322
1694427443354 168.4602381809921 323
1694427443370 168.45993351158788 324
1694427443384 168.45962945119672 325
1694427443399 168.45932599770256 326
1694427443414 168.45902314901278 327
1694427443429 168.45872090305755 328
1694427443444 168.4584192577895 329
1694427443460 168.45811821118332 330
1694427443475 168.45781776123533 331
1694427443491 168.45751790596321 332
1694427443506 168.4572186434053 333
1694427443521 168.4569199716205 334
1694427443537 168.4566218886879 335
1694427443551 168.45632439270614 336
1694427443568 168.45602748179343 337
1694427443583 168.4557311540868 338
1694427443597 168.45543540774207 339
1694427443611 168.45514024093336 340
1694427443627 168.4548456518528 341
1694427443641 168.45455163871017 342
1694427443658 168.45425819973264 343
1694427443674 168.45396533316435 344
1694427443689 168.45367303726633 345
1694427443703 168.45338131031585 346
1694427443720 168.45309015060653 347
1694427443735 168.45279955644756 348
1694427443750 168.45250952616402 349
1694427443765 168.45222005809615 350
1694427443781 168.45193115059905 351
1694427443797 168.4516428020429 352
1694427443812 168.45135501081205 353
1694427443827 168.45106777530532 354
1694427443842 168.4507810939354 355
1694427443857 168.4504949651288 356
1694427443873 168.45020938732551 357
1694427443887 168.44992435897865 358
1694427443902 168.44963987855465 359
1694427443917 168.44935594453244 360
1694427443932 168.4490725554038 361
1694427443947 168.4487897096727 362
1694427443962 168.44850740585537 363
1694427443977 168.44822564247994 364
1694427443993 168.44794441808628 365
1694427444008 168.4476637312257 366
1694427444023 168.44738358046106 367
1694427444038 168.44710396436628 368
1694427444054 168.4468248815261 369
1694427444068 168.44654633053628 370
1694427444084 168.44626831000292 371
1694427444099 168.44599081854275 372
1694427444114 168.44571385478258 373
1694427444128 168.44543741735936 374
1694427444143 168.4451615049199 375
1694427444158 168.44488611612076 376
1694427444174 168.4446112496281 377
1694427444189 168.44433690411745 378
1694427444203 168.44406307827362 379
1694427444218 168.4437897707905 380
1694427444233 168.4435169803709 381
1694427444249 168.44324470572658 382
1694427444263 168.4429729455778 383
1694427444280 168.44270169865348 384
1694427444294 168.44243096369084 385
1694427444310 168.4421607394353 386
1694427444325 168.4418910246406 387
1694427444341 168.44162181806823 388
1694427444358 168.4413531184877 389
1694427444373 168.44108492467623 390
1694427444388 168.4408172354186 391
1694427444403 168.44055004950712 392
1694427444417 168.44028336574146 393
1694427444433 168.44001718292859 394
1694427444449 168.43975149988256 395
1694427444464 168.43948631542452 396
1694427444478 168.4392216283825 397
1694427444494 168.43895743759143 398
1694427444509 168.43869374189282 399
1694427444525 168.43843054013487 400
1694427444540 168.43816783117234 401
1694427444554 168.43790561386632 402
1694427444569 168.43764388708428 403
1694427444584 168.43738264969983 404
1694427444600 168.4371219005928 405
1694427444615 168.43686163864902 406
1694427444630 168.43660186276023 407
1694427444644 168.43634257182418 408
1694427444660 168.4360837647441 409
1694427444676 168.4358254404292 410
1694427444692 168.43556759779418 411
1694427444706 168.43531023575926 412
1694427444721 168.43505335325005 413
1694427444737 168.43479694919773 414
1694427444752 168.43454102253855 415
1694427444767 168.43428557221404 416
1694427444783 168.434030597171 417
1694427444798 168.4337760963611 418
1694427444813 168.4335220687411 419
1694427444827 168.43326851327274 420
1694427444842 168.43301542892257 421
1694427444858 168.43276281466188 422
1694427444874 168.43251066946686 423
1694427444890 168.43225899231817 424
1694427444905 168.43200778220117 425
1694427444920 168.43175703810576 426
1694427444935 168.4315067590263 427
1694427444951 168.43125694396153 428
1694427444965 168.4310075919147 429
1694427444981 168.43075870189313 430
1694427444996 168.4305102729086 431
1694427445011 168.43026230397697 432
1694427445026 168.43001479411822 433
1694427445041 168.42976774235657 434
1694427445055 168.42952114772007 435
1694427445070 168.42927500924094 436
1694427445086 168.42902932595507 437
1694427445101 168.4287840969025 438
1694427445116 168.42853932112703 439
1694427445131 168.42829499767618 440
1694427445145 168.42805112560126 441
1694427445160 168.42780770395723 442
1694427445175 168.4275647318028 443
1694427445191 168.42732220820014 444
1694427445206 168.42708013221508 445
1694427445221 168.42683850291698 446
1694427445235 168.42659731937866 447
1694427445250 168.42635658067627 448
1694427445265 168.4261162858896 449
1694427445282 168.42587643410158 450
1694427445297 168.4256370243985 451
1694427445312 168.42539805587006 452
1694427445327 168.42515952760897 453
1694427445342 168.42492143871146 454
1694427445356 168.42468378827667 455
1694427445371 168.42444657540696 456
1694427445387 168.4242097992079 457
1694427445402 168.42397345878794 458
1694427445417 168.4237375532587 459
1694427445432 168.4235020817348 460
1694427445447 168.42326704333374 461
1694427445462 168.42303243717606 462
1694427445478 168.4227982623852 463
1694427445494 168.4225645180874 464
1694427445510 168.4223312034118 465
1694427445525 168.4220983174904 466
1694427445540 168.42186585945797 467
1694427445555 168.42163382845197 468
1694427445570 168.42140222361272 469
1694427445586 168.42117104408314 470
1694427445600 168.42094028900888 471
1694427445616 168.42070995753832 472
1694427445630 168.4204800488223 473
1694427445645 168.4202505620144 474
1694427445659 168.42002149627072 475
1694427445674 168.41979285075 476
1694427445689 168.41956462461343 477
1694427445705 168.4193368170247 478
1694427445719 168.4191094271501 479
1694427445734 168.41888245415825 480
1694427445749 168.41865589722022 481
1694427445764 168.41842975550958 482
1694427445778 168.41820402820227 483
1694427445795 168.4179787144766 484
1694427445810 168.4177538135133 485
1694427445824 168.41752932449523 486
1694427445840 168.41730524660784 487
1694427445856 168.41708157903867 488
1694427445872 168.4168583209777 489
1694427445887 168.41663547161693 490
1694427445902 168.4164130301509 491
1694427445918 168.4161909957761 492
1694427445932 168.41596936769142 493
1694427445948 168.41574814509784 494
1694427445964 168.4155273271985 495
1694427445978 168.4153069131988 496
1694427445994 168.4150869023061 497
1694427446010 168.41486729373 498
1694427446027 168.41464808668218 499
