1694436551581 46.038179148812034 0
1694436551599 12.282602904843568 1
1694436551617 2.4550543473942423 2
1694436551635 0.9930925967815601 3
1694436551652 0.31189319959651385 4
1694436551672 0.10800172938446974 5
1694436551695 0.042355137305265966 6
1694436551713 0.06673026292261196 7
1694436551732 0.143838320007109 8
1694436551749 0.06849190300101107 9
1694436551769 0.05298773976190218 10
1694436551787 0.12356165525193875 11
1694436551803 0.12556411747654103 12
1694436551821 0.06398929731936069 13
1694436551838 0.1372381391406248 14
1694436551856 0.14792269226478783 15
1694436551874 0.09471586374993013 16
1694436551894 0.04159226739646214 17
1694436551912 0.0669094775465758 18
1694436551930 0.06370304013883221 19
1694436551948 0.11840248279985519 20
1694436551965 0.11710824732847135 21
1694436551986 0.1861815659704979 22
1694436552010 0.1050248325102484 23
1694436552036 0.062426990946785235 24
1694436552054 0.07297881363338841 25
1694436552073 0.0815751843440049 26
1694436552093 0.15783533359731772 27
1694436552117 0.10076235116490542 28
1694436552136 0.0799375773802282 29
1694436552161 0.08591900689954876 30
1694436552187 0.2067526978687301 31
1694436552215 0.0942520396540941 32
1694436552244 0.06828555592063773 33
1694436552270 0.07505086170071361 34
1694436552295 0.06847626886892859 35
1694436552319 0.044386370689161965 36
1694436552344 0.15451048883217716 37
1694436552368 0.10133636282830848 38
1694436552389 0.08862630851823797 39
1694436552408 0.2006996758106275 40
1694436552429 0.02688999008474739 41
1694436552448 0.044840038473107066 42
1694436552467 0.0903268717231727 43
1694436552489 0.11309916290011081 44
1694436552517 0.16556070302441464 45
1694436552538 0.11042569844420982 46
1694436552555 0.04872921676105361 47
1694436552577 0.05641767795296402 48
1694436552597 0.17300318139115836 49
1694436552621 0.05595915319533738 50
1694436552646 0.05760168010513545 51
1694436552664 0.024759989542426454 52
1694436552693 0.08202824433371074 53
1694436552723 0.13053034621198387 54
1694436552745 0.17161285045747782 55
1694436552765 0.08603757320716295 56
1694436552791 0.1369031153994049 57
1694436552814 0.03307610588120349 58
1694436552838 0.13346210605475767 59
1694436552859 0.13469762577241395 60
1694436552877 0.09553787113974559 61
1694436552897 0.026328190457130564 62
1694436552918 0.03398407866964352 63
1694436552936 0.05142905034450944 64
1694436552953 0.05445813037711472 65
1694436552972 0.05407460131242118 66
1694436552993 0.0533060643484492 67
1694436553010 0.0857476587013085 68
1694436553027 0.03617462667497016 69
1694436553045 0.09198758542423757 70
1694436553065 0.07796795868316694 71
1694436553085 0.06558539814834105 72
1694436553102 0.09263749995852348 73
1694436553120 0.3759400901681168 74
1694436553138 0.10450342821166068 75
1694436553156 0.0687840239991797 76
1694436553176 0.11303369771147966 77
1694436553200 0.05286122088925767 78
1694436553221 0.0935937843098165 79
1694436553239 0.09804012815545274 80
1694436553257 0.10695316693310887 81
1694436553274 0.09794322484216009 82
1694436553295 0.15878646311960778 83
1694436553312 0.18559708929921 84
1694436553330 0.1462129837738302 85
1694436553347 0.049898888362206 86
1694436553364 0.0786026233175703 87
1694436553383 0.21932878581005052 88
1694436553403 0.060232724351416224 89
1694436553420 0.17157685171842924 90
1694436553438 0.1069195047338882 91
1694436553455 0.03966027733358203 92
1694436553477 0.08275933242566884 93
1694436553502 0.07447579675941376 94
1694436553523 0.03005658608808546 95
1694436553541 0.06025324238222148 96
1694436553558 0.106089536675705 97
1694436553576 0.0841405302821375 98
1694436553597 0.140271036581456 99
1694436553620 0.08150099136295383 100
1694436553637 0.10659508455843598 101
1694436553655 0.06475511724863182 102
1694436553673 0.07642839575198832 103
1694436553692 0.06817660436911767 104
1694436553711 0.06500654198216103 105
1694436553728 0.09009181272030356 106
1694436553746 0.10945495620247461 107
1694436553763 0.058528576438594666 108
1694436553780 0.4808826066592436 109
1694436553798 0.09797624426504367 110
1694436553816 0.09785935290371643 111
1694436553834 0.07327232598073026 112
1694436553851 0.06440373285077063 113
1694436553868 0.07272614366415701 114
1694436553886 0.13910808380518735 115
1694436553905 0.04417177520416552 116
1694436553925 0.2200667849600628 117
1694436553941 0.053662913678632594 118
1694436553958 0.14640292901301538 119
1694436553976 0.0551030220999003 120
1694436553995 0.07509887125668058 121
1694436554013 0.10331867613461461 122
1694436554031 0.09249198916876336 123
1694436554048 0.2836947818386221 124
1694436554066 0.0681747965360074 125
1694436554084 0.046315060558429454 126
1694436554102 0.08799148977553138 127
1694436554120 0.08210113730187131 128
1694436554137 0.09796023178493485 129
1694436554154 0.130203826251783 130
1694436554171 0.10827275922992842 131
1694436554191 0.08815675139666627 132
1694436554209 0.16128161766187885 133
1694436554227 0.4271576268261986 134
1694436554244 0.11309080227842584 135
1694436554262 0.07561582127313256 136
1694436554278 0.12231881430041082 137
1694436554297 0.11790532696579523 138
1694436554318 0.04791045116649275 139
1694436554341 0.23934126883100135 140
1694436554360 0.392187750101749 141
1694436554377 0.12583776491924178 142
1694436554397 0.2731825777187348 143
1694436554414 0.042225002009991235 144
1694436554432 0.08479008298181721 145
1694436554449 0.09428251506342442 146
1694436554467 0.058263874895162264 147
1694436554484 0.12588127489762815 148
1694436554505 0.061542923083039984 149
1694436554523 0.09558674549718128 150
1694436554540 0.11031654498236675 151
1694436554557 0.09685384949186639 152
1694436554575 0.07852538762616548 153
1694436554593 0.05709572236378741 154
1694436554613 0.0699446112076655 155
1694436554631 0.12070587835699798 156
1694436554648 0.0858227810045779 157
1694436554666 0.1029571112821565 158
1694436554682 0.14578244854488 159
1694436554702 0.09166041520973837 160
1694436554719 0.16320299151016043 161
1694436554736 0.10517136264175476 162
1694436554754 0.28183403818639247 163
1694436554772 0.034773977578934065 164
1694436554789 0.11150839252086683 165
1694436554807 0.1255062188084949 166
1694436554825 0.06564761985268328 167
1694436554842 0.23825563017724144 168
1694436554862 0.11456530476871125 169
1694436554882 0.03578950295106154 170
1694436554902 0.05728433842481611 171
1694436554920 0.043186677677617316 172
1694436554937 0.12710117615887348 173
1694436554954 0.1448803782178458 174
1694436554971 0.09955435620340158 175
1694436554989 0.09657565353476165 176
1694436555009 0.06871741391841271 177
1694436555028 0.05905272313196477 178
1694436555046 0.060836773478640124 179
1694436555062 0.11449204738850081 180
1694436555080 0.07651307642368295 181
1694436555098 0.07358936472827068 182
1694436555117 0.0974441960746354 183
1694436555135 0.09101598511843519 184
1694436555152 0.0828110604482785 185
1694436555170 0.11211028386496176 186
1694436555187 0.07798313788542754 187
1694436555207 0.15694841480436514 188
1694436555225 0.06119060959886421 189
1694436555242 0.21877002989111108 190
1694436555259 0.10943077647464709 191
1694436555277 0.06707169323272717 192
1694436555294 0.19638803916158373 193
1694436555313 0.07867586446973163 194
1694436555331 0.09968018215334028 195
1694436555348 0.13227178804556577 196
1694436555366 0.054561719366630186 197
1694436555383 0.12975417783381077 198
1694436555400 0.05873824706382456 199
1694436555420 0.11346750412019627 200
1694436555438 0.09169996872584273 201
1694436555456 0.16769482226591986 202
1694436555475 0.11291196402232583 203
1694436555493 0.0884230702097634 204
1694436555518 0.06692463979868013 205
1694436555539 0.10302797674172236 206
1694436555558 0.09738420836925979 207
1694436555576 0.07299801358443189 208
1694436555593 0.07256667223104032 209
1694436555611 0.15253356846423186 210
1694436555629 0.16888821605559287 211
1694436555646 0.08633979828033189 212
1694436555664 0.12000702016379054 213
1694436555681 0.11236588363342984 214
1694436555698 0.09080450080475726 215
1694436555718 0.11132885143679981 216
1694436555735 0.09425309851819266 217
1694436555752 0.06923481936252092 218
1694436555770 0.05573703993046103 219
1694436555788 0.10288822235323496 220
1694436555808 0.08903253923587164 221
1694436555825 0.10410635776074674 222
1694436555842 0.1144922268498492 223
1694436555859 0.0665443227824123 224
1694436555878 0.10760762564045777 225
1694436555895 0.19949475973971476 226
1694436555914 0.1568510010745813 227
1694436555932 0.074637829856425 228
1694436555949 0.08988590600181781 229
1694436555967 0.055719480802511566 230
1694436555984 0.13275877602409797 231
1694436556000 0.03843830384775084 232
1694436556023 0.0675286523152508 233
1694436556043 0.07869113687418437 234
1694436556062 0.1107386401127695 235
1694436556079 0.05948992419161752 236
1694436556096 0.054276182139445385 237
1694436556114 0.09096194907956703 238
1694436556132 0.0769498363880586 239
1694436556149 0.10132223565453562 240
1694436556167 0.1754287235021564 241
1694436556184 0.044014734987513314 242
1694436556201 0.17239856828601793 243
1694436556220 0.09015540814985605 244
1694436556237 0.11309794693767362 245
1694436556255 0.05494567545880767 246
1694436556275 0.0606062595224049 247
1694436556292 0.11202173845834809 248
1694436556310 0.056115224175631084 249
1694436556329 0.10313510103828684 250
1694436556346 0.09153936835325903 251
1694436556364 0.11765086512312314 252
1694436556381 0.15527392504281887 253
1694436556398 0.16045755748341145 254
1694436556419 0.16167827818932776 255
1694436556437 0.06628891067344703 256
1694436556454 0.04201161324051651 257
1694436556471 0.11191614073818228 258
1694436556489 0.04479271702056174 259
1694436556507 0.130229142409996 260
1694436556528 0.10342057458745908 261
1694436556546 0.09543707884900925 262
1694436556563 0.05810128817854619 263
1694436556580 0.16618343005315267 264
1694436556597 0.0482782811531139 265
1694436556616 0.09834250167670451 266
1694436556634 0.0973372784254128 267
1694436556651 0.13217604644458641 268
1694436556668 0.06803642293385885 269
1694436556690 0.33234067091737396 270
1694436556711 0.1329114339076932 271
1694436556732 0.11250077537099311 272
1694436556750 0.05169010394702756 273
1694436556768 0.12888150477379362 274
1694436556785 0.12184100395060128 275
1694436556803 0.0855745145851499 276
1694436556823 0.11483615828854396 277
1694436556841 0.051256686851965876 278
1694436556858 0.2072037148139336 279
1694436556875 0.061710302444875006 280
1694436556893 0.05524909571700565 281
1694436556911 0.08727698317663769 282
1694436556931 0.11616795238823932 283
1694436556948 0.05422576371805881 284
1694436556966 0.12293249028136699 285
1694436556983 0.13095119500673566 286
1694436557001 0.08980265125206217 287
1694436557019 0.12813403621980157 288
1694436557038 0.08279831374581706 289
1694436557056 0.11619739038732588 290
1694436557074 0.054485963405465854 291
1694436557091 0.16399519893705095 292
1694436557109 0.13150324047421794 293
1694436557127 0.10499018110775726 294
1694436557144 0.08644280784068219 295
1694436557161 0.09111020878557051 296
1694436557178 0.12339670464686474 297
1694436557195 0.09958796661757674 298
1694436557213 0.13723298755116922 299
1694436557231 0.1244210211245886 300
1694436557249 0.14828008112648897 301
1694436557271 0.08314410572828843 302
1694436557294 0.0459824903360022 303
1694436557312 0.27927206598394944 304
1694436557330 0.11529134654431382 305
1694436557349 0.053891970203586735 306
1694436557366 0.08416954860708477 307
1694436557383 0.052492244236928144 308
1694436557400 0.09062995429873699 309
1694436557418 0.10386342269697273 310
1694436557436 0.08357140094600601 311
1694436557453 0.05461525746694248 312
1694436557471 0.20668793163038918 313
1694436557488 0.06268214890604372 314
1694436557505 0.10862877483394695 315
1694436557524 0.06140180363785665 316
1694436557545 0.09976577915911397 317
1694436557562 0.16047784006264992 318
1694436557579 0.09135580684297158 319
1694436557596 0.06923366893153664 320
1694436557614 0.05894561988374057 321
1694436557635 0.09895073607050833 322
1694436557653 0.08047888139369117 323
1694436557671 0.07859644803157696 324
1694436557688 0.05273550737093354 325
1694436557706 0.07532183726586227 326
1694436557725 0.08451659005121374 327
1694436557745 0.07657687014846733 328
1694436557763 0.12872678223612566 329
1694436557781 0.029462505159238254 330
1694436557799 0.1598505435877022 331
1694436557818 0.15949493578075252 332
1694436557835 0.035298340079793634 333
1694436557852 0.07902784748442068 334
1694436557870 0.0234292754939758 335
1694436557890 0.04313629266824404 336
1694436557913 0.17635698620287105 337
1694436557933 0.06404843655659104 338
1694436557950 0.09939833651821253 339
1694436557968 0.0932240477905972 340
1694436557985 0.05604219768723336 341
1694436558002 0.16714642063848625 342
1694436558020 0.044439156005629796 343
1694436558039 0.1911151592906945 344
1694436558056 0.07875266257767559 345
1694436558074 0.14391392399332856 346
1694436558091 0.10113279640228533 347
1694436558108 0.14649497300591183 348
1694436558127 0.15708870249276535 349
1694436558145 0.08999631530383086 350
1694436558162 0.07962153842748163 351
1694436558180 0.07968486506892143 352
1694436558198 0.06720269955252686 353
1694436558216 0.1486472582525582 354
1694436558234 0.07803785642548441 355
1694436558252 0.13387891685597236 356
1694436558269 0.06682378127440498 357
1694436558287 0.10211042813667215 358
1694436558304 0.028000009704079492 359
1694436558322 0.07122535985695884 360
1694436558340 0.047017504118013316 361
1694436558358 0.14983218025644057 362
1694436558376 0.07971046926956409 363
1694436558394 0.09227916358707103 364
1694436558412 0.16984616139069278 365
1694436558429 0.13947140495178953 366
1694436558448 0.09484843860694049 367
1694436558465 0.15624927020375076 368
1694436558483 0.10446199058846782 369
1694436558504 0.051800429848684805 370
1694436558525 0.061838624627488084 371
1694436558544 0.08270318334558316 372
1694436558561 0.09322675744133083 373
1694436558579 0.05948578244965817 374
1694436558597 0.16661491769873962 375
1694436558615 0.06012176612152432 376
1694436558633 0.1455931643729779 377
1694436558654 0.0728927755987476 378
1694436558672 0.03542767164297805 379
1694436558689 0.06594312142066087 380
1694436558706 0.025905381953650188 381
1694436558724 0.04163959934681316 382
1694436558742 0.0818535014547468 383
1694436558760 0.08305500302263713 384
1694436558777 0.09254266045149004 385
1694436558795 0.05203660883859875 386
1694436558813 0.07641306970966324 387
1694436558830 0.08830576548401958 388
1694436558848 0.06780164713096772 389
1694436558865 0.0413055407834043 390
1694436558883 0.12416503173485315 391
1694436558900 0.1200512639153711 392
1694436558918 0.07980045854125621 393
1694436558938 0.0897604258545214 394
1694436558956 0.10402662581797509 395
1694436558973 0.12075715337280025 396
1694436558991 0.05898742049347005 397
1694436559008 0.06639064017617623 398
1694436559026 0.06603005355997903 399
1694436559046 0.08262351501912615 400
1694436559063 0.06828028467803622 401
1694436559081 0.08541719576181951 402
1694436559103 0.035785691218902495 403
1694436559126 0.07472883051316112 404
1694436559147 0.033088989106413814 405
1694436559165 0.16162641229575872 406
1694436559182 0.04369101409409546 407
1694436559200 0.12427636271682062 408
1694436559218 0.1457937826321249 409
1694436559236 0.053068373871075415 410
1694436559255 0.089840327396511 411
1694436559273 0.1473607514484739 412
1694436559290 0.12915685067512195 413
1694436559308 0.09099034642655014 414
1694436559326 0.16373469883655373 415
1694436559346 0.17544930852259877 416
1694436559363 0.07391821838230371 417
1694436559380 0.07180800069690181 418
1694436559398 0.030881887709112217 419
1694436559417 0.11037698671447796 420
1694436559434 0.0636705696237229 421
1694436559454 0.05311406461712974 422
1694436559470 0.06228213265238792 423
1694436559488 0.11669957377432984 424
1694436559505 0.056111344447511265 425
1694436559523 0.3638932590811061 426
1694436559541 0.1805984902950982 427
1694436559560 0.061426761753335946 428
1694436559577 0.03418340744443136 429
1694436559594 0.11227245551997841 430
1694436559611 0.1942043712072625 431
1694436559629 0.06609355827601672 432
1694436559648 0.12354390343011713 433
1694436559667 0.08226970117915236 434
1694436559684 0.1039711516017434 435
1694436559705 0.10786167015704011 436
1694436559726 0.11907323707674934 437
1694436559743 0.1454965989235125 438
1694436559762 0.053114952120039374 439
1694436559779 0.132061111447527 440
1694436559797 0.08066684032192059 441
1694436559815 0.03322953857288931 442
1694436559832 0.09476079437857925 443
1694436559850 0.08040458684852367 444
1694436559869 0.23975527468615118 445
1694436559886 0.10386163736236721 446
1694436559903 0.0377879090825363 447
1694436559921 0.04968673484843437 448
1694436559939 0.0534788090313748 449
1694436559959 0.07959543895338249 450
1694436559977 0.08316496938495753 451
1694436559995 0.07380500834152817 452
1694436560012 0.10565679525466783 453
1694436560030 0.06004024171066414 454
1694436560048 0.0917307800864776 455
1694436560067 0.10183958049609676 456
1694436560085 0.0968751657384398 457
1694436560102 0.06512926962092554 458
1694436560122 0.25129620326729757 459
1694436560140 0.16985783430337942 460
1694436560160 0.05388736724964972 461
1694436560177 0.054220348932852235 462
1694436560195 0.1360615827521302 463
1694436560212 0.05579793216109069 464
1694436560230 0.15820888432983185 465
1694436560247 0.1302428255468381 466
1694436560267 0.041749325133758376 467
1694436560287 0.08235290748676861 468
1694436560305 0.05926907500359959 469
1694436560327 0.10808935341304603 470
1694436560348 0.12877917654078316 471
1694436560369 0.11889899837231559 472
1694436560386 0.1273032342069153 473
1694436560403 0.09276840343953179 474
1694436560422 0.09043347647521895 475
1694436560440 0.03977769436487698 476
1694436560457 0.05666545824475896 477
1694436560476 0.041867442666859246 478
1694436560494 0.06991221759479262 479
1694436560511 0.1025975448717605 480
1694436560529 0.04821066156132695 481
1694436560546 0.057259689578999996 482
1694436560564 0.10754793878697547 483
1694436560582 0.12559634936268724 484
1694436560599 0.05310465037990512 485
1694436560617 0.087719168801789 486
1694436560634 0.16206801262900483 487
1694436560651 0.10935642506260643 488
1694436560671 0.1163592232240076 489
1694436560689 0.12687486059834005 490
1694436560706 0.22477749798039334 491
1694436560724 0.1228167515216394 492
1694436560741 0.1267361280458176 493
1694436560760 0.06188833536652324 494
1694436560778 0.1337297726940208 495
1694436560797 0.16040871335344753 496
1694436560814 0.05373376598260805 497
1694436560832 0.11799030333373768 498
1694436560850 0.040448530221949455 499
