1694427545283 169.19669551054895 0
1694427545298 169.19115890119167 1
1694427545315 169.18677893198787 2
1694427545332 169.18243403091157 3
1694427545348 169.17812502100634 4
1694427545363 169.1738515608939 5
1694427545379 169.1696133140716 6
1694427545394 169.16540994748019 7
1694427545413 169.16124113146864 8
1694427545428 169.1571065397577 9
1694427545445 169.15300584940343 10
1694427545459 169.14893874076165 11
1694427545475 169.14490489745245 12
1694427545490 169.14090400632526 13
1694427545505 169.13693575742408 14
1694427545521 169.13299984395354 15
1694427545536 169.1290959622447 16
1694427545551 169.12522381172178 17
1694427545568 169.12138309486906 18
1694427545584 169.11757351719805 19
1694427545599 169.11379478721514 20
1694427545616 169.11004661638952 21
1694427545631 169.10632871912156 22
1694427545647 169.1026408127116 23
1694427545661 169.0989826173286 24
1694427545676 169.09535385597997 25
1694427545692 169.0917542544809 26
1694427545708 169.0881835414245 27
1694427545725 169.0846414481524 28
1694427545741 169.081127708725 29
1694427545756 169.07764205989275 30
1694427545772 169.0741842410675 31
1694427545786 169.070753994294 32
1694427545801 169.06735106422198 33
1694427545817 169.0639751980783 34
1694427545833 169.0606261456396 35
1694427545849 169.05730365920516 36
1694427545865 169.05400749357003 37
1694427545881 169.0507374059985 38
1694427545897 169.04749315619787 39
1694427545914 169.04427450629257 40
1694427545931 169.04108122079822 41
1694427545947 169.03791306659656 42
1694427545964 169.03476981291024 43
1694427545983 169.0316512312777 44
1694427546001 169.0285570955291 45
1694427546018 169.02548718176163 46
1694427546036 169.0224412683156 47
1694427546054 169.01941913575075 48
1694427546070 169.01642056682263 49
1694427546086 169.01344534645946 50
1694427546104 169.010493261739 51
1694427546121 169.00756410186588 52
1694427546139 169.0046576581492 53
1694427546155 169.0017737239801 54
1694427546170 168.9989120948099 55
1694427546185 168.99607256812826 56
1694427546200 168.99325494344166 57
1694427546215 168.99045902225214 58
1694427546231 168.98768460803623 59
1694427546246 168.98493150622417 60
1694427546262 168.98219952417924 61
1694427546277 168.9794884711773 62
1694427546293 168.97679815838688 63
1694427546308 168.97412839884913 64
1694427546324 168.97147900745796 65
1694427546339 168.9688498009408 66
1694427546355 168.9662405978391 67
1694427546370 168.96365121848942 68
1694427546385 168.96108148500443 69
1694427546401 168.95853122125425 70
1694427546420 168.9560002528481 71
1694427546436 168.95348840711605 72
1694427546451 168.95099551309085 73
1694427546466 168.94852140148998 74
1694427546481 168.94606590469837 75
1694427546496 168.94362885675042 76
1694427546511 168.94121009331312 77
1694427546527 168.93880945166882 78
1694427546541 168.9364267706982 79
1694427546557 168.93406189086372 80
1694427546572 168.93171465419294 81
1694427546588 168.9293849042623 82
1694427546603 168.92707248618078 83
1694427546619 168.924777246574 84
1694427546635 168.9224990335683 85
1694427546651 168.92023769677516 86
1694427546666 168.91799308727568 87
1694427546681 168.91576505760517 88
1694427546696 168.91355346173805 89
1694427546711 168.911358155073 90
1694427546727 168.90917899441783 91
1694427546742 168.9070158379751 92
1694427546758 168.9048685453273 93
1694427546772 168.90273697742285 94
1694427546787 168.90062099656166 95
1694427546802 168.89852046638103 96
1694427546819 168.89643525184206 97
1694427546833 168.8943652192156 98
1694427546849 168.89231023606877 99
1694427546865 168.8902701712515 100
1694427546882 168.88824489488334 101
1694427546897 168.88623427834014 102
1694427546914 168.88423819424105 103
1694427546931 168.88225651643575 104
1694427546947 168.88028911999163 105
1694427546961 168.87833588118121 106
1694427546978 168.87639667746976 107
1694427546993 168.87447138750278 108
1694427547008 168.872559891094 109
1694427547023 168.8706620692132 110
1694427547038 168.8687778039744 111
1694427547053 168.86690697862386 112
1694427547069 168.86504947752854 113
1694427547084 168.86320518616455 114
1694427547099 168.86137399110572 115
1694427547115 168.85955578001224 116
1694427547131 168.85775044161954 117
1694427547145 168.8559578657271 118
1694427547160 168.85417794318778 119
1694427547176 168.85241056589672 120
1694427547191 168.85065562678068 121
1694427547207 168.8489130197876 122
1694427547223 168.847182639876 123
1694427547238 168.8454643830047 124
1694427547253 168.84375814612235 125
1694427547271 168.84206382715755 126
1694427547286 168.84038132500868 127
1694427547301 168.83871053953405 128
1694427547316 168.83705137154186 129
1694427547332 168.8354037227808 130
1694427547347 168.8337674959303 131
1694427547363 168.8321425945909 132
1694427547377 168.83052892327493 133
1694427547393 168.82892638739736 134
1694427547409 168.8273348932664 135
1694427547425 168.82575434807438 136
1694427547439 168.82418465988886 137
1694427547455 168.8226257376437 138
1694427547470 168.82107749113015 139
1694427547486 168.81953983098816 140
1694427547500 168.81801266869792 141
1694427547516 168.81649591657097 142
1694427547531 168.8149894877421 143
1694427547547 168.8134932961608 144
1694427547563 168.812007256583 145
1694427547579 168.81053128456293 146
1694427547594 168.80906529644514 147
1694427547609 168.8076092093563 148
1694427547625 168.80616294119727 149
1694427547640 168.80472641063554 150
1694427547656 168.8032995370972 151
1694427547672 168.80188224075926 152
1694427547688 168.80047444254234 153
1694427547703 168.7990760641029 154
1694427547719 168.79768702782587 155
1694427547735 168.79630725681739 156
1694427547750 168.79493667489737 157
1694427547766 168.79357520659255 158
1694427547781 168.79222277712913 159
1694427547796 168.7908793124259 160
1694427547810 168.7895447390871 161
1694427547826 168.78821898439577 162
1694427547841 168.78690197630672 163
1694427547856 168.78559364343988 164
1694427547872 168.78429391507356 165
1694427547888 168.78300272113802 166
1694427547902 168.78171999220862 167
1694427547917 168.7804456594996 168
1694427547933 168.77917965485776 169
1694427547949 168.77792191075574 170
1694427547966 168.77667236028628 171
1694427547982 168.77543093715556 172
1694427547999 168.77419757567728 173
1694427548013 168.77297221076668 174
1694427548029 168.77175477793435 175
1694427548044 168.77054521328037 176
1694427548059 168.7693434534885 177
1694427548075 168.7681494358202 178
1694427548090 168.76696309810916 179
1694427548105 168.76578437875523 180
1694427548120 168.76461321671908 181
1694427548136 168.76344955151666 182
1694427548151 168.7622933232133 183
1694427548166 168.76114447241872 184
1694427548182 168.76000294028142 185
1694427548197 168.75886866848325 186
1694427548212 168.75774159923427 187
1694427548229 168.75662167526747 188
1694427548244 168.7555088398336 189
1694427548260 168.75440303669612 190
1694427548275 168.75330421012592 191
1694427548289 168.75221230489652 192
1694427548305 168.7511272662791 193
1694427548319 168.75004904003745 194
1694427548335 168.74897757242314 195
1694427548351 168.74791281017087 196
1694427548367 168.74685470049363 197
1694427548383 168.7458031910778 198
1694427548397 168.74475823007887 199
1694427548413 168.7437197661165 200
1694427548429 168.74268774827007 201
1694427548445 168.74166212607437 202
1694427548459 168.74064284951464 203
1694427548475 168.73962986902274 204
1694427548490 168.73862313547235 205
1694427548505 168.73762260017486 206
1694427548521 168.7366282148749 207
1694427548537 168.73563993174642 208
1694427548553 168.73465770338814 209
1694427548567 168.73368148281955 210
1694427548583 168.73271122347694 211
1694427548598 168.73174687920914 212
1694427548613 168.7307884042735 213
1694427548628 168.7298357533321 214
1694427548644 168.72888888144763 215
1694427548660 168.72794774407953 216
1694427548675 168.7270122970802 217
1694427548690 168.72608249669116 218
1694427548706 168.72515829953917 219
1694427548721 168.72423966263264 220
1694427548737 168.7233265433579 221
1694427548753 168.72241889947543 222
1694427548768 168.72151668911633 223
1694427548784 168.72061987077876 224
1694427548799 168.71972840332432 225
1694427548814 168.71884224597454 226
1694427548830 168.71796135830755 227
1694427548845 168.71708570025433 228
1694427548860 168.71621523209578 229
1694427548876 168.71534991445876 230
1694427548891 168.7144897083133 231
1694427548905 168.71363457496892 232
1694427548921 168.71278447607168 233
1694427548937 168.7119393736006 234
1694427548953 168.71109922986474 235
1694427548969 168.71026400749997 236
1694427548984 168.70943366946574 237
1694427548999 168.70860817904207 238
1694427549015 168.70778749982645 239
1694427549032 168.70697159573083 240
1694427549048 168.70616043097857 241
1694427549065 168.70535397010147 242
1694427549081 168.70455217793688 243
1694427549096 168.7037550196248 244
1694427549112 168.70296246060477 245
1694427549127 168.7021744666134 246
1694427549143 168.70139100368115 247
1694427549159 168.7006120381299 248
1694427549173 168.69983753656976 249
1694427549188 168.6990674658968 250
1694427549204 168.69830179329003 251
1694427549219 168.6975404862087 252
1694427549235 168.69678351238983 253
1694427549250 168.6960308398455 254
1694427549265 168.69528243686014 255
1694427549281 168.69453827198814 256
1694427549296 168.69379831405112 257
1694427549312 168.69306253213557 258
1694427549327 168.69233089559023 259
1694427549343 168.69160337402369 260
1694427549357 168.69087993730187 261
1694427549373 168.69016055554567 262
1694427549388 168.6894451991285 263
1694427549403 168.688733838674 264
1694427549417 168.68802644505362 265
1694427549433 168.68732298938428 266
1694427549449 168.68662344302618 267
1694427549463 168.6859277775803 268
1694427549480 168.6852359648864 269
1694427549495 168.68454797702066 270
1694427549512 168.68386378629336 271
1694427549527 168.683183365247 272
1694427549542 168.6825066866538 273
1694427549557 168.68183372351368 274
1694427549573 168.68116444905235 275
1694427549589 168.68049883671875 276
1694427549604 168.67983686018346 277
1694427549619 168.67917849333628 278
1694427549633 168.67852371028434 279
1694427549650 168.67787248535015 280
1694427549666 168.67722479306946 281
1694427549681 168.67658060818934 282
1694427549696 168.67593990566624 283
1694427549710 168.67530266066407 284
1694427549726 168.6746688485522 285
1694427549742 168.6740384449036 286
1694427549758 168.67341142549304 287
1694427549772 168.67278776629504 288
1694427549788 168.67216744348232 289
1694427549803 168.67155043342368 290
1694427549819 168.67093671268228 291
1694427549834 168.67032625801397 292
1694427549849 168.66971904636546 293
1694427549864 168.66911505487246 294
1694427549882 168.66851426085807 295
1694427549897 168.66791664183106 296
1694427549912 168.66732217548395 297
1694427549928 168.66673083969178 298
1694427549944 168.66614261251 299
1694427549959 168.66555747217302 300
1694427549975 168.66497539709252 301
1694427549990 168.66439636585596 302
1694427550006 168.66382035722475 303
1694427550021 168.66324735013282 304
1694427550037 168.66267732368513 305
1694427550051 168.66211025715586 306
1694427550068 168.6615461299871 307
1694427550083 168.66098492178725 308
1694427550097 168.6604266123295 309
1694427550113 168.65987118155027 310
1694427550127 168.65931860954785 311
1694427550144 168.65876887658092 312
1694427550162 168.65822196306704 313
1694427550178 168.65767784958123 314
1694427550195 168.6571365168546 315
1694427550209 168.6565979457729 316
1694427550224 168.65606211737497 317
1694427550240 168.65552901285184 318
1694427550255 168.6549986135447 319
1694427550271 168.65447090094418 320
1694427550286 168.65394585668852 321
1694427550302 168.65342346256253 322
1694427550317 168.6529037004962 323
1694427550333 168.65238655256337 324
1694427550348 168.65187200098043 325
1694427550364 168.6513600281051 326
1694427550378 168.6508506164352 327
1694427550395 168.65034374860724 328
1694427550410 168.64983940739543 329
1694427550424 168.64933757571015 330
1694427550439 168.648838236597 331
1694427550456 168.64834137323544 332
1694427550470 168.64784696893773 333
1694427550486 168.64735500714755 334
1694427550502 168.64686547143913 335
1694427550516 168.64637834551573 336
1694427550532 168.64589361320876 337
1694427550547 168.6454112584767 338
1694427550562 168.64493126540364 339
1694427550577 168.6444536181985 340
1694427550593 168.6439783011938 341
1694427550609 168.64350529884456 342
1694427550624 168.64303459572722 343
1694427550641 168.64256617653854 344
1694427550657 168.6421000260948 345
1694427550673 168.6416361293302 346
1694427550689 168.6411744712965 347
1694427550704 168.64071503716144 348
1694427550718 168.640257812208 349
1694427550735 168.6398027818333 350
1694427550750 168.63934993154774 351
1694427550765 168.6388992469736 352
1694427550780 168.63845071384478 353
1694427550796 168.63800431800496 354
1694427550811 168.6375600454075 355
1694427550826 168.63711788211373 356
1694427550841 168.6366778142925 357
1694427550857 168.63623982821917 358
1694427550872 168.63580391027446 359
1694427550887 168.6353700469438 360
1694427550902 168.63493822481615 361
1694427550917 168.63450843058345 362
1694427550932 168.63408065103945 363
1694427550948 168.63365487307885 364
1694427550964 168.6332310836966 365
1694427550979 168.63280926998684 366
1694427550994 168.6323894191422 367
1694427551010 168.6319715184529 368
1694427551025 168.63155555530577 369
1694427551040 168.63114151718364 370
1694427551056 168.6307293916644 371
1694427551072 168.63031916642018 372
1694427551086 168.62991082921656 373
1694427551102 168.6295043679118 374
1694427551117 168.62909977045598 375
1694427551132 168.62869702489024 376
1694427551147 168.62829611934603 377
1694427551162 168.62789704204434 378
1694427551178 168.62749978129483 379
1694427551193 168.62710432549528 380
1694427551207 168.6267106631306 381
1694427551222 168.6263187827723 382
1694427551237 168.6259286730776 383
1694427551254 168.6255403227887 384
1694427551270 168.62515372073233 385
1694427551285 168.62476885581856 386
1694427551301 168.62438571704055 387
1694427551317 168.62400429347355 388
1694427551334 168.62362457427432 389
1694427551349 168.6232465486805 390
1694427551365 168.62287020600976 391
1694427551381 168.62249553565925 392
1694427551396 168.62212252710492 393
1694427551411 168.62175116990085 394
1694427551425 168.6213814536786 395
1694427551440 168.6210133681464 396
1694427551456 168.62064690308878 397
1694427551471 168.6202820483658 398
1694427551487 168.6199187939123 399
1694427551502 168.6195571297375 400
1694427551518 168.61919704592424 401
1694427551533 168.6188385326283 402
1694427551547 168.618481580078 403
1694427551563 168.6181261785734 404
1694427551579 168.61777231848575 405
1694427551594 168.61741999025705 406
1694427551609 168.61706918439918 407
1694427551624 168.61671989149357 408
1694427551639 168.61637210219055 409
1694427551655 168.61602580720864 410
1694427551670 168.61568099733415 411
1694427551685 168.61533766342066 412
1694427551701 168.61499579638826 413
1694427551716 168.61465538722314 414
1694427551731 168.61431642697696 415
1694427551746 168.6139789067665 416
1694427551762 168.6136428177729 417
1694427551778 168.61330815124123 418
1694427551794 168.61297489847988 419
1694427551811 168.6126430508603 420
1694427551827 168.61231259981614 421
1694427551842 168.6119835368429 422
1694427551857 168.61165585349747 423
1694427551873 168.61132954139754 424
1694427551888 168.61100459222118 425
1694427551904 168.61068099770625 426
1694427551919 168.61035874965003 427
1694427551933 168.61003783990853 428
1694427551949 168.60971826039633 429
1694427551964 168.60940000308585 430
1694427551979 168.6090830600069 431
1694427551995 168.60876742324632 432
1694427552011 168.60845308494748 433
1694427552026 168.60814003730977 434
1694427552041 168.60782827258816 435
1694427552056 168.60751778309287 436
1694427552072 168.6072085611887 437
1694427552088 168.60690059929482 438
1694427552103 168.6065938898841 439
1694427552117 168.60628842548297 440
1694427552133 168.60598419867068 441
1694427552148 168.605681202079 442
1694427552163 168.60537942839193 443
1694427552179 168.60507887034512 444
1694427552195 168.6047795207254 445
1694427552209 168.60448137237057 446
1694427552224 168.60418441816887 447
1694427552241 168.6038886510586 448
1694427552256 168.60359406402767 449
1694427552272 168.60330065011325 450
1694427552287 168.60300840240143 451
1694427552302 168.60271731402668 452
1694427552318 168.60242737817163 453
1694427552333 168.60213858806662 454
1694427552348 168.60185093698925 455
1694427552364 168.60156441826416 456
1694427552380 168.60127902526247 457
1694427552394 168.60099475140157 458
1694427552410 168.60071159014458 459
1694427552426 168.60042953500027 460
1694427552443 168.60014857952243 461
1694427552457 168.59986871730956 462
1694427552473 168.5995899420047 463
1694427552488 168.5993122472948 464
1694427552503 168.59903562691062 465
1694427552519 168.59876007462626 466
1694427552534 168.5984855842588 467
1694427552549 168.59821214966811 468
1694427552565 168.59793976475626 469
1694427552581 168.59766842346747 470
1694427552596 168.59739811978758 471
1694427552612 168.59712884774382 472
1694427552626 168.59686060140442 473
1694427552641 168.5965933748784 474
1694427552658 168.59632716231513 475
1694427552674 168.59606195790403 476
1694427552689 168.59579775587437 477
1694427552703 168.5955345504948 478
1694427552719 168.59527233607324 479
1694427552734 168.59501110695635 480
1694427552749 168.59475085752936 481
1694427552766 168.5944915822158 482
1694427552781 168.59423327547717 483
1694427552796 168.5939759318125 484
1694427552811 168.59371954575835 485
1694427552827 168.59346411188818 486
1694427552842 168.5932096248125 487
1694427552858 168.59295607917807 488
1694427552876 168.592703469668 489
1694427552892 168.5924517910014 490
1694427552910 168.59220103793288 491
1694427552928 168.59195120525263 492
1694427552947 168.59170228778592 493
1694427552966 168.59145428039275 494
1694427552984 168.59120717796787 495
1694427553002 168.59096097544037 496
1694427553019 168.59071566777322 497
1694427553036 168.59047124996331 498
1694427553053 168.59022771704113 499
