1694432517147 79.1919215441142 0
1694432517217 33.78319421406375 1
1694432517290 17.652186633672294 2
1694432517359 8.012738769074115 3
1694432517427 3.7133969149272286 4
1694432517497 2.3434045556340344 5
1694432517566 1.9572324790943703 6
1694432517634 1.4622522329767638 7
1694432517705 0.9606027345938996 8
1694432517773 1.04296806472684 9
1694432517843 0.13727961584856713 10
1694432517912 0.016469699545195598 11
1694432517980 0.06184190824193464 12
1694432518049 0.15102292519658655 13
1694432518117 0.35839769502863045 14
1694432518186 0.032813769676709015 15
1694432518254 0.4240294749791241 16
1694432518332 0.39833234469431633 17
1694432518400 0.20616759162602363 18
1694432518468 0.06185460389910419 19
1694432518539 0.0762940057796245 20
1694432518608 0.4034019626312375 21
1694432518675 0.30658518324716677 22
1694432518745 0.2402026833857553 23
1694432518818 0.869592185244893 24
1694432518886 0.0015788343100612721 25
1694432518955 0.24547012049171685 26
1694432519025 0.28626994396951255 27
1694432519094 0.12445638957259318 28
1694432519163 0.00020155400796060226 29
1694432519231 0.5570802666970128 30
1694432519300 0.21147691214012768 31
1694432519369 0.1318484339881133 32
1694432519438 1.9672554496488586 33
1694432519507 0.37033227723958145 34
1694432519575 0.01576055603945973 35
1694432519647 0.06092052107145798 36
1694432519716 1.80701321540206 37
1694432519784 0.3105296647281124 38
1694432519853 0.08928685479784881 39
1694432519922 0.4156967151713052 40
1694432519991 0.09004758012659167 41
1694432520065 0.0017103986942565933 42
1694432520139 0.2440555393016593 43
1694432520209 0.24092518086385128 44
1694432520277 2.266063844498193e-06 45
1694432520346 0.3576950539339987 46
1694432520417 0.3933201491243823 47
1694432520486 0.38727076462499366 48
1694432520556 0.25405459930644636 49
1694432520625 0.941898791895871 50
1694432520695 0.35989059192753775 51
1694432520766 0.36894757347603 52
1694432520836 0.8769455339494173 53
1694432520904 0.016599457901784343 54
1694432520973 0.5564633618866188 55
1694432521042 0.032334328252317385 56
1694432521111 0.0006341106037319538 57
1694432521180 0.0070198798410902544 58
1694432521249 0.4417418440954198 59
1694432521317 0.34825199673978147 60
1694432521385 0.014863700355293942 61
1694432521453 0.0008154365699345856 62
1694432521521 0.013838722510694108 63
1694432521590 0.045013124867668404 64
1694432521658 0.28064686430350266 65
1694432521726 0.09937687782753789 66
1694432521794 0.11349157556497574 67
1694432521864 0.04816917362897017 68
1694432521932 0.3323049453087045 69
1694432522002 0.23685831388077297 70
1694432522070 0.48961578241255665 71
1694432522139 0.06396489497458857 72
1694432522210 0.3033410674149613 73
1694432522279 0.8636339083822929 74
1694432522348 0.5207768562142935 75
1694432522416 0.012079795715619615 76
1694432522484 0.1827669359295525 77
1694432522554 2.1443304375718206 78
1694432522622 0.17350664768785307 79
1694432522690 0.06145361512574914 80
1694432522759 0.9447871462898682 81
1694432522827 0.09587986016174417 82
1694432522896 0.6621136320119899 83
1694432522964 0.8126543713880624 84
1694432523032 0.01024943368467712 85
1694432523100 0.014833652027298763 86
1694432523169 0.24028344252933626 87
1694432523238 0.17104099799920452 88
1694432523306 0.2725795303371795 89
1694432523374 0.9100988796037318 90
1694432523443 0.08629352781920309 91
1694432523511 0.20221510369362153 92
1694432523580 0.5183207954945538 93
1694432523649 0.23663964040162438 94
1694432523716 0.16967870369415194 95
1694432523785 0.7331768318221342 96
1694432523852 0.006632146744538259 97
1694432523921 0.31999341425958766 98
1694432523989 0.16080617592552002 99
1694432524057 0.558362736781608 100
1694432524124 0.4006240259172233 101
1694432524193 0.13095885323597364 102
1694432524261 0.1481710985133758 103
1694432524329 0.4514381157870664 104
1694432524398 0.057477315837511186 105
1694432524466 0.12884790908542265 106
1694432524536 0.38396253460892005 107
1694432524605 0.031793555329870396 108
1694432524674 0.17386281988014463 109
1694432524742 0.7836825899401473 110
1694432524812 0.6598610866537554 111
1694432524880 0.26593638218437476 112
1694432524947 0.03731923717478754 113
1694432525015 0.3808340650190836 114
1694432525085 0.29431727147367004 115
1694432525153 0.08399024139311918 116
1694432525220 0.18283115535682548 117
1694432525290 0.06761415592015446 118
1694432525358 0.28614891670877823 119
1694432525427 0.08948188671256514 120
1694432525496 0.020315799240132423 121
1694432525564 0.03315190918797337 122
1694432525633 0.42128076955684046 123
1694432525700 0.06447681353472737 124
1694432525770 0.00011854968843223959 125
1694432525838 0.25069214104054416 126
1694432525905 0.6828409631051438 127
1694432525974 0.14985666052362023 128
1694432526042 0.3356612885248364 129
1694432526111 0.631108632861361 130
1694432526180 0.3927821551376806 131
1694432526249 0.42351322740950537 132
1694432526317 0.3597314536072269 133
1694432526387 0.9407064425199757 134
1694432526454 0.11649883878657537 135
1694432526523 0.11681686113262126 136
1694432526591 0.381905665748511 137
1694432526660 0.012114051557131343 138
1694432526728 0.18945702582446958 139
1694432526797 0.2898814834135676 140
1694432526865 0.21556554340958978 141
1694432526934 0.8122235155802867 142
1694432527003 0.530648675919026 143
1694432527071 0.05740101938014389 144
1694432527140 0.015047815944297159 145
1694432527210 0.20546098032875804 146
1694432527276 1.4716209351681746e-06 147
1694432527345 0.027401366536701104 148
1694432527412 0.11012929366045703 149
1694432527480 0.3339191377187917 150
1694432527548 0.26913771183501883 151
1694432527615 0.0230827251667594 152
1694432527685 0.3568610924054385 153
1694432527753 0.03304210590933013 154
1694432527821 0.1534404227137614 155
1694432527890 0.018352918403530236 156
1694432527958 0.30970138104290795 157
1694432528026 0.18697668350059593 158
1694432528095 0.11639333402122148 159
1694432528163 0.27579191756744714 160
1694432528232 0.013981991770304325 161
1694432528300 0.46009210877367607 162
1694432528368 0.09567411586850086 163
1694432528449 0.9059209243852089 164
1694432528518 0.6251736452153512 165
1694432528586 0.2210468491603425 166
1694432528661 0.09640932899114668 167
1694432528729 0.16509796595561013 168
1694432528798 0.0016165969054433617 169
1694432528868 0.059013208848180274 170
1694432528939 0.43916855801140436 171
1694432529009 0.290344781131007 172
1694432529078 0.6923052042809088 173
1694432529145 0.4106856637699434 174
1694432529213 0.6840131476746542 175
1694432529282 0.7571840183150599 176
1694432529351 0.18923709771756164 177
1694432529419 0.1561029931210291 178
1694432529488 1.42647143391594 179
1694432529556 0.10382777619382534 180
1694432529624 0.5076054586825273 181
1694432529696 0.0032470474908121113 182
1694432529764 0.1604772907128098 183
1694432529832 0.05797283428659032 184
1694432529899 0.10870733241382746 185
1694432529967 0.05266206262573305 186
1694432530036 0.39411289136238586 187
1694432530105 0.017693216589302712 188
1694432530173 0.350619976164134 189
1694432530241 0.007067791723711239 190
1694432530309 0.04992626819588136 191
1694432530377 0.03473682603608452 192
1694432530445 0.5773710449710076 193
1694432530514 0.13412192127319872 194
1694432530583 0.6697722883955166 195
1694432530651 0.1832913550681116 196
1694432530720 0.23056887461125625 197
1694432530789 0.13931979641159256 198
1694432530859 0.1085324305510653 199
1694432530929 0.5686125584926764 200
1694432530997 0.11069049856180985 201
1694432531065 0.2790093525466967 202
1694432531134 0.014024579212798045 203
1694432531201 0.3784032482731041 204
1694432531270 0.5419781843320604 205
1694432531339 0.0008998663594858956 206
1694432531407 0.026133615368778708 207
1694432531475 0.20741317593918948 208
1694432531545 0.5082820388079335 209
1694432531613 0.8263787946104193 210
1694432531685 0.04583572386374483 211
1694432531752 0.2516604248575953 212
1694432531821 0.19743580888602089 213
1694432531889 0.158879048844825 214
1694432531956 0.6481445579834658 215
1694432532025 0.06986152771585065 216
1694432532093 0.8815331042403043 217
1694432532161 0.4546061221182928 218
1694432532230 0.03692512400098767 219
1694432532297 0.5152276614838615 220
1694432532366 0.1444527545626858 221
1694432532435 1.196859586921241 222
1694432532503 0.8952467929540804 223
1694432532572 0.42061526199775734 224
1694432532640 0.07481086682407861 225
1694432532709 0.15518968759132656 226
1694432532776 0.06350503381087672 227
1694432532845 0.01560859301110292 228
1694432532913 0.2610085521599038 229
1694432532981 0.38400178674733143 230
1694432533050 0.3331782451440396 231
1694432533118 0.3331206809444365 232
1694432533187 0.10513369876490444 233
1694432533254 0.5685851745764687 234
1694432533322 0.047314024452804804 235
1694432533391 1.4339698754055923 236
1694432533459 0.14695577800649468 237
1694432533527 0.9474894832500201 238
1694432533595 0.7826027828885969 239
1694432533663 0.18858197769743154 240
1694432533732 0.23442340231528214 241
1694432533799 0.31069790881646414 242
1694432533868 0.26056304847161027 243
1694432533936 1.5259784161362215 244
1694432534005 0.49897774749393814 245
1694432534073 0.20693200748475174 246
1694432534141 0.9846896237591359 247
1694432534209 0.4909943485943747 248
1694432534278 0.0224586634637924 249
1694432534345 0.28831233188320116 250
1694432534414 0.15875726020930525 251
1694432534483 0.1360044419632091 252
1694432534551 0.18837808590707275 253
1694432534619 0.42545558511909054 254
1694432534687 0.1084251003921116 255
1694432534754 0.482717189261315 256
1694432534822 0.23738336700263077 257
1694432534891 0.05312870572123765 258
1694432534961 0.21287566190702623 259
1694432535030 0.15006271196104404 260
1694432535099 0.9878323056500099 261
1694432535167 0.39238360930494265 262
1694432535237 0.17321390945291726 263
1694432535305 0.2566881048593393 264
1694432535374 0.006122683876432137 265
1694432535443 0.6799033926732099 266
1694432535511 0.11594979624379899 267
1694432535580 0.483187765565761 268
1694432535650 0.3596582233558847 269
1694432535718 0.6627052503318738 270
1694432535789 0.12275257452531951 271
1694432535856 0.31844292142326125 272
1694432535926 0.7332798755374567 273
1694432535995 0.3182824737139283 274
1694432536064 0.9100030464183928 275
1694432536132 0.020813730820558176 276
1694432536201 0.23828208447457638 277
1694432536270 0.28298980843405425 278
1694432536338 1.2264260131933387 279
1694432536408 0.40386812995986715 280
1694432536477 0.5046844224448159 281
1694432536546 0.19352927220010846 282
1694432536615 0.07365849838661555 283
1694432536682 3.6368739077298535 284
1694432536752 0.10893380494303401 285
1694432536820 0.3307039968336709 286
1694432536890 0.11730958800056529 287
1694432536958 0.24152454365495682 288
1694432537027 0.8106927455372483 289
1694432537095 0.5703298494355399 290
1694432537163 0.19134322522317354 291
1694432537232 0.3314543015760669 292
1694432537301 0.4841481558275631 293
1694432537369 0.25762545908704 294
1694432537437 0.4450547074460592 295
1694432537506 0.16458022667638292 296
1694432537575 0.0007743387702659159 297
1694432537644 0.3718782596889713 298
1694432537713 0.28594086839920174 299
1694432537781 0.07484151057456652 300
1694432537851 1.4337964766604612 301
1694432537919 0.1084675192198821 302
1694432537989 0.05396288767072922 303
1694432538057 0.044248996771557234 304
1694432538126 0.08223363143003698 305
1694432538195 0.31024297834814923 306
1694432538263 0.06414503678324113 307
1694432538332 0.2679552669378269 308
1694432538401 0.07464175900429268 309
1694432538469 0.09943085835454048 310
1694432538541 0.07805031446586866 311
1694432538611 0.10843670914165719 312
1694432538678 0.2493851930152235 313
1694432538747 0.052377875170078275 314
1694432538816 0.2513444660754839 315
1694432538886 0.18724227587682 316
1694432538954 0.23508840344156168 317
1694432539024 0.2131118134493728 318
1694432539092 0.16987383535002407 319
1694432539161 0.41624195796906704 320
1694432539231 0.19179465268703733 321
1694432539300 0.478081801528139 322
1694432539370 0.6558890087406755 323
1694432539439 0.019494758841973048 324
1694432539508 0.10546910436322193 325
1694432539578 0.24856700087102312 326
1694432539645 0.18365249335546782 327
1694432539714 0.5495454550899648 328
1694432539783 0.00310923295266691 329
1694432539851 0.25023226134388277 330
1694432539919 0.9403138442481257 331
1694432539988 0.2842411769590384 332
1694432540056 0.39382105650983 333
1694432540126 0.004900586378598083 334
1694432540194 0.5378106267922058 335
1694432540262 0.08177260943016154 336
1694432540332 0.18347424119775405 337
1694432540400 0.05361353979194356 338
1694432540468 0.2997195754072064 339
1694432540537 0.13392147696392878 340
1694432540606 0.2987026918880482 341
1694432540673 0.3783046789472979 342
1694432540742 0.4491083943646007 343
1694432540811 0.39435066399896257 344
1694432540879 0.0014219969877598863 345
1694432540948 0.010715673943013322 346
1694432541018 0.07898496543671159 347
1694432541087 0.004530366837188071 348
1694432541156 0.14298262663818354 349
1694432541224 0.32997506348912214 350
1694432541292 0.053013221265997605 351
1694432541360 0.07577556417971691 352
1694432541429 0.9388560017438292 353
1694432541497 0.012539429650174051 354
1694432541565 0.07917711596978481 355
1694432541634 0.004926412147121207 356
1694432541702 0.5648731534959264 357
1694432541771 0.44970596842985733 358
1694432541840 0.20672587950261734 359
1694432541907 0.22317332587459562 360
1694432541977 0.02011867296757828 361
1694432542046 0.1397382215892078 362
1694432542114 0.13412525071056264 363
1694432542182 0.43815090242509913 364
1694432542251 0.019624338386003304 365
1694432542319 0.025451086053357407 366
1694432542386 0.03070520102046057 367
1694432542455 0.24159526715966853 368
1694432542522 0.5567568139649891 369
1694432542590 0.36924901107381164 370
1694432542658 0.40518989803652483 371
1694432542726 0.2564002420808261 372
1694432542800 1.0613330562394292 373
1694432542869 0.2692926046830713 374
1694432542937 0.022322604425510064 375
1694432543006 0.11629348404984272 376
1694432543075 0.03699685282739205 377
1694432543143 1.3864225915555446 378
1694432543211 0.4587104148739674 379
1694432543280 0.3278556426953429 380
1694432543349 0.297578120954324 381
1694432543416 0.8132325785143971 382
1694432543484 0.26734247082300827 383
1694432543552 0.34022286575327276 384
1694432543620 0.22328225585250774 385
1694432543690 0.03876066800840268 386
1694432543758 0.36978219607374063 387
1694432543827 0.972456809856123 388
1694432543895 0.490036896103739 389
1694432543962 0.5081037030973716 390
1694432544031 0.0999399784308931 391
1694432544099 0.12899437246280682 392
1694432544168 0.04224756428911612 393
1694432544235 0.08177828680415626 394
1694432544303 0.4089052924210167 395
1694432544371 0.0076199260785054955 396
1694432544439 0.00803039762789182 397
1694432544508 0.43533706365606156 398
1694432544578 0.0005576215149439058 399
1694432544646 0.01393665512988618 400
1694432544713 0.8283538124359493 401
1694432544781 0.4790119099916686 402
1694432544850 0.791849361317556 403
1694432544918 0.005227273009354981 404
1694432544987 0.9382206476832449 405
1694432545055 0.37637287861514507 406
1694432545122 0.030398079514660597 407
1694432545191 0.524398210964951 408
1694432545259 1.563941876306954 409
1694432545327 0.008283003317913366 410
1694432545395 0.45753803533050513 411
1694432545463 0.4714761770423602 412
1694432545532 0.09650198178655582 413
1694432545599 0.3511511024067648 414
1694432545667 0.4382772359854742 415
1694432545735 0.28283318266252344 416
1694432545803 2.3205160416194463e-05 417
1694432545871 0.04485803855283114 418
1694432545941 0.35279436072652276 419
1694432546009 1.4347062188709108 420
1694432546078 0.11274824256978924 421
1694432546146 0.10608588088377792 422
1694432546215 0.48164374886618133 423
1694432546284 0.08941443613586642 424
1694432546352 0.35347009944476554 425
1694432546420 0.3724680416736897 426
1694432546488 0.4275686263517787 427
1694432546556 0.03149271111094576 428
1694432546624 0.35944419699588553 429
1694432546692 0.2905600307177184 430
1694432546759 0.14014272569415254 431
1694432546828 0.01939429914852598 432
1694432546897 0.0071562550916138504 433
1694432546964 0.19923719809382795 434
1694432547033 0.2528662542293307 435
1694432547101 0.6153938712350419 436
1694432547169 0.1476005954517652 437
1694432547239 0.25679818899464274 438
1694432547306 0.4668533372164222 439
1694432547374 0.35179354955728637 440
1694432547442 0.44096612317035466 441
1694432547509 0.21516289917085188 442
1694432547578 0.5076366626588756 443
1694432547645 0.3412349151202493 444
1694432547713 0.6256635861851341 445
1694432547782 0.4074591394337888 446
1694432547850 0.3079226490269973 447
1694432547919 0.01191511343042541 448
1694432547990 0.3513021665534155 449
1694432548058 0.24556107007202363 450
1694432548127 0.22123268296637696 451
1694432548195 0.05897164789345706 452
1694432548264 0.6384173861287454 453
1694432548332 0.028230024756839337 454
1694432548400 0.12137956644498339 455
1694432548469 0.6544032399937908 456
1694432548538 0.32307258081986046 457
1694432548606 0.3688934004012669 458
1694432548674 0.07284207055633524 459
1694432548743 0.11843150418982809 460
1694432548812 0.05980809224317649 461
1694432548880 0.03398195362273078 462
1694432548948 0.0006394007425141329 463
1694432549017 0.19422833884224505 464
1694432549084 0.003605848663605626 465
1694432549153 0.24499255021250718 466
1694432549221 0.40051585863623035 467
1694432549291 0.11462552065615197 468
1694432549359 0.39788594706406977 469
1694432549426 0.3509548957057226 470
1694432549494 0.1968659602083313 471
1694432549562 0.4499831693511461 472
1694432549631 0.038964456053515915 473
1694432549700 0.8131293153570105 474
1694432549768 0.00210986075775491 475
1694432549836 0.041849144975566764 476
1694432549905 0.46945771131455855 477
1694432549974 0.2396482134610599 478
1694432550041 0.20567618250297923 479
1694432550110 0.24544733911352226 480
1694432550177 0.27808052476772 481
1694432550245 0.20722045481536597 482
1694432550314 0.5920292391372266 483
1694432550382 0.07041992626150234 484
1694432550450 0.63812297715944 485
1694432550519 1.002300802403126 486
1694432550588 0.10785926853427703 487
1694432550656 0.4964668297754118 488
1694432550724 0.3061404604842124 489
1694432550793 0.0012837306279388926 490
1694432550860 0.18888424721081853 491
1694432550928 0.22904398352286592 492
1694432550996 0.25780638583649607 493
1694432551064 0.4939947534348902 494
1694432551131 0.0016892196240819218 495
1694432551200 0.38203423148587773 496
1694432551268 0.08974239726281413 497
1694432551337 0.2158021943250896 498
1694432551405 0.298259674693848 499
