1694438716730 0.0649564792098422 0
1694438716805 0.0034597551350510564 1
1694438716879 0.04404043131499425 2
1694438716951 0.11535486098432494 3
1694438717031 0.07572259824701633 4
1694438717107 0.17180402777000264 5
1694438717184 0.001247837451534579 6
1694438717256 0.22780264544710674 7
1694438717326 0.001953313762460504 8
1694438717399 0.13187618098634826 9
1694438717471 0.2725333598909575 10
1694438717545 0.005575944622403182 11
1694438717618 0.09591311639861698 12
1694438717691 0.06867578746525464 13
1694438717767 0.06155457835340424 14
1694438717852 1.4172520046317871 15
1694438717938 0.0010478864149609287 16
1694438718008 0.0013720977415602187 17
1694438718081 0.05763017446408597 18
1694438718151 0.09964153886434922 19
1694438718222 0.05543907233904487 20
1694438718293 2.20377494056888 21
1694438718362 0.19999918073746503 22
1694438718432 0.014694078806428713 23
1694438718501 0.007862052388076921 24
1694438718572 0.03460048234950829 25
1694438718643 0.0016043149608537426 26
1694438718712 0.020759030258639354 27
1694438718782 8.321256095655107e-05 28
1694438718853 0.3949465801384966 29
1694438718922 0.35843735366916196 30
1694438718997 0.00011674705835668759 31
1694438719067 0.25204006351988906 32
1694438719137 0.008038406582536142 33
1694438719207 0.00013357980264405586 34
1694438719277 0.4251659739230737 35
1694438719347 0.45536268524853263 36
1694438719417 0.018960518795429832 37
1694438719488 0.640449141617215 38
1694438719557 0.23745473799057804 39
1694438719628 0.04923188984070572 40
1694438719699 0.015361185784136793 41
1694438719770 0.0005213338829932736 42
1694438719840 0.012221196590603611 43
1694438719910 0.12783823478943582 44
1694438719979 0.022733578558436968 45
1694438720049 0.013733501219431508 46
1694438720119 0.0012487825810690175 47
1694438720188 0.022885342315337138 48
1694438720268 0.13073658607367125 49
1694438720337 0.04453298768861786 50
1694438720407 0.1374618624276286 51
1694438720477 0.34186004123162184 52
1694438720547 0.0007436140768161526 53
1694438720617 0.009885712695087586 54
1694438720686 0.0030855603845662397 55
1694438720756 0.00229517858673922 56
1694438720826 0.0060693949433860625 57
1694438720897 0.0020376163000928177 58
1694438720966 0.24670314311656716 59
1694438721037 0.023181796810065356 60
1694438721107 0.006958087531573529 61
1694438721176 0.12300084484198338 62
1694438721248 0.08860039702130346 63
1694438721318 1.1579834500572466 64
1694438721387 0.013851097593798448 65
1694438721457 0.17435562957312936 66
1694438721527 0.11969360819348236 67
1694438721596 0.46421826235593067 68
1694438721667 0.04691111774724958 69
1694438721736 0.19549246820396463 70
1694438721806 0.03254388406154137 71
1694438721875 0.16900327602151172 72
1694438721946 0.0077796620150049605 73
1694438722018 0.5898514145359379 74
1694438722087 0.2036255853576722 75
1694438722157 0.003625350455991848 76
1694438722226 0.23948801377775683 77
1694438722298 0.27509536528862794 78
1694438722367 3.436074877300672e-05 79
1694438722437 0.036131563607663175 80
1694438722509 0.004970401743946214 81
1694438722578 0.0501423535304359 82
1694438722650 0.0017983447111111837 83
1694438722719 0.004871568552058761 84
1694438722789 0.9683861807311342 85
1694438722860 0.0007180696281785488 86
1694438722931 0.0014457409513906653 87
1694438723000 0.030599471434726803 88
1694438723070 1.0565560934036005 89
1694438723139 0.012994634259298983 90
1694438723209 0.007560347722340203 91
1694438723279 0.13165515843309794 92
1694438723348 0.019994729494209527 93
1694438723418 0.002585916132346356 94
1694438723486 0.04060806448163688 95
1694438723556 0.018805872244126807 96
1694438723626 0.014067762816001982 97
1694438723699 0.01610947271509589 98
1694438723768 0.21929337489984596 99
1694438723838 0.08885016931092966 100
1694438723908 0.002727714871737802 101
1694438723978 0.0662752130152672 102
1694438724048 0.45393629127323604 103
1694438724118 0.05517970309533111 104
1694438724187 0.26516036613504207 105
1694438724257 0.028604377763414363 106
1694438724326 0.025827758738279423 107
1694438724396 0.010071390289623727 108
1694438724464 0.04426748928829609 109
1694438724534 0.09617675454158484 110
1694438724603 0.10018652798930072 111
1694438724673 0.20196753142736978 112
1694438724742 0.07375893751740427 113
1694438724811 0.6087322686629936 114
1694438724883 0.027585687302200516 115
1694438724954 0.1786706665094437 116
1694438725028 0.007645912702396063 117
1694438725100 0.011859757434935331 118
1694438725170 0.17513243164872774 119
1694438725240 0.10521431047321415 120
1694438725310 0.033762401282453273 121
1694438725379 0.008243106334475963 122
1694438725449 0.019859305986182643 123
1694438725518 0.14081729315285552 124
1694438725587 0.5760224496217426 125
1694438725657 0.0005117053519466848 126
1694438725726 0.014081929867983978 127
1694438725796 0.0011343731612527734 128
1694438725867 0.01776254815158578 129
1694438725935 0.1296328094722403 130
1694438726006 0.0072641423391687525 131
1694438726076 0.17920326128389855 132
1694438726147 0.07855861802639622 133
1694438726217 0.08143286193957142 134
1694438726286 0.004005656721481347 135
1694438726355 0.0009161849760686176 136
1694438726424 0.01659033890710688 137
1694438726493 0.05468779136837067 138
1694438726565 0.29701574742951214 139
1694438726635 0.04511805219417453 140
1694438726707 0.08415827171003928 141
1694438726778 0.01496045999609705 142
1694438726848 0.004043769685622354 143
1694438726918 0.003700553779203476 144
1694438726987 0.0061502904184345475 145
1694438727056 0.10049338168316087 146
1694438727125 2.3815314259456685e-05 147
1694438727195 1.2445583575470398 148
1694438727264 0.02012108587109434 149
1694438727334 0.02150259213658561 150
1694438727404 0.03696536553584898 151
1694438727473 0.05880637964696773 152
1694438727542 0.0003612108375507322 153
1694438727613 0.0849389118609905 154
1694438727683 0.18850820996148732 155
1694438727753 0.5279867416464499 156
1694438727821 0.09785503105658783 157
1694438727891 0.18035716038875027 158
1694438727961 0.00016720104933975856 159
1694438728035 0.02454562930564614 160
1694438728104 0.21439875991943155 161
1694438728173 0.001544792746673142 162
1694438728242 0.1323054053301431 163
1694438728310 0.0013392952004771985 164
1694438728379 0.016296896187217583 165
1694438728449 0.021971819874083677 166
1694438728518 0.15821570057764117 167
1694438728587 0.0022689598810529395 168
1694438728657 0.03267612873759134 169
1694438728726 0.09995490688330454 170
1694438728796 2.7691973730362167 171
1694438728866 0.04627041054460817 172
1694438728936 0.09274155410228818 173
1694438729005 1.3512666419536186 174
1694438729073 0.05080467594622136 175
1694438729143 0.04241680356782956 176
1694438729213 0.18397721367737602 177
1694438729282 1.063569190614209 178
1694438729351 0.015556441126042774 179
1694438729420 0.0064272111922933795 180
1694438729488 0.017014246127698855 181
1694438729559 0.015580086184263533 182
1694438729628 0.04082716536085906 183
1694438729697 0.0023557157414209515 184
1694438729766 0.04916265280962492 185
1694438729836 0.0008544618520012862 186
1694438729905 0.029479287343314748 187
1694438729975 0.016552557514300528 188
1694438730044 0.14425040418007873 189
1694438730114 0.015229834505487849 190
1694438730184 0.0972413432234405 191
1694438730252 0.007666537786224994 192
1694438730322 0.04002856012075359 193
1694438730391 0.04803607393836905 194
1694438730461 0.012019487344233986 195
1694438730531 0.07594232933792643 196
1694438730602 0.051360595304124124 197
1694438730671 0.03389147664150769 198
1694438730740 0.06687169852594527 199
1694438730809 0.026604141173328082 200
1694438730879 0.0007874774916390478 201
1694438730948 0.0005160986245438479 202
1694438731017 0.002493284674704341 203
1694438731086 0.008245894234163834 204
1694438731156 0.030909161294103017 205
1694438731225 0.06932112894302918 206
1694438731294 0.011401588422351066 207
1694438731362 0.013036388555229617 208
1694438731431 6.43322131065484e-05 209
1694438731501 0.0007204792795458446 210
1694438731569 0.07331902203947305 211
1694438731642 0.006068010176413877 212
1694438731713 0.02646580338149107 213
1694438731783 0.006231248159474179 214
1694438731853 0.0010729318508961249 215
1694438731924 0.006403644441712119 216
1694438731994 0.00030191685471390523 217
1694438732063 0.06715480429401337 218
1694438732131 0.00033373342214767924 219
1694438732201 0.26402904790228066 220
1694438732271 0.3119558014669223 221
1694438732341 0.0011189988629385114 222
1694438732410 0.058600502752227494 223
1694438732480 0.0634845287973907 224
1694438732550 0.05666790880623738 225
1694438732619 0.0037404571587308145 226
1694438732689 0.09836251937146148 227
1694438732758 0.10177035615720109 228
1694438732827 0.09745688214458144 229
1694438732897 0.21137845305441977 230
1694438732965 0.024495088770506105 231
1694438733035 0.0012945518194528974 232
1694438733105 0.04215065657387403 233
1694438733174 0.18665482207188086 234
1694438733242 0.005521556641227421 235
1694438733311 0.0003505772362837751 236
1694438733381 0.02349493753665878 237
1694438733451 0.08681729341726231 238
1694438733520 1.5713940326476542e-05 239
1694438733589 0.03771796186464804 240
1694438733659 0.014060132877001653 241
1694438733729 0.17742139337005153 242
1694438733799 3.666241135502614e-06 243
1694438733868 0.024626519636436 244
1694438733940 0.23206774647766396 245
1694438734010 0.15129246443352243 246
1694438734078 0.14770836859732825 247
1694438734148 0.021835982232961633 248
1694438734217 0.054912574353180095 249
1694438734287 0.03437190267575153 250
1694438734356 0.11427114406746408 251
1694438734425 0.0004397671987444159 252
1694438734494 0.0018288010557192301 253
1694438734564 0.007337643762057627 254
1694438734633 0.19943918156944337 255
1694438734702 0.01954188044881089 256
1694438734773 0.03336484541060295 257
1694438734841 0.08266006907711985 258
1694438734911 0.012444341759925294 259
1694438734981 0.48908047781880093 260
1694438735050 0.1704518804942875 261
1694438735119 0.012810319967364175 262
1694438735190 0.0009324003139537502 263
1694438735258 0.036819799047434924 264
1694438735327 0.07361045272703186 265
1694438735396 0.8022463299738606 266
1694438735464 0.20200949082745281 267
1694438735534 0.036180829581529635 268
1694438735602 0.07917349522624875 269
1694438735672 0.2492418388207732 270
1694438735741 0.14186780552009665 271
1694438735810 0.03624289447551053 272
1694438735879 0.008161937490805498 273
1694438735949 0.004608418207292801 274
1694438736019 0.011589849194770432 275
1694438736088 0.0012649729510696072 276
1694438736157 0.16058555265139732 277
1694438736228 0.4385515984550185 278
1694438736297 6.294452811873074e-05 279
1694438736365 0.1683479721798589 280
1694438736436 0.0016596015931458544 281
1694438736505 0.003882029467804391 282
1694438736575 0.20844077997412214 283
1694438736644 0.13880171342475112 284
1694438736714 0.019796633341255147 285
1694438736784 0.05341942151111214 286
1694438736853 0.003929206066144655 287
1694438736921 0.7201617434028335 288
1694438736991 0.026137572830513718 289
1694438737060 4.087919757403057 290
1694438737130 0.004652057582669788 291
1694438737198 0.0028450108365565443 292
1694438737267 0.5739985650003493 293
1694438737336 0.012055259375710366 294
1694438737405 0.11756843453463728 295
1694438737475 0.04633761435280888 296
1694438737549 0.17933393378572782 297
1694438737619 0.11500312519260365 298
1694438737688 0.0017742840352049677 299
1694438737757 0.03613247817173048 300
1694438737825 0.10531468797862771 301
1694438737895 0.07505446529898153 302
1694438737964 0.03604076556137036 303
1694438738033 0.0014624447485950963 304
1694438738101 0.00018303105194246064 305
1694438738170 0.00015364416024359206 306
1694438738240 0.11251760495383649 307
1694438738309 0.02571708598531916 308
1694438738379 0.005862328894344745 309
1694438738447 0.1841394646995646 310
1694438738517 0.13337058164653057 311
1694438738586 0.002428363558162193 312
1694438738656 0.20566590247855762 313
1694438738724 0.1259413682217821 314
1694438738793 0.04273860104204849 315
1694438738862 1.4626893404883238e-05 316
1694438738931 0.07500723025872931 317
1694438739000 0.001268347172523391 318
1694438739069 0.017136944033074124 319
1694438739137 5.2923325657564786e-05 320
1694438739207 0.020308542308357894 321
1694438739277 0.0260403949461525 322
1694438739345 0.0310805576760997 323
1694438739414 0.17020119407231568 324
1694438739483 0.001584524739358915 325
1694438739552 0.12733754209453232 326
1694438739621 0.020492895715515224 327
1694438739691 0.0032921950519550856 328
1694438739760 0.007941873604895103 329
1694438739829 0.0005985576639443576 330
1694438739897 0.0834666724863788 331
1694438739967 0.059866500976274016 332
1694438740035 0.0028179869697206677 333
1694438740104 0.044152064274067086 334
1694438740172 0.004170561014916219 335
1694438740242 0.2892952205714521 336
1694438740311 0.0012665853830799156 337
1694438740380 0.16030148230753993 338
1694438740449 0.027751316314278934 339
1694438740518 0.008110960292848393 340
1694438740588 0.10969873479911356 341
1694438740657 0.006259815881294172 342
1694438740727 0.04694783343450322 343
1694438740796 0.03300419484488089 344
1694438740866 0.0009719208455330681 345
1694438740935 0.008010338519127603 346
1694438741003 0.5336816714145212 347
1694438741072 0.09890402998713126 348
1694438741143 0.05550022706810185 349
1694438741212 0.10346441138031187 350
1694438741282 0.004643120916020894 351
1694438741351 0.04906104483830896 352
1694438741421 0.006782341452181152 353
1694438741489 0.5283601184147383 354
1694438741558 0.10060085301740032 355
1694438741627 0.002268597607942914 356
1694438741696 0.04880115359120157 357
1694438741767 0.015963307157466754 358
1694438741837 0.15510248331386797 359
1694438741905 0.04126619573041971 360
1694438741973 0.05883115622314437 361
1694438742042 0.02690510767799683 362
1694438742112 0.005601827855286935 363
1694438742181 0.7887402748187544 364
1694438742250 0.032335721816835944 365
1694438742320 0.22153328879049006 366
1694438742388 0.031882767924941914 367
1694438742458 2.333982416780363 368
1694438742527 0.19466654696890853 369
1694438742597 0.007900760194952892 370
1694438742666 0.007512973737026529 371
1694438742735 0.06894385043400841 372
1694438742804 0.07286789308313411 373
1694438742873 0.019159343538517712 374
1694438742942 0.07527291394331563 375
1694438743011 0.09737302731418548 376
1694438743080 0.003001355984211113 377
1694438743149 3.1176828447393376e-06 378
1694438743217 0.03778811395742404 379
1694438743287 0.3102044642880151 380
1694438743357 0.025932336292720445 381
1694438743427 0.05320526409201646 382
1694438743496 0.02570739709535083 383
1694438743565 0.024216277317244926 384
1694438743634 0.0028090028235968137 385
1694438743705 0.03253095774020073 386
1694438743774 0.001588245833257439 387
1694438743843 0.002125096162028243 388
1694438743912 1.4782980893290109e-05 389
1694438743982 0.0004515193716019217 390
1694438744050 0.8127782863646424 391
1694438744119 0.004743095425673371 392
1694438744189 0.5423538890635756 393
1694438744258 0.007665603606962185 394
1694438744326 0.01600597308210009 395
1694438744395 0.16662942386215307 396
1694438744464 0.009402135688242814 397
1694438744534 0.04612007120243948 398
1694438744602 0.10796255607244999 399
1694438744681 0.14899116156419087 400
1694438744749 0.1269441355020033 401
1694438744819 0.010956894543357172 402
1694438744888 0.001096231854538643 403
1694438744957 0.4114140930488229 404
1694438745027 0.03933581488040511 405
1694438745097 0.10492068517856959 406
1694438745167 0.006920834766379053 407
1694438745236 0.04015106713555985 408
1694438745306 0.0286650164167266 409
1694438745374 0.10821215564771947 410
1694438745444 0.1202708556001967 411
1694438745514 0.2645734904609704 412
1694438745584 0.4202077848987932 413
1694438745654 0.07042738705550151 414
1694438745722 0.0010903565458662823 415
1694438745791 0.04118332800009406 416
1694438745860 0.00041152346406555666 417
1694438745930 0.05544057915017538 418
1694438746000 0.0022672668244280744 419
1694438746069 1.9618909799030957e-05 420
1694438746139 0.0013152119494732383 421
1694438746208 0.06191934930220476 422
1694438746278 0.016359446673708783 423
1694438746347 0.06821018943850699 424
1694438746415 0.483047233686432 425
1694438746485 3.6288234023496856e-06 426
1694438746555 1.0635400518966736 427
1694438746624 0.3271857713324023 428
1694438746694 0.1853039036351278 429
1694438746764 0.0008560849171869979 430
1694438746835 0.13655276699582516 431
1694438746904 0.010545061731692548 432
1694438746974 0.01089976689061148 433
1694438747042 0.056555457215069646 434
1694438747111 0.006582221563456316 435
1694438747181 0.017387815905393324 436
1694438747250 0.4111225512960042 437
1694438747320 0.07732498633861072 438
1694438747389 0.0004208526894214943 439
1694438747457 0.05549563518368947 440
1694438747526 0.00019824056030485533 441
1694438747597 0.11659440579209798 442
1694438747665 0.23575700388851292 443
1694438747734 0.2574338380539527 444
1694438747804 0.08344140058078349 445
1694438747873 0.0013072498951241945 446
1694438747941 0.1962601861638124 447
1694438748012 0.04203142147800839 448
1694438748081 1.615414915329794e-05 449
1694438748150 0.20552274511564952 450
1694438748219 0.06389154122216718 451
1694438748288 0.01007395824457281 452
1694438748358 0.0025342597169981727 453
1694438748428 0.06880455928146668 454
1694438748498 0.07316642232920187 455
1694438748567 0.116048814467326 456
1694438748637 0.10644446216253023 457
1694438748715 0.2495246752092138 458
1694438748785 0.017507006623825618 459
1694438748854 0.10768656665572951 460
1694438748923 0.1621141053297716 461
1694438748992 0.002726516279450869 462
1694438749062 0.034428935479543565 463
1694438749131 0.0013472581235893096 464
1694438749201 0.3903910975171974 465
1694438749271 0.013573994941779594 466
1694438749340 7.076292844779508e-05 467
1694438749409 0.20395162725415358 468
1694438749479 0.06884114924828949 469
1694438749548 0.16716737662797623 470
1694438749617 0.1769968000250409 471
1694438749688 1.0092682364423308e-05 472
1694438749757 0.03674586222787788 473
1694438749825 0.03178129247061869 474
1694438749895 0.0003417953139300139 475
1694438749966 0.0011287493874823481 476
1694438750035 0.06476701672773223 477
1694438750104 0.07450456166393163 478
1694438750178 0.05335936057681579 479
1694438750248 9.71405600793345e-05 480
1694438750317 0.14753917768425964 481
1694438750386 0.028684543033542967 482
1694438750456 0.008421515094445565 483
1694438750526 0.0019206737994249842 484
1694438750595 0.013035257273548463 485
1694438750664 0.050543846273160484 486
1694438750734 0.04999954823473301 487
1694438750803 0.21570827124561495 488
1694438750872 0.027232742069969916 489
1694438750942 0.06318161082024007 490
1694438751011 0.06732473846304796 491
1694438751082 0.10677714773427675 492
1694438751151 0.06875571283535811 493
1694438751220 0.22504854308489491 494
1694438751289 0.00017734443496546668 495
1694438751359 0.03261084982683782 496
1694438751427 0.16415847889571028 497
1694438751497 0.3421036588172635 498
1694438751566 0.01606586190795594 499
