1694432339632 0.7877876588209494 0
1694432339700 0.20582942598744067 1
1694432339770 1.5695633673150713 2
1694432339838 0.31608074873348396 3
1694432339907 0.2910815870067517 4
1694432339975 1.0386586122273769 5
1694432340043 0.02006251594366195 6
1694432340115 0.4349702814024875 7
1694432340183 0.16340443873056834 8
1694432340252 0.04923987500210824 9
1694432340324 0.08423575362286045 10
1694432340393 0.295573897629432 11
1694432340463 0.18422108981856547 12
1694432340531 0.27226530920852254 13
1694432340599 0.1585200351740303 14
1694432340668 0.2844790239917943 15
1694432340736 0.6396403326910118 16
1694432340805 0.2165850537244063 17
1694432340873 0.49386524546483523 18
1694432340941 0.15953037523557786 19
1694432341017 0.6533237670154526 20
1694432341086 0.42756688054078346 21
1694432341155 0.4882847036833888 22
1694432341223 0.709633608113437 23
1694432341290 0.10909530177394182 24
1694432341358 1.0927262833850206 25
1694432341425 1.4102474649249281 26
1694432341494 0.15994409470384038 27
1694432341560 0.09734842426942047 28
1694432341629 0.4894323254462361 29
1694432341697 0.1344939984720097 30
1694432341765 0.15240255290279545 31
1694432341833 0.02626323741869411 32
1694432341901 0.5839744650859745 33
1694432341970 0.4158090387824643 34
1694432342039 0.2773698272618898 35
1694432342107 0.07530143941277742 36
1694432342176 0.39250499135963485 37
1694432342243 0.08005863813730921 38
1694432342311 0.5060245794122945 39
1694432342380 0.028684422461354206 40
1694432342448 0.3926143960815588 41
1694432342516 0.41918511870486674 42
1694432342584 0.26995480961419277 43
1694432342654 1.1996122074174969 44
1694432342721 0.25978450162284006 45
1694432342791 0.5059708497655285 46
1694432342858 0.8496969686357191 47
1694432342926 0.12964860071946552 48
1694432342994 0.5987422554969456 49
1694432343062 0.34896448104002314 50
1694432343129 0.1699039488662997 51
1694432343197 0.3299250666596654 52
1694432343264 0.2496542367413128 53
1694432343332 0.023614562392873125 54
1694432343400 0.3376537625399596 55
1694432343468 0.09726446548268533 56
1694432343536 0.003917076165281529 57
1694432343604 0.372796675260334 58
1694432343672 0.03729133682171352 59
1694432343740 0.8196034459963022 60
1694432343809 0.1013943159871769 61
1694432343876 0.014298420859171195 62
1694432343945 0.1262390845158414 63
1694432344013 0.5661349362027803 64
1694432344081 0.23462775244157102 65
1694432344149 0.45056070261570347 66
1694432344215 0.08921047117700773 67
1694432344284 0.46986722721387225 68
1694432344352 0.3648237664676806 69
1694432344420 0.03469523324873612 70
1694432344488 0.5570807681039189 71
1694432344556 0.19874067024017752 72
1694432344623 0.2838155795877554 73
1694432344691 0.3187536977854603 74
1694432344759 0.8862124262829746 75
1694432344827 0.27482851591501367 76
1694432344896 0.006212290240641541 77
1694432344963 0.057659101989587604 78
1694432345032 0.20618131021247488 79
1694432345102 1.0278393993266315 80
1694432345169 0.16157188286336166 81
1694432345237 0.27612345278000255 82
1694432345306 0.8286991284382996 83
1694432345374 0.10154584258455936 84
1694432345442 0.1298415258308045 85
1694432345511 0.09572543149709382 86
1694432345579 0.28029733181995387 87
1694432345647 0.7801039993814325 88
1694432345715 0.4163684359453361 89
1694432345783 0.17815582655894313 90
1694432345851 0.5847022997172593 91
1694432345919 0.49285727107899535 92
1694432345988 0.25281642210146693 93
1694432346056 0.06565553639446915 94
1694432346124 0.03288862822829039 95
1694432346192 0.6543733899895517 96
1694432346260 0.6046018740487764 97
1694432346329 0.3113084516070906 98
1694432346397 0.18441401557550907 99
1694432346464 0.29135917567554925 100
1694432346533 0.452195771434773 101
1694432346600 0.44992872865845124 102
1694432346668 5.97185148760112e-05 103
1694432346736 0.025126695437521048 104
1694432346804 0.18871961329869452 105
1694432346876 0.7331676540085156 106
1694432346944 0.99908402296919 107
1694432347013 0.7210751509069117 108
1694432347081 0.14489402883637367 109
1694432347149 0.28161647924882827 110
1694432347216 1.3347712893602218e-06 111
1694432347284 0.8623901670206445 112
1694432347352 0.0022428718091973914 113
1694432347421 0.44561580334814554 114
1694432347489 0.3382674807007904 115
1694432347557 0.3163866114513529 116
1694432347626 0.3491949527468553 117
1694432347694 0.21682393009706716 118
1694432347762 0.17040525581305355 119
1694432347830 0.1665494559121294 120
1694432347897 0.518146667871537 121
1694432347967 0.3580149227453418 122
1694432348035 0.31808064040854017 123
1694432348103 0.05971331893004822 124
1694432348172 0.27561270675948285 125
1694432348240 0.24157494190160564 126
1694432348308 0.5930571938267234 127
1694432348375 0.26485516597867037 128
1694432348444 0.29413660671606995 129
1694432348511 0.003751818539053317 130
1694432348580 0.06310649449824059 131
1694432348649 0.28535888766639705 132
1694432348717 0.14587718975286346 133
1694432348785 0.5036765690486742 134
1694432348854 0.1361633266238486 135
1694432348921 0.5355329913082335 136
1694432348990 0.2848868221531565 137
1694432349057 0.08675958818045167 138
1694432349126 0.12440828611261957 139
1694432349193 0.2955552207392307 140
1694432349261 0.34039150283769476 141
1694432349329 0.02011916687003715 142
1694432349397 0.16818077170593418 143
1694432349466 0.07651219564292933 144
1694432349535 0.182271913102006 145
1694432349602 0.24495449910503145 146
1694432349671 0.0665406334286543 147
1694432349741 0.07185906417179283 148
1694432349809 0.12114469279975666 149
1694432349877 0.20533448531365045 150
1694432349945 0.49683900552687016 151
1694432350014 0.2311415801654669 152
1694432350081 0.02791545098278462 153
1694432350150 0.2652111326071417 154
1694432350219 0.19323548212194983 155
1694432350286 0.1579321847554436 156
1694432350354 0.3250364843989002 157
1694432350422 0.08171060654292796 158
1694432350489 0.023900054345591035 159
1694432350558 0.3140585473027258 160
1694432350625 0.2743299966884119 161
1694432350693 0.5989947933568095 162
1694432350761 0.019865963569107324 163
1694432350829 0.1868268596435036 164
1694432350897 0.3774702504265123 165
1694432350965 0.4941534752949187 166
1694432351032 0.4034050860130009 167
1694432351100 0.46667544949945505 168
1694432351169 0.13779052652193666 169
1694432351237 0.026318990475000664 170
1694432351304 0.2983468706460043 171
1694432351371 0.12631424590463805 172
1694432351441 0.8312020226572036 173
1694432351508 0.005639818544744597 174
1694432351576 0.34466403949257596 175
1694432351645 0.5020627645450483 176
1694432351714 0.13944035319224446 177
1694432351780 0.19462818829792042 178
1694432351848 0.002115820107577505 179
1694432351916 0.513066186224785 180
1694432351983 0.2819896306026569 181
1694432352053 0.10980953947120964 182
1694432352120 0.5160806179379093 183
1694432352188 0.4586504443096401 184
1694432352255 0.4203865340668975 185
1694432352324 0.04916253693792208 186
1694432352391 0.34614056082793077 187
1694432352460 0.008532013347573057 188
1694432352528 0.03120145122856538 189
1694432352596 0.3349198019461874 190
1694432352665 0.21391660158020895 191
1694432352733 0.22378302664983682 192
1694432352801 0.4506235591529167 193
1694432352871 0.19428476958452928 194
1694432352939 0.21292879466140605 195
1694432353006 0.12854387089149708 196
1694432353075 0.03112640092308985 197
1694432353144 0.050217913504270816 198
1694432353211 0.5455915508694141 199
1694432353279 0.41039961743411374 200
1694432353347 0.2437659915616502 201
1694432353414 0.08193490494550953 202
1694432353483 0.003542705350995566 203
1694432353551 0.3041428589215452 204
1694432353618 0.09318814608281883 205
1694432353687 0.4819143622681484 206
1694432353755 0.5522393216137057 207
1694432353823 0.38917466630167746 208
1694432353891 1.2179931179071266e-05 209
1694432353959 0.03362468505311012 210
1694432354027 0.5233532508626496 211
1694432354095 0.05707702431256746 212
1694432354164 0.0005386797473540484 213
1694432354232 0.5247794063649096 214
1694432354299 0.1179002112935957 215
1694432354367 0.2718653845477975 216
1694432354436 0.34514708916511627 217
1694432354503 0.012325134108398196 218
1694432354571 0.3825777460947348 219
1694432354640 0.8976228260601976 220
1694432354708 0.3562335461110064 221
1694432354777 0.09725829266898031 222
1694432354845 0.2918699902002593 223
1694432354914 0.003029663251868739 224
1694432354984 0.2857154808270816 225
1694432355053 0.521686151629207 226
1694432355122 0.3386070690801328 227
1694432355191 0.06649596000179474 228
1694432355259 0.2479584947102885 229
1694432355326 0.04290754248794173 230
1694432355395 0.026538109917786427 231
1694432355463 0.593874101028866 232
1694432355532 0.37995603671965283 233
1694432355600 0.2702635894665454 234
1694432355669 0.0927153144859926 235
1694432355738 0.036328996200538796 236
1694432355806 0.2780922292906331 237
1694432355873 0.048780191596185914 238
1694432355942 0.10426931371514715 239
1694432356010 0.007837866977502862 240
1694432356078 0.003010090305747388 241
1694432356146 0.5467776162759255 242
1694432356215 0.14815477826995366 243
1694432356284 0.7117575998706714 244
1694432356352 0.5650504112143067 245
1694432356421 0.42256221138001787 246
1694432356489 0.40051738612020843 247
1694432356557 1.2134248628914985 248
1694432356626 0.20053638007877547 249
1694432356694 0.14827855537054413 250
1694432356762 0.20485851256384693 251
1694432356830 0.18403685002436806 252
1694432356898 0.3264867960982526 253
1694432356965 0.2568192384793074 254
1694432357034 0.7505263577600985 255
1694432357103 0.0975019345457068 256
1694432357172 0.1924063252941233 257
1694432357240 0.02060484933740646 258
1694432357308 0.6665712006685247 259
1694432357377 0.1616334585172056 260
1694432357444 0.17081856216298366 261
1694432357513 0.0900165538894247 262
1694432357582 0.02644738297750189 263
1694432357650 0.6124058690197485 264
1694432357719 0.2317582531930372 265
1694432357787 0.49966197040628596 266
1694432357856 0.0266383293347822 267
1694432357923 0.0009377217909492501 268
1694432357992 0.28153710979844004 269
1694432358062 0.034993703130961513 270
1694432358132 0.08211507314447475 271
1694432358206 0.00024254308260276232 272
1694432358276 0.19202945901594298 273
1694432358347 0.1746592780022907 274
1694432358415 0.15966417211934147 275
1694432358483 0.09601544616454351 276
1694432358552 0.11087300851633738 277
1694432358622 0.18081703472676575 278
1694432358690 0.21070178406737092 279
1694432358758 1.03658180484927 280
1694432358827 0.3264015095926814 281
1694432358895 0.14298951033282423 282
1694432358964 0.04679984371233731 283
1694432359033 0.0067527767386247 284
1694432359102 0.23069443252255656 285
1694432359170 0.5112492960618379 286
1694432359239 0.6004823201855543 287
1694432359308 0.3786387562497256 288
1694432359378 0.1246807407396624 289
1694432359446 0.13859516334313776 290
1694432359514 0.27541123736765133 291
1694432359583 0.09181264159950282 292
1694432359651 0.4142934869092197 293
1694432359720 0.3851282186660872 294
1694432359789 0.5937873036014686 295
1694432359856 0.60069817313839 296
1694432359925 0.30798107669250807 297
1694432359992 0.7908257046797711 298
1694432360061 0.004347862468177717 299
1694432360130 0.22784846443024087 300
1694432360198 0.2583915656241803 301
1694432360264 0.3982607431695057 302
1694432360334 1.5357115665446994 303
1694432360401 0.20655284122993844 304
1694432360469 0.036412153873565944 305
1694432360538 0.5727375320237795 306
1694432360606 0.7574017453243884 307
1694432360675 0.15134229427220097 308
1694432360743 0.16919977167305303 309
1694432360812 0.33011091892796346 310
1694432360881 0.5519899951518311 311
1694432360950 0.32774157952126826 312
1694432361017 0.8735214113986879 313
1694432361086 0.07970849631772149 314
1694432361154 1.17499272534307 315
1694432361221 0.0999517927672446 316
1694432361290 0.23199923984709228 317
1694432361357 0.4231506424664059 318
1694432361425 4.52268468190321e-05 319
1694432361493 0.13808562808672997 320
1694432361561 0.053592434123127614 321
1694432361628 0.0562405646458703 322
1694432361697 0.4286436755061877 323
1694432361765 0.224318729994979 324
1694432361833 0.23339977687454946 325
1694432361901 0.8297517618525625 326
1694432361970 0.43800220633373876 327
1694432362038 0.26492592064378656 328
1694432362107 0.2048261266066505 329
1694432362175 0.07804910527351296 330
1694432362243 0.3227480955500867 331
1694432362311 0.6152670448356073 332
1694432362379 1.6120359486426592 333
1694432362446 0.16919315455488027 334
1694432362513 0.11365302893121816 335
1694432362582 0.09058525117892675 336
1694432362650 0.2273293291046909 337
1694432362718 0.49676262205609145 338
1694432362786 0.47637459706591434 339
1694432362855 0.38557267763146497 340
1694432362924 0.29456057486052106 341
1694432362992 0.522269459804585 342
1694432363067 0.044070297874909604 343
1694432363140 0.08107875660976734 344
1694432363212 0.628863494318463 345
1694432363278 0.14277317780003582 346
1694432363347 0.13610285766841704 347
1694432363415 0.008517926116696757 348
1694432363484 0.4172731772843991 349
1694432363553 0.20027027621593094 350
1694432363621 0.01761845927954278 351
1694432363689 0.2093540527764785 352
1694432363758 0.5811891115297404 353
1694432363833 0.6862829334343098 354
1694432363903 0.2413733217332775 355
1694432363972 0.9811381754921727 356
1694432364041 0.0038675875822999886 357
1694432364109 0.30180539166374065 358
1694432364177 0.2518872218606746 359
1694432364244 0.6281256438766459 360
1694432364312 0.12961063739976642 361
1694432364380 0.1541142308334636 362
1694432364448 0.08848629379957176 363
1694432364516 0.2496022238418924 364
1694432364585 0.18980381782975103 365
1694432364652 0.13009090788742309 366
1694432364719 0.09105077594437214 367
1694432364787 0.21709249570392367 368
1694432364856 0.16946690646843238 369
1694432364924 0.25873444672492274 370
1694432364993 0.3434427899606345 371
1694432365061 0.005572655043707577 372
1694432365129 0.22247872010997913 373
1694432365196 0.09007331123384649 374
1694432365264 0.09329666874381372 375
1694432365333 0.1391046491712704 376
1694432365401 0.052028041813187396 377
1694432365469 0.02929811418997208 378
1694432365537 0.46682672886781607 379
1694432365605 0.02534511815137998 380
1694432365674 0.06841958251283785 381
1694432365743 0.10266570442898831 382
1694432365811 0.01449913263058697 383
1694432365880 0.0031579182080655826 384
1694432365949 0.49950408334733976 385
1694432366015 0.0022626442347735976 386
1694432366084 0.07999203125989739 387
1694432366153 0.3017591317305175 388
1694432366220 0.32380943675567886 389
1694432366288 2.168362269733487 390
1694432366356 0.30002179991098415 391
1694432366423 0.0003163869587827796 392
1694432366492 0.005647561897571779 393
1694432366559 0.4390751239949752 394
1694432366628 0.2182320429225022 395
1694432366696 0.3249586705722582 396
1694432366763 0.10614128439100583 397
1694432366832 0.04877197611274757 398
1694432366900 0.3590897487428512 399
1694432366968 0.3786565490098561 400
1694432367037 0.10503570853188139 401
1694432367106 0.0016528944365309726 402
1694432367174 0.3596842936303168 403
1694432367241 0.22519454661817306 404
1694432367310 0.6124202401136974 405
1694432367378 0.03087388504322963 406
1694432367446 0.4370857268493106 407
1694432367514 0.33088627103160645 408
1694432367583 0.0951158804095847 409
1694432367652 0.386520903162896 410
1694432367719 0.17897940544820048 411
1694432367789 0.1471865068279608 412
1694432367856 0.005775278583192469 413
1694432367925 0.28432004571171987 414
1694432367993 0.530166691586802 415
1694432368061 0.2677280152804861 416
1694432368129 0.01823437148055347 417
1694432368197 0.2140929578886826 418
1694432368265 0.311423880766551 419
1694432368333 0.7059857553500791 420
1694432368402 0.04691525264501472 421
1694432368470 0.12865093217303197 422
1694432368538 0.04203324682323234 423
1694432368607 0.289145403654695 424
1694432368675 0.05734495413945845 425
1694432368743 0.41053645188931825 426
1694432368813 0.20562558146737725 427
1694432368880 0.032521048689712985 428
1694432368947 0.6273216374198494 429
1694432369016 0.04152387326213785 430
1694432369084 0.292856206463881 431
1694432369153 0.006063501769254584 432
1694432369221 1.0965333262113874 433
1694432369291 0.05158150017567388 434
1694432369359 0.4017813670328948 435
1694432369426 0.5368769001581352 436
1694432369493 5.6215600597156836e-05 437
1694432369561 0.8128228816186432 438
1694432369629 0.36988463324624166 439
1694432369696 0.5255587345473499 440
1694432369763 0.015971064214948025 441
1694432369831 0.06468064138040078 442
1694432369899 0.4528155214146014 443
1694432369968 0.15082783234014385 444
1694432370036 0.002739793211768732 445
1694432370104 0.012300862707245582 446
1694432370172 0.553256251805988 447
1694432370240 0.1725679932908498 448
1694432370309 0.9059964271940822 449
1694432370376 0.2367755903505596 450
1694432370444 0.00719159600112531 451
1694432370512 0.24015528977240472 452
1694432370580 0.4124097231801185 453
1694432370649 0.6733356538153293 454
1694432370717 0.7545245806767121 455
1694432370786 0.23096750355235382 456
1694432370854 0.22880685602146866 457
1694432370922 0.45783009744255804 458
1694432370990 1.3651062907937597 459
1694432371060 0.7479137911880309 460
1694432371129 0.45349901671626625 461
1694432371197 0.07871815257603482 462
1694432371266 1.142730746654055 463
1694432371335 0.08298356997002691 464
1694432371402 0.6429498685043065 465
1694432371471 0.14601553489581595 466
1694432371540 0.1416599446750419 467
1694432371608 0.000922881110329747 468
1694432371676 0.16087287556269272 469
1694432371746 0.08257557055114764 470
1694432371814 0.07035827908638992 471
1694432371882 0.10422138921079832 472
1694432371950 1.1168491721569813 473
1694432372018 0.13089036528058712 474
1694432372086 0.47265812863068146 475
1694432372154 0.09568318096092629 476
1694432372222 0.12856637260206014 477
1694432372289 1.0296587369210513 478
1694432372357 0.24039632685156376 479
1694432372426 0.502337038002079 480
1694432372495 0.20635510195708137 481
1694432372562 0.21783879217736238 482
1694432372631 0.25250974469471527 483
1694432372699 0.08168350039580997 484
1694432372767 0.3919641899536564 485
1694432372835 0.34316541595095007 486
1694432372902 0.06546825062518262 487
1694432372970 0.020657149535178023 488
1694432373039 0.519589305730372 489
1694432373107 1.0201978294995306 490
1694432373175 0.10006408426291864 491
1694432373244 0.013124043696237634 492
1694432373313 0.037280774164813776 493
1694432373381 0.25247042047223817 494
1694432373449 0.8557111892557409 495
1694432373517 0.2532806696794995 496
1694432373585 0.20124046926247788 497
1694432373653 0.5806921177991342 498
1694432373721 0.19158679478298943 499
