1694438459790 35.764409849775895 0
1694438459809 6.016426566518198 1
1694438459827 1.1519574697173791 2
1694438459846 0.30852571510601023 3
1694438459865 0.36757607554921884 4
1694438459884 0.05590674880622596 5
1694438459904 0.06075687128904023 6
1694438459923 0.13603990053598794 7
1694438459940 0.192675071374332 8
1694438459960 0.07901784162830908 9
1694438459978 0.07694093759267441 10
1694438459996 0.11378298828011581 11
1694438460019 0.07484680173280542 12
1694438460038 0.07152024444898575 13
1694438460057 0.0661951041059802 14
1694438460076 0.07059225932550658 15
1694438460095 0.12485292008652325 16
1694438460114 0.09896365493376667 17
1694438460135 0.10032802129069184 18
1694438460155 0.12705133862255968 19
1694438460176 0.06346039943236156 20
1694438460198 0.0764050089905862 21
1694438460221 0.06723760355647332 22
1694438460243 0.030460314511363464 23
1694438460264 0.0587989326739923 24
1694438460286 0.12561762824150935 25
1694438460307 0.08975590160866673 26
1694438460328 0.09948851772054305 27
1694438460350 0.0874412647854101 28
1694438460372 0.20448457788474578 29
1694438460393 0.10962862503706046 30
1694438460413 0.10185893922686963 31
1694438460434 0.1339606347545821 32
1694438460455 0.08832816857893458 33
1694438460474 0.08245053904867558 34
1694438460492 0.11030422189413791 35
1694438460510 0.12256389535490926 36
1694438460529 0.11030176123180775 37
1694438460547 0.03342517046916691 38
1694438460565 0.2333545427896863 39
1694438460584 0.10114524887543089 40
1694438460603 0.11183074309326733 41
1694438460620 0.031912876741386355 42
1694438460638 0.08373112764162254 43
1694438460657 0.08966170405610178 44
1694438460675 0.10816298768041792 45
1694438460694 0.05528616288887038 46
1694438460713 0.0929922397772558 47
1694438460730 0.09274164565734386 48
1694438460748 0.17908666848342314 49
1694438460768 0.15828323447815099 50
1694438460786 0.07332624475585961 51
1694438460805 0.1312315860419447 52
1694438460823 0.15889563695630612 53
1694438460842 0.09897130198477062 54
1694438460861 0.07981526780477492 55
1694438460879 0.09128868696919605 56
1694438460899 0.22638574731367012 57
1694438460923 0.17957599294151422 58
1694438460946 0.0486018293351909 59
1694438460966 0.06903930774172315 60
1694438460984 0.04338186905615734 61
1694438461002 0.038998876119448286 62
1694438461020 0.09231312350380864 63
1694438461038 0.20600641430610594 64
1694438461056 0.11016861524128871 65
1694438461073 0.10240657097766974 66
1694438461092 0.070978242686746 67
1694438461111 0.12291943383879614 68
1694438461129 0.09116379859769376 69
1694438461148 0.048569858225326175 70
1694438461167 0.1346455091448233 71
1694438461186 0.06399911698262832 72
1694438461205 0.12852072983748045 73
1694438461222 0.12254212214526594 74
1694438461240 0.09706242809338465 75
1694438461260 0.044175749793546715 76
1694438461279 0.160277802686581 77
1694438461299 0.04076434633372737 78
1694438461316 0.09578344270262898 79
1694438461334 0.06963691697596046 80
1694438461353 0.025781919674653882 81
1694438461373 0.14056210774573885 82
1694438461391 0.09266274190242536 83
1694438461410 0.1243288244817212 84
1694438461427 0.1937394479762943 85
1694438461446 0.05286771323108726 86
1694438461464 0.10483118162853464 87
1694438461482 0.07031247044666955 88
1694438461500 0.1375788136836525 89
1694438461518 0.07637365775945769 90
1694438461536 0.06206926693793274 91
1694438461553 0.0409658179276796 92
1694438461572 0.03901025639552586 93
1694438461591 0.02915411835553073 94
1694438461609 0.062165032362795074 95
1694438461627 0.12283497975486458 96
1694438461646 0.1018843031986391 97
1694438461664 0.09502479383455396 98
1694438461683 0.041858440271885886 99
1694438461701 0.1218427953168483 100
1694438461721 0.13703821337036165 101
1694438461740 0.09867830609089209 102
1694438461759 0.08530484440570975 103
1694438461778 0.03473291201763856 104
1694438461796 0.07264508045565565 105
1694438461815 0.10954465810271588 106
1694438461833 0.10910464657588968 107
1694438461851 0.12465176280258529 108
1694438461873 0.14166037597872205 109
1694438461892 0.17351243276419126 110
1694438461911 0.048675283454798705 111
1694438461929 0.10688737630582813 112
1694438461947 0.08551663959919296 113
1694438461965 0.17653426620581 114
1694438461984 0.030234877391830953 115
1694438462003 0.09970101095406382 116
1694438462022 0.09456377631559867 117
1694438462039 0.1015469568532349 118
1694438462057 0.21381903660882726 119
1694438462076 0.07837164213715557 120
1694438462094 0.13236865971310965 121
1694438462113 0.051525214356351635 122
1694438462132 0.07701617538976428 123
1694438462149 0.12489104575534024 124
1694438462168 0.08274918666248098 125
1694438462187 0.05458439164084722 126
1694438462205 0.12588606733001498 127
1694438462224 0.06939708238811552 128
1694438462242 0.11017824853395167 129
1694438462260 0.09188652026527666 130
1694438462278 0.04425514268570513 131
1694438462297 0.13276633201894547 132
1694438462316 0.06040378985478291 133
1694438462334 0.10243172070223691 134
1694438462352 0.16073211671553003 135
1694438462370 0.046495716847545186 136
1694438462389 0.07334839288696844 137
1694438462409 0.12603095979607143 138
1694438462428 0.2277780199533483 139
1694438462446 0.0800484906056937 140
1694438462465 0.09018585517518947 141
1694438462483 0.03027490014493472 142
1694438462502 0.05576208451256952 143
1694438462519 0.07647721824217432 144
1694438462537 0.04617437148921747 145
1694438462555 0.07476277088424411 146
1694438462574 0.1299962043586892 147
1694438462593 0.1567635682008252 148
1694438462611 0.22935320842658005 149
1694438462630 0.08720614256461676 150
1694438462649 0.2731015665807904 151
1694438462666 0.03496236338434463 152
1694438462685 0.1829723777022357 153
1694438462704 0.10552704030305834 154
1694438462723 0.1318259786234026 155
1694438462741 0.06428477670158704 156
1694438462759 0.0842925943919413 157
1694438462777 0.09242331808812379 158
1694438462796 0.1122997227595319 159
1694438462815 0.1408824494427959 160
1694438462833 0.04849853969057816 161
1694438462851 0.03469695788770159 162
1694438462869 0.10256298178622371 163
1694438462887 0.15138208942215264 164
1694438462906 0.044416198290708656 165
1694438462924 0.06613755405034528 166
1694438462943 0.07985629621304256 167
1694438462962 0.14940556887786777 168
1694438462982 0.0633922933146898 169
1694438463001 0.15916321365655886 170
1694438463019 0.17670324897307865 171
1694438463037 0.4712567891911859 172
1694438463054 0.13629303543235308 173
1694438463072 0.04789813283395876 174
1694438463091 0.08755052915966685 175
1694438463110 0.031779406862906125 176
1694438463128 0.08610445634380745 177
1694438463146 0.042372109421457506 178
1694438463164 0.0743625837126259 179
1694438463183 0.1330396823982848 180
1694438463202 0.08049479173465447 181
1694438463220 0.12247194114451875 182
1694438463239 0.11078576266612614 183
1694438463257 0.0729944825577719 184
1694438463274 0.07842686716994766 185
1694438463294 0.07367446632866462 186
1694438463312 0.10560996012032745 187
1694438463330 0.09789682890926431 188
1694438463349 0.07033514382714327 189
1694438463366 0.13087168583698214 190
1694438463385 0.07091560694471202 191
1694438463404 0.06089343693332061 192
1694438463422 0.17519050474416026 193
1694438463439 0.12271073988092786 194
1694438463458 0.12521535803144043 195
1694438463476 0.02831553082049373 196
1694438463496 0.06827717446232609 197
1694438463513 0.15614158282482213 198
1694438463531 0.1031313594922577 199
1694438463548 0.06188738461564935 200
1694438463566 0.10504970164394392 201
1694438463585 0.08557265342799757 202
1694438463604 0.1238881876673371 203
1694438463622 0.035541128074621696 204
1694438463641 0.051245588383146065 205
1694438463660 0.06749232306156265 206
1694438463678 0.06135878666027876 207
1694438463697 0.1629701193360851 208
1694438463714 0.11035232829420741 209
1694438463733 0.05115971493436922 210
1694438463752 0.13136159400802067 211
1694438463769 0.08007455057605835 212
1694438463789 0.07228949516360099 213
1694438463807 0.033753773854746746 214
1694438463825 0.07492679831243307 215
1694438463843 0.10715235433483865 216
1694438463863 0.11566492621228944 217
1694438463880 0.05324690937929778 218
1694438463899 0.1702151862533948 219
1694438463917 0.1754349629881062 220
1694438463935 0.07542220907060157 221
1694438463952 0.13083242666946687 222
1694438463970 0.1837137960220903 223
1694438463991 0.06482417802828573 224
1694438464010 0.11069627858366986 225
1694438464027 0.13176975939040184 226
1694438464045 0.11684030050304009 227
1694438464063 0.1197484491129295 228
1694438464081 0.1856960167984789 229
1694438464100 0.07889622608758744 230
1694438464118 0.0595588845188737 231
1694438464137 0.06051822836991218 232
1694438464155 0.06333184533547923 233
1694438464171 0.1383765401553584 234
1694438464191 0.10231019373944475 235
1694438464211 0.07780386723155855 236
1694438464230 0.12273217275615034 237
1694438464248 0.15313425577164513 238
1694438464266 0.03671877798483889 239
1694438464284 0.12294561543677393 240
1694438464303 0.052991116556260494 241
1694438464321 0.062026022769433024 242
1694438464339 0.09585310160687874 243
1694438464357 0.08372617526959156 244
1694438464375 0.062406515072266674 245
1694438464395 0.3853025089910916 246
1694438464413 0.11014247442884774 247
1694438464432 0.13795370568856413 248
1694438464449 0.2174256155836058 249
1694438464468 0.16486226161872472 250
1694438464486 0.1571112926845088 251
1694438464504 0.07940950884187949 252
1694438464522 0.13733628122919228 253
1694438464540 0.05744940471771269 254
1694438464559 0.0815748526624959 255
1694438464576 0.07791978395144665 256
1694438464595 0.12749377061110526 257
1694438464613 0.14214288383003587 258
1694438464632 0.04779273390590516 259
1694438464650 0.05995340827375795 260
1694438464668 0.10505796904316488 261
1694438464685 0.1368075578130338 262
1694438464703 0.08055939651786433 263
1694438464721 0.117569446573184 264
1694438464739 0.13969585970565665 265
1694438464758 0.0690747200001816 266
1694438464775 0.11009986576665201 267
1694438464794 0.10786449118074472 268
1694438464814 0.0482626018649371 269
1694438464832 0.06652834361171284 270
1694438464851 0.10670890168380655 271
1694438464868 0.062242847434991096 272
1694438464886 0.06943090670656021 273
1694438464906 0.20546260776431405 274
1694438464924 0.16499019975410983 275
1694438464942 0.032036422057975356 276
1694438464960 0.16436818411042117 277
1694438464979 0.09466724199955409 278
1694438464997 0.22403943341489516 279
1694438465017 0.1580954121081131 280
1694438465036 0.12301220404756999 281
1694438465053 0.09102561955492851 282
1694438465071 0.10855734524409692 283
1694438465089 0.025858329401275606 284
1694438465108 0.05007032356825429 285
1694438465127 0.11460718911239387 286
1694438465145 0.07652246256254935 287
1694438465164 0.11334541081601314 288
1694438465182 0.06994672906166742 289
1694438465201 0.11613815229687428 290
1694438465219 0.048564896610581776 291
1694438465237 0.09950526266432949 292
1694438465256 0.25463095485961557 293
1694438465273 0.09282031320102194 294
1694438465291 0.21448854011134993 295
1694438465311 0.12754100290661646 296
1694438465329 0.12334596033394836 297
1694438465347 0.07309545806215213 298
1694438465365 0.0646505449596325 299
1694438465383 0.09292519663988352 300
1694438465402 0.1072566295369012 301
1694438465422 0.10173994738514133 302
1694438465441 0.08097354419826507 303
1694438465460 0.08409630808085404 304
1694438465478 0.08158492465454059 305
1694438465495 0.09523641887267242 306
1694438465514 0.046897641438962655 307
1694438465533 0.10427871079284996 308
1694438465550 0.19729969623320626 309
1694438465568 0.1317108572834179 310
1694438465586 0.04591568244982878 311
1694438465606 0.17316915399734628 312
1694438465624 0.16690170327915424 313
1694438465643 0.04571121423383613 314
1694438465662 0.07472774701576124 315
1694438465680 0.08877100180368024 316
1694438465698 0.08160098131503779 317
1694438465716 0.07952423478697186 318
1694438465734 0.13621369359173147 319
1694438465752 0.045900351020947264 320
1694438465770 0.03615686679279364 321
1694438465788 0.06834481085842768 322
1694438465807 0.12836552189718795 323
1694438465826 0.0918333380157416 324
1694438465843 0.08062313011360434 325
1694438465862 0.09189248695877968 326
1694438465879 0.14435019482734726 327
1694438465897 0.08897611378975635 328
1694438465916 0.09117457606454446 329
1694438465934 0.060010561266403015 330
1694438465951 0.12103198977908239 331
1694438465969 0.04736238470146126 332
1694438465987 0.07405747282975814 333
1694438466007 0.06351205775940404 334
1694438466025 0.1691930397298885 335
1694438466043 0.08470615590521129 336
1694438466062 0.038583907221286136 337
1694438466080 0.09553786588794015 338
1694438466100 0.10214642774696643 339
1694438466117 0.09148914185425175 340
1694438466136 0.059642760337524796 341
1694438466154 0.09126199786647955 342
1694438466172 0.07045568140381299 343
1694438466190 0.12808610435229748 344
1694438466209 0.08276474107917799 345
1694438466228 0.06634264148851851 346
1694438466246 0.12631261902899268 347
1694438466264 0.07620121752777242 348
1694438466282 0.0712779354449385 349
1694438466302 0.1398752358615273 350
1694438466320 0.07375342063614643 351
1694438466339 0.0720605822525733 352
1694438466357 0.09646528613948213 353
1694438466375 0.11484628792186065 354
1694438466394 0.04555190555939222 355
1694438466413 0.031596617113053074 356
1694438466431 0.039596541461161774 357
1694438466449 0.058846022046218076 358
1694438466467 0.06180587526851581 359
1694438466485 0.17795553991074506 360
1694438466503 0.1377330546197072 361
1694438466522 0.07363250513464112 362
1694438466540 0.13411646813486716 363
1694438466558 0.12790585654335027 364
1694438466576 0.09895858799796255 365
1694438466594 0.10926023041927971 366
1694438466613 0.1206070303759151 367
1694438466632 0.06906839657954685 368
1694438466652 0.10429058808764538 369
1694438466671 0.05540500736740146 370
1694438466689 0.06835152360332848 371
1694438466707 0.21736636493406808 372
1694438466727 0.055857875025609925 373
1694438466745 0.08472940419305365 374
1694438466764 0.059524033523907824 375
1694438466783 0.050432027101692 376
1694438466801 0.15638867131539683 377
1694438466819 0.11823217877008681 378
1694438466838 0.1218512726648319 379
1694438466855 0.09654494855236351 380
1694438466873 0.0684080097223262 381
1694438466892 0.11013771188462032 382
1694438466911 0.14574773812450997 383
1694438466930 0.049567983009620405 384
1694438466948 0.11274782432760387 385
1694438466966 0.026960948731022227 386
1694438466983 0.08231728804293208 387
1694438467002 0.15231833646855986 388
1694438467021 0.09382527919581929 389
1694438467040 0.07128310594435434 390
1694438467057 0.0663752676590684 391
1694438467075 0.15530608489501943 392
1694438467093 0.11734640781971141 393
1694438467112 0.09879814470410737 394
1694438467131 0.2235651271151528 395
1694438467149 0.08200825426007612 396
1694438467167 0.08673102189157898 397
1694438467185 0.06740325774603763 398
1694438467203 0.0663638203037384 399
1694438467222 0.04696162688232338 400
1694438467240 0.054528586045805204 401
1694438467261 0.10469594851973055 402
1694438467279 0.03168274362572881 403
1694438467301 0.10989668768555678 404
1694438467323 0.08482901183507639 405
1694438467344 0.15502557741409295 406
1694438467365 0.11467567299438988 407
1694438467387 0.09074687156478344 408
1694438467409 0.05058002266877485 409
1694438467431 0.041060955763004045 410
1694438467453 0.04105220248166309 411
1694438467473 0.1842772384058388 412
1694438467495 0.12681677448368264 413
1694438467517 0.11538040886512213 414
1694438467538 0.06725016868202384 415
1694438467560 0.09351676589974588 416
1694438467583 0.044930875431322806 417
1694438467608 0.10719345495902662 418
1694438467627 0.07410391563187914 419
1694438467646 0.15677293260410669 420
1694438467664 0.1500158745967284 421
1694438467682 0.09163215920674347 422
1694438467700 0.0688734949593325 423
1694438467718 0.07630707542329902 424
1694438467736 0.08921073296123239 425
1694438467755 0.14008590323708117 426
1694438467773 0.07318287961677565 427
1694438467791 0.09553118691175787 428
1694438467810 0.08549125319910444 429
1694438467828 0.048180190983181166 430
1694438467846 0.08822848728335417 431
1694438467865 0.07074576785221155 432
1694438467885 0.04709573394136142 433
1694438467905 0.2316301385964786 434
1694438467922 0.06827053870778668 435
1694438467941 0.22003882710114459 436
1694438467959 0.13641415575198373 437
1694438467977 0.09597255656049423 438
1694438467995 0.22932525797454792 439
1694438468013 0.17917787360467768 440
1694438468032 0.06515363498128095 441
1694438468051 0.1460035135987213 442
1694438468068 0.05166024921409696 443
1694438468087 0.10779826837873749 444
1694438468106 0.19565492233446563 445
1694438468124 0.03378197562254155 446
1694438468143 0.10673992130376575 447
1694438468161 0.08871932484690397 448
1694438468178 0.09991274682897469 449
1694438468197 0.052955179893690876 450
1694438468215 0.06089259017314599 451
1694438468234 0.08762772374627871 452
1694438468253 0.2715702195987262 453
1694438468271 0.07253424552461453 454
1694438468289 0.09806179530387442 455
1694438468307 0.08258900303245932 456
1694438468326 0.04424918330118423 457
1694438468345 0.11350535311929162 458
1694438468363 0.07947014364968831 459
1694438468381 0.12457987557295745 460
1694438468399 0.12318302152722127 461
1694438468418 0.09317893182366639 462
1694438468437 0.07402099207742988 463
1694438468455 0.0983644952147762 464
1694438468472 0.2890403560115899 465
1694438468490 0.08114484740416375 466
1694438468508 0.10882907999545403 467
1694438468527 0.13109703012479887 468
1694438468546 0.10249811780675203 469
1694438468565 0.08553218190414143 470
1694438468584 0.07702081070851227 471
1694438468602 0.08402075795717798 472
1694438468619 0.09146783707781621 473
1694438468639 0.06438971116764432 474
1694438468658 0.1686802106645156 475
1694438468676 0.07991694117316991 476
1694438468694 0.1188662662670261 477
1694438468712 0.14961686692916518 478
1694438468730 0.08763799899545169 479
1694438468749 0.07664981733088827 480
1694438468768 0.09008583628753984 481
1694438468786 0.06999369503186763 482
1694438468803 0.04528429580349761 483
1694438468821 0.13491452778510563 484
1694438468840 0.07055604193331647 485
1694438468859 0.06275180831644814 486
1694438468876 0.16850193842963224 487
1694438468895 0.10600754253003129 488
1694438468913 0.12307536833595865 489
1694438468933 0.14362151927395034 490
1694438468952 0.08795516043532996 491
1694438468970 0.015929712803539137 492
1694438468988 0.07946584792098803 493
1694438469007 0.08690006626114558 494
1694438469025 0.118641566144982 495
1694438469044 0.09639318160571435 496
1694438469062 0.1150612556725489 497
1694438469080 0.06817781594276963 498
1694438469099 0.16555317408515782 499
