1694435493503 36.60854213454148 0
1694435493522 7.383978875120518 1
1694435493540 1.481865977296876 2
1694435493558 0.3278078445316563 3
1694435493578 0.1281809619567 4
1694435493597 0.114996207447391 5
1694435493618 0.0757566306159477 6
1694435493636 0.18366649276611852 7
1694435493656 0.043105555416778574 8
1694435493675 0.1275139381323428 9
1694435493693 0.05726611087679077 10
1694435493712 0.21116196774010224 11
1694435493728 0.08179695956896231 12
1694435493746 0.11587165715956736 13
1694435493764 0.10184643971636824 14
1694435493783 0.1577772448934875 15
1694435493801 0.18099636000833555 16
1694435493823 0.21076093918732572 17
1694435493844 0.1886285170614629 18
1694435493866 0.11462480909922367 19
1694435493889 0.057940253219383335 20
1694435493916 0.08818193361304431 21
1694435493939 0.09305366147235138 22
1694435493963 0.10845286175529475 23
1694435493985 0.054734929499437236 24
1694435494009 0.12441309739319498 25
1694435494031 0.05451837864937714 26
1694435494057 0.1901328311022159 27
1694435494077 0.07628563146757662 28
1694435494095 0.1590902951670056 29
1694435494115 0.057538296850392925 30
1694435494132 0.050256597647583924 31
1694435494152 0.122490036240856 32
1694435494177 0.14005291779958698 33
1694435494195 0.09398135069100312 34
1694435494212 0.06656550413413442 35
1694435494231 0.1257169039552785 36
1694435494248 0.112604873978004 37
1694435494266 0.06000163004946476 38
1694435494286 0.23349054383624518 39
1694435494303 0.15852565988074666 40
1694435494320 0.13642603868851544 41
1694435494338 0.16741693817835443 42
1694435494354 0.1110096046052714 43
1694435494374 0.06759572865180412 44
1694435494392 0.09442675157454257 45
1694435494409 0.07282912658175567 46
1694435494428 0.11979137814548826 47
1694435494446 0.16908701258172712 48
1694435494463 0.03885802725609303 49
1694435494484 0.05409152334610567 50
1694435494508 0.12549338896242418 51
1694435494531 0.13913039877773245 52
1694435494554 0.14276627100079614 53
1694435494577 0.11558171519703038 54
1694435494595 0.06947798465948157 55
1694435494618 0.10892550610310137 56
1694435494638 0.09723761397088274 57
1694435494657 0.0534047266515303 58
1694435494675 0.1656880714801245 59
1694435494694 0.07663561794913691 60
1694435494713 0.1388190157447514 61
1694435494732 0.08788440929189244 62
1694435494750 0.09418629988584142 63
1694435494767 0.0653450397714422 64
1694435494786 0.16038256490315467 65
1694435494805 0.08331323558001698 66
1694435494824 0.08707443208518297 67
1694435494841 0.07022360931263318 68
1694435494861 0.10172893097581402 69
1694435494881 0.10890478598576324 70
1694435494899 0.058744162265786284 71
1694435494918 0.16911542254818032 72
1694435494937 0.06026046721670365 73
1694435494958 0.10726439613237904 74
1694435494980 0.047981249979296585 75
1694435495003 0.10590247535651451 76
1694435495022 0.11282712022801987 77
1694435495039 0.13212678441569137 78
1694435495057 0.11985035568126891 79
1694435495075 0.20085044297585472 80
1694435495094 0.08583809429190463 81
1694435495112 0.08858001155542351 82
1694435495130 0.13831838876383626 83
1694435495147 0.09186032574205835 84
1694435495165 0.11210832938212736 85
1694435495185 0.152880763546053 86
1694435495201 0.09731581482568286 87
1694435495220 0.07130919103415276 88
1694435495237 0.1483696761941195 89
1694435495256 0.14228754971719934 90
1694435495273 0.13186585483446814 91
1694435495291 0.08824599893094455 92
1694435495308 0.05375436543586572 93
1694435495327 0.1496524811009047 94
1694435495344 0.09678412503364045 95
1694435495362 0.06854522153592864 96
1694435495380 0.12412694628506912 97
1694435495398 0.19793781745082667 98
1694435495421 0.10182626115103524 99
1694435495443 0.16141221623561064 100
1694435495461 0.06897064755877337 101
1694435495479 0.22534514691064836 102
1694435495498 0.16452295420894894 103
1694435495518 0.08517533308291747 104
1694435495535 0.05681443454119777 105
1694435495552 0.026196304606340415 106
1694435495570 0.0626335169873895 107
1694435495590 0.21425832967679673 108
1694435495607 0.08760288121728764 109
1694435495625 0.19269223909506503 110
1694435495641 0.11344301027140602 111
1694435495659 0.18355797658074957 112
1694435495677 0.06592167927330639 113
1694435495696 0.16275940954146564 114
1694435495715 0.17734832360904257 115
1694435495731 0.09009857726103207 116
1694435495749 0.08529749594450851 117
1694435495766 0.04767328038822895 118
1694435495784 0.1321934863891638 119
1694435495802 0.11915608157908615 120
1694435495820 0.063392702590031 121
1694435495837 0.05188266050917801 122
1694435495854 0.11369217404526732 123
1694435495872 0.0720219612012531 124
1694435495890 0.02805191239165456 125
1694435495912 0.10851764707354039 126
1694435495930 0.0661990038739487 127
1694435495947 0.10040210335819297 128
1694435495965 0.10367508886128929 129
1694435495982 0.11855164910241466 130
1694435496001 0.09864305987752223 131
1694435496021 0.10973484289585919 132
1694435496039 0.22518988032161877 133
1694435496056 0.13207833481373946 134
1694435496073 0.11962323266643445 135
1694435496093 0.0742542868750695 136
1694435496117 0.17455375200310638 137
1694435496142 0.15858768785706337 138
1694435496164 0.06884045054877573 139
1694435496187 0.16439483502489266 140
1694435496207 0.0509084193785302 141
1694435496237 0.09541305873474162 142
1694435496260 0.10155297859907321 143
1694435496282 0.09995949873140474 144
1694435496307 0.06538745460031622 145
1694435496327 0.07352799906207978 146
1694435496347 0.09432025840045176 147
1694435496367 0.06950395498149857 148
1694435496392 0.057288460422631804 149
1694435496412 0.10515184567617451 150
1694435496431 0.11936177564494886 151
1694435496454 0.09879024881457664 152
1694435496473 0.2610162629953364 153
1694435496491 0.06975420659987046 154
1694435496509 0.12131387179459228 155
1694435496528 0.11637810569183514 156
1694435496546 0.07571132540474382 157
1694435496566 0.06673934820101375 158
1694435496586 0.08480578436370691 159
1694435496615 0.13801442476440756 160
1694435496636 0.07956470671097202 161
1694435496654 0.07546959315058821 162
1694435496679 0.06150879115161405 163
1694435496701 0.16576259142660058 164
1694435496721 0.09204338248733805 165
1694435496740 0.14416189828012163 166
1694435496758 0.10975380336948967 167
1694435496777 0.20678862626367422 168
1694435496799 0.07788951694339227 169
1694435496819 0.07425708263855922 170
1694435496837 0.15706531409714072 171
1694435496856 0.11237597968559492 172
1694435496875 0.16915323334268134 173
1694435496894 0.17745953592369337 174
1694435496913 0.0619147935967854 175
1694435496932 0.16941115359765102 176
1694435496951 0.1105454131757763 177
1694435496968 0.08997058184672325 178
1694435496987 0.1643301526003833 179
1694435497007 0.037483927055129 180
1694435497026 0.10200850436183125 181
1694435497044 0.17495039582774383 182
1694435497062 0.12033619442969327 183
1694435497079 0.12127403900069877 184
1694435497100 0.06329534687141462 185
1694435497118 0.09024188745855899 186
1694435497137 0.17704758014411565 187
1694435497154 0.12506993789832133 188
1694435497173 0.055387267644954226 189
1694435497192 0.041719795013883156 190
1694435497211 0.1392871175359421 191
1694435497235 0.17453094345314873 192
1694435497262 0.1497179270252258 193
1694435497283 0.18124525826905794 194
1694435497306 0.17223726130580547 195
1694435497327 0.10926953917756448 196
1694435497351 0.04811200289166258 197
1694435497375 0.07355183343068704 198
1694435497396 0.2830549763829117 199
1694435497419 0.051540245665918714 200
1694435497441 0.12073235453697538 201
1694435497462 0.11986733714577255 202
1694435497482 0.0708296338524193 203
1694435497504 0.13581951159051286 204
1694435497527 0.084990235263307 205
1694435497547 0.15102659558442652 206
1694435497567 0.10332488733799483 207
1694435497587 0.0868341520887866 208
1694435497607 0.207817876271148 209
1694435497628 0.09389697444772682 210
1694435497647 0.05524831423272591 211
1694435497668 0.14065453519770937 212
1694435497685 0.08305838435917934 213
1694435497703 0.14273898809856678 214
1694435497722 0.23644612027539297 215
1694435497740 0.18589164027928534 216
1694435497757 0.12259186613118327 217
1694435497774 0.11900254131796491 218
1694435497792 0.08742314370490574 219
1694435497812 0.19079417975008037 220
1694435497830 0.12577082019623928 221
1694435497847 0.07926384701516964 222
1694435497866 0.06070165275100513 223
1694435497887 0.1165330431479024 224
1694435497908 0.10798642913283436 225
1694435497927 0.11708490278178278 226
1694435497946 0.14093464412511053 227
1694435497962 0.39318751960456505 228
1694435497980 0.10456975770985531 229
1694435497998 0.08945886422470586 230
1694435498016 0.13334994013270224 231
1694435498035 0.09197906489670422 232
1694435498052 0.0951581128709514 233
1694435498069 0.1362499108119409 234
1694435498087 0.24249664573561808 235
1694435498105 0.19207477779579482 236
1694435498123 0.08202413335149018 237
1694435498141 0.10799448860513663 238
1694435498158 0.07438523675530107 239
1694435498176 0.07950774939763487 240
1694435498193 0.06361367905999003 241
1694435498213 0.08360063985461909 242
1694435498231 0.25251981890815484 243
1694435498251 0.09184521765322935 244
1694435498273 0.03941569557343287 245
1694435498291 0.19673255434239328 246
1694435498311 0.06230481640781345 247
1694435498329 0.08389491223464438 248
1694435498346 0.02124759821679919 249
1694435498364 0.07316646579185895 250
1694435498383 0.07098251838864934 251
1694435498401 0.0736586966635989 252
1694435498420 0.07646051715661058 253
1694435498437 0.0761996641543657 254
1694435498455 0.07229418697103429 255
1694435498472 0.17366366624236515 256
1694435498489 0.07136550279476236 257
1694435498508 0.0443965143227762 258
1694435498528 0.08971566032059548 259
1694435498546 0.10879800318473014 260
1694435498563 0.1030945328105051 261
1694435498581 0.05694300983891865 262
1694435498598 0.1797073925926409 263
1694435498618 0.06535135986411086 264
1694435498637 0.0445613399016847 265
1694435498658 0.3825131882239175 266
1694435498676 0.07824265656489583 267
1694435498694 0.12177791485087282 268
1694435498714 0.13346455957947465 269
1694435498732 0.07502970596002226 270
1694435498750 0.189846705999731 271
1694435498768 0.08393674337049291 272
1694435498784 0.10803811043983638 273
1694435498801 0.041338821943134284 274
1694435498822 0.08767646247094314 275
1694435498839 0.18475348512357656 276
1694435498857 0.05771649595582283 277
1694435498875 0.07048990267377539 278
1694435498893 0.13467975150170894 279
1694435498913 0.15049819310937898 280
1694435498932 0.17910082620346962 281
1694435498950 0.0738465251645197 282
1694435498968 0.0799654509354858 283
1694435498986 0.15132877358657582 284
1694435499012 0.21580330084520097 285
1694435499031 0.13154980053355086 286
1694435499050 0.12232104609562376 287
1694435499067 0.2922950788778678 288
1694435499085 0.057921000581341794 289
1694435499101 0.10064903319344014 290
1694435499120 0.11983047078478502 291
1694435499137 0.12039506327584905 292
1694435499158 0.07514868140393449 293
1694435499176 0.09435230371396462 294
1694435499194 0.10102512197320404 295
1694435499215 0.17578314750144935 296
1694435499233 0.06933104045030489 297
1694435499251 0.07203282373536599 298
1694435499268 0.10849412474578687 299
1694435499286 0.1392848261094963 300
1694435499303 0.1403313731728301 301
1694435499322 0.07978665536345585 302
1694435499341 0.06389942931357297 303
1694435499359 0.07726297569484135 304
1694435499376 0.26448754626308196 305
1694435499394 0.10660753718803459 306
1694435499411 0.13027562670126142 307
1694435499429 0.1342082121072363 308
1694435499449 0.09453745431518998 309
1694435499466 0.04723683848968397 310
1694435499482 0.09328892339490218 311
1694435499500 0.05172110404192222 312
1694435499524 0.1562813279392281 313
1694435499547 0.15204238129221517 314
1694435499565 0.18088245370008985 315
1694435499581 0.0561132575761406 316
1694435499598 0.15363586861093786 317
1694435499617 0.08497163002608664 318
1694435499635 0.07245736857238382 319
1694435499652 0.12668535492255634 320
1694435499670 0.18447009795798378 321
1694435499687 0.13918958431949718 322
1694435499705 0.1889006374038698 323
1694435499724 0.09775417401939546 324
1694435499743 0.039693001779723784 325
1694435499760 0.1418710770592715 326
1694435499777 0.21278917214486134 327
1694435499794 0.21098539172640948 328
1694435499811 0.11578497420688583 329
1694435499831 0.05608073561975644 330
1694435499850 0.09493238079045892 331
1694435499867 0.12557428278822672 332
1694435499884 0.11720523650060535 333
1694435499901 0.04516516486282841 334
1694435499922 0.18610113961788208 335
1694435499940 0.14747281476012697 336
1694435499958 0.11528350324156415 337
1694435499975 0.08244559987511865 338
1694435499992 0.08682881860752802 339
1694435500009 0.07613200486398498 340
1694435500028 0.13654676057097895 341
1694435500046 0.1438803507465383 342
1694435500063 0.052479643860544524 343
1694435500081 0.15361331216746446 344
1694435500098 0.11289270014025178 345
1694435500116 0.17013646573690702 346
1694435500135 0.20442180653774017 347
1694435500156 0.07389127598536006 348
1694435500174 0.10224155495772916 349
1694435500193 0.13046550072007337 350
1694435500211 0.05948961379853607 351
1694435500231 0.05586615387375267 352
1694435500248 0.055948194569781215 353
1694435500266 0.12952421570939993 354
1694435500283 0.050563275926210946 355
1694435500300 0.10063848394524624 356
1694435500319 0.12200993597366847 357
1694435500337 0.07568689992355737 358
1694435500355 0.06236509910700337 359
1694435500372 0.11743403743729026 360
1694435500390 0.1018341078273554 361
1694435500407 0.0907315901040466 362
1694435500427 0.05796711762181551 363
1694435500444 0.0518552824835735 364
1694435500462 0.2087573878869933 365
1694435500479 0.10623779246620411 366
1694435500497 0.12477811694526722 367
1694435500514 0.06679430767476414 368
1694435500534 0.13601611502150934 369
1694435500552 0.08559784373757193 370
1694435500569 0.07043162026582775 371
1694435500585 0.12209992409008232 372
1694435500603 0.11794938479525574 373
1694435500620 0.08201993504769835 374
1694435500638 0.05426265684779548 375
1694435500656 0.09570681090361957 376
1694435500673 0.01523313050905757 377
1694435500691 0.14834114502729986 378
1694435500707 0.11525348900882992 379
1694435500727 0.09978744302627099 380
1694435500748 0.07532753626791999 381
1694435500768 0.11814304885565174 382
1694435500786 0.08636235778302923 383
1694435500804 0.12483033132145453 384
1694435500822 0.10883854220150639 385
1694435500840 0.11469135598407916 386
1694435500858 0.051459307169006305 387
1694435500875 0.05127035842714511 388
1694435500893 0.12142129984385634 389
1694435500910 0.11922366368713214 390
1694435500929 0.11423969202862075 391
1694435500948 0.1798632601630837 392
1694435500966 0.047505219757168614 393
1694435500983 0.166809387865462 394
1694435501000 0.15456135117401595 395
1694435501018 0.14966030073191217 396
1694435501038 0.10081311335448206 397
1694435501055 0.04768380894258905 398
1694435501073 0.18691766911797963 399
1694435501090 0.13878217098941956 400
1694435501108 0.0763523636373061 401
1694435501125 0.07411459970487741 402
1694435501145 0.13915728016069803 403
1694435501162 0.07241198574322175 404
1694435501180 0.09484935361594408 405
1694435501197 0.07287665329425523 406
1694435501215 0.2643864035624977 407
1694435501234 0.058888699748702686 408
1694435501251 0.06651432470643996 409
1694435501268 0.05513721253814209 410
1694435501286 0.06456437433569846 411
1694435501303 0.1585731752317045 412
1694435501320 0.0492712514763848 413
1694435501340 0.18604383847759848 414
1694435501365 0.10135787892588809 415
1694435501385 0.14744251252173216 416
1694435501403 0.09614788396270278 417
1694435501422 0.17999633841450977 418
1694435501440 0.07603755308653874 419
1694435501458 0.13338744326247315 420
1694435501476 0.04642409412872566 421
1694435501493 0.14849199260423457 422
1694435501511 0.07714179195953272 423
1694435501528 0.09338622021402403 424
1694435501547 0.2089129755012035 425
1694435501565 0.08783822331925492 426
1694435501582 0.111420717604673 427
1694435501598 0.09000554181136136 428
1694435501618 0.10731446537412821 429
1694435501637 0.04201642386968874 430
1694435501655 0.06765315609350876 431
1694435501673 0.08243659242642856 432
1694435501690 0.3686028902849304 433
1694435501707 0.08559310464480092 434
1694435501726 0.14594104451904816 435
1694435501745 0.19886210701596002 436
1694435501761 0.05072138764787775 437
1694435501778 0.11581018073575357 438
1694435501796 0.11697555979439522 439
1694435501813 0.1657423469242727 440
1694435501830 0.0980776101886659 441
1694435501849 0.07687640801487568 442
1694435501866 0.04564863597355986 443
1694435501884 0.0880117236593478 444
1694435501901 0.11419734772002797 445
1694435501919 0.08638218066769776 446
1694435501937 0.055728441129741006 447
1694435501957 0.0960436104104938 448
1694435501980 0.09997873460124561 449
1694435502000 0.07595863237283292 450
1694435502019 0.18704508590944874 451
1694435502039 0.18779134917999057 452
1694435502057 0.09817458257889425 453
1694435502075 0.051718051978819526 454
1694435502093 0.14387282973430188 455
1694435502110 0.0890331590800156 456
1694435502128 0.06506595393900749 457
1694435502148 0.09043991902503813 458
1694435502164 0.147625665669814 459
1694435502181 0.09082677972890969 460
1694435502198 0.0738933714554528 461
1694435502216 0.1760718672916611 462
1694435502234 0.22364927066938875 463
1694435502253 0.12093496102980231 464
1694435502270 0.18253471091985496 465
1694435502287 0.12850227116312868 466
1694435502304 0.08745927450208264 467
1694435502323 0.09406746377669946 468
1694435502342 0.11884485809602262 469
1694435502360 0.0682401106417431 470
1694435502377 0.1520759667742358 471
1694435502393 0.3150657447460534 472
1694435502412 0.1221563772644723 473
1694435502429 0.08262332958891509 474
1694435502449 0.13399321714034126 475
1694435502466 0.05158342138044269 476
1694435502484 0.034341297395715495 477
1694435502501 0.06681574988324789 478
1694435502519 0.08335635176163979 479
1694435502541 0.11173029950441873 480
1694435502563 0.12435583193962839 481
1694435502582 0.0891606854605644 482
1694435502598 0.07582034337253603 483
1694435502616 0.09219142590665137 484
1694435502634 0.0731859676181328 485
1694435502654 0.10690797869714343 486
1694435502671 0.15097984841779288 487
1694435502689 0.09746213487264295 488
1694435502706 0.19663201125422555 489
1694435502725 0.057946323730011136 490
1694435502743 0.08981863306838614 491
1694435502761 0.09187307657701213 492
1694435502778 0.11308003203610552 493
1694435502795 0.06868638304731892 494
1694435502813 0.16603413095546984 495
1694435502831 0.12561058267612332 496
1694435502849 0.1488649787876053 497
1694435502867 0.16702309596302028 498
1694435502885 0.09729476872109886 499
