1694430545902 173.6182812603755 0
1694430545919 173.58328941400626 1
1694430545935 173.54830482276694 2
1694430545951 173.51332748510885 3
1694430545967 173.47835739948326 4
1694430545982 173.44339456434207 5
1694430545999 173.40843897813733 6
1694430546014 173.37349063932157 7
1694430546030 173.33854954634768 8
1694430546048 173.30361569766876 9
1694430546064 173.26868909173834 10
1694430546080 173.2337697270103 11
1694430546096 173.1988576019389 12
1694430546112 173.16395271497865 13
1694430546127 173.1290550645844 14
1694430546143 173.09416464921154 15
1694430546160 173.05928146731554 16
1694430546175 173.02440551735236 17
1694430546193 172.98953679777833 18
1694430546209 172.95467530705008 19
1694430546225 172.91982104362452 20
1694430546242 172.884974005959 21
1694430546259 172.85013419251118 22
1694430546275 172.81530160173907 23
1694430546291 172.78047623210102 24
1694430546307 172.7456580820557 25
1694430546322 172.7108471500622 26
1694430546339 172.67604343457984 27
1694430546355 172.64124693406842 28
1694430546370 172.6064576469879 29
1694430546386 172.5716755717988 30
1694430546401 172.53690070696183 31
1694430546418 172.5021330509381 32
1694430546437 172.46737260218907 33
1694430546453 172.4326193591765 34
1694430546470 172.39787332036246 35
1694430546489 172.36313448420958 36
1694430546506 172.32840284918055 37
1694430546522 172.29367841373858 38
1694430546539 172.25896117634716 39
1694430546556 172.22425113547013 40
1694430546571 172.1895482895717 41
1694430546588 172.15485263711636 42
1694430546603 172.1201641765691 43
1694430546619 172.08548290639496 44
1694430546635 172.05080882505965 45
1694430546650 172.01614193102898 46
1694430546666 171.98148222276927 47
1694430546683 171.94682969874702 48
1694430546698 171.91218435742923 49
1694430546714 171.87754619728315 50
1694430546730 171.84291521677636 51
1694430546747 171.80829141437687 52
1694430546763 171.7736747885529 53
1694430546779 171.73906533777318 54
1694430546795 171.70446306050664 55
1694430546811 171.6698679552226 56
1694430546827 171.63528002039072 57
1694430546842 171.6006992544811 58
1694430546859 171.56612565596393 59
1694430546874 171.53155922330996 60
1694430546894 171.4969999549903 61
1694430546910 171.4624478494762 62
1694430546925 171.4279029052394 63
1694430546942 171.39336512075195 64
1694430546963 171.35883449448633 65
1694430546982 171.32431102491518 66
1694430546999 171.28979471051161 67
1694430547014 171.255285549749 68
1694430547030 171.22078354110118 69
1694430547046 171.18628868304214 70
1694430547065 171.15180097404638 71
1694430547081 171.11732041258867 72
1694430547098 171.08284699714415 73
1694430547114 171.04838072618824 74
1694430547129 171.0139215981967 75
1694430547145 170.97946961164575 76
1694430547161 170.94502476501188 77
1694430547176 170.91058705677182 78
1694430547192 170.87615648540273 79
1694430547207 170.84173304938216 80
1694430547223 170.8073167471879 81
1694430547239 170.77290757729818 82
1694430547255 170.73850553819145 83
1694430547272 170.70411062834663 84
1694430547288 170.66972284624285 85
1694430547304 170.63534219035967 86
1694430547319 170.600968659177 87
1694430547335 170.56660225117494 88
1694430547350 170.53224296483413 89
1694430547366 170.49789079863547 90
1694430547383 170.4635457510601 91
1694430547399 170.42920782058968 92
1694430547415 170.39487700570604 93
1694430547430 170.36055330489143 94
1694430547446 170.3262367166285 95
1694430547462 170.29192723940008 96
1694430547478 170.25762487168953 97
1694430547494 170.22332961198032 98
1694430547509 170.18904145875646 99
1694430547525 170.1547604105022 100
1694430547542 170.12048646570213 101
1694430547558 170.08621962284127 102
1694430547575 170.05195988040484 103
1694430547592 170.01770723687846 104
1694430547610 169.98346169074813 105
1694430547626 169.94922324050012 106
1694430547642 169.91499188462103 107
1694430547659 169.88076762159795 108
1694430547676 169.84655044991808 109
1694430547692 169.81234036806907 110
1694430547707 169.77813737453894 111
1694430547724 169.743941467816 112
1694430547740 169.70975264638892 113
1694430547755 169.67557090874672 114
1694430547772 169.64139625337867 115
1694430547788 169.60722867877445 116
1694430547804 169.5730681834241 117
1694430547819 169.53891476581796 118
1694430547836 169.50476842444667 119
1694430547850 169.47062915780123 120
1694430547867 169.43649696437308 121
1694430547884 169.4023718426538 122
1694430547900 169.3682537911355 123
1694430547915 169.33414280831047 124
1694430547931 169.30003889267147 125
1694430547946 169.2659420427115 126
1694430547962 169.23185225692387 127
1694430547979 169.19776953380241 128
1694430547995 169.16369387184105 129
1694430548010 169.1296252695342 130
1694430548026 169.09556372537656 131
1694430548043 169.06150923786322 132
1694430548058 169.02746180548945 133
1694430548078 168.9934214267511 134
1694430548094 168.95938810014414 135
1694430548111 168.92536182416495 136
1694430548126 168.8913425973103 137
1694430548143 168.85733041807723 138
1694430548159 168.82332528496315 139
1694430548176 168.78932719646565 140
1694430548192 168.755336151083 141
1694430548208 168.7213521473134 142
1694430548223 168.68737518365575 143
1694430548239 168.65340525860896 144
1694430548256 168.61944237067254 145
1694430548271 168.5854865183462 146
1694430548287 168.5515377001299 147
1694430548304 168.5175959145242 148
1694430548319 168.48366116002975 149
1694430548335 168.44973343514764 150
1694430548350 168.4158127383792 151
1694430548365 168.3818990682263 152
1694430548383 168.3479924231909 153
1694430548399 168.31409280177547 154
1694430548415 168.28020020248272 155
1694430548430 168.2463146238157 156
1694430548446 168.2124360642778 157
1694430548461 168.17856452237282 158
1694430548478 168.1446999966048 159
1694430548494 168.11084248547817 160
1694430548510 168.07699198749762 161
1694430548527 168.04314850116825 162
1694430548543 168.0093120249954 163
1694430548559 167.97548255748492 164
1694430548575 167.94166009714277 165
1694430548592 167.90784464247542 166
1694430548606 167.8740361919896 167
1694430548623 167.84023474419234 168
1694430548640 167.80644029759108 169
1694430548656 167.7726528506935 170
1694430548671 167.73887240200773 171
1694430548688 167.70509895004207 172
1694430548704 167.67133249330533 173
1694430548720 167.63757303030656 174
1694430548736 167.60382055955512 175
1694430548752 167.57007507956075 176
1694430548768 167.53633658883348 177
1694430548785 167.50260508588374 178
1694430548800 167.4688805692223 179
1694430548816 167.43516303736007 180
1694430548832 167.40145248880853 181
1694430548847 167.36774892207933 182
1694430548863 167.3340523356846 183
1694430548878 167.3003627281366 184
1694430548895 167.26668009794815 185
1694430548910 167.23300444363224 186
1694430548925 167.19933576370227 187
1694430548941 167.16567405667186 188
1694430548957 167.1320193210551 189
1694430548973 167.09837155536638 190
1694430548990 167.06473075812036 191
1694430549005 167.031096927832 192
1694430549022 166.99747006301675 193
1694430549038 166.9638501621903 194
1694430549055 166.93023722386857 195
1694430549072 166.89663124656798 196
1694430549089 166.86303222880517 197
1694430549105 166.82944016909718 198
1694430549120 166.79585506596135 199
1694430549136 166.76227691791524 200
1694430549152 166.72870572347696 201
1694430549168 166.69514148116482 202
1694430549185 166.66158418949746 203
1694430549201 166.62803384699384 204
1694430549216 166.59449045217332 205
1694430549232 166.56095400355545 206
1694430549248 166.52742449966036 207
1694430549264 166.4939019390082 208
1694430549281 166.46038632011965 209
1694430549298 166.42687764151574 210
1694430549313 166.3933759017177 211
1694430549329 166.35988109924716 212
1694430549345 166.32639323262603 213
1694430549361 166.29291230037666 214
1694430549376 166.25943830102156 215
1694430549393 166.22597123308375 216
1694430549409 166.19251109508647 217
1694430549424 166.1590578855533 218
1694430549439 166.12561160300817 219
1694430549455 166.09217224597532 220
1694430549470 166.05873981297933 221
1694430549487 166.0253143025451 222
1694430549504 165.99189571319792 223
1694430549520 165.95848404346324 224
1694430549536 165.92507929186706 225
1694430549552 165.8916814569355 226
1694430549567 165.8582905371952 227
1694430549583 165.82490653117293 228
1694430549599 165.79152943739604 229
1694430549615 165.75815925439187 230
1694430549630 165.7247959806884 231
1694430549646 165.69143961481387 232
1694430549661 165.65809015529663 233
1694430549677 165.6247476006656 234
1694430549693 165.59141194944993 235
1694430549708 165.55808320017917 236
1694430549724 165.5247613513831 237
1694430549741 165.49144640159184 238
1694430549757 165.45813834933585 239
1694430549773 165.42483719314603 240
1694430549790 165.3915429315534 241
1694430549806 165.35825556308947 242
1694430549822 165.32497508628603 243
1694430549839 165.29170149967516 244
1694430549854 165.25843480178926 245
1694430549871 165.22517499116117 246
1694430549887 165.19192206632388 247
1694430549904 165.15867602581093 248
1694430549919 165.12543686815596 249
1694430549935 165.09220459189308 250
1694430549950 165.05897919555662 251
1694430549967 165.0257606776814 252
1694430549982 164.99254903680236 253
1694430549998 164.95934427145488 254
1694430550014 164.9261463801747 255
1694430550029 164.89295536149788 256
1694430550045 164.85977121396067 257
1694430550062 164.82659393609978 258
1694430550077 164.7934235264522 259
1694430550093 164.7602599835553 260
1694430550109 164.72710330594666 261
1694430550126 164.69395349216427 262
1694430550142 164.66081054074638 263
1694430550157 164.62767445023172 264
1694430550172 164.59454521915922 265
1694430550190 164.56142284606804 266
1694430550205 164.52830732949786 267
1694430550221 164.49519866798863 268
1694430550237 164.4620968600805 269
1694430550253 164.42900190431413 270
1694430550270 164.39591379923039 271
1694430550285 164.36283254337044 272
1694430550302 164.32975813527588 273
1694430550318 164.2966905734886 274
1694430550333 164.26362985655075 275
1694430550349 164.23057598300483 276
1694430550364 164.19752895139368 277
1694430550380 164.16448876026053 278
1694430550396 164.1314554081488 279
1694430550413 164.09842889360237 280
1694430550430 164.06540921516526 281
1694430550448 164.03239637138205 282
1694430550464 163.99939036079746 283
1694430550479 163.9663911819566 284
1694430550496 163.93339883340485 285
1694430550511 163.9004133136881 286
1694430550527 163.8674346213523 287
1694430550544 163.83446275494387 288
1694430550559 163.80149771300955 289
1694430550574 163.7685394940964 290
1694430550591 163.73558809675174 291
1694430550607 163.7026435195233 292
1694430550623 163.6697057609591 293
1694430550639 163.6367748196074 294
1694430550654 163.60385069401696 295
1694430550670 163.57093338273668 296
1694430550686 163.53802288431595 297
1694430550703 163.50511919730428 298
1694430550718 163.4722223202517 299
1694430550734 163.43933225170846 300
1694430550751 163.40644899022513 301
1694430550766 163.37357253435266 302
1694430550782 163.34070288264223 303
1694430550799 163.30784003364548 304
1694430550815 163.27498398591422 305
1694430550831 163.2421347380007 306
1694430550847 163.20929228845736 307
1694430550863 163.17645663583713 308
1694430550879 163.14362777869314 309
1694430550896 163.11080571557892 310
1694430550911 163.0779904450482 311
1694430550927 163.04518196565516 312
1694430550943 163.01238027595429 313
1694430550958 162.97958537450026 314
1694430550974 162.94679725984818 315
1694430550990 162.91401593055357 316
1694430551007 162.8812413851721 317
1694430551024 162.8484736222598 318
1694430551040 162.81571264037305 319
1694430551056 162.7829584380686 320
1694430551071 162.7502110139034 321
1694430551088 162.71747036643484 322
1694430551105 162.68473649422057 323
1694430551121 162.65200939581854 324
1694430551137 162.61928906978704 325
1694430551152 162.58657551468477 326
1694430551168 162.55386872907064 327
1694430551184 162.52116871150383 328
1694430551200 162.488475460544 329
1694430551216 162.45578897475104 330
1694430551232 162.42310925268512 331
1694430551248 162.39043629290686 332
1694430551263 162.35777009397705 333
1694430551279 162.32511065445686 334
1694430551296 162.29245797290787 335
1694430551312 162.2598120478918 336
1694430551328 162.2271728779709 337
1694430551344 162.1945404617075 338
1694430551359 162.16191479766448 339
1694430551374 162.12929588440488 340
1694430551391 162.09668372049214 341
1694430551408 162.06407830448995 342
1694430551424 162.0314796349624 343
1694430551439 161.9988877104738 344
1694430551455 161.96630252958892 345
1694430551470 161.93372409087272 346
1694430551486 161.90115239289057 347
1694430551503 161.86858743420808 348
1694430551520 161.83602921339124 349
1694430551536 161.80347772900623 350
1694430551552 161.7709329796198 351
1694430551570 161.7383949637988 352
1694430551587 161.70586368011044 353
1694430551607 161.67333912712226 354
1694430551622 161.64082130340222 355
1694430551638 161.60831020751846 356
1694430551653 161.57580583803946 357
1694430551669 161.54330819353407 358
1694430551685 161.51081727257147 359
1694430551701 161.4783330737211 360
1694430551718 161.4458555955527 361
1694430551733 161.4133848366364 362
1694430551748 161.38092079554258 363
1694430551764 161.348463470842 364
1694430551780 161.31601286110575 365
1694430551797 161.2835689649051 366
1694430551814 161.25113178081185 367
1694430551829 161.21870130739785 368
1694430551845 161.18627754323555 369
1694430551861 161.15386048689754 370
1694430551876 161.12145013695672 371
1694430551892 161.08904649198644 372
1694430551908 161.0566495505602 373
1694430551924 161.02425931125197 374
1694430551941 160.99187577263595 375
1694430551956 160.9594989332866 376
1694430551972 160.9271287917789 377
1694430551988 160.8947653466879 378
1694430552004 160.86240859658915 379
1694430552021 160.83005854005842 380
1694430552037 160.79771517567178 381
1694430552054 160.76537850200575 382
1694430552069 160.73304851763703 383
1694430552085 160.7007252211427 384
1694430552101 160.6684086111001 385
1694430552117 160.63609868608694 386
1694430552133 160.60379544468123 387
1694430552149 160.57149888546127 388
1694430552166 160.53920900700578 389
1694430552182 160.50692580789362 390
1694430552199 160.4746492867041 391
1694430552216 160.44237944201683 392
1694430552232 160.41011627241164 393
1694430552248 160.37785977646882 394
1694430552264 160.34560995276883 395
1694430552279 160.31336679989258 396
1694430552296 160.28113031642118 397
1694430552312 160.2489005009362 398
1694430552328 160.21667735201927 399
1694430552344 160.18446086825264 400
1694430552360 160.15225104821863 401
1694430552376 160.12004789050005 402
1694430552392 160.08785139367987 403
1694430552407 160.05566155634153 404
1694430552424 160.02347837706864 405
1694430552439 159.99130185444523 406
1694430552454 159.95913198705557 407
1694430552469 159.9269687734843 408
1694430552485 159.89481221231634 409
1694430552501 159.86266230213698 410
1694430552518 159.83051904153174 411
1694430552534 159.7983824290865 412
1694430552551 159.76625246338745 413
1694430552566 159.73412914302105 414
1694430552583 159.7020124665742 415
1694430552599 159.6699024326339 416
1694430552615 159.63779903978775 417
1694430552631 159.6057022866234 418
1694430552647 159.5736121717289 419
1694430552663 159.5415286936927 420
1694430552679 159.50945185110345 421
1694430552695 159.4773816425502 422
1694430552710 159.4453180666222 423
1694430552727 159.41326112190916 424
1694430552745 159.38121080700094 425
1694430552762 159.34916712048786 426
1694430552779 159.31713006096052 427
1694430552795 159.28509962700969 428
1694430552811 159.25307581722663 429
1694430552827 159.2210586302029 430
1694430552843 159.18904806453023 431
1694430552859 159.1570441188008 432
1694430552874 159.125046791607 433
1694430552890 159.09305608154168 434
1694430552906 159.06107198719783 435
1694430552922 159.02909450716885 436
1694430552938 158.99712364004844 437
1694430552955 158.96515938443065 438
1694430552970 158.93320173890967 439
1694430552986 158.90125070208023 440
1694430553002 158.86930627253724 441
1694430553018 158.83736844887596 442
1694430553034 158.80543722969193 443
1694430553050 158.77351261358106 444
1694430553066 158.7415945991395 445
1694430553081 158.70968318496375 446
1694430553098 158.6777783696506 447
1694430553113 158.64588015179723 448
1694430553129 158.61398853000094 449
1694430553145 158.58210350285964 450
1694430553160 158.55022506897126 451
1694430553176 158.51835322693418 452
1694430553192 158.4864879753471 453
1694430553208 158.45462931280898 454
1694430553225 158.42277723791912 455
1694430553241 158.39093174927714 456
1694430553257 158.35909284548293 457
1694430553273 158.32726052513667 458
1694430553289 158.29543478683902 459
1694430553305 158.26361562919067 460
1694430553322 158.23180305079288 461
1694430553340 158.19999705024708 462
1694430553357 158.16819762615503 463
1694430553372 158.13640477711888 464
1694430553388 158.1046185017409 465
1694430553404 158.07283879862393 466
1694430553419 158.04106566637088 467
1694430553437 158.00929910358514 468
1694430553452 157.9775391088703 469
1694430553467 157.94578568083028 470
1694430553483 157.9140388180694 471
1694430553500 157.88229851919218 472
1694430553515 157.8505647828035 473
1694430553530 157.81883760750853 474
1694430553546 157.78711699191277 475
1694430553562 157.75540293462194 476
1694430553578 157.72369543424227 477
1694430553595 157.6919944893801 478
1694430553611 157.66030009864215 479
1694430553627 157.62861226063546 480
1694430553643 157.5969309739674 481
1694430553659 157.56525623724556 482
1694430553675 157.53358804907796 483
1694430553691 157.50192640807282 484
1694430553707 157.47027131283872 485
1694430553724 157.43862276198456 486
1694430553740 157.40698075411953 487
1694430553755 157.3753452878531 488
1694430553770 157.34371636179512 489
1694430553787 157.31209397455564 490
1694430553802 157.28047812474517 491
1694430553819 157.24886881097433 492
1694430553836 157.21726603185425 493
1694430553854 157.18566978599623 494
1694430553869 157.1540800720119 495
1694430553885 157.12249688851333 496
1694430553902 157.09092023411267 497
1694430553919 157.0593501074225 498
1694430553935 157.02778650705577 499
