1694436705137 166.57684029291755 0
1694436705158 171.46336039275386 1
1694436705175 161.73995030865999 2
1694436705193 175.9485345407375 3
1694436705210 156.21931281113456 4
1694436705229 153.19073546549166 5
1694436705250 154.4914779060419 6
1694436705269 150.36977760458268 7
1694436705287 149.01820337069324 8
1694436705305 143.8610279589546 9
1694436705323 150.27064986946198 10
1694436705340 145.69801294942994 11
1694436705360 138.91253608827796 12
1694436705378 142.41294183470873 13
1694436705395 145.7241646081106 14
1694436705413 136.29747455919224 15
1694436705430 146.6981217857276 16
1694436705448 137.5219178080659 17
1694436705468 128.6249751291445 18
1694436705486 124.26621722274992 19
1694436705505 129.47274618046495 20
1694436705523 127.322077208943 21
1694436705545 124.26278325724397 22
1694436705568 120.28613133716536 23
1694436705591 114.56638392326245 24
1694436705610 128.1947212687183 25
1694436705627 126.59080969030411 26
1694436705645 124.15593139074 27
1694436705664 119.67232096439245 28
1694436705682 121.87063751101891 29
1694436705700 107.81450176885023 30
1694436705717 111.6588545247448 31
1694436705736 113.6832343697358 32
1694436705754 104.82793606306163 33
1694436705773 105.46020637041097 34
1694436705795 103.15422807004249 35
1694436705817 101.71825208360859 36
1694436705840 104.66456940051363 37
1694436705863 101.27405501077317 38
1694436705888 96.76940809839552 39
1694436705912 97.38151919292905 40
1694436705935 94.08816223694943 41
1694436705958 96.52078298695734 42
1694436705983 96.84341691732519 43
1694436706007 91.94635064208832 44
1694436706029 87.81030815087065 45
1694436706051 88.0442216944774 46
1694436706075 91.92872404812078 47
1694436706098 93.11397939233935 48
1694436706121 90.67655746978866 49
1694436706138 92.61333355654868 50
1694436706156 86.83906653889322 51
1694436706176 83.6782332319922 52
1694436706193 84.33045476180892 53
1694436706211 84.06439895029314 54
1694436706228 79.55410695716853 55
1694436706251 78.45292273076073 56
1694436706281 86.11132981249969 57
1694436706310 80.06943103899802 58
1694436706328 76.16587150683206 59
1694436706345 73.15777318302983 60
1694436706363 76.34439354711996 61
1694436706381 76.7305634101588 62
1694436706399 71.6418423588631 63
1694436706417 73.04564990049725 64
1694436706435 74.38597643743556 65
1694436706453 71.41851731486406 66
1694436706472 67.11371435867004 67
1694436706489 66.56134797262474 68
1694436706507 65.69893982095101 69
1694436706525 66.88720480197915 70
1694436706543 66.09866176486554 71
1694436706561 62.718410072744156 72
1694436706582 63.83889816470275 73
1694436706599 64.9482585495721 74
1694436706617 65.29425719585566 75
1694436706634 58.651471492492306 76
1694436706651 63.46111301512799 77
1694436706670 62.94731979652856 78
1694436706688 58.37814233111752 79
1694436706706 56.55931772671334 80
1694436706724 59.42134206866957 81
1694436706742 57.395358262529555 82
1694436706759 58.16447599517255 83
1694436706779 56.51414704112437 84
1694436706796 50.414248766682626 85
1694436706816 53.61618055505043 86
1694436706836 51.13187720078533 87
1694436706857 57.04194771688888 88
1694436706881 49.13037115004962 89
1694436706898 50.10415681229961 90
1694436706916 49.2159929738864 91
1694436706934 50.534928926917225 92
1694436706952 50.73012833172162 93
1694436706970 48.57852007093886 94
1694436706989 45.966475265369375 95
1694436707007 46.29618620618931 96
1694436707024 46.15990507546674 97
1694436707042 48.864376361760655 98
1694436707060 47.826907323732954 99
1694436707081 43.22602949288355 100
1694436707099 45.36182720988053 101
1694436707117 45.69186132321315 102
1694436707134 43.11758131988058 103
1694436707151 43.83670237350224 104
1694436707171 43.34422281847714 105
1694436707188 42.211384931815665 106
1694436707206 41.765123697825956 107
1694436707224 40.36349777247566 108
1694436707241 39.95805733137326 109
1694436707262 40.14887791219538 110
1694436707284 39.4671446551186 111
1694436707303 37.7127611619185 112
1694436707321 37.85360342894484 113
1694436707338 38.716196088692875 114
1694436707356 36.89994419488273 115
1694436707377 37.36912610472675 116
1694436707395 32.44282918183743 117
1694436707412 36.33616019527283 118
1694436707430 37.492502820737776 119
1694436707448 36.15219052131196 120
1694436707465 33.52171089976819 121
1694436707484 33.874342937646546 122
1694436707502 34.10625053013725 123
1694436707519 35.73662028714817 124
1694436707538 33.60366000677213 125
1694436707556 32.51995945563766 126
1694436707575 34.106914753376444 127
1694436707593 30.292599589615488 128
1694436707610 29.604156632916464 129
1694436707628 28.804567242644644 130
1694436707647 28.179726814904495 131
1694436707666 29.727727399364728 132
1694436707684 28.487842501513114 133
1694436707702 27.912163759381183 134
1694436707720 28.72737163946121 135
1694436707737 29.393960516653227 136
1694436707755 26.54159399534569 137
1694436707772 26.81814702361539 138
1694436707791 27.95517855067126 139
1694436707810 26.440032056087382 140
1694436707827 25.95657692629755 141
1694436707845 25.05937847316962 142
1694436707863 24.920175898148848 143
1694436707881 25.513633547731324 144
1694436707899 24.760562322765946 145
1694436707916 25.34593250749484 146
1694436707934 24.242041719876124 147
1694436707952 24.95694774143999 148
1694436707970 24.069911677236245 149
1694436707991 22.453101526424945 150
1694436708014 22.097298281528218 151
1694436708034 22.17269125584613 152
1694436708053 21.1719756227671 153
1694436708072 22.56858083134953 154
1694436708090 21.801411557852084 155
1694436708108 21.83496815779019 156
1694436708127 21.440120239515156 157
1694436708145 22.124849090964297 158
1694436708163 21.267830237163377 159
1694436708181 20.828213923403062 160
1694436708199 19.87317578356513 161
1694436708218 20.30863238795166 162
1694436708235 21.134200016722648 163
1694436708252 21.27516611848673 164
1694436708269 19.58165983144284 165
1694436708288 20.000403837648744 166
1694436708306 17.605196771988258 167
1694436708325 19.78431182227976 168
1694436708343 18.76214269650021 169
1694436708360 17.401099661531788 170
1694436708377 16.79658976528568 171
1694436708395 16.665212625713252 172
1694436708414 17.37233344560639 173
1694436708432 17.926754240792295 174
1694436708449 17.087326854601343 175
1694436708466 17.17020684412544 176
1694436708485 17.251620500113606 177
1694436708503 15.655736983874304 178
1694436708523 14.528292387071916 179
1694436708547 15.322826748404427 180
1694436708567 14.484720553580061 181
1694436708586 15.254649923192217 182
1694436708604 14.963054902393372 183
1694436708622 15.957130967808217 184
1694436708639 13.386702946503828 185
1694436708658 14.664186250360034 186
1694436708677 13.692286797111837 187
1694436708694 13.116974755814132 188
1694436708712 14.259118586717278 189
1694436708730 13.560801009014295 190
1694436708748 14.481908015811111 191
1694436708766 13.943964490791197 192
1694436708785 14.216502635732722 193
1694436708804 12.931995477032022 194
1694436708821 13.014027235306054 195
1694436708839 13.954544815911703 196
1694436708857 13.111390992093048 197
1694436708874 13.227428686396177 198
1694436708894 11.839003666869065 199
1694436708911 11.777987945003412 200
1694436708929 11.661840787726453 201
1694436708947 12.42791501962252 202
1694436708965 10.894240464150409 203
1694436708983 11.11042574892578 204
1694436709004 11.633138023688858 205
1694436709023 11.533315902411134 206
1694436709041 10.336268508852983 207
1694436709058 9.969438342308228 208
1694436709076 11.014397178931015 209
1694436709096 11.100310649166811 210
1694436709114 9.772898980781859 211
1694436709132 11.816337005331278 212
1694436709150 9.868954348948085 213
1694436709172 8.895733728915914 214
1694436709193 9.79307147385029 215
1694436709212 10.112665764550124 216
1694436709230 10.539096546123133 217
1694436709248 9.714652951804267 218
1694436709266 9.835577695036104 219
1694436709282 9.38396760097149 220
1694436709302 8.373006977853112 221
1694436709320 9.196457747117117 222
1694436709338 9.099935689636657 223
1694436709356 9.383372720500983 224
1694436709373 8.063042244091543 225
1694436709391 8.678857760990363 226
1694436709411 9.396993692222816 227
1694436709430 8.876188977108095 228
1694436709448 8.12104932968337 229
1694436709465 7.735160757956272 230
1694436709483 8.64999034983697 231
1694436709501 8.478961125562021 232
1694436709520 8.04541283873381 233
1694436709537 8.2131426530849 234
1694436709555 7.46351957029386 235
1694436709572 8.106446993780379 236
1694436709591 7.157161664922448 237
1694436709609 7.308944750199408 238
1694436709626 7.3435102347846595 239
1694436709643 6.807595789225636 240
1694436709661 6.982809292784519 241
1694436709678 7.173063145029467 242
1694436709700 6.893452047988994 243
1694436709718 6.961370978309264 244
1694436709736 7.375546070738836 245
1694436709753 7.330283718608958 246
1694436709776 6.72120247342594 247
1694436709801 6.410524107397941 248
1694436709819 6.053827522744261 249
1694436709836 7.000830291464742 250
1694436709855 6.30126121518388 251
1694436709871 6.585946362138066 252
1694436709889 5.913985089940483 253
1694436709910 6.412619982517571 254
1694436709928 6.564217144528243 255
1694436709945 6.312836487106916 256
1694436709963 5.768340506843884 257
1694436709981 5.475632603439509 258
1694436710001 5.800338550057233 259
1694436710019 5.882268966066613 260
1694436710037 5.053804737475056 261
1694436710054 5.418250241066489 262
1694436710073 5.393796084739309 263
1694436710091 5.499925356642289 264
1694436710111 4.927196651897101 265
1694436710129 4.981706752791851 266
1694436710146 4.4541643446666095 267
1694436710165 5.403201592619924 268
1694436710182 4.893963228019888 269
1694436710201 4.142809428540311 270
1694436710219 4.662755909713666 271
1694436710237 5.187862757051298 272
1694436710254 4.133319842408301 273
1694436710272 4.709326624820975 274
1694436710289 4.608716267831174 275
1694436710310 4.779151672369574 276
1694436710328 4.439914526432404 277
1694436710346 5.113404097885637 278
1694436710363 4.416717601916506 279
1694436710388 4.688803551259242 280
1694436710408 4.050249033740399 281
1694436710428 4.074484947979623 282
1694436710444 4.026314526133475 283
1694436710462 4.0645938043111896 284
1694436710480 3.742376621563188 285
1694436710497 3.6856838081094603 286
1694436710517 4.239271322796414 287
1694436710535 3.928251944654313 288
1694436710552 3.651220250951861 289
1694436710570 3.6329636875499136 290
1694436710587 3.7043803192553617 291
1694436710606 3.69073310314833 292
1694436710625 3.2536063168066534 293
1694436710642 3.8300599302678697 294
1694436710660 3.734199846974939 295
1694436710677 3.0014546673934146 296
1694436710695 3.2238184100984575 297
1694436710715 3.8074458952661163 298
1694436710732 3.830028989326085 299
1694436710749 3.523073076864951 300
1694436710767 3.1423645482777225 301
1694436710785 3.4678162394270706 302
1694436710803 3.396738637599239 303
1694436710824 3.0534841812562306 304
1694436710842 4.253051205403301 305
1694436710861 2.869798422248856 306
1694436710878 3.2183403191000695 307
1694436710897 3.0444859324479476 308
1694436710915 3.340223011957183 309
1694436710932 3.139002919690566 310
1694436710950 2.6923241203610466 311
1694436710968 2.356660392389269 312
1694436710986 2.5325851987674 313
1694436711011 2.9201694570361787 314
1694436711032 3.0373433402342367 315
1694436711051 2.2103809009152244 316
1694436711069 2.2976289802321817 317
1694436711087 2.9034371875177802 318
1694436711105 3.1156041159619554 319
1694436711124 2.429272091441427 320
1694436711141 2.6295894684809076 321
1694436711159 2.387002577421917 322
1694436711178 2.1313528739027197 323
1694436711195 2.9629684463595956 324
1694436711213 3.3088813797707863 325
1694436711231 2.6436472757651357 326
1694436711248 2.2684346882600512 327
1694436711266 2.401983896546581 328
1694436711284 2.1879878647978335 329
1694436711301 2.514040530925136 330
1694436711320 2.24454809004596 331
1694436711337 2.1923777250258163 332
1694436711355 2.081709193851466 333
1694436711373 2.334009472529098 334
1694436711390 2.35328363383721 335
1694436711407 2.157543247873644 336
1694436711427 1.835611258913437 337
1694436711444 1.7615224325914214 338
1694436711462 2.719065382831546 339
1694436711479 1.5575103825960086 340
1694436711498 2.18359431076923 341
1694436711516 2.113604012636235 342
1694436711533 1.9368542542899554 343
1694436711551 2.127645552432566 344
1694436711569 1.9234954317187944 345
1694436711587 1.4183211167762875 346
1694436711607 1.8472891554386344 347
1694436711629 2.063020210642329 348
1694436711648 1.5377438014832912 349
1694436711666 1.765826292177934 350
1694436711683 1.7869851505359369 351
1694436711700 1.9295107398773268 352
1694436711720 1.5116308648437664 353
1694436711739 1.8428342341030122 354
1694436711756 1.9051150914297001 355
1694436711774 1.773247220026065 356
1694436711792 1.5212844326619592 357
1694436711811 1.548578688911615 358
1694436711831 1.8060722139289151 359
1694436711849 1.4887009200724501 360
1694436711868 1.6440210764385108 361
1694436711886 1.6676343911930396 362
1694436711904 1.558633698325572 363
1694436711923 1.4438861767660671 364
1694436711941 1.5227521332751812 365
1694436711958 1.513888086038581 366
1694436711977 1.4332737093685815 367
1694436711995 1.4673261088141138 368
1694436712013 1.6833829293562257 369
1694436712034 1.4777707816347039 370
1694436712051 1.36591436433511 371
1694436712069 1.2461808095568252 372
1694436712087 1.2776353711810438 373
1694436712105 1.3131318152834002 374
1694436712125 1.2285093664130933 375
1694436712143 1.3048777845799275 376
1694436712160 1.0533956232061885 377
1694436712177 1.4940494469555161 378
1694436712194 1.6091686097065652 379
1694436712213 1.1214934006593136 380
1694436712236 1.429471677256989 381
1694436712259 0.9969666151531442 382
1694436712277 1.284751905915759 383
1694436712295 1.2525673156277353 384
1694436712313 0.9168058782193372 385
1694436712331 0.8117380394724405 386
1694436712349 1.0743226026547592 387
1694436712368 1.093902851959378 388
1694436712385 0.9632532927109513 389
1694436712402 0.9444645423179635 390
1694436712420 1.327073805803964 391
1694436712439 1.081752855297448 392
1694436712456 1.0478321997976419 393
1694436712474 1.1467364931807522 394
1694436712492 0.8823931512188011 395
1694436712510 1.1776616311004393 396
1694436712530 1.161150172705767 397
1694436712547 1.1025302374551775 398
1694436712566 0.851861593966323 399
1694436712584 1.5134731734437423 400
1694436712601 0.8946053155642945 401
1694436712620 1.1567136005841054 402
1694436712639 1.058372819178109 403
1694436712656 0.6836780724143238 404
1694436712674 0.8602682863541544 405
1694436712692 0.6106888257232355 406
1694436712709 0.9663516355493933 407
1694436712729 1.0054363640473178 408
1694436712746 1.2656424049474602 409
1694436712765 0.8914173026717711 410
1694436712782 0.6793204991761165 411
1694436712799 0.6253083064874642 412
1694436712817 0.7808662020754119 413
1694436712838 0.8580950002297408 414
1694436712864 0.7877979594374268 415
1694436712884 0.7124723350016108 416
1694436712901 1.0399407569217003 417
1694436712920 0.9929009857486949 418
1694436712938 0.639208684626807 419
1694436712957 0.7902816606375713 420
1694436712974 0.7767950825129689 421
1694436712993 0.741696290673705 422
1694436713012 0.8084671480817317 423
1694436713032 0.8936336589565329 424
1694436713050 0.5060226522020617 425
1694436713068 1.0153848461574202 426
1694436713086 0.9164225880092242 427
1694436713102 0.6608406352738478 428
1694436713121 0.7907496033833272 429
1694436713140 0.6891374030880048 430
1694436713158 0.7526551868436825 431
1694436713176 0.7329465866305276 432
1694436713194 1.0813716461504714 433
1694436713211 0.7628411375118038 434
1694436713231 0.5876892432483641 435
1694436713250 0.5937276431848365 436
1694436713267 0.5159171815328059 437
1694436713285 0.4976043709974241 438
1694436713303 0.5598902006026798 439
1694436713320 0.8489973933752458 440
1694436713340 0.4770694544123147 441
1694436713357 0.6173999240897102 442
1694436713375 0.7873762772495627 443
1694436713393 0.43651569444077987 444
1694436713411 0.41932720002229873 445
1694436713429 0.5126383185748891 446
1694436713451 0.7174347469911844 447
1694436713471 0.5786078429564505 448
1694436713489 0.35632542116532095 449
1694436713506 0.42563803747889656 450
1694436713525 0.7226572045347733 451
1694436713545 0.3792270010678433 452
1694436713562 0.5785638320167125 453
1694436713580 0.5056127983099566 454
1694436713598 0.5920562299227196 455
1694436713617 0.5940903471897194 456
1694436713635 0.3706227119222229 457
1694436713654 0.30805571714827135 458
1694436713671 0.7125138042004868 459
1694436713689 0.48637615367596665 460
1694436713708 0.5127916771781932 461
1694436713725 0.437612331145622 462
1694436713744 0.5507440396700345 463
1694436713762 0.3226320502825893 464
1694436713779 0.6072863765264875 465
1694436713797 0.35376234945331275 466
1694436713815 0.3648993410138778 467
1694436713834 0.4155464906864364 468
1694436713852 0.7224559436299364 469
1694436713869 0.4997561408493004 470
1694436713887 0.46176376127823554 471
1694436713904 0.5776415088882415 472
1694436713923 0.35033777205729727 473
1694436713942 0.582733217189988 474
1694436713960 0.5406952422759311 475
1694436713977 0.4321960031026975 476
1694436713996 0.48440827669401926 477
1694436714013 0.63308889023678 478
1694436714033 0.38548993529911924 479
1694436714052 0.3304917514389188 480
1694436714073 0.3579453565978759 481
1694436714095 0.24285984569761038 482
1694436714115 0.49384561110398767 483
1694436714134 0.4022241440029312 484
1694436714153 0.5768776204989309 485
1694436714170 0.49742423880779135 486
1694436714187 0.3117295521698959 487
1694436714205 0.29110817239196224 488
1694436714223 0.3466751308971654 489
1694436714243 0.37705925219796893 490
1694436714262 0.24638602617313424 491
1694436714279 0.3596785313957298 492
1694436714296 0.2362299866738507 493
1694436714315 0.3434232093157412 494
1694436714333 0.32057128378826494 495
1694436714352 0.3220484874859622 496
1694436714370 0.5517291290702842 497
1694436714388 0.3689202164039089 498
1694436714405 0.2747706568529046 499
