1694435947677 73.38809912151132 0
1694435947752 29.28680011518732 1
1694435947835 12.269007974716008 2
1694435947924 4.802451438756397 3
1694435948016 3.9817630086375186 4
1694435948090 1.4978668094209826 5
1694435948165 0.7408772492022861 6
1694435948238 0.19244553873936648 7
1694435948311 0.2916617081122264 8
1694435948386 0.02006214727136015 9
1694435948461 0.4392801926935485 10
1694435948536 0.02559104542019056 11
1694435948616 0.02595272858816448 12
1694435948691 0.009535603014718674 13
1694435948770 0.038595670391815835 14
1694435948862 0.17433663722211537 15
1694435948939 0.09914543276402109 16
1694435949014 0.2673274455351031 17
1694435949088 0.04783826409247967 18
1694435949165 0.0003672749213945344 19
1694435949241 0.009437757928929896 20
1694435949313 0.008188390726716248 21
1694435949388 0.05466112559090371 22
1694435949463 0.29622664225116013 23
1694435949542 0.06858101362576453 24
1694435949616 0.010779346060716255 25
1694435949691 0.03592849777301586 26
1694435949765 0.01765201982007957 27
1694435949840 0.0007861080870484115 28
1694435949913 0.11899842076626296 29
1694435949987 0.010490872959795094 30
1694435950060 0.004345408207048023 31
1694435950133 0.31456601791115757 32
1694435950206 0.03475930900731077 33
1694435950284 0.09061980811749754 34
1694435950366 0.0698249708409551 35
1694435950440 0.04999541543547126 36
1694435950513 0.004482487428560173 37
1694435950589 0.023407011260850947 38
1694435950664 0.0018021046159705136 39
1694435950739 0.0032743140148116727 40
1694435950813 0.043484361039343944 41
1694435950886 0.0026297741064234773 42
1694435950959 0.23713864104677157 43
1694435951033 0.021697972264981682 44
1694435951106 0.17566459984792757 45
1694435951186 0.1719764295402239 46
1694435951267 0.04149664952057066 47
1694435951340 0.0005586430984133099 48
1694435951415 0.006257909392359249 49
1694435951491 0.010563607081443865 50
1694435951566 0.208909947311303 51
1694435951640 0.05463147293438389 52
1694435951714 0.02920682341009853 53
1694435951788 0.00015000274935901857 54
1694435951863 0.32824290459191946 55
1694435951934 0.027375547990972138 56
1694435952009 0.040533031320557224 57
1694435952098 0.0027732381666610746 58
1694435952174 0.01949078540483239 59
1694435952246 0.0006620602310260566 60
1694435952320 0.02716062410324871 61
1694435952396 0.022480756942699808 62
1694435952469 0.019440632061542777 63
1694435952542 0.051834450421944275 64
1694435952617 0.12345889398147603 65
1694435952691 3.9263700434019284e-05 66
1694435952766 0.0010252483831508152 67
1694435952838 0.11257927250294668 68
1694435952911 0.010345609602567446 69
1694435952993 0.00040823017156634846 70
1694435953067 0.03640763557782452 71
1694435953139 0.011963830585112991 72
1694435953213 0.2393356606199758 73
1694435953288 0.10320198766347609 74
1694435953364 9.12097588110244e-06 75
1694435953437 0.045222558051263725 76
1694435953511 0.05563138045064259 77
1694435953585 0.17362585807257258 78
1694435953662 0.42184946169736354 79
1694435953735 0.23687069329027513 80
1694435953814 0.0031374789838310856 81
1694435953892 0.005775044725419418 82
1694435953966 0.008038208056259565 83
1694435954039 0.11627440288048359 84
1694435954115 0.17898473573067666 85
1694435954190 0.05342069663839179 86
1694435954264 0.1742328815776882 87
1694435954339 0.00517446555731652 88
1694435954413 0.1598391650850083 89
1694435954488 0.040352595719884705 90
1694435954562 0.000468316962525123 91
1694435954637 0.005750877918774925 92
1694435954714 0.10848827236176246 93
1694435954789 3.970391365798435e-05 94
1694435954863 0.0022229548974239655 95
1694435954938 6.99156921381366e-06 96
1694435955012 0.0020288146690789414 97
1694435955088 0.013623221001085985 98
1694435955162 0.023403464419992925 99
1694435955236 0.1467559321908909 100
1694435955310 0.02186066501294294 101
1694435955386 0.1856785247010972 102
1694435955459 0.0870560839355776 103
1694435955538 0.1441300844781994 104
1694435955611 0.00105238791639064 105
1694435955694 0.14499489403905622 106
1694435955767 0.006178156772423061 107
1694435955841 0.20114486579838295 108
1694435955914 0.0010009046470576839 109
1694435955990 0.06610196894421712 110
1694435956062 0.033400759845526096 111
1694435956136 0.11278171584757586 112
1694435956211 0.005064083890590493 113
1694435956289 0.039696296831770166 114
1694435956362 0.007281895543196673 115
1694435956441 0.022741685570247583 116
1694435956515 0.13007661534207476 117
1694435956590 0.16814366507201156 118
1694435956664 0.03667629407833236 119
1694435956739 0.10734112698646077 120
1694435956814 3.576308284666403e-05 121
1694435956887 0.00013008690516976923 122
1694435956961 0.06768567741313518 123
1694435957036 0.20877987871610543 124
1694435957111 0.4589686432773446 125
1694435957183 0.0019434498141700394 126
1694435957257 0.06465638053465245 127
1694435957333 0.011740948425152926 128
1694435957409 0.0013260337271340842 129
1694435957482 0.09380436826633738 130
1694435957557 0.18856921771612484 131
1694435957633 0.05166620471487668 132
1694435957708 0.2956939911368982 133
1694435957781 0.07148405734499791 134
1694435957856 0.00033916507299982146 135
1694435957930 0.029705663426882186 136
1694435958005 0.02584436077308311 137
1694435958080 0.011280901768696958 138
1694435958161 0.17242729110314986 139
1694435958236 0.02075103366315208 140
1694435958312 0.08535811797651009 141
1694435958384 0.020717708652887804 142
1694435958457 0.03368492297782166 143
1694435958532 0.0941817447630991 144
1694435958607 0.10959355618047271 145
1694435958682 0.005231118843294982 146
1694435958757 0.28877846075146624 147
1694435958831 0.0016107889833879285 148
1694435958904 0.4530660728671746 149
1694435958977 0.14043000500630995 150
1694435959056 0.07548425891653308 151
1694435959129 0.4305751742076515 152
1694435959203 0.00903954896140077 153
1694435959276 0.18591901660513022 154
1694435959351 0.18084860801335337 155
1694435959428 0.5884317465393418 156
1694435959501 0.1314796399999873 157
1694435959578 0.010328345585858859 158
1694435959653 0.020816738648503537 159
1694435959728 0.0562148518634504 160
1694435959800 0.19950495257509257 161
1694435959893 0.0018609419137999347 162
1694435959967 0.011273971784885626 163
1694435960040 0.15366177842402057 164
1694435960115 0.003623627143105242 165
1694435960188 0.27403434003459043 166
1694435960268 0.001458610417986362 167
1694435960342 4.0131988215933284e-05 168
1694435960415 0.005899375992336314 169
1694435960490 0.08110307578300299 170
1694435960564 0.05170003030626131 171
1694435960637 0.04695105349612612 172
1694435960710 0.013366828372923552 173
1694435960787 0.07788380443918809 174
1694435960860 0.6808139581872988 175
1694435960933 0.17221871944375947 176
1694435961006 0.005106520879618329 177
1694435961081 0.09560124872654917 178
1694435961156 0.01670742079436204 179
1694435961231 0.013475835924477559 180
1694435961305 0.11929689811368165 181
1694435961379 0.08838596951188797 182
1694435961454 0.3856397475834383 183
1694435961528 0.3131049311156301 184
1694435961610 0.023156014067411478 185
1694435961685 0.2616868686801383 186
1694435961760 0.7930499701945327 187
1694435961835 0.013240571374382103 188
1694435961908 0.0780656502163858 189
1694435961982 0.004717879367462906 190
1694435962057 0.2065787379019064 191
1694435962129 0.45865335917961414 192
1694435962203 0.02946721572474519 193
1694435962278 0.04436587136511906 194
1694435962354 0.18102911538088892 195
1694435962428 0.22027972779707292 196
1694435962504 0.012634291598060076 197
1694435962578 0.025291747323877112 198
1694435962656 0.06625060421132838 199
1694435962728 0.05961689830143507 200
1694435962803 0.06830492217702597 201
1694435962877 0.016627938626821867 202
1694435962952 0.0031400079972700176 203
1694435963027 0.017499249531340324 204
1694435963100 0.10133785043247566 205
1694435963175 0.2091063651040485 206
1694435963248 0.009468881708325565 207
1694435963326 0.00027192750812350886 208
1694435963405 0.007121987703781361 209
1694435963479 0.026047552990842708 210
1694435963555 0.09240738642598119 211
1694435963628 0.01983418375974316 212
1694435963702 0.003017247269704823 213
1694435963777 0.017749220926280992 214
1694435963848 0.1400867907769455 215
1694435963921 0.0132464567149808 216
1694435964001 0.01990454842219587 217
1694435964074 0.006976934400979905 218
1694435964149 0.3370562669356928 219
1694435964225 0.020967275642004724 220
1694435964299 0.06702599607237499 221
1694435964374 4.1719232827662625e-05 222
1694435964449 0.06363053529279622 223
1694435964522 0.06945818795065804 224
1694435964595 1.545747106223788e-05 225
1694435964669 0.00578286721898302 226
1694435964742 0.24078530918070473 227
1694435964816 0.014253571381902832 228
1694435964894 0.034675526000530005 229
1694435964970 0.03175223141234998 230
1694435965043 0.15272004666916925 231
1694435965123 0.0023543377116074233 232
1694435965195 0.03437320839413237 233
1694435965270 0.5384335262435312 234
1694435965342 0.09096012678956106 235
1694435965418 0.03224239969347429 236
1694435965492 0.010056361393426569 237
1694435965567 0.13192393480341633 238
1694435965646 0.04725846534410421 239
1694435965722 0.1673591111824638 240
1694435965799 0.21444413116854238 241
1694435965873 0.6569065176760168 242
1694435965951 0.268464940515288 243
1694435966027 0.0011102320522511056 244
1694435966102 0.006363483800770692 245
1694435966177 0.0587520915979257 246
1694435966250 0.05889321987793268 247
1694435966324 0.00021615451854844374 248
1694435966399 0.0045279363643289435 249
1694435966472 0.16006546166876814 250
1694435966544 0.0005321868543826798 251
1694435966619 0.010353959295295267 252
1694435966694 0.0712004263688502 253
1694435966768 0.07203807838235941 254
1694435966851 1.576239264733045e-05 255
1694435966925 4.162963395275771e-05 256
1694435966999 0.1935897703528272 257
1694435967076 0.007179550049686053 258
1694435967149 0.0003982811459260699 259
1694435967223 0.020074955337559403 260
1694435967299 0.004379461500461863 261
1694435967372 0.09622444780174534 262
1694435967446 0.0002978296326722748 263
1694435967523 0.019422629317108604 264
1694435967597 1.5309412643425233e-05 265
1694435967679 0.047909036137247715 266
1694435967753 0.09284068492702535 267
1694435967830 0.09600855609952105 268
1694435967905 0.025491905672219508 269
1694435967978 8.841964728179018e-07 270
1694435968052 0.23104397079570757 271
1694435968126 0.3756314360616282 272
1694435968199 0.21618072744754913 273
1694435968273 0.022976658961920214 274
1694435968348 0.792158609366474 275
1694435968422 0.17325185266226112 276
1694435968502 0.007289562233261309 277
1694435968588 0.011492574635866126 278
1694435968666 0.053756049937643546 279
1694435968739 0.40057678449239253 280
1694435968813 0.0014518522443699741 281
1694435968885 0.2857334726637732 282
1694435968960 0.15668970993581297 283
1694435969035 0.02596889710130995 284
1694435969110 0.006978220147631814 285
1694435969184 0.01686858257924504 286
1694435969257 0.7862960182986755 287
1694435969332 0.0004260251782743264 288
1694435969409 0.09527681092064026 289
1694435969481 0.03141221333823474 290
1694435969556 0.015041083886366331 291
1694435969636 0.0851473298654215 292
1694435969708 0.14472746116663937 293
1694435969781 0.20545595188879046 294
1694435969854 0.1441382013959857 295
1694435969930 0.010945144691391701 296
1694435970005 0.01582292706313268 297
1694435970080 0.18251003725555964 298
1694435970154 0.2705367237781959 299
1694435970229 0.1478836171336018 300
1694435970310 0.13108448580627086 301
1694435970384 0.03747394760054539 302
1694435970457 0.49284053352632967 303
1694435970530 0.25404011427633294 304
1694435970602 0.010378325825629134 305
1694435970679 0.21565036008694857 306
1694435970753 0.00016251773240799584 307
1694435970828 0.09010551439542508 308
1694435970900 0.006538212486182205 309
1694435970974 0.27818134112463727 310
1694435971049 0.0004930987876537287 311
1694435971127 0.1172938147111348 312
1694435971202 0.023992769947895263 313
1694435971278 0.0715659147344436 314
1694435971352 0.0013300834338189913 315
1694435971428 0.004709569672756202 316
1694435971501 0.024195336126066804 317
1694435971576 0.060885981612087116 318
1694435971652 0.22610754848516376 319
1694435971725 0.0400808695225205 320
1694435971798 0.03774440247285468 321
1694435971874 0.04190010638355099 322
1694435971948 0.039460597291675115 323
1694435972025 0.00934508976648536 324
1694435972100 0.020149974650523577 325
1694435972175 0.008522124541382969 326
1694435972248 0.053422443091098115 327
1694435972326 0.0005239179715622283 328
1694435972405 0.05368192281536475 329
1694435972480 0.02075164015274956 330
1694435972554 0.0028367371332022363 331
1694435972628 0.025416483135530618 332
1694435972704 0.011064904085591415 333
1694435972779 0.06637834286055579 334
1694435972854 0.005148406742475169 335
1694435972927 0.0009154308492045479 336
1694435973000 0.2447340295579821 337
1694435973075 0.06718708903083434 338
1694435973147 0.015498672047275284 339
1694435973219 0.07400343107611392 340
1694435973294 0.0027980360919613355 341
1694435973376 0.015343075212553202 342
1694435973451 0.10042258804924775 343
1694435973524 0.32950525731867925 344
1694435973600 0.16672230207705976 345
1694435973686 0.428109168268964 346
1694435973767 0.07192609080874944 347
1694435973841 0.07535883050554741 348
1694435973914 0.4216547519453481 349
1694435973989 0.04305446282706361 350
1694435974063 0.05857386408057168 351
1694435974135 0.022936565826186264 352
1694435974209 0.03942297703139213 353
1694435974284 0.67274149884715 354
1694435974360 0.023921414013014418 355
1694435974432 0.1433839622386664 356
1694435974506 0.08062900543192934 357
1694435974585 0.0004988605832369019 358
1694435974662 0.00881167747154259 359
1694435974734 0.051496400678751206 360
1694435974811 0.00021672220599944849 361
1694435974886 0.020866480568645884 362
1694435974963 0.08889541508489548 363
1694435975038 0.7390240442057623 364
1694435975113 0.781375432148557 365
1694435975187 0.036576950789618395 366
1694435975264 0.034892129806187284 367
1694435975337 7.450235689132301e-05 368
1694435975412 0.16025215888816927 369
1694435975490 0.05844749106482917 370
1694435975565 0.04128492131007272 371
1694435975639 0.01972522434609324 372
1694435975712 0.05387896867342914 373
1694435975787 0.0014700484396612803 374
1694435975860 0.008493950610805146 375
1694435975935 0.13740229019009437 376
1694435976007 0.21372998784901037 377
1694435976084 0.011809527697478808 378
1694435976157 0.00942366216902879 379
1694435976235 0.12232168288832561 380
1694435976311 0.08987411109350847 381
1694435976386 0.2864373225428331 382
1694435976459 0.0732124177506908 383
1694435976532 0.04074264887182236 384
1694435976607 0.17371370926165153 385
1694435976684 4.054530254060705e-05 386
1694435976757 0.08311904782703847 387
1694435976832 0.35217216081312874 388
1694435976907 0.008279333420164523 389
1694435976981 6.491377055200426e-06 390
1694435977053 0.09866473094855392 391
1694435977137 0.047232640438889396 392
1694435977213 0.38893100878952597 393
1694435977290 0.01078846916611244 394
1694435977362 0.014939272581021854 395
1694435977437 0.21472027054782572 396
1694435977512 0.004248920892518357 397
1694435977588 2.8769964498549815e-05 398
1694435977668 0.014183613834807512 399
1694435977741 0.45821908388073096 400
1694435977817 0.02046223661987753 401
1694435977893 0.3127292445521012 402
1694435977974 0.05015392282269516 403
1694435978050 0.017057086020629855 404
1694435978124 0.049459729061474604 405
1694435978199 0.03260963905650853 406
1694435978272 0.0014908928265478323 407
1694435978347 0.004303588054262107 408
1694435978421 0.025814414480122165 409
1694435978494 0.10852029780039381 410
1694435978568 0.04531589635524154 411
1694435978645 0.2145571965799948 412
1694435978719 0.010617218210920076 413
1694435978792 0.0033785544125365737 414
1694435978869 0.07669644142318424 415
1694435978947 0.046497295385955685 416
1694435979022 0.010607969724033921 417
1694435979094 0.006545818526779606 418
1694435979182 0.12485860490507564 419
1694435979258 0.07886486043483938 420
1694435979333 0.03430166449216628 421
1694435979410 0.00017731333040682705 422
1694435979482 0.1643597686078221 423
1694435979556 0.0016597615353931678 424
1694435979632 0.020922146870196754 425
1694435979712 0.22787658122837062 426
1694435979787 0.005960874789025066 427
1694435979861 0.38697410588364894 428
1694435979937 0.007082296035930805 429
1694435980012 0.06721809574588726 430
1694435980086 0.0046256073892101445 431
1694435980158 0.013845270002061587 432
1694435980232 0.01544893261389739 433
1694435980306 0.000533569614348856 434
1694435980379 0.008089460339069186 435
1694435980454 0.051784246135777104 436
1694435980531 0.02804972948638333 437
1694435980608 0.004412875134963389 438
1694435980681 0.05813988145427118 439
1694435980755 0.06373285095182964 440
1694435980829 0.5714875950857885 441
1694435980900 0.0038334345818883176 442
1694435980976 0.1722191538658989 443
1694435981051 0.11388366490076353 444
1694435981125 0.029009467411034943 445
1694435981197 0.14745213827517883 446
1694435981274 0.13544137617429966 447
1694435981349 0.019165343316098565 448
1694435981424 0.04676336752561795 449
1694435981497 0.0015467780959459426 450
1694435981571 0.0001688125002021829 451
1694435981646 0.013201730240902496 452
1694435981726 0.0049607107802562235 453
1694435981798 0.43962716353003445 454
1694435981873 0.2065879667442467 455
1694435981950 0.025582434633128343 456
1694435982025 0.03000195903515287 457
1694435982098 0.17938488098020408 458
1694435982172 0.003069323051482693 459
1694435982247 0.014295095096590167 460
1694435982324 0.4284888993603824 461
1694435982398 0.035837941741455374 462
1694435982475 0.040186641840494385 463
1694435982549 0.0031644128712768112 464
1694435982622 0.21817776059568633 465
1694435982699 0.07557421297951654 466
1694435982773 0.29172773362266147 467
1694435982849 0.0030553352112733514 468
1694435982923 0.07035332976696344 469
1694435982997 0.26184347914010697 470
1694435983070 0.17544819432696887 471
1694435983147 0.05665063024011441 472
1694435983220 0.2159807565068779 473
1694435983293 0.021968854654359427 474
1694435983366 0.007171681613527995 475
1694435983441 0.08486341564863568 476
1694435983515 0.16131324670631986 477
1694435983589 0.003307587243206223 478
1694435983664 0.0763722059292038 479
1694435983736 0.012256793867515983 480
1694435983809 0.01950903205655993 481
1694435983884 0.21648928987801397 482
1694435983959 0.0016274303877909907 483
1694435984034 0.6845366218527222 484
1694435984109 0.0010274260302203812 485
1694435984181 0.00853427161735303 486
1694435984257 0.3389138514511176 487
1694435984330 0.3049367650255701 488
1694435984404 0.047817208984041265 489
1694435984479 5.376663645313617e-05 490
1694435984553 0.0069877869035369355 491
1694435984628 0.04124028653504227 492
1694435984701 0.3422877672056977 493
1694435984774 0.0031568021999149767 494
1694435984848 0.020124937522549662 495
1694435984924 0.12622107246249578 496
1694435985000 0.013412129602176436 497
1694435985075 0.06158100603506641 498
1694435985147 0.06413216982493039 499
