1694432744807 169.03908926289097 0
1694432744824 169.0052472214726 1
1694432744841 168.97835483491878 2
1694432744858 168.95143152804204 3
1694432744874 168.92451252830153 4
1694432744891 168.89759783426547 5
1694432744908 168.8706874452433 6
1694432744924 168.8437813605445 7
1694432744941 168.81687957947872 8
1694432744958 168.7899821013557 9
1694432744975 168.7630889254853 10
1694432744992 168.73620005117746 11
1694432745009 168.70931547774225 12
1694432745025 168.68243520448988 13
1694432745041 168.6555592307306 14
1694432745058 168.62868755577492 15
1694432745074 168.60182017893322 16
1694432745091 168.5749570995162 17
1694432745109 168.54809831683457 18
1694432745125 168.52124383019927 19
1694432745141 168.4943936389211 20
1694432745159 168.46754774231127 21
1694432745176 168.4407061396809 22
1694432745192 168.41386883034136 23
1694432745209 168.3870358136039 24
1694432745225 168.36020708878016 25
1694432745241 168.33338265518174 26
1694432745257 168.30656251212034 27
1694432745275 168.27974665890787 28
1694432745292 168.25293509485624 29
1694432745310 168.22612781927754 30
1694432745330 168.19932483148392 31
1694432745349 168.17252613078773 32
1694432745367 168.14573171650133 33
1694432745385 168.11894158793726 34
1694432745404 168.09215574440807 35
1694432745421 168.06537418522655 36
1694432745437 168.03859690970555 37
1694432745453 168.01182391715804 38
1694432745469 167.985055206897 39
1694432745486 167.9582907782357 40
1694432745503 167.9315306304874 41
1694432745520 167.90477476296547 42
1694432745536 167.8780231749834 43
1694432745551 167.85127586585486 44
1694432745567 167.82453283489355 45
1694432745584 167.79779408141334 46
1694432745601 167.77105960472815 47
1694432745618 167.74432940415204 48
1694432745635 167.71760347899922 49
1694432745651 167.6908818285839 50
1694432745667 167.66416445222052 51
1694432745684 167.63745134922354 52
1694432745701 167.61074251890764 53
1694432745717 167.58403796058747 54
1694432745735 167.55733767357793 55
1694432745753 167.5306416571939 56
1694432745769 167.50394991075046 57
1694432745785 167.4772624335628 58
1694432745802 167.45057922494613 59
1694432745819 167.42390028421588 60
1694432745835 167.3972256106875 61
1694432745852 167.37055520367667 62
1694432745868 167.34388906249904 63
1694432745884 167.3172271864705 64
1694432745901 167.2905695749069 65
1694432745918 167.26391622712427 66
1694432745935 167.2372671424389 67
1694432745951 167.21062232016695 68
1694432745968 167.18398175962483 69
1694432745986 167.15734546012894 70
1694432746002 167.13071342099602 71
1694432746019 167.10408564154267 72
1694432746035 167.07746212108572 73
1694432746051 167.05084285894213 74
1694432746067 167.02422785442891 75
1694432746083 166.9976171068632 76
1694432746100 166.9710106155623 77
1694432746116 166.9444083798435 78
1694432746135 166.91781039902432 79
1694432746152 166.89121667242233 80
1694432746169 166.86462719935525 81
1694432746185 166.83804197914083 82
1694432746202 166.81146101109704 83
1694432746219 166.7848842945419 84
1694432746236 166.7583118287935 85
1694432746251 166.73174361317012 86
1694432746268 166.70517964699005 87
1694432746285 166.67861992957185 88
1694432746301 166.65206446023404 89
1694432746318 166.62551323829527 90
1694432746335 166.5989662630744 91
1694432746352 166.57242353389026 92
1694432746366 166.54588505006194 93
1694432746384 166.51935081090852 94
1694432746400 166.4928208157492 95
1694432746419 166.46629506390337 96
1694432746436 166.43977355469045 97
1694432746452 166.41325628743 98
1694432746468 166.38674326144167 99
1694432746485 166.36023447604526 100
1694432746500 166.33372993056074 101
1694432746517 166.30722962430792 102
1694432746533 166.2807335566071 103
1694432746550 166.25424172677833 104
1694432746566 166.22775413414203 105
1694432746582 166.20127077801865 106
1694432746599 166.1747916577287 107
1694432746615 166.14831677259278 108
1694432746631 166.12184612193175 109
1694432746648 166.09537970506642 110
1694432746664 166.06891752131776 111
1694432746681 166.04245957000688 112
1694432746698 166.01600585045503 113
1694432746714 165.98955636198346 114
1694432746731 165.9631111039136 115
1694432746747 165.936670075567 116
1694432746763 165.9102332762653 117
1694432746780 165.88380070533017 118
1694432746795 165.85737236208354 119
1694432746811 165.83094824584734 120
1694432746827 165.80452835594366 121
1694432746844 165.77811269169467 122
1694432746861 165.7517012524227 123
1694432746877 165.72529403745006 124
1694432746894 165.6988910460994 125
1694432746909 165.67249227769315 126
1694432746926 165.64609773155425 127
1694432746944 165.61970740700536 128
1694432746962 165.59332130336958 129
1694432746979 165.5669394199698 130
1694432746994 165.54056175612928 131
1694432747012 165.51418831117132 132
1694432747028 165.48781908441921 133
1694432747045 165.4614540751965 134
1694432747061 165.43509328282678 135
1694432747076 165.4087367066338 136
1694432747094 165.38238434594126 137
1694432747110 165.3560362000732 138
1694432747127 165.32969226835363 139
1694432747143 165.30335255010664 140
1694432747160 165.27701704465656 141
1694432747176 165.2506857513277 142
1694432747193 165.22435866944454 143
1694432747208 165.1980357983316 144
1694432747226 165.17171713731366 145
1694432747242 165.14540268571557 146
1694432747259 165.11909244286204 147
1694432747275 165.09278640807818 148
1694432747291 165.06648458068918 149
1694432747307 165.0401869600202 150
1694432747324 165.0138935453966 151
1694432747340 164.9876043361438 152
1694432747356 164.9613193315874 153
1694432747372 164.93503853105295 154
1694432747389 164.9087619338664 155
1694432747406 164.8824895393535 156
1694432747422 164.85622134684033 157
1694432747440 164.82995735565294 158
1694432747455 164.8036975651175 159
1694432747471 164.7774419745604 160
1694432747488 164.75119058330802 161
1694432747504 164.72494339068686 162
1694432747520 164.69870039602364 163
1694432747537 164.6724615986451 164
1694432747554 164.64622699787802 165
1694432747570 164.61999659304945 166
1694432747588 164.5937703834864 167
1694432747604 164.56754836851613 168
1694432747621 164.54133054746586 169
1694432747638 164.515116919663 170
1694432747655 164.48890748443512 171
1694432747671 164.46270224110975 172
1694432747688 164.43650118901465 173
1694432747704 164.41030432747763 174
1694432747721 164.38411165582667 175
1694432747738 164.3579231733898 176
1694432747754 164.33173887949522 177
1694432747771 164.3055587734711 178
1694432747787 164.2793828546459 179
1694432747803 164.25321112234806 180
1694432747819 164.22704357590618 181
1694432747838 164.20088021464895 182
1694432747855 164.17472103790516 183
1694432747871 164.14856604500375 184
1694432747889 164.12241523527373 185
1694432747904 164.09626860804428 186
1694432747921 164.07012616264456 187
1694432747937 164.0439878984039 188
1694432747953 164.0178538146518 189
1694432747969 163.99172391071784 190
1694432747986 163.9655981859317 191
1694432748003 163.9394766396231 192
1694432748019 163.91335927112198 193
1694432748036 163.88724607975826 194
1694432748052 163.86113706486208 195
1694432748067 163.83503222576368 196
1694432748084 163.80893156179334 197
1694432748100 163.78283507228147 198
1694432748116 163.75674275655865 199
1694432748134 163.7306546139554 200
1694432748151 163.70457064380267 201
1694432748168 163.67849084543116 202
1694432748185 163.65241521817185 203
1694432748202 163.62634376135586 204
1694432748218 163.60027647431434 205
1694432748235 163.5742133563786 206
1694432748251 163.54815440687995 207
1694432748267 163.52209962515 208
1694432748284 163.4960490105203 209
1694432748300 163.47000256232258 210
1694432748315 163.44396027988864 211
1694432748331 163.4179221625504 212
1694432748348 163.39188820964 213
1694432748364 163.3658584204895 214
1694432748380 163.33983279443115 215
1694432748398 163.31381133079734 216
1694432748414 163.2877940289205 217
1694432748430 163.26178088813325 218
1694432748446 163.23577190776825 219
1694432748463 163.2097670871583 220
1694432748478 163.18376642563626 221
1694432748494 163.1577699225352 222
1694432748511 163.13177757718825 223
1694432748526 163.10578938892854 224
1694432748544 163.0798053570894 225
1694432748560 163.05382548100434 226
1694432748577 163.02784976000686 227
1694432748593 163.00187819343063 228
1694432748610 162.97591078060935 229
1694432748626 162.94994752087698 230
1694432748643 162.92398841356737 231
1694432748661 162.89803345801474 232
1694432748678 162.87208265355312 233
1694432748694 162.84613599951692 234
1694432748710 162.82019349524052 235
1694432748727 162.7942551400584 236
1694432748746 162.76832093330515 237
1694432748763 162.74239087431553 238
1694432748780 162.71646496242437 239
1694432748797 162.69054319696662 240
1694432748812 162.66462557727723 241
1694432748828 162.6387121026915 242
1694432748846 162.61280277254454 243
1694432748862 162.58689758617177 244
1694432748878 162.5609965429087 245
1694432748895 162.53509964209084 246
1694432748911 162.5092068830539 247
1694432748927 162.48331826513373 248
1694432748944 162.45743378766613 249
1694432748961 162.43155344998715 250
1694432748977 162.40567725143293 251
1694432748993 162.3798051913396 252
1694432749009 162.35393726904357 253
1694432749026 162.32807348388124 254
1694432749042 162.30221383518915 255
1694432749058 162.27635832230396 256
1694432749074 162.2505069445624 257
1694432749091 162.22465970130136 258
1694432749107 162.1988165918578 259
1694432749123 162.17297761556875 260
1694432749140 162.14714277177137 261
1694432749156 162.12131205980302 262
1694432749172 162.0954854790011 263
1694432749188 162.06966302870305 264
1694432749205 162.0438447082465 265
1694432749221 162.01803051696916 266
1694432749237 161.99222045420882 267
1694432749253 161.96641451930347 268
1694432749269 161.94061271159111 269
1694432749286 161.91481503040984 270
1694432749304 161.88902147509796 271
1694432749321 161.86323204499382 272
1694432749340 161.83744673943582 273
1694432749356 161.81166555776258 274
1694432749373 161.78588849931276 275
1694432749390 161.76011556342516 276
1694432749406 161.7343467494386 277
1694432749422 161.70858205669214 278
1694432749439 161.6828214845248 279
1694432749455 161.65706503227585 280
1694432749473 161.63131269928456 281
1694432749489 161.60556448489035 282
1694432749505 161.57982038843278 283
1694432749521 161.5540804092514 284
1694432749537 161.52834454668601 285
1694432749554 161.5026128000765 286
1694432749570 161.4768851687627 287
1694432749587 161.4511616520847 288
1694432749603 161.42544224938268 289
1694432749619 161.39972695999694 290
1694432749635 161.37401578326777 291
1694432749652 161.34830871853566 292
1694432749669 161.3226057651413 293
1694432749686 161.29690692242525 294
1694432749702 161.27121218972837 295
1694432749719 161.24552156639155 296
1694432749735 161.21983505175584 297
1694432749753 161.19415264516226 298
1694432749769 161.1684743459521 299
1694432749786 161.14280015346668 300
1694432749802 161.1171300670474 301
1694432749818 161.0914640860358 302
1694432749834 161.0658022097736 303
1694432749851 161.0401444376025 304
1694432749868 161.0144907688643 305
1694432749886 160.98884120290106 306
1694432749903 160.9631957390548 307
1694432749920 160.9375543766677 308
1694432749937 160.911917115082 309
1694432749953 160.88628395364015 310
1694432749969 160.86065489168456 311
1694432749986 160.83502992855796 312
1694432750002 160.80940906360294 313
1694432750019 160.78379229616235 314
1694432750036 160.75817962557906 315
1694432750051 160.73257105119617 316
1694432750068 160.70696657235675 317
1694432750085 160.68136618840404 318
1694432750100 160.6557698986814 319
1694432750117 160.63017770253222 320
1694432750133 160.6045895993001 321
1694432750150 160.57900558832873 322
1694432750167 160.55342566896175 323
1694432750183 160.52784984054313 324
1694432750200 160.5022781024168 325
1694432750216 160.47671045392684 326
1694432750232 160.45114689441743 327
1694432750249 160.42558742323288 328
1694432750264 160.40003203971756 329
1694432750281 160.37448074321597 330
1694432750297 160.34893353307274 331
1694432750314 160.32339040863255 332
1694432750331 160.2978513692402 333
1694432750347 160.27231641424066 334
1694432750363 160.24678554297893 335
1694432750380 160.22125875480017 336
1694432750396 160.19573604904954 337
1694432750412 160.17021742507248 338
1694432750428 160.14470288221435 339
1694432750445 160.1191924198208 340
1694432750463 160.09368603723743 341
1694432750479 160.06818373380995 342
1694432750497 160.04268550888432 343
1694432750513 160.01719136180648 344
1694432750530 159.9917012919225 345
1694432750546 159.9662152985786 346
1694432750562 159.940733381121 347
1694432750578 159.91525553889616 348
1694432750596 159.88978177125057 349
1694432750613 159.86431207753083 350
1694432750630 159.83884645708363 351
1694432750646 159.81338490925577 352
1694432750663 159.78792743339426 353
1694432750680 159.76247402884604 354
1694432750697 159.73702469495828 355
1694432750713 159.7115794310782 356
1694432750731 159.68613823655312 357
1694432750749 159.66070111073057 358
1694432750765 159.635268052958 359
1694432750782 159.60983906258315 360
1694432750799 159.58441413895366 361
1694432750819 159.55899328141754 362
1694432750836 159.53357648932274 363
1694432750853 159.5081637620172 364
1694432750870 159.48275509884922 365
1694432750887 159.45735049916712 366
1694432750903 159.43194996231918 367
1694432750920 159.40655348765395 368
1694432750937 159.38116107452007 369
1694432750954 159.35577272226612 370
1694432750970 159.33038843024102 371
1694432750987 159.30500819779368 372
1694432751003 159.27963202427313 373
1694432751020 159.25425990902838 374
1694432751035 159.22889185140878 375
1694432751052 159.20352785076366 376
1694432751069 159.17816790644233 377
1694432751086 159.1528120177945 378
1694432751105 159.12746018416973 379
1694432751121 159.1021124049178 380
1694432751138 159.0767686793885 381
1694432751154 159.05142900693187 382
1694432751171 159.02609338689797 383
1694432751187 159.0007618186369 384
1694432751206 158.975434301499 385
1694432751221 158.95011083483467 386
1694432751238 158.92479141799438 387
1694432751254 158.89947605032867 388
1694432751270 158.87416473118824 389
1694432751289 158.84885745992395 390
1694432751306 158.82355423588663 391
1694432751322 158.79825505842734 392
1694432751340 158.77295992689716 393
1694432751357 158.74766884064732 394
1694432751374 158.72238179902916 395
1694432751391 158.69709880139405 396
1694432751409 158.6718198470936 397
1694432751426 158.64654493547934 398
1694432751442 158.6212740659031 399
1694432751461 158.59600723771666 400
1694432751478 158.570744450272 401
1694432751495 158.54548570292116 402
1694432751511 158.52023099501625 403
1694432751528 158.49498032590967 404
1694432751546 158.46973369495362 405
1694432751564 158.44449110150066 406
1694432751582 158.41925254490334 407
1694432751600 158.39401802451434 408
1694432751620 158.36878753968642 409
1694432751639 158.34356108977244 410
1694432751655 158.31833867412547 411
1694432751674 158.29312029209856 412
1694432751691 158.2679059430449 413
1694432751707 158.24269562631778 414
1694432751723 158.21748934127064 415
1694432751739 158.19228708725694 416
1694432751755 158.16708886363034 417
1694432751772 158.14189466974454 418
1694432751789 158.11670450495336 419
1694432751807 158.0915183686107 420
1694432751823 158.06633626007064 421
1694432751840 158.04115817868725 422
1694432751856 158.01598412381483 423
1694432751873 157.9908140948077 424
1694432751890 157.96564809102023 425
1694432751908 157.9404861118071 426
1694432751926 157.9153281565229 427
1694432751943 157.89017422452235 428
1694432751962 157.86502431516033 429
1694432751978 157.83987842779183 430
1694432751995 157.81473656177192 431
1694432752012 157.7895987164557 432
1694432752027 157.76446489119857 433
1694432752044 157.7393350853558 434
1694432752063 157.71420929828292 435
1694432752081 157.68908752933547 436
1694432752097 157.6639697778692 437
1694432752114 157.63885604323985 438
1694432752130 157.61374632480343 439
1694432752147 157.58864062191577 440
1694432752163 157.5635389339331 441
1694432752180 157.53844126021156 442
1694432752197 157.51334760010752 443
1694432752212 157.48825795297734 444
1694432752229 157.46317231817758 445
1694432752246 157.43809069506486 446
1694432752265 157.41301308299583 447
1694432752281 157.38793948132744 448
1694432752298 157.36286988941654 449
1694432752313 157.33780430662017 450
1694432752329 157.3127427322955 451
1694432752345 157.28768516579981 452
1694432752361 157.26263160649034 453
1694432752378 157.2375820537246 454
1694432752395 157.21253650686018 455
1694432752411 157.1874949652547 456
1694432752427 157.16245742826587 457
1694432752444 157.13742389525163 458
1694432752460 157.11239436556988 459
1694432752476 157.08736883857878 460
1694432752493 157.06234731363642 461
1694432752509 157.03732979010113 462
1694432752525 157.01231626733127 463
1694432752541 156.9873067446853 464
1694432752557 156.96230122152184 465
1694432752574 156.93729969719953 466
1694432752592 156.91230217107724 467
1694432752609 156.88730864251386 468
1694432752625 156.86231911086824 469
1694432752642 156.83733357549968 470
1694432752659 156.8123520357673 471
1694432752676 156.7873744910304 472
1694432752693 156.76240094064838 473
1694432752708 156.7374313839808 474
1694432752725 156.71246582038725 475
1694432752743 156.68750424922743 476
1694432752759 156.66254666986123 477
1694432752775 156.6375930816485 478
1694432752792 156.6126434839493 479
1694432752810 156.58769787612377 480
1694432752830 156.56275625753216 481
1694432752848 156.5378186275348 482
1694432752866 156.5128849854921 483
1694432752883 156.4879553307646 484
1694432752900 156.46302966271304 485
1694432752916 156.43810798069805 486
1694432752931 156.41319028408054 487
1694432752949 156.38827657222149 488
1694432752965 156.36336684448187 489
1694432752983 156.338461100223 490
1694432752999 156.313559338806 491
1694432753015 156.28866155959224 492
1694432753031 156.26376776194326 493
1694432753048 156.2388779452206 494
1694432753064 156.213992108786 495
1694432753084 156.18911025200111 496
1694432753100 156.16423237422788 497
1694432753118 156.13935847482833 498
1694432753133 156.11448855316448 499
