1694438340867 170.8770933173888 0
1694438340886 170.84291782761653 1
1694438340904 170.8087491808646 2
1694438340922 170.774587375762 3
1694438340940 170.74043241093798 4
1694438340959 170.70628428502215 5
1694438340976 170.6721429966444 6
1694438340994 170.6380085444347 7
1694438341012 170.60388092702357 8
1694438341030 170.56976014304152 9
1694438341048 170.53564619111964 10
1694438341065 170.50153906988908 11
1694438341083 170.46743877798127 12
1694438341101 170.433345314028 13
1694438341118 170.39925867666136 14
1694438341136 170.36517886451358 15
1694438341154 170.33110587621724 16
1694438341171 170.29703971040524 17
1694438341188 170.26298036571072 18
1694438341206 170.22892784076703 19
1694438341223 170.1948821342079 20
1694438341241 170.16084324466715 21
1694438341259 170.12681117077918 22
1694438341278 170.09278591117842 23
1694438341297 170.0587674644996 24
1694438341314 170.0247558293778 25
1694438341332 169.99075100444836 26
1694438341349 169.95675298834684 27
1694438341366 169.9227617797091 28
1694438341383 169.88877737717132 29
1694438341401 169.85479977936987 30
1694438341418 169.8208289849415 31
1694438341436 169.78686499252308 32
1694438341453 169.7529078007519 33
1694438341471 169.71895740826545 34
1694438341489 169.68501381370157 35
1694438341508 169.6510770156982 36
1694438341528 169.61714701289375 37
1694438341547 169.5832238039268 38
1694438341569 169.54930738743624 39
1694438341587 169.5153977620612 40
1694438341609 169.48149492644106 41
1694438341628 169.44759887921558 42
1694438341650 169.41370961902467 43
1694438341669 169.3798271445086 44
1694438341689 169.34595145430782 45
1694438341707 169.31208254706317 46
1694438341724 169.2782204214157 47
1694438341743 169.24436507600677 48
1694438341759 169.21051650947788 49
1694438341776 169.17667472047097 50
1694438341793 169.14283970762816 51
1694438341811 169.1090114695919 52
1694438341829 169.07519000500486 53
1694438341847 169.04137531250998 54
1694438341865 169.0075673907505 55
1694438341883 168.97376623836993 56
1694438341901 168.93997185401204 57
1694438341919 168.90618423632094 58
1694438341936 168.87240338394085 59
1694438341954 168.83862929551643 60
1694438341973 168.80486196969252 61
1694438341990 168.77110140511422 62
1694438342008 168.73734760042706 63
1694438342026 168.70360055427656 64
1694438342044 168.66986026530876 65
1694438342061 168.6361267321699 66
1694438342079 168.60239995350642 67
1694438342097 168.56867992796512 68
1694438342115 168.53496665419303 69
1694438342133 168.50126013083744 70
1694438342150 168.4675603565459 71
1694438342169 168.43386732996638 72
1694438342185 168.40018104974686 73
1694438342204 168.3665015145358 74
1694438342221 168.33282872298187 75
1694438342238 168.299162673734 76
1694438342258 168.26550336544133 77
1694438342276 168.23185079675346 78
1694438342294 168.19820496632002 79
1694438342310 168.1645658727911 80
1694438342328 168.13093351481697 81
1694438342346 168.09730789104813 82
1694438342363 168.0636890001355 83
1694438342381 168.03007684073012 84
1694438342399 167.99647141148344 85
1694438342416 167.96287271104697 86
1694438342433 167.92928073807272 87
1694438342457 167.89569549121285 88
1694438342479 167.8621169691198 89
1694438342497 167.82854517044626 90
1694438342514 167.79498009384528 91
1694438342531 167.7614217379701 92
1694438342550 167.72787010147425 93
1694438342567 167.69432518301156 94
1694438342584 167.66078698123607 95
1694438342601 167.62725549480209 96
1694438342621 167.59373072236428 97
1694438342639 167.56021266257753 98
1694438342658 167.52670131409698 99
1694438342676 167.49319667557805 100
1694438342694 167.45969874567635 101
1694438342712 167.42620752304796 102
1694438342728 167.39272300634906 103
1694438342747 167.35924519423614 104
1694438342763 167.32577408536602 105
1694438342781 167.29230967839564 106
1694438342799 167.2588519719824 107
1694438342816 167.22540096478383 108
1694438342833 167.19195665545777 109
1694438342851 167.15851904266236 110
1694438342868 167.12508812505595 111
1694438342886 167.09166390129724 112
1694438342903 167.0582463700451 113
1694438342921 167.02483552995878 114
1694438342938 166.9914313796977 115
1694438342956 166.95803391792157 116
1694438342973 166.92464314329038 117
1694438342990 166.89125905446448 118
1694438343008 166.85788165010433 119
1694438343025 166.82451092887072 120
1694438343043 166.7911468894248 121
1694438343062 166.75778953042783 122
1694438343080 166.72443885054145 123
1694438343099 166.69109484842753 124
1694438343117 166.65775752274823 125
1694438343134 166.62442687216597 126
1694438343153 166.59110289534337 127
1694438343170 166.5577855909434 128
1694438343187 166.52447495762937 129
1694438343205 166.49117099406465 130
1694438343222 166.45787369891303 131
1694438343240 166.42458307083854 132
1694438343258 166.39129910850548 133
1694438343276 166.3580218105784 134
1694438343293 166.3247511757221 135
1694438343311 166.29148720260167 136
1694438343328 166.25822988988253 137
1694438343346 166.22497923623027 138
1694438343364 166.19173524031078 139
1694438343382 166.1584979007902 140
1694438343399 166.125267216335 141
1694438343415 166.09204318561186 142
1694438343431 166.05882580728775 143
1694438343449 166.02561508002987 144
1694438343467 165.99241100250578 145
1694438343484 165.95921357338324 146
1694438343502 165.92602279133018 147
1694438343519 165.89283865501503 148
1694438343536 165.8596611631063 149
1694438343555 165.82649031427283 150
1694438343572 165.79332610718373 151
1694438343589 165.76016854050835 152
1694438343606 165.7270176129163 153
1694438343623 165.69387332307758 154
1694438343639 165.66073566966227 155
1694438343658 165.62760465134087 156
1694438343677 165.594480266784 157
1694438343695 165.56136251466265 158
1694438343711 165.52825139364808 159
1694438343728 165.49514690241185 160
1694438343748 165.4620490396256 161
1694438343767 165.42895780396145 162
1694438343786 165.3958731940917 163
1694438343804 165.36279520868888 164
1694438343822 165.32972384642582 165
1694438343839 165.29665910597566 166
1694438343856 165.2636009860117 167
1694438343875 165.23054948520766 168
1694438343891 165.1975046022374 169
1694438343909 165.16446633577507 170
1694438343926 165.13143468449505 171
1694438343943 165.09840964707206 172
1694438343961 165.06539122218118 173
1694438343978 165.0323794084975 174
1694438343996 164.99937420469652 175
1694438344013 164.96637560945402 176
1694438344030 164.93338362144604 177
1694438344047 164.90039823934887 178
1694438344065 164.8674194618391 179
1694438344082 164.8344472875934 180
1694438344100 164.80148171528901 181
1694438344116 164.76852274360326 182
1694438344133 164.7355703712136 183
1694438344151 164.70262459679813 184
1694438344168 164.6696854190349 185
1694438344186 164.63675283660228 186
1694438344203 164.60382684817898 187
1694438344220 164.570907452444 188
1694438344238 164.53799464807642 189
1694438344256 164.50508843375582 190
1694438344273 164.4721888081619 191
1694438344291 164.43929576997462 192
1694438344309 164.40640931787425 193
1694438344328 164.37352945054138 194
1694438344345 164.34065616665671 195
1694438344363 164.30778946490142 196
1694438344380 164.27492934395673 197
1694438344398 164.24207580250425 198
1694438344414 164.20922883922583 199
1694438344431 164.17638845280362 200
1694438344448 164.14355464191993 201
1694438344466 164.11072740525745 202
1694438344484 164.07790674149908 203
1694438344500 164.045092649328 204
1694438344518 164.01228512742762 205
1694438344536 163.97948417448168 206
1694438344553 163.9466897891741 207
1694438344571 163.91390197018916 208
1694438344589 163.88112071621126 209
1694438344606 163.84834602592522 210
1694438344622 163.81557789801604 211
1694438344639 163.78281633116904 212
1694438344656 163.75006132406972 213
1694438344674 163.71731287540396 214
1694438344691 163.68457098385767 215
1694438344708 163.65183564811736 216
1694438344726 163.61910686686957 217
1694438344744 163.58638463880112 218
1694438344761 163.55366896259918 219
1694438344779 163.5209598369511 220
1694438344797 163.48825726054463 221
1694438344813 163.45556123206757 222
1694438344831 163.42287175020815 223
1694438344848 163.3901888136548 224
1694438344865 163.35751242109623 225
1694438344883 163.32484257122144 226
1694438344900 163.2921792627196 227
1694438344918 163.25952249428028 228
1694438344935 163.22687226459314 229
1694438344952 163.19422857234824 230
1694438344971 163.1615914162359 231
1694438344988 163.1289607949466 232
1694438345006 163.0963367071712 233
1694438345023 163.06371915160074 234
1694438345041 163.0311081269266 235
1694438345058 162.99850363184026 236
1694438345076 162.9659056650337 237
1694438345093 162.93331422519896 238
1694438345111 162.90072931102847 239
1694438345128 162.86815092121483 240
1694438345144 162.835579054451 241
1694438345162 162.80301370943005 242
1694438345180 162.77045488484552 243
1694438345198 162.73790257939106 244
1694438345214 162.70535679176058 245
1694438345232 162.67281752064832 246
1694438345249 162.6402847647488 247
1694438345266 162.6077585227567 248
1694438345284 162.57523879336708 249
1694438345302 162.54272557527514 250
1694438345319 162.51021886717646 251
1694438345337 162.47771866776677 252
1694438345354 162.4452249757421 253
1694438345373 162.41273778979885 254
1694438345391 162.38025710863351 255
1694438345409 162.34778293094297 256
1694438345426 162.31531525542428 257
1694438345443 162.28285408077477 258
1694438345460 162.25039940569215 259
1694438345478 162.21795122887417 260
1694438345494 162.18550954901903 261
1694438345512 162.15307436482516 262
1694438345534 162.12064567499115 263
1694438345553 162.088223478216 264
1694438345571 162.0558077731988 265
1694438345588 162.02339855863903 266
1694438345606 161.99099583323644 267
1694438345623 161.95859959569097 268
1694438345641 161.92620984470275 269
1694438345658 161.89382657897238 270
1694438345676 161.86144979720052 271
1694438345694 161.82907949808828 272
1694438345711 161.79671568033677 273
1694438345727 161.76435834264768 274
1694438345745 161.7320074837227 275
1694438345763 161.69966310226388 276
1694438345781 161.66732519697356 277
1694438345798 161.6349937665543 278
1694438345817 161.60266880970892 279
1694438345834 161.57035032514048 280
1694438345851 161.53803831155236 281
1694438345868 161.50573276764817 282
1694438345887 161.47343369213178 283
1694438345905 161.44114108370724 284
1694438345922 161.40885494107908 285
1694438345939 161.37657526295177 286
1694438345956 161.34430204803039 287
1694438345974 161.31203529502 288
1694438345992 161.27977500262605 289
1694438346009 161.24752116955423 290
1694438346027 161.21527379451047 291
1694438346044 161.183032876201 292
1694438346062 161.15079841333224 293
1694438346081 161.11857040461098 294
1694438346099 161.0863488487441 295
1694438346115 161.05413374443896 296
1694438346134 161.02192509040302 297
1694438346151 160.98972288534398 298
1694438346169 160.9575271279699 299
1694438346188 160.92533781698904 300
1694438346205 160.89315495111003 301
1694438346222 160.86097852904155 302
1694438346239 160.8288085494927 303
1694438346256 160.79664501117276 304
1694438346274 160.7644879127913 305
1694438346291 160.7323372530583 306
1694438346309 160.7001930306836 307
1694438346326 160.6680552443778 308
1694438346342 160.6359238928513 309
1694438346360 160.60379897481508 310
1694438346377 160.57168048898023 311
1694438346394 160.53956843405814 312
1694438346411 160.50746280876044 313
1694438346428 160.47536361179903 314
1694438346446 160.44327084188606 315
1694438346462 160.411184497734 316
1694438346480 160.37910457805546 317
1694438346497 160.3470310815634 318
1694438346514 160.31496400697097 319
1694438346531 160.2829033529917 320
1694438346548 160.25084911833915 321
1694438346565 160.21880130172744 322
1694438346583 160.18675990187074 323
1694438346601 160.15472491748352 324
1694438346617 160.12269634728048 325
1694438346634 160.09067418997668 326
1694438346652 160.0586584442873 327
1694438346669 160.02664910892796 328
1694438346686 159.9946461826143 329
1694438346704 159.9626496640624 330
1694438346721 159.93065955198858 331
1694438346739 159.89867584510932 332
1694438346758 159.86669854214142 333
1694438346775 159.834727641802 334
1694438346793 159.8027631428083 335
1694438346810 159.7708050438779 336
1694438346828 159.73885334372866 337
1694438346845 159.70690804107863 338
1694438346861 159.67496913464615 339
1694438346879 159.64303662314987 340
1694438346897 159.61111050530857 341
1694438346915 159.57919077984138 342
1694438346932 159.54727744546773 343
1694438346948 159.51537050090715 344
1694438346966 159.4834699448796 345
1694438346983 159.45157577610513 346
1694438347000 159.41968799330422 347
1694438347017 159.3878065951975 348
1694438347035 159.35593158050582 349
1694438347053 159.3240629479504 350
1694438347069 159.29220069625268 351
1694438347088 159.26034482413428 352
1694438347105 159.22849533031714 353
1694438347123 159.19665221352346 354
1694438347139 159.16481547247574 355
1694438347157 159.13298510589658 356
1694438347175 159.10116111250903 357
1694438347193 159.0693434910362 358
1694438347210 159.03753224020164 359
1694438347227 159.00572735872908 360
1694438347244 158.97392884534247 361
1694438347261 158.94213669876603 362
1694438347277 158.91035091772432 363
1694438347295 158.878571500942 364
1694438347312 158.8467984471441 365
1694438347331 158.81503175505597 366
1694438347348 158.783271423403 367
1694438347368 158.751517450911 368
1694438347387 158.71976983630603 369
1694438347404 158.68802857831437 370
1694438347423 158.6562936756625 371
1694438347440 158.62456512707726 372
1694438347457 158.5928429312857 373
1694438347473 158.56112708701514 374
1694438347493 158.52941759299307 375
1694438347510 158.49771444794737 376
1694438347527 158.4660176506061 377
1694438347545 158.43432719969752 378
1694438347561 158.4026430939502 379
1694438347579 158.37096533209316 380
1694438347597 158.33929391285523 381
1694438347614 158.30762883496593 382
1694438347632 158.27597009715484 383
1694438347650 158.24431769815172 384
1694438347667 158.21267163668674 385
1694438347684 158.18103191149027 386
1694438347702 158.14939852129294 387
1694438347719 158.1177714648255 388
1694438347736 158.08615074081922 389
1694438347754 158.05453634800546 390
1694438347771 158.02292828511577 391
1694438347790 157.9913265508821 392
1694438347808 157.95973114403662 393
1694438347825 157.92814206331164 394
1694438347841 157.89655930743987 395
1694438347859 157.86498287515423 396
1694438347877 157.83341276518783 397
1694438347895 157.80184897627407 398
1694438347913 157.7702915071467 399
1694438347932 157.73874035653958 400
1694438347953 157.7071955231869 401
1694438347974 157.67565700582307 402
1694438347995 157.64412480318276 403
1694438348016 157.61259891400098 404
1694438348036 157.5810793370128 405
1694438348056 157.54956607095383 406
1694438348077 157.5180591145596 407
1694438348099 157.48655846656618 408
1694438348118 157.45506412570967 409
1694438348138 157.4235760907266 410
1694438348160 157.3920943603537 411
1694438348180 157.36061893332788 412
1694438348201 157.32914980838632 413
1694438348225 157.2976869842666 414
1694438348250 157.26623045970638 415
1694438348269 157.23478023344362 416
1694438348287 157.20333630421655 417
1694438348305 157.17189867076368 418
1694438348322 157.14046733182374 419
1694438348339 157.10904228613572 420
1694438348357 157.07762353243885 421
1694438348374 157.04621106947263 422
1694438348392 157.01480489597682 423
1694438348410 156.98340501069134 424
1694438348426 156.95201141235654 425
1694438348444 156.9206240997129 426
1694438348460 156.8892430715012 427
1694438348477 156.85786832646238 428
1694438348495 156.8264998633377 429
1694438348512 156.7951376808687 430
1694438348530 156.76378177779722 431
1694438348549 156.73243215286516 432
1694438348567 156.70108880481487 433
1694438348584 156.66975173238882 434
1694438348603 156.63842093432984 435
1694438348619 156.60709640938092 436
1694438348636 156.57577815628534 437
1694438348655 156.5444661737866 438
1694438348672 156.51316046062857 439
1694438348691 156.48186101555524 440
1694438348709 156.45056783731087 441
1694438348724 156.41928092464002 442
1694438348743 156.38800027628747 443
1694438348761 156.35672589099826 444
1694438348777 156.32545776751772 445
1694438348796 156.29419590459133 446
1694438348813 156.26294030096494 447
1694438348830 156.23169095538464 448
1694438348847 156.2004478665966 449
1694438348864 156.1692110333475 450
1694438348881 156.13798045438404 451
1694438348899 156.10675612845333 452
1694438348916 156.07553805430263 453
1694438348933 156.04432623067956 454
1694438348950 156.01312065633186 455
1694438348968 155.98192133000765 456
1694438348985 155.95072825045526 457
1694438349003 155.91954141642313 458
1694438349020 155.8883608266601 459
1694438349037 155.85718647991536 460
1694438349055 155.82601837493806 461
1694438349072 155.79485651047787 462
1694438349090 155.76370088528455 463
1694438349109 155.73255149810822 464
1694438349126 155.7014083476991 465
1694438349142 155.67027143280782 466
1694438349159 155.6391407521852 467
1694438349177 155.60801630458232 468
1694438349195 155.57689808875045 469
1694438349214 155.54578610344117 470
1694438349231 155.5146803474063 471
1694438349249 155.4835808193979 472
1694438349266 155.45248751816834 473
1694438349284 155.42140044247012 474
1694438349301 155.3903195910561 475
1694438349319 155.35924496267936 476
1694438349336 155.32817655609313 477
1694438349353 155.29711437005108 478
1694438349370 155.26605840330697 479
1694438349388 155.2350086546149 480
1694438349406 155.20396512272916 481
1694438349423 155.17292780640432 482
1694438349440 155.1418967043952 483
1694438349458 155.1108718154569 484
1694438349475 155.0798531383447 485
1694438349492 155.04884067181416 486
1694438349510 155.01783441462112 487
1694438349527 154.98683436552164 488
1694438349544 154.95584052327203 489
1694438349562 154.92485288662883 490
1694438349579 154.89387145434887 491
1694438349596 154.86289622518927 492
1694438349614 154.83192719790725 493
1694438349631 154.8009643712604 494
1694438349649 154.77000774400656 495
1694438349666 154.73905731490373 496
1694438349683 154.7081130827103 497
1694438349702 154.67717504618474 498
1694438349719 154.64624320408592 499
