1694432919718 162.2984742463907 0
1694432919736 162.89160296794125 1
1694432919754 164.52931824234904 2
1694432919771 160.19144635915137 3
1694432919790 153.08827699135085 4
1694432919807 161.66479413553364 5
1694432919824 158.70246351531753 6
1694432919841 151.7316056420515 7
1694432919857 146.5266844906005 8
1694432919877 135.46795595072481 9
1694432919895 140.63427668504391 10
1694432919912 141.40048778148994 11
1694432919930 142.46004292043563 12
1694432919948 148.80299275104935 13
1694432919964 137.7955125369881 14
1694432919982 147.487506079672 15
1694432920001 135.69655545303124 16
1694432920019 130.53609202631 17
1694432920037 130.35705536916046 18
1694432920055 121.6927359770623 19
1694432920073 125.78769802029133 20
1694432920093 125.41504526859718 21
1694432920113 120.69965413605158 22
1694432920133 130.0453067286289 23
1694432920155 126.03083816212816 24
1694432920175 125.68278797176723 25
1694432920193 115.82627454843355 26
1694432920211 113.30998137744507 27
1694432920229 123.34887755757282 28
1694432920246 118.40137966709003 29
1694432920263 106.89397301054218 30
1694432920280 110.57250336590687 31
1694432920297 108.12016299393603 32
1694432920315 109.99022244508426 33
1694432920333 104.71078781473375 34
1694432920350 104.1017429831606 35
1694432920367 103.57652672110206 36
1694432920385 103.65282331152433 37
1694432920403 106.4111742436459 38
1694432920420 102.23120104936277 39
1694432920438 98.6991136644141 40
1694432920456 102.39102452469342 41
1694432920473 92.42043996680759 42
1694432920491 98.75256613680111 43
1694432920508 94.48493472711922 44
1694432920525 94.46715478882318 45
1694432920543 93.58622468782802 46
1694432920560 87.48675183184436 47
1694432920577 92.36802719271873 48
1694432920594 88.7168155047608 49
1694432920612 88.35872129825952 50
1694432920629 83.8372430402243 51
1694432920646 84.77178639582463 52
1694432920663 79.24853207125152 53
1694432920680 82.82297206532675 54
1694432920698 84.86070074180324 55
1694432920715 80.30234833773541 56
1694432920733 76.17844366313106 57
1694432920750 78.07322182406914 58
1694432920767 73.1022564056402 59
1694432920785 75.73110453862316 60
1694432920802 70.40708771484462 61
1694432920820 75.05294417677041 62
1694432920837 73.21684772538438 63
1694432920854 76.68896804631491 64
1694432920874 68.46324179582516 65
1694432920893 72.23296439061339 66
1694432920911 67.055711575403 67
1694432920929 65.61394202462482 68
1694432920946 66.7325960243856 69
1694432920963 65.98498958596285 70
1694432920980 66.41442504798947 71
1694432920998 64.72223387905889 72
1694432921015 63.36593330221582 73
1694432921033 63.556924480755924 74
1694432921049 69.29218782799835 75
1694432921067 67.40101594689331 76
1694432921084 59.452998598451124 77
1694432921101 65.00746223412982 78
1694432921118 60.182218801557774 79
1694432921138 59.93849284500983 80
1694432921155 57.378268947905084 81
1694432921172 57.59729411974955 82
1694432921190 55.27924722268762 83
1694432921207 55.95561457450767 84
1694432921225 55.383492007985915 85
1694432921242 52.36848932782292 86
1694432921259 55.283189284109504 87
1694432921276 51.02827388541549 88
1694432921294 55.848277036957036 89
1694432921311 51.0812848790438 90
1694432921328 51.60372883365328 91
1694432921346 49.20976614243587 92
1694432921363 48.02979624587328 93
1694432921381 48.20922200062785 94
1694432921399 47.27514690986435 95
1694432921417 46.80427273108263 96
1694432921433 46.69997851809244 97
1694432921451 47.900487967536606 98
1694432921468 45.81553696036555 99
1694432921485 43.58109765059185 100
1694432921502 45.81227269776081 101
1694432921519 43.121046103521394 102
1694432921536 41.8186995200578 103
1694432921554 43.893336473141254 104
1694432921571 39.51288652336541 105
1694432921588 39.07821982147383 106
1694432921605 41.981235823440464 107
1694432921623 39.52772311589069 108
1694432921641 42.50645108967505 109
1694432921658 40.469550800253344 110
1694432921676 40.360686964997036 111
1694432921693 39.111494381292594 112
1694432921712 38.03614105443548 113
1694432921728 37.72161680114466 114
1694432921746 33.45655724321981 115
1694432921763 37.48454690432536 116
1694432921780 36.72933199266375 117
1694432921797 36.07992583953068 118
1694432921815 34.42516419818475 119
1694432921833 36.991472655415464 120
1694432921850 34.59067884338626 121
1694432921867 36.722677389678566 122
1694432921885 33.48846255122199 123
1694432921902 32.929776710292295 124
1694432921919 31.98654696256687 125
1694432921936 32.02753395910646 126
1694432921954 32.15462602160102 127
1694432921971 30.50445927356308 128
1694432921989 30.787147050102508 129
1694432922006 31.531976673393615 130
1694432922023 32.047876499959585 131
1694432922041 28.895476066565617 132
1694432922058 28.139094432890914 133
1694432922075 28.297631603567687 134
1694432922093 28.40506293455896 135
1694432922111 27.503739813531443 136
1694432922128 27.685654005503658 137
1694432922146 26.54747969555901 138
1694432922163 28.351183626769735 139
1694432922180 25.62580009025422 140
1694432922198 26.68171472275278 141
1694432922215 27.473478100884268 142
1694432922232 25.94829654139362 143
1694432922250 26.355684975778512 144
1694432922267 25.95544383709976 145
1694432922285 24.45472297737109 146
1694432922304 24.052077123363325 147
1694432922321 26.39988923911841 148
1694432922340 23.64513282353607 149
1694432922357 24.307212073651055 150
1694432922374 21.417538159444042 151
1694432922391 21.32044321700503 152
1694432922408 22.09133645510015 153
1694432922425 22.540034469676062 154
1694432922443 18.8151246056125 155
1694432922460 23.42519945248043 156
1694432922478 20.2209106437686 157
1694432922495 19.889421433936153 158
1694432922512 20.25554101965809 159
1694432922530 22.94817873832213 160
1694432922548 19.672192747297363 161
1694432922565 19.419515972199356 162
1694432922584 21.328863445600852 163
1694432922602 19.622463529606073 164
1694432922620 17.457984334475093 165
1694432922637 19.96554458141538 166
1694432922656 18.955256980510278 167
1694432922673 17.98541286636414 168
1694432922690 18.359767290573593 169
1694432922708 16.916652699871285 170
1694432922725 18.18669503543737 171
1694432922743 18.40549429753927 172
1694432922761 17.50415252627515 173
1694432922779 16.791719702721256 174
1694432922796 18.49066269068943 175
1694432922814 16.823848483296526 176
1694432922831 19.093223304491733 177
1694432922849 17.326372150847252 178
1694432922866 16.498457562346164 179
1694432922885 15.22829207854827 180
1694432922902 16.864375709252805 181
1694432922920 15.560143220385097 182
1694432922938 16.248727555261485 183
1694432922955 15.378415232257353 184
1694432922972 15.252829477199677 185
1694432922989 13.370403978141898 186
1694432923006 15.045102485717111 187
1694432923024 15.13127374110846 188
1694432923041 12.819355111928001 189
1694432923059 13.238403293471297 190
1694432923076 13.832489403092264 191
1694432923093 14.022291919808556 192
1694432923110 12.846681721489578 193
1694432923127 12.662551032373473 194
1694432923145 14.020878254979836 195
1694432923162 12.520148630610421 196
1694432923179 14.066873097737014 197
1694432923197 12.683551778736135 198
1694432923213 13.025211379571875 199
1694432923230 12.887065754026827 200
1694432923247 12.257775144039007 201
1694432923265 12.085349365501003 202
1694432923282 11.833639995272662 203
1694432923299 13.055642966760587 204
1694432923316 10.150110564997778 205
1694432923333 11.9648208540551 206
1694432923350 12.576255700897848 207
1694432923368 11.381164309543864 208
1694432923385 10.714846186456741 209
1694432923403 10.516490262962828 210
1694432923420 10.718516312636746 211
1694432923436 10.421927538518345 212
1694432923454 9.316452431113603 213
1694432923471 10.961147386762034 214
1694432923490 10.181215619649375 215
1694432923509 9.570692754275308 216
1694432923526 10.091825193075136 217
1694432923544 10.389415414867301 218
1694432923562 9.836725351063054 219
1694432923579 9.49600099687216 220
1694432923597 9.214368963937346 221
1694432923613 9.513264289552607 222
1694432923631 9.25291772055709 223
1694432923648 9.41066269569473 224
1694432923666 9.192897029208561 225
1694432923684 9.497289172142848 226
1694432923702 8.510327197199265 227
1694432923718 7.875005067499039 228
1694432923736 7.5660900922553145 229
1694432923753 8.446387709804647 230
1694432923771 8.354979695510389 231
1694432923789 8.941535484745534 232
1694432923806 8.19934936874933 233
1694432923823 7.3312963789511585 234
1694432923841 8.48344172022971 235
1694432923859 7.685417914930042 236
1694432923875 8.33764400393766 237
1694432923893 8.164538687554723 238
1694432923910 7.553401689756918 239
1694432923926 7.295197728798008 240
1694432923944 7.682406687785146 241
1694432923961 7.435788706499941 242
1694432923978 7.684621026519495 243
1694432923996 7.393985188173588 244
1694432924013 6.666236761524657 245
1694432924030 6.605652344916909 246
1694432924048 6.958802004358242 247
1694432924066 6.002661695079209 248
1694432924085 6.633914936521911 249
1694432924103 6.251612726400702 250
1694432924121 6.7691222777775035 251
1694432924139 7.340122776074458 252
1694432924156 5.971799695842667 253
1694432924173 6.828425929254079 254
1694432924192 6.055608903627877 255
1694432924209 5.452330795758219 256
1694432924226 7.18264693023077 257
1694432924243 5.492164497998147 258
1694432924261 6.53290985547187 259
1694432924279 5.558292067137259 260
1694432924297 5.109217821334592 261
1694432924313 5.936472897927749 262
1694432924330 5.838541115354902 263
1694432924348 5.977669912427168 264
1694432924365 5.5191174230431 265
1694432924382 5.167755039422552 266
1694432924399 5.190428450162742 267
1694432924416 4.752164985407064 268
1694432924432 5.37462078333675 269
1694432924449 5.218666417250427 270
1694432924467 4.406869787992381 271
1694432924485 4.738948248482109 272
1694432924502 5.595399898936134 273
1694432924520 5.47980335785851 274
1694432924536 4.028981922504687 275
1694432924553 4.47850647611762 276
1694432924572 4.663270451990655 277
1694432924589 4.377735058971705 278
1694432924607 5.14011104793225 279
1694432924624 5.1494230090968705 280
1694432924641 4.680742826547891 281
1694432924658 4.361751929555047 282
1694432924677 4.242961041530362 283
1694432924695 4.129676493094048 284
1694432924713 3.8668857117132798 285
1694432924730 4.3039148708792645 286
1694432924747 3.942798280580072 287
1694432924765 4.746964017018919 288
1694432924782 4.15169607958808 289
1694432924799 4.039642654288721 290
1694432924816 4.3541673407278045 291
1694432924833 3.588736227912345 292
1694432924850 3.6036453360327747 293
1694432924868 3.7122227878234866 294
1694432924885 3.257942916298851 295
1694432924902 3.8510653069594665 296
1694432924919 3.47437504218112 297
1694432924936 3.8036405192055662 298
1694432924954 3.796701530691761 299
1694432924971 3.5949816915669053 300
1694432924990 3.593401872528188 301
1694432925007 3.2870668249633894 302
1694432925024 4.484407922514899 303
1694432925042 2.9217435208432896 304
1694432925058 3.6692137695044993 305
1694432925077 3.3292244578297248 306
1694432925095 3.4649309789449108 307
1694432925112 3.084136942354116 308
1694432925130 2.917222141681106 309
1694432925147 2.9739658291365063 310
1694432925164 3.5379525268252965 311
1694432925182 2.68295238573116 312
1694432925200 3.2179547440167466 313
1694432925217 3.164062346186742 314
1694432925235 3.180192208320991 315
1694432925252 2.7768060291576577 316
1694432925270 3.240680336282421 317
1694432925288 2.8577081443182655 318
1694432925307 2.663457286309746 319
1694432925324 2.522023037852566 320
1694432925342 3.3953384018672934 321
1694432925359 2.2880212916513436 322
1694432925376 2.733990538489978 323
1694432925393 2.6668320635363147 324
1694432925410 3.1253830815004924 325
1694432925427 2.5775060391659435 326
1694432925444 1.7956665936443208 327
1694432925461 3.1538742980080268 328
1694432925480 3.0241686269002375 329
1694432925497 2.130097770156064 330
1694432925514 2.5188201995842365 331
1694432925532 2.040047771421363 332
1694432925549 2.382392689789436 333
1694432925566 2.026448207047101 334
1694432925584 2.7895347230195005 335
1694432925602 2.0632135085000782 336
1694432925619 2.348940156963974 337
1694432925636 2.410166301275318 338
1694432925653 2.3701763340280775 339
1694432925671 2.1126298315504073 340
1694432925689 2.2600376842993684 341
1694432925706 1.8516970935480443 342
1694432925722 2.0166195070895894 343
1694432925740 1.5783624632906794 344
1694432925757 1.8743383398968962 345
1694432925774 2.11495114065768 346
1694432925792 1.8002417574278275 347
1694432925808 2.0411804388789143 348
1694432925825 1.6856308300728013 349
1694432925843 1.6246895370717183 350
1694432925860 1.7485720261830238 351
1694432925878 1.6474719970408105 352
1694432925896 2.3347464527780484 353
1694432925914 1.5982468737014754 354
1694432925931 1.5330365998527373 355
1694432925949 1.7400399701475184 356
1694432925965 1.9382777632738324 357
1694432925983 1.4009470061632858 358
1694432926000 1.8945383444977375 359
1694432926017 1.9071584298588817 360
1694432926034 1.8312598153532897 361
1694432926052 1.472034465898346 362
1694432926069 1.7417815119841358 363
1694432926087 1.4956517872869741 364
1694432926104 1.8085107218626215 365
1694432926121 1.5934537228022865 366
1694432926140 2.086250210674712 367
1694432926157 1.702002067478583 368
1694432926174 1.6434707927697934 369
1694432926192 1.03568686418671 370
1694432926209 1.271332658054846 371
1694432926226 1.5418466501649495 372
1694432926243 1.5033044036732583 373
1694432926260 1.7381584335656155 374
1694432926277 1.473995826528819 375
1694432926295 1.279245330024409 376
1694432926312 1.339773660487286 377
1694432926329 1.4468604840751598 378
1694432926346 1.4582918446115802 379
1694432926363 1.367614979081867 380
1694432926380 1.4416992539067408 381
1694432926398 1.6434191842016297 382
1694432926415 1.217374898140043 383
1694432926432 1.4490699052723304 384
1694432926449 1.0479329498692125 385
1694432926468 1.262340284723874 386
1694432926486 1.5592332533077262 387
1694432926504 1.484467288644843 388
1694432926521 1.4834464412201314 389
1694432926539 1.238298372338596 390
1694432926556 1.0424665102437103 391
1694432926574 1.2758284710897982 392
1694432926591 0.9844002589663854 393
1694432926608 1.0652554668424377 394
1694432926625 0.976728363894554 395
1694432926642 1.4220404592364981 396
1694432926659 1.1461375252457273 397
1694432926677 1.4550086696287239 398
1694432926695 1.4360149112467528 399
1694432926712 1.269724464486073 400
1694432926729 1.1612141853116218 401
1694432926747 0.7157989165524071 402
1694432926764 0.8567682505249323 403
1694432926781 1.2401602171020703 404
1694432926799 0.8118578821144092 405
1694432926816 1.1009177025341355 406
1694432926834 0.9351488849777542 407
1694432926851 0.790668386779196 408
1694432926868 1.2090949582748427 409
1694432926886 1.0772688054238717 410
1694432926903 1.0403040450513195 411
1694432926919 0.7782103230129537 412
1694432926936 1.1083501084282041 413
1694432926955 0.7286655643919254 414
1694432926971 0.9919471532369176 415
1694432926990 0.8604876599402026 416
1694432927007 0.916054897224882 417
1694432927025 0.9032041659830127 418
1694432927042 1.030461344306875 419
1694432927059 1.3255957042120952 420
1694432927077 0.7991249943694384 421
1694432927096 0.9361288335827463 422
1694432927113 0.5433770890124487 423
1694432927130 0.6889582443089812 424
1694432927148 0.9556340939720249 425
1694432927165 0.49211307108348273 426
1694432927183 1.7730201813167654 427
1694432927200 0.9851857379134 428
1694432927217 1.068765335835777 429
1694432927235 0.6662052245403836 430
1694432927253 0.9419238946396095 431
1694432927270 1.0064678980860626 432
1694432927288 0.7709982573071607 433
1694432927305 0.7399058189882763 434
1694432927322 0.7477597895922232 435
1694432927340 0.5725103033659698 436
1694432927356 0.5224080020520524 437
1694432927373 0.6835702957676798 438
1694432927391 1.0050367062021885 439
1694432927408 0.5350453469485003 440
1694432927425 0.9053328069331414 441
1694432927443 0.972835048600917 442
1694432927460 0.7443095487490099 443
1694432927477 0.6891023220956555 444
1694432927495 0.7607451473071815 445
1694432927512 0.46040109941127677 446
1694432927530 0.4567204815302084 447
1694432927546 0.5086050925258582 448
1694432927563 0.6437053337554743 449
1694432927580 0.9271350420635015 450
1694432927598 0.5160337456816608 451
1694432927615 0.5428544836815268 452
1694432927632 0.5498174611448992 453
1694432927650 0.5125471655557938 454
1694432927668 0.6670484882968236 455
1694432927686 0.889154247812468 456
1694432927704 0.44836494904146124 457
1694432927722 0.5024743366928542 458
1694432927739 0.3427740457098127 459
1694432927757 1.0421343314964095 460
1694432927774 0.5045288102291757 461
1694432927791 0.6159413466405007 462
1694432927809 0.5436137550113861 463
1694432927825 0.6576862863592948 464
1694432927843 0.48709089670148603 465
1694432927860 0.5445664861154849 466
1694432927877 0.36647745172165547 467
1694432927895 0.4104992118486042 468
1694432927912 0.6569544143496495 469
1694432927929 0.45497279849555916 470
1694432927946 0.5004337425005362 471
1694432927964 0.6543003894649561 472
1694432927981 0.4106520954955063 473
1694432927999 0.5358524881545982 474
1694432928016 0.623288785317383 475
1694432928034 0.4479986342270571 476
1694432928051 0.4956063963416322 477
1694432928068 0.748390268078794 478
1694432928086 0.5115898901581737 479
1694432928103 0.34656821910833946 480
1694432928120 0.3907638836494044 481
1694432928138 0.343336105922679 482
1694432928155 0.43954710378509654 483
1694432928173 0.4152595257905249 484
1694432928190 0.4038071456612055 485
1694432928208 0.49214289211185264 486
1694432928225 0.6096768790962408 487
1694432928242 0.4378570650833889 488
1694432928261 0.5095649017114278 489
1694432928280 0.4289506759991756 490
1694432928298 0.3066480453834656 491
1694432928315 0.3342176892437866 492
1694432928333 0.4480489220308499 493
1694432928350 0.2729372473976602 494
1694432928367 0.5264292458786286 495
1694432928385 0.6687738777020981 496
1694432928403 0.4322032317375027 497
1694432928420 0.407334321064562 498
1694432928437 0.26296965015910384 499
