1694428071725 576.2880235076851 0
1694428071812 86.07664343972482 1
1694428071888 220.30631935742068 2
1694428071954 245.2228946311355 3
1694428072021 168.10325584946116 4
1694428072086 186.69692536117657 5
1694428072149 211.4398700928112 6
1694428072214 281.8381627260811 7
1694428072278 55.748062951746086 8
1694428072343 188.22132716794897 9
1694428072410 443.0354074626886 10
1694428072490 279.78801694714286 11
1694428072579 233.92338236529775 12
1694428072665 24.62220241722053 13
1694428072732 123.7628997293261 14
1694428072798 129.51158830888403 15
1694428072863 370.55437781109543 16
1694428072927 95.00748911478398 17
1694428073004 249.002809872523 18
1694428073068 176.0659779270063 19
1694428073134 25.588830864069187 20
1694428073199 311.2256598835513 21
1694428073263 171.36221225686964 22
1694428073327 171.9174526188942 23
1694428073399 167.39548724990703 24
1694428073463 214.43178234526653 25
1694428073528 550.6855492929271 26
1694428073591 208.4382573709401 27
1694428073656 193.3527931812532 28
1694428073719 210.1051461311058 29
1694428073784 96.76880751252298 30
1694428073849 183.5706210805038 31
1694428073919 175.30928098011566 32
1694428073983 101.40300557403037 33
1694428074048 258.14561924877955 34
1694428074112 123.3591884280664 35
1694428074180 17.402822307116413 36
1694428074242 81.89486320043349 37
1694428074307 59.917404959989284 38
1694428074371 175.92612673522632 39
1694428074436 411.6109729737333 40
1694428074501 129.93238007930137 41
1694428074566 185.9240601629421 42
1694428074629 265.76382017346594 43
1694428074693 44.355087878177905 44
1694428074756 59.882000683940056 45
1694428074821 234.09899158704494 46
1694428074889 186.28990491497407 47
1694428074954 170.054829614213 48
1694428075017 243.72397321717784 49
1694428075086 182.27403004852374 50
1694428075150 62.538382211937275 51
1694428075213 100.29384332874857 52
1694428075277 167.16289599742754 53
1694428075342 237.00035239994156 54
1694428075407 171.49211647067565 55
1694428075472 86.86835702686967 56
1694428075536 23.33855745246384 57
1694428075599 203.3587217075957 58
1694428075663 90.78975419968945 59
1694428075728 150.53737363745253 60
1694428075790 189.5381187330773 61
1694428075857 251.08771575305914 62
1694428075927 184.62908193845217 63
1694428075992 167.265079039743 64
1694428076056 314.4886619746879 65
1694428076120 298.6608870365023 66
1694428076185 168.6697878943179 67
1694428076249 278.2455153988771 68
1694428076313 119.47096172555268 69
1694428076378 236.0068671590746 70
1694428076442 126.98075500963529 71
1694428076506 152.899864607297 72
1694428076585 213.50594556044413 73
1694428076649 174.04708217562523 74
1694428076715 22.937855962275194 75
1694428076784 156.88532816177005 76
1694428076849 221.07023958920004 77
1694428076913 135.6374486323931 78
1694428076977 186.07785885283397 79
1694428077042 171.0573519604797 80
1694428077119 157.95109166124175 81
1694428077185 133.4487033629234 82
1694428077249 162.27001275436612 83
1694428077315 157.71071238922025 84
1694428077379 104.89694626982079 85
1694428077443 188.27332885643685 86
1694428077507 172.2641339817405 87
1694428077578 200.6767602311654 88
1694428077643 155.23363994392037 89
1694428077708 334.53365600857387 90
1694428077773 175.63634342237387 91
1694428077838 159.30685276385802 92
1694428077903 235.30591111892116 93
1694428077968 159.13704094397502 94
1694428078032 129.62028610227404 95
1694428078096 94.09346759842863 96
1694428078159 156.35959056244408 97
1694428078225 46.27297635833417 98
1694428078289 176.0638481376996 99
1694428078354 220.57034844683255 100
1694428078421 310.63561510880083 101
1694428078486 363.3744464551572 102
1694428078551 159.1795074688343 103
1694428078616 59.68678624091728 104
1694428078684 175.4607243114182 105
1694428078749 22.590574682445766 106
1694428078815 217.9034150622164 107
1694428078879 146.11928123350467 108
1694428078943 168.46039932887427 109
1694428079007 115.01378326013821 110
1694428079071 114.88854698709125 111
1694428079135 222.4404954918888 112
1694428079206 159.77333737698962 113
1694428079275 134.72494516663443 114
1694428079340 228.47788269610768 115
1694428079404 171.11137852955451 116
1694428079469 266.4699546577816 117
1694428079532 265.19664213273865 118
1694428079595 96.38483521241339 119
1694428079659 12.409755910519708 120
1694428079723 102.91023947541612 121
1694428079788 178.62313182562178 122
1694428079853 164.40968301539323 123
1694428079917 231.7135458738991 124
1694428079982 140.22356839713498 125
1694428080047 170.7685441457009 126
1694428080122 135.92010847397862 127
1694428080187 185.85155201567306 128
1694428080251 190.53487334325087 129
1694428080315 70.23942409509716 130
1694428080379 222.687541512654 131
1694428080445 250.26793859782683 132
1694428080510 191.71400812432316 133
1694428080575 221.65446600310602 134
1694428080639 110.03792186103743 135
1694428080702 175.3950930240839 136
1694428080768 63.017489552009344 137
1694428080833 172.51124775848066 138
1694428080898 169.28196200955836 139
1694428080963 170.32739978952955 140
1694428081035 187.0550194847425 141
1694428081098 174.87161224142412 142
1694428081169 149.1479036605556 143
1694428081233 175.58801082510544 144
1694428081297 178.53024473937555 145
1694428081362 167.15879900294593 146
1694428081426 320.99557091625775 147
1694428081491 32.56150845750544 148
1694428081556 364.69876313564833 149
1694428081621 143.13309302974932 150
1694428081685 226.23764086565168 151
1694428081749 276.4886725242054 152
1694428081818 139.16861062514002 153
1694428081883 189.14127430271097 154
1694428081946 145.68693329313066 155
1694428082011 231.9330232114618 156
1694428082076 109.76258752463835 157
1694428082140 150.65986304685984 158
1694428082205 83.00167420449658 159
1694428082268 189.52867789463926 160
1694428082332 248.35376932971354 161
1694428082396 90.39918177652396 162
1694428082460 210.44317992306117 163
1694428082524 184.60207579836063 164
1694428082591 402.00999214074847 165
1694428082656 190.14301929208438 166
1694428082722 158.30443401253544 167
1694428082785 163.14372437095426 168
1694428082850 146.15672228160898 169
1694428082914 187.0077255729493 170
1694428082980 295.40824024258615 171
1694428083043 127.20391060622164 172
1694428083107 119.22963568615063 173
1694428083170 202.22232541401664 174
1694428083234 48.22857064479243 175
1694428083299 130.991842081774 176
1694428083363 222.1787531307419 177
1694428083426 236.70086310753604 178
1694428083492 148.02632642875903 179
1694428083557 122.16986275918316 180
1694428083621 135.74032209241818 181
1694428083688 219.1516095566185 182
1694428083753 309.0579843530718 183
1694428083818 28.039322658994408 184
1694428083882 116.1648689104439 185
1694428083949 157.9591816232894 186
1694428084013 235.66134046638462 187
1694428084076 185.98505193306602 188
1694428084139 114.89385573510118 189
1694428084204 79.40804485403802 190
1694428084269 171.0561537249497 191
1694428084335 158.67814351694645 192
1694428084399 125.45079722919459 193
1694428084463 142.4039403524771 194
1694428084527 173.1945754759296 195
1694428084590 163.0589305264051 196
1694428084654 304.69367560545766 197
1694428084718 205.41687071522745 198
1694428084782 87.55017578460233 199
1694428084847 237.2144163676628 200
1694428084914 156.7744181977355 201
1694428084978 356.33613619408567 202
1694428085042 130.53944594457715 203
1694428085106 79.17225811456065 204
1694428085177 231.89299979630755 205
1694428085242 88.54062347158866 206
1694428085307 138.7278455316732 207
1694428085372 174.29052756638202 208
1694428085438 105.26199380774311 209
1694428085502 254.15006304916233 210
1694428085566 201.18454633960633 211
1694428085629 119.06271900495653 212
1694428085693 595.5839321890286 213
1694428085756 253.58033245225113 214
1694428085820 343.7596474088225 215
1694428085884 212.83929105344532 216
1694428085951 200.81223988983183 217
1694428086014 130.87983684048788 218
1694428086081 169.85304398085756 219
1694428086146 112.92667159372908 220
1694428086210 272.5399428347813 221
1694428086273 91.35729415770828 222
1694428086338 72.77284260042627 223
1694428086402 235.1159501047372 224
1694428086467 44.09885097960776 225
1694428086531 1358.1291286708356 226
1694428086595 458.36278017352373 227
1694428086659 147.7066367440513 228
1694428086723 375.6545600178198 229
1694428086786 247.339863178151 230
1694428086849 209.14566143285185 231
1694428086916 111.29487810169285 232
1694428086981 101.58445082259132 233
1694428087046 148.7282515384595 234
1694428087109 130.42600697631545 235
1694428087174 162.46668267213803 236
1694428087238 74.3778260417289 237
1694428087302 64.27735092323209 238
1694428087366 155.8335921327005 239
1694428087430 166.57751466030066 240
1694428087493 194.7192869939991 241
1694428087558 251.62224228539856 242
1694428087623 178.1557733032075 243
1694428087687 252.85453257510125 244
1694428087757 290.74437674335013 245
1694428087822 254.20185745110555 246
1694428087886 64.95297236461847 247
1694428087949 150.46317839839256 248
1694428088014 161.6979096580591 249
1694428088078 69.047352710825 250
1694428088143 165.50410092703876 251
1694428088206 173.57345661110915 252
1694428088270 74.84878432406924 253
1694428088334 224.6909787592319 254
1694428088399 209.7606175502641 255
1694428088463 78.70583291931382 256
1694428088527 138.14725023473005 257
1694428088593 200.6599267237381 258
1694428088660 92.65065579952271 259
1694428088725 139.05720864772005 260
1694428088789 169.78863758408025 261
1694428088854 172.4507219001065 262
1694428088918 244.26532696620535 263
1694428088983 251.9002717325533 264
1694428089057 121.59338421066994 265
1694428089123 6.462063167505297 266
1694428089190 246.76421503953776 267
1694428089255 151.48831066971854 268
1694428089321 132.8887887006952 269
1694428089386 163.78830347738503 270
1694428089451 158.92150643880194 271
1694428089518 2.224222514279542 272
1694428089583 152.7162615627093 273
1694428089648 115.99911528019939 274
1694428089711 63.063334926321765 275
1694428089777 155.3072714604758 276
1694428089844 127.1155473746394 277
1694428089907 105.41373042289261 278
1694428089972 213.0370919994627 279
1694428090035 191.0518300656952 280
1694428090100 146.76956257896185 281
1694428090164 141.13185010653737 282
1694428090228 210.9260048799533 283
1694428090300 68.43927514436133 284
1694428090367 1.735731614592784 285
1694428090433 93.97577484425696 286
1694428090496 99.35237916818801 287
1694428090560 83.5523437920477 288
1694428090625 160.37329515227964 289
1694428090689 94.73960186972754 290
1694428090753 193.04488232273746 291
1694428090818 173.4471548941459 292
1694428090882 156.245292918334 293
1694428090946 192.76891770893138 294
1694428091011 63.58639949353154 295
1694428091075 238.80480564756184 296
1694428091144 210.27627133833886 297
1694428091208 173.60039822587873 298
1694428091271 119.49386688060808 299
1694428091336 196.99709300337753 300
1694428091402 266.0340325529071 301
1694428091465 163.31686295918232 302
1694428091531 97.95538307568691 303
1694428091596 744.5188187391637 304
1694428091662 195.37120500418766 305
1694428091726 202.12330224311125 306
1694428091789 262.8266450469083 307
1694428091853 211.0933768450747 308
1694428091918 123.55000241510984 309
1694428091992 97.08952360172337 310
1694428092056 185.23816517943575 311
1694428092121 154.90549402191846 312
1694428092185 236.31755279657952 313
1694428092250 125.56990782535041 314
1694428092315 113.61252066131318 315
1694428092378 49.12924914031066 316
1694428092444 70.66516514565731 317
1694428092508 109.18768208212228 318
1694428092572 282.55163592787966 319
1694428092637 213.3500739973188 320
1694428092701 225.34898399693145 321
1694428092765 223.44489946031325 322
1694428092833 127.63240683146702 323
1694428092898 284.46148582798844 324
1694428092967 152.8253640476272 325
1694428093032 155.01189184690622 326
1694428093099 165.80572100825006 327
1694428093165 129.68937979392572 328
1694428093232 1593.4473113904342 329
1694428093297 188.98492886013202 330
1694428093361 106.53522821623348 331
1694428093426 178.19654481278454 332
1694428093490 227.3096066394362 333
1694428093554 166.62071912165234 334
1694428093619 238.64478487268062 335
1694428093684 87.54062109890843 336
1694428093749 147.32427624961088 337
1694428093814 116.56800275974732 338
1694428093879 185.3250141663786 339
1694428093945 193.58764892400325 340
1694428094008 175.9317262038045 341
1694428094072 123.479381676618 342
1694428094136 166.6429197661734 343
1694428094201 312.98967990388013 344
1694428094265 115.87371016843646 345
1694428094329 138.23723467818004 346
1694428094392 176.29772240097418 347
1694428094457 117.32488347367008 348
1694428094526 282.16679468100216 349
1694428094590 251.8691599205521 350
1694428094655 72.25666723704869 351
1694428094720 101.94454379497846 352
1694428094784 212.5981010258696 353
1694428094849 164.68055084042646 354
1694428094913 106.0512379049034 355
1694428094977 171.1997076255536 356
1694428095040 85.98586574770195 357
1694428095105 212.86992179781726 358
1694428095169 197.98724515857114 359
1694428095234 182.52085722084055 360
1694428095298 163.4584003913838 361
1694428095365 52.419909031872216 362
1694428095429 350.7876649409231 363
1694428095493 181.60396631041843 364
1694428095557 194.55735028958813 365
1694428095621 277.5231239174239 366
1694428095685 30.93609038829697 367
1694428095752 116.20717191795819 368
1694428095815 96.18416885488473 369
1694428095880 113.59203608538905 370
1694428095943 123.92766800231763 371
1694428096007 144.31696843610885 372
1694428096073 144.32768994468935 373
1694428096137 127.78610273772186 374
1694428096204 144.03936536874278 375
1694428096268 187.26625771888612 376
1694428096333 156.06067710642333 377
1694428096397 198.78248215470649 378
1694428096463 183.79270917716113 379
1694428096527 127.2638432973168 380
1694428096590 113.93654327295364 381
1694428096655 182.93070032443026 382
1694428096720 60.345100486529105 383
1694428096783 322.6032131933609 384
1694428096849 214.08886734960322 385
1694428096914 136.11305948729242 386
1694428096977 158.25223344444672 387
1694428097046 64.18622326018763 388
1694428097111 105.7258826917449 389
1694428097175 174.5378568513496 390
1694428097240 146.94339186474684 391
1694428097305 82.32892894898141 392
1694428097370 108.99022568657684 393
1694428097434 122.95131884619232 394
1694428097497 214.5867003113723 395
1694428097561 234.23666494488634 396
1694428097627 217.35636466695695 397
1694428097691 296.97294018316086 398
1694428097756 152.48719106795596 399
1694428097820 192.18599420802192 400
1694428097892 183.01972543235016 401
1694428097957 177.12986029677754 402
1694428098020 188.58234540102796 403
1694428098084 859.8928883972889 404
1694428098147 120.3890581885531 405
1694428098212 185.91046702013904 406
1694428098276 265.60677607498974 407
1694428098340 135.43470362286158 408
1694428098404 116.19402218963764 409
1694428098469 113.34489900711291 410
1694428098532 209.22235315762856 411
1694428098598 169.63434557387748 412
1694428098662 116.54888770605152 413
1694428098732 130.14809395383577 414
1694428098797 112.07629296192316 415
1694428098860 142.7390711766298 416
1694428098925 126.5008113278709 417
1694428098988 48.981621091736486 418
1694428099053 40.72316600630182 419
1694428099116 53.39960551225163 420
1694428099180 116.14154861040048 421
1694428099244 231.47170547722254 422
1694428099309 282.4039779387801 423
1694428099372 186.12707992438283 424
1694428099435 59.82965475155872 425
1694428099500 109.55938650621276 426
1694428099569 199.13259430891472 427
1694428099635 190.579506303646 428
1694428099698 178.4563183148676 429
1694428099763 197.38509464610476 430
1694428099831 96.26241175377882 431
1694428099895 63.74693034860677 432
1694428099958 207.28436403682767 433
1694428100022 96.4434232683355 434
1694428100090 108.50464122949244 435
1694428100154 85.79969471616688 436
1694428100219 197.06281091979488 437
1694428100283 142.12474859203886 438
1694428100347 236.30265200586555 439
1694428100416 190.8646398809961 440
1694428100480 135.3745456080804 441
1694428100544 175.15149061570554 442
1694428100608 122.01756191629954 443
1694428100673 97.00848636566143 444
1694428100737 322.8675373679772 445
1694428100800 514.7838919823639 446
1694428100863 207.50943719241974 447
1694428100928 295.0856887604009 448
1694428100992 166.22702162814605 449
1694428101055 159.59630404820425 450
1694428101119 107.16755451342618 451
1694428101185 100.42388241324474 452
1694428101249 17.071167281405565 453
1694428101315 133.29600642366654 454
1694428101379 870.176083945986 455
1694428101443 627.3373134250868 456
1694428101506 111.99217565394532 457
1694428101571 95.41098397639803 458
1694428101635 170.22305567739642 459
1694428101699 269.7918295129006 460
1694428101763 100.4811518354865 461
1694428101828 178.26726961442395 462
1694428101891 110.69967761905104 463
1694428101954 194.2047033217318 464
1694428102018 222.41539669688814 465
1694428102084 241.9479999000699 466
1694428102149 191.0286634385687 467
1694428102213 107.71058404641384 468
1694428102277 151.06464745664704 469
1694428102342 213.93005293608095 470
1694428102406 185.96304009451435 471
1694428102470 270.0036993521593 472
1694428102534 234.93037839878747 473
1694428102598 56.193165170384475 474
1694428102663 191.66893599797297 475
1694428102727 151.46814827083384 476
1694428102793 149.4437640440706 477
1694428102857 21.22627813858169 478
1694428102925 155.51062384452487 479
1694428102991 212.36345905563002 480
1694428103054 169.820847763748 481
1694428103118 263.17766628093227 482
1694428103181 176.106470067549 483
1694428103245 88.17371586022615 484
1694428103309 296.3776439223296 485
1694428103377 49.630151972057114 486
1694428103441 152.44397410022194 487
1694428103506 278.8007956422633 488
1694428103570 85.29406106184314 489
1694428103637 130.91881190968627 490
1694428103702 140.7326030338428 491
1694428103773 329.1705752734742 492
1694428103842 150.95973509859107 493
1694428103907 143.59639360156845 494
1694428103972 74.73752756905182 495
1694428104036 117.32461323866357 496
1694428104099 102.90646508142041 497
1694428104163 130.76955234036996 498
1694428104228 127.85979061506664 499
