1694427710927 169.05654610290657 0
1694427710941 172.12190438683507 1
1694427710956 170.35431378491506 2
1694427710970 172.9282772231637 3
1694427710984 170.47301832234234 4
1694427711003 163.605280432719 5
1694427711023 164.1549105133251 6
1694427711038 164.72146300086942 7
1694427711053 172.84219280185326 8
1694427711068 167.04334723010476 9
1694427711085 168.26142437986263 10
1694427711100 166.54743444755331 11
1694427711114 169.76483447603582 12
1694427711129 169.54946137894765 13
1694427711143 170.23838732639297 14
1694427711158 163.50140523457728 15
1694427711173 171.523059082451 16
1694427711187 165.7717448081673 17
1694427711202 169.21055412542887 18
1694427711218 169.43519504456557 19
1694427711234 165.38641854700612 20
1694427711248 164.95709065113942 21
1694427711263 170.37812126368183 22
1694427711277 170.37478533962735 23
1694427711292 164.09799731528466 24
1694427711306 170.70505428357203 25
1694427711320 173.16015112994143 26
1694427711335 169.5756726082507 27
1694427711349 169.26603955442968 28
1694427711363 172.52217288861397 29
1694427711378 167.67077069126367 30
1694427711393 164.1977909751932 31
1694427711410 165.26400603739145 32
1694427711425 171.1210137876262 33
1694427711442 169.37436096539645 34
1694427711461 167.8124974268 35
1694427711482 168.08469608425955 36
1694427711502 167.64225363302265 37
1694427711522 169.81160803000054 38
1694427711541 167.93235384878963 39
1694427711561 168.8712633037431 40
1694427711576 170.13021946989235 41
1694427711591 173.52415169923415 42
1694427711605 167.8096853099758 43
1694427711619 170.46242131635705 44
1694427711633 171.03212396626918 45
1694427711647 169.6355638706655 46
1694427711662 166.30313744395474 47
1694427711676 163.43535767120807 48
1694427711691 165.48669367453164 49
1694427711705 166.56826750480315 50
1694427711720 166.68017924279997 51
1694427711734 165.0093869766772 52
1694427711748 167.74450355484115 53
1694427711762 166.20888998096007 54
1694427711777 163.8505755739632 55
1694427711792 168.88826912094876 56
1694427711806 170.38705441740643 57
1694427711820 169.59359205950773 58
1694427711834 167.8524540473688 59
1694427711848 168.48098245405058 60
1694427711863 168.31605932467804 61
1694427711877 169.76505463834383 62
1694427711893 169.3363409917015 63
1694427711908 169.61676182535274 64
1694427711923 171.33085559621009 65
1694427711937 169.41031061049208 66
1694427711952 167.4019017042478 67
1694427711966 167.38629931520774 68
1694427711981 169.04091909169364 69
1694427711996 168.75231566013215 70
1694427712011 168.63548885172872 71
1694427712025 170.03274430087566 72
1694427712039 167.80976231836854 73
1694427712053 167.1211919625659 74
1694427712068 171.05341584191 75
1694427712082 165.9453558856243 76
1694427712099 168.78667105444453 77
1694427712119 167.46698156416397 78
1694427712136 170.27777308890697 79
1694427712153 169.37996476400033 80
1694427712167 166.709169100987 81
1694427712182 168.98988115781088 82
1694427712196 167.95450046433572 83
1694427712210 170.6043399901576 84
1694427712226 170.31172710330472 85
1694427712241 169.86804104266147 86
1694427712255 165.41220652839425 87
1694427712269 165.21449648524225 88
1694427712283 173.8392852274929 89
1694427712298 168.92365157015166 90
1694427712312 170.9843112310545 91
1694427712327 172.1927209990547 92
1694427712342 165.64816550277823 93
1694427712356 162.29122461128824 94
1694427712370 165.65040449688578 95
1694427712384 168.35569387110155 96
1694427712398 168.91390263574763 97
1694427712412 171.04970480518242 98
1694427712427 165.29267013751496 99
1694427712441 170.25945982750122 100
1694427712455 166.80308435111047 101
1694427712470 168.41750019883992 102
1694427712485 164.81466710770582 103
1694427712499 161.5861980790566 104
1694427712514 168.13279247374334 105
1694427712529 170.79636075005243 106
1694427712543 167.74854837762373 107
1694427712558 170.0287417498768 108
1694427712572 172.75597197121846 109
1694427712590 168.05702761828715 110
1694427712609 172.64941895963617 111
1694427712625 171.55836946006153 112
1694427712640 165.81431089507467 113
1694427712656 172.59063641573889 114
1694427712670 163.99414061690777 115
1694427712684 170.81003732304697 116
1694427712700 168.54232178854676 117
1694427712714 172.1335086135583 118
1694427712729 171.77523882784203 119
1694427712743 172.75540072650952 120
1694427712758 166.24805981866993 121
1694427712772 169.3308083530509 122
1694427712787 172.39919802388866 123
1694427712801 167.03148388826682 124
1694427712816 166.3259749055499 125
1694427712830 166.6709642783583 126
1694427712844 168.21954642565154 127
1694427712858 173.69860712077352 128
1694427712872 171.47956571466207 129
1694427712886 169.1329367095308 130
1694427712901 167.51739916242246 131
1694427712916 170.3541730891421 132
1694427712931 170.19840483864465 133
1694427712945 173.65038870892354 134
1694427712962 169.20993861873762 135
1694427712985 168.15667489362576 136
1694427713006 169.60235960341566 137
1694427713025 166.4343291621561 138
1694427713041 166.46101512655744 139
1694427713055 168.90161473652628 140
1694427713069 156.67526193009834 141
1694427713084 159.73274363587603 142
1694427713099 165.72172822397073 143
1694427713114 164.08163094800474 144
1694427713130 165.78388982796628 145
1694427713145 172.58753983913454 146
1694427713160 170.04908887844473 147
1694427713174 168.32726263400536 148
1694427713192 169.49887005064838 149
1694427713212 170.21742156635347 150
1694427713232 172.2538302828882 151
1694427713249 167.4128187698033 152
1694427713263 167.59971613622352 153
1694427713277 168.815043236151 154
1694427713293 167.36858417062066 155
1694427713308 170.5478831554088 156
1694427713322 167.03676708474117 157
1694427713336 165.00370096629834 158
1694427713351 170.13894187971755 159
1694427713365 164.2475394796561 160
1694427713379 167.86470625990424 161
1694427713393 165.19599169581602 162
1694427713408 162.51650222056227 163
1694427713422 161.7637522962391 164
1694427713436 159.83373049576844 165
1694427713451 168.0903966185489 166
1694427713466 170.1086721960716 167
1694427713481 163.4404310498466 168
1694427713496 170.84751511356248 169
1694427713510 167.2778747601808 170
1694427713524 173.0543541559851 171
1694427713539 166.87128699254635 172
1694427713553 168.09201437327854 173
1694427713567 171.1923384016532 174
1694427713582 169.91719865874455 175
1694427713596 173.57374587445423 176
1694427713611 174.55071341388404 177
1694427713625 167.95358543892343 178
1694427713639 175.55625135948097 179
1694427713655 170.67680506472988 180
1694427713670 167.40859007855207 181
1694427713685 167.63356998956596 182
1694427713699 165.6913315696449 183
1694427713715 171.429535439252 184
1694427713733 168.92994015265353 185
1694427713752 165.47842751730983 186
1694427713767 164.67318417655247 187
1694427713781 172.15502874633378 188
1694427713795 168.6530642516127 189
1694427713810 166.10655743014226 190
1694427713824 167.4811378140102 191
1694427713839 168.99138318845183 192
1694427713853 162.14430427242237 193
1694427713867 167.35812309096028 194
1694427713881 165.038555059406 195
1694427713896 165.98583480009634 196
1694427713911 160.98349779231017 197
1694427713926 164.63685494871962 198
1694427713941 170.46660309270555 199
1694427713956 165.39226501794502 200
1694427713970 164.6243268495636 201
1694427713985 175.93580263814556 202
1694427713999 164.24641396880455 203
1694427714014 172.51062304840647 204
1694427714028 173.68493541914205 205
1694427714042 171.71176421159575 206
1694427714056 169.61507312977488 207
1694427714071 167.33169037046068 208
1694427714085 170.03909950992397 209
1694427714100 168.9135274562545 210
1694427714114 170.07964892501423 211
1694427714128 172.36760561492673 212
1694427714142 167.91968666677715 213
1694427714157 167.58653604757413 214
1694427714171 165.0539769900992 215
1694427714185 164.51696220247786 216
1694427714200 168.28444642949142 217
1694427714215 167.9558926524269 218
1694427714230 165.65017891952496 219
1694427714245 169.48976483577673 220
1694427714260 167.36058759095457 221
1694427714275 169.5324631418843 222
1694427714289 166.83400637822052 223
1694427714303 172.58310824939872 224
1694427714320 164.98233006346507 225
1694427714338 167.99082812079436 226
1694427714353 169.03872217796894 227
1694427714368 166.95482667147584 228
1694427714382 170.95599376150045 229
1694427714397 173.21220321033198 230
1694427714412 162.91662901197648 231
1694427714427 170.9583435666206 232
1694427714441 166.40072918155985 233
1694427714455 169.06872968851596 234
1694427714470 171.33791647027394 235
1694427714484 166.27182774723656 236
1694427714498 170.5804949184231 237
1694427714513 169.25252571156378 238
1694427714527 167.13414199381265 239
1694427714541 168.06225113140633 240
1694427714555 168.99258577694673 241
1694427714569 173.83748402031668 242
1694427714583 172.8976879109297 243
1694427714597 164.63653763117438 244
1694427714612 168.18462791149798 245
1694427714626 170.1022849208569 246
1694427714640 174.3326766930058 247
1694427714655 167.84029018239067 248
1694427714669 170.2154050155669 249
1694427714684 166.68200679799853 250
1694427714698 172.40602018727012 251
1694427714712 165.44549410775247 252
1694427714726 164.20422804271342 253
1694427714742 167.99138720764617 254
1694427714757 163.64630023888532 255
1694427714772 168.80758885520862 256
1694427714786 169.16454712220647 257
1694427714800 170.6951535191909 258
1694427714815 166.22893202087613 259
1694427714833 170.17035373949156 260
1694427714853 161.25617284886818 261
1694427714870 167.63590397647636 262
1694427714885 164.10335655229713 263
1694427714899 168.39882328738582 264
1694427714915 167.51335851954758 265
1694427714930 169.9641673320123 266
1694427714944 166.76279048708074 267
1694427714958 170.09963765588145 268
1694427714972 166.50386933447345 269
1694427714986 168.51399060735133 270
1694427715001 163.4605128980888 271
1694427715016 169.2615810313429 272
1694427715030 170.2619298225479 273
1694427715044 169.36504775743032 274
1694427715058 165.880902950246 275
1694427715072 165.56223604259097 276
1694427715086 167.4233824318329 277
1694427715101 168.03774177958024 278
1694427715115 167.2196412155418 279
1694427715130 168.028629967175 280
1694427715144 165.1628556647535 281
1694427715158 174.12865349636948 282
1694427715172 169.36549242361255 283
1694427715186 165.88284318273963 284
1694427715200 166.02409533512204 285
1694427715215 169.33431707389266 286
1694427715230 162.46784896993026 287
1694427715244 170.4301010035784 288
1694427715258 166.51587791595935 289
1694427715272 166.4570532310033 290
1694427715288 167.9822126170211 291
1694427715302 167.10942386431265 292
1694427715318 167.1916953048257 293
1694427715332 165.52809950736213 294
1694427715346 171.34679279020037 295
1694427715360 169.27043677852788 296
1694427715375 167.89915300174948 297
1694427715390 169.76283545060613 298
1694427715405 167.54568118490437 299
1694427715423 171.54959332787342 300
1694427715444 168.98397949960346 301
1694427715460 167.50338042769167 302
1694427715475 164.64854101316982 303
1694427715490 166.06243853020828 304
1694427715504 165.71303479918728 305
1694427715519 171.4406123064489 306
1694427715533 168.78984145892576 307
1694427715547 171.40320339981716 308
1694427715561 172.60840163644545 309
1694427715575 167.5598684286387 310
1694427715589 169.22893516603463 311
1694427715604 167.82528579721307 312
1694427715618 168.5941640558156 313
1694427715632 169.05389046791672 314
1694427715646 163.90367555931718 315
1694427715660 169.13202069356925 316
1694427715674 168.4226219345459 317
1694427715688 173.62447553380434 318
1694427715703 164.67390196308793 319
1694427715717 160.35417168468138 320
1694427715732 170.31435398912814 321
1694427715748 167.58658545021086 322
1694427715762 167.513386960393 323
1694427715776 168.7990919322583 324
1694427715790 167.47631935939305 325
1694427715804 169.81575257606696 326
1694427715819 167.1198120987529 327
1694427715834 167.8730419974821 328
1694427715849 169.79148822432396 329
1694427715863 165.70619764414565 330
1694427715877 167.93679396718485 331
1694427715891 167.11007729584662 332
1694427715906 164.09435170877273 333
1694427715922 171.12444756574547 334
1694427715936 171.9504382668923 335
1694427715951 166.65285381544837 336
1694427715969 167.28177835408172 337
1694427715985 168.8919503172252 338
1694427716003 164.9685969642687 339
1694427716018 168.2978932933376 340
1694427716033 174.4070537610216 341
1694427716047 166.40461618686373 342
1694427716061 167.56913735056736 343
1694427716075 167.02994157642183 344
1694427716089 174.1756260292779 345
1694427716104 169.52104058308836 346
1694427716118 164.0527838724295 347
1694427716132 162.90714382704056 348
1694427716148 167.21060629349353 349
1694427716162 164.05850538399537 350
1694427716176 166.791781148205 351
1694427716190 168.2207699497963 352
1694427716205 168.24633537970132 353
1694427716220 167.36951535285203 354
1694427716234 170.32721730528007 355
1694427716249 166.65073681638518 356
1694427716264 168.38627406928003 357
1694427716278 167.33193029101758 358
1694427716292 167.7301417563474 359
1694427716307 168.68040392795817 360
1694427716321 173.45116788007235 361
1694427716336 166.862494573956 362
1694427716350 168.02878510227552 363
1694427716364 163.53001808538497 364
1694427716379 167.39289031755666 365
1694427716394 164.09058188620864 366
1694427716408 169.70164535493907 367
1694427716423 169.97767872785155 368
1694427716437 167.11090858486185 369
1694427716452 167.79090779854212 370
1694427716466 160.6429506044688 371
1694427716480 167.46539355525871 372
1694427716495 168.2123906304307 373
1694427716509 163.99252511758215 374
1694427716524 167.77874791644075 375
1694427716541 171.41220804844508 376
1694427716557 166.65011793096906 377
1694427716575 167.49614324188906 378
1694427716590 168.0900805304033 379
1694427716604 170.74371690971518 380
1694427716619 164.83495555261018 381
1694427716633 167.15641863480707 382
1694427716648 170.25247842147704 383
1694427716663 168.25643997358557 384
1694427716677 164.27827265766646 385
1694427716691 169.22198012628002 386
1694427716705 169.34614997018843 387
1694427716719 170.54499478410224 388
1694427716734 170.96028537992305 389
1694427716749 165.8603232760337 390
1694427716763 167.70095006713186 391
1694427716777 169.4610268617601 392
1694427716792 164.92517282099723 393
1694427716806 166.24341059871077 394
1694427716819 167.19869723571327 395
1694427716834 172.80876027797382 396
1694427716847 175.13895603469715 397
1694427716862 173.1921717430507 398
1694427716877 165.4180020839861 399
1694427716892 166.13569214161635 400
1694427716906 168.94860142889448 401
1694427716921 166.975573477431 402
1694427716937 166.6824228516106 403
1694427716952 169.65419317644526 404
1694427716968 169.5970349803838 405
1694427716983 167.96543382332834 406
1694427716998 169.64044452192246 407
1694427717013 169.86396597050137 408
1694427717027 170.8326295495446 409
1694427717042 168.75109237757033 410
1694427717056 164.1382792130848 411
1694427717071 163.33150858486383 412
1694427717091 169.82220906963656 413
1694427717107 173.54466336331527 414
1694427717126 169.80589546277685 415
1694427717140 168.36474144174795 416
1694427717154 169.91963566505112 417
1694427717168 165.90501254854667 418
1694427717183 161.82451822949065 419
1694427717197 171.06364002339413 420
1694427717212 166.77173489296206 421
1694427717226 171.1081200240804 422
1694427717241 168.79580236665828 423
1694427717255 168.80691220574946 424
1694427717269 165.62624683443272 425
1694427717284 168.47274547036938 426
1694427717298 170.59319795326226 427
1694427717312 163.82736347830766 428
1694427717327 168.0795400159599 429
1694427717341 171.83485710566438 430
1694427717355 165.92634803226483 431
1694427717369 172.12797946326555 432
1694427717384 170.21491780087294 433
1694427717398 166.4103294748095 434
1694427717412 168.8231142407126 435
1694427717427 168.1637866282528 436
1694427717441 167.956090053045 437
1694427717456 165.6322869835795 438
1694427717470 167.08611245295552 439
1694427717485 170.71438820892874 440
1694427717499 166.0364424139465 441
1694427717514 170.8419969641724 442
1694427717529 168.20103578661897 443
1694427717543 169.65449559889242 444
1694427717559 164.62785560736828 445
1694427717575 167.72075777701647 446
1694427717589 170.99279623770016 447
1694427717602 164.52645523746523 448
1694427717617 170.126487058053 449
1694427717632 170.18452924529052 450
1694427717648 171.95447078708585 451
1694427717665 167.90329652811684 452
1694427717683 169.81491779288464 453
1694427717698 166.74012810809353 454
1694427717712 164.314041946002 455
1694427717727 166.88075821496136 456
1694427717741 164.75419078464373 457
1694427717756 168.0984439652443 458
1694427717772 162.42385841327197 459
1694427717786 169.93486070649965 460
1694427717801 171.01493206628135 461
1694427717815 170.91906341880016 462
1694427717829 162.4433715013819 463
1694427717843 169.60237805646685 464
1694427717858 173.65058815745732 465
1694427717872 172.7691376115508 466
1694427717886 168.94763659226285 467
1694427717900 170.92360194767147 468
1694427717915 163.22750373483473 469
1694427717931 170.9857764699945 470
1694427717945 172.873775776694 471
1694427717960 168.9957784409184 472
1694427717974 169.22279108558956 473
1694427717988 170.87099782483457 474
1694427718002 171.44289136130956 475
1694427718017 166.56419661175872 476
1694427718032 168.44005773540215 477
1694427718046 167.6028971001699 478
1694427718061 174.81446738687185 479
1694427718076 171.70538775387192 480
1694427718090 170.8958906535402 481
1694427718104 165.2848132606613 482
1694427718118 164.3548299045904 483
1694427718133 158.6844100759033 484
1694427718147 168.33797753002816 485
1694427718161 171.23086831503855 486
1694427718176 170.3584314320473 487
1694427718193 166.072958140639 488
1694427718212 172.86546312822207 489
1694427718229 172.9705377519181 490
1694427718244 165.08444747884786 491
1694427718258 169.25111322976903 492
1694427718273 165.28885996133042 493
1694427718287 168.26399584177116 494
1694427718301 162.46179710560037 495
1694427718315 173.14346199901883 496
1694427718330 162.68803847465682 497
1694427718344 168.890792584455 498
1694427718359 168.05172555287393 499
