1694430565005 169.19669551054895 0
1694430565022 165.82662890104027 1
1694430565039 162.5249609708584 2
1694430565054 159.29029038736826 3
1694430565069 156.12124469149623 4
1694430565085 153.01647970021762 5
1694430565101 149.9746789214691 6
1694430565119 146.99455298122416 7
1694430565136 144.07483906247927 8
1694430565152 141.21430035589933 9
1694430565168 138.41172552187936 10
1694430565184 135.66592816378403 11
1694430565200 132.9757463121302 12
1694430565216 130.3400419194846 13
1694430565233 127.75770036585192 14
1694430565249 125.22762997433463 15
1694430565267 122.74876153684961 16
1694430565284 120.32004784969146 17
1694430565304 117.94046325873688 18
1694430565320 115.60900321408897 19
1694430565337 113.3246838339641 20
1694430565352 111.08654147762856 21
1694430565367 108.89363232719603 22
1694430565383 106.74503197810137 23
1694430565399 104.639835038069 24
1694430565415 102.57715473439951 25
1694430565434 100.55612252940051 26
1694430565451 98.57588774379214 27
1694430565467 96.63561718792073 28
1694430565483 94.73449480061858 29
1694430565499 92.87172129554952 30
1694430565514 91.04651381488523 31
1694430565530 89.2581055901589 32
1694430565547 87.50574561014734 33
1694430565563 85.78869829563475 34
1694430565579 84.10624318091494 35
1694430565595 82.4576746018922 36
1694430565610 80.84230139064255 37
1694430565627 79.2594465763019 38
1694430565642 77.70844709214899 39
1694430565658 76.18865348875404 40
1694430565673 74.69942965306754 41
1694430565690 73.24015253332512 42
1694430565706 71.81021186964772 43
1694430565724 70.40900993021867 44
1694430565742 69.03596125292181 45
1694430565761 67.69049239232704 46
1694430565779 66.37204167191206 47
1694430565797 65.0800589414117 48
1694430565816 63.814005339188284 49
1694430565834 62.57335305951846 50
1694430565852 61.357585124694744 51
1694430565869 60.166195161841415 52
1694430565887 58.998687184347176 53
1694430565905 57.85457537781842 54
1694430565922 56.73338389045947 55
1694430565939 55.63464662778785 56
1694430565954 54.55790705159441 57
1694430565970 53.50271798306046 58
1694430565986 52.46864140994553 59
1694430566002 51.455248297761244 60
1694430566018 50.46211840484868 61
1694430566035 49.48884010127819 62
1694430566051 48.53501019149241 63
1694430566066 47.60023374061476 64
1694430566082 46.6841239043476 65
1694430566098 45.78630176238526 66
1694430566113 44.906396155269434 67
1694430566131 44.044043524615326 68
1694430566155 43.19888775663875 69
1694430566176 42.37058002891571 70
1694430566192 41.558778660307595 71
1694430566208 40.763148963986154 72
1694430566225 39.983363103494185 73
1694430566241 39.21909995177903 74
1694430566256 38.470044953137204 75
1694430566271 37.73588998800981 76
1694430566287 37.01633324056987 77
1694430566303 36.311079069043494 78
1694430566319 35.61983787870848 79
1694430566336 34.94232599751472 80
1694430566352 34.27826555427226 81
1694430566368 33.62738435935371 82
1694430566384 32.98941578785907 83
1694430566401 32.364098665191875 84
1694430566417 31.75117715499682 85
1694430566433 31.150400649409942 86
1694430566449 30.561523661573485 87
1694430566465 29.98430572036866 88
1694430566480 29.418511267320174 89
1694430566497 28.863909555627906 90
1694430566516 28.320274551281425 91
1694430566532 27.787384836214436 92
1694430566549 27.265023513456796 93
1694430566564 26.75297811424296 94
1694430566580 26.251040507036237 95
1694430566596 25.759006808429206 96
1694430566611 25.27667729588167 97
1694430566627 24.803856322257907 98
1694430566643 24.340352232126197 99
1694430566659 23.885977279784044 100
1694430566674 23.440547548973516 101
1694430566690 23.00388287425168 102
1694430566707 22.575806763981895 103
1694430566723 22.156146324912605 104
1694430566742 21.744732188310596 105
1694430566758 21.341398437616682 106
1694430566775 20.945982537592485 107
1694430566792 20.55832526492721 108
1694430566808 20.178270640274476 109
1694430566824 19.805665861689498 110
1694430566840 19.44036123943784 111
1694430566856 19.082210132147182 112
1694430566873 18.73106888427461 113
1694430566889 18.386796764861913 114
1694430566904 18.049255907552652 115
1694430566920 17.71831125184464 116
1694430566936 17.393830485552478 117
1694430566952 17.075683988455065 118
1694430566967 16.76374477710363 119
1694430566983 16.457888450766298 120
1694430566999 16.15799313848582 121
1694430567013 15.863939447227326 122
1694430567030 15.575610411093633 123
1694430567046 15.292891441586203 124
1694430567062 15.015670278889889 125
1694430567077 14.743836944160623 126
1694430567094 14.477283692795156 127
1694430567110 14.215904968662567 128
1694430567126 13.959597359277838 129
1694430567142 13.70825955189784 130
1694430567158 13.461792290520933 131
1694430567173 13.220098333771242 132
1694430567190 12.983082413649612 133
1694430567205 12.750651195133205 134
1694430567221 12.522713236606265 135
1694430567237 12.299178951104897 136
1694430567254 12.07996056835908 137
1694430567269 11.864972097615391 138
1694430567286 11.654129291224466 139
1694430567301 11.447349608977298 140
1694430567317 11.244552183174912 141
1694430567334 11.045657784416488 142
1694430567349 10.850588788090759 143
1694430567364 10.65926914155658 144
1694430567380 10.471624331998116 145
1694430567397 10.287581354940924 146
1694430567412 10.107068683415248 147
1694430567429 9.930016237753154 148
1694430567446 9.75635535600649 149
1694430567463 9.586018764972785 150
1694430567479 9.418940551816656 151
1694430567497 9.25505613627435 152
1694430567512 9.09430224342943 153
1694430567527 8.936616877047886 154
1694430567545 8.781939293461031 155
1694430567560 8.630209975984984 156
1694430567576 8.481370609865584 157
1694430567592 8.335364057738037 158
1694430567608 8.192134335590593 159
1694430567624 8.051626589221788 160
1694430567641 7.913787071181303 161
1694430567657 7.778563118184262 162
1694430567673 7.645903128989317 163
1694430567689 7.515756542730905 164
1694430567705 7.388073817696434 165
1694430567721 7.26280641053903 166
1694430567737 7.1399067559170835 167
1694430567753 7.019328246551676 168
1694430567768 6.901025213693301 169
1694430567784 6.78495290798946 170
1694430567800 6.671067480744857 171
1694430567815 6.559325965566172 172
1694430567832 6.449686260383375 173
1694430567848 6.342107109839916 174
1694430567864 6.236548088044186 175
1694430567880 6.132969581674749 176
1694430567897 6.03133277343215 177
1694430567912 5.931599625830076 178
1694430567928 5.833732865318931 179
1694430567945 5.737695966734987 180
1694430567960 5.643453138068348 181
1694430567976 5.550969305543272 182
1694430567994 5.460210099004295 183
1694430568010 5.371141837601947 184
1694430568026 5.283731515771863 185
1694430568042 5.197946789501285 186
1694430568058 5.113755962876952 187
1694430568074 5.031127974908701 188
1694430568090 4.950032386623027 189
1694430568106 4.870439368421052 190
1694430568122 4.7923196876955 191
1694430568138 4.715644696701353 192
1694430568155 4.640386320674884 193
1694430568170 4.566517046196056 194
1694430568186 4.494009909789233 195
1694430568202 4.422838486757333 196
1694430568218 4.352976880244524 197
1694430568233 4.284399710522938 198
1694430568249 4.2170821044985995 199
1694430568265 4.150999685432205 200
1694430568281 4.086128562870261 201
1694430568298 4.02244532278231 202
1694430568313 3.9599270178999144 203
1694430568329 3.8985511582533623 204
1694430568345 3.838295701901953 205
1694430568361 3.779139045853914 206
1694430568377 3.7210600171720234 207
1694430568393 3.6640378642611653 208
1694430568408 3.6080522483340456 209
1694430568424 3.5530832350514028 210
1694430568441 3.4991112863331413 211
1694430568458 3.446117252336884 212
1694430568473 3.394082363600483 213
1694430568489 3.3429882233451127 214
1694430568505 3.2928167999356956 215
1694430568521 3.2435504194953557 216
1694430568537 3.195171758670791 217
1694430568553 3.1476638375454438 218
1694430568569 3.1010100126974356 219
1694430568587 3.055193970399293 220
1694430568604 3.0101997199565442 221
1694430568620 2.9660115871823516 222
1694430568637 2.922614208005357 223
1694430568654 2.8799925222080525 224
1694430568669 2.838131767292951 225
1694430568685 2.797017472473943 226
1694430568701 2.756635452790288 227
1694430568717 2.7169718033406998 228
1694430568733 2.6780128936350835 229
1694430568749 2.6397453620614852 230
1694430568765 2.602156110465895 231
1694430568782 2.565232298842618 232
1694430568797 2.528961340132904 233
1694430568813 2.4933308951296116 234
1694430568830 2.458328867485788 235
1694430568845 2.4239433988249535 236
1694430568862 2.3901628639510744 237
1694430568878 2.3569758661561413 238
1694430568894 2.324371232623341 239
1694430568910 2.292338009923886 240
1694430568926 2.2608654596056157 241
1694430568942 2.2299430538713496 242
1694430568958 2.1995604713453583 243
1694430568974 2.169707592925935 244
1694430568990 2.140374497722487 245
1694430569006 2.1115514590752458 246
1694430569023 2.0832289406560647 247
1694430569039 2.0553975926484935 248
1694430569056 2.028048248005629 249
1694430569072 2.0011719187840384 250
1694430569087 1.97475979255231 251
1694430569103 1.9488032288725852 252
1694430569120 1.9232937558536658 253
1694430569136 1.8982230667742055 254
1694430569154 1.873583016774508 255
1694430569170 1.8493656196155843 256
1694430569186 1.8255630445040747 257
1694430569202 1.8021676129816508 258
1694430569218 1.7791717958776418 259
1694430569233 1.756568210323513 260
1694430569250 1.734349616828016 261
1694430569266 1.712508916411684 262
1694430569282 1.691039147799522 263
1694430569298 1.669933484670674 264
1694430569313 1.6491852329638832 265
1694430569329 1.628787828237651 266
1694430569344 1.6087348330839173 267
1694430569362 1.5890199345942333 268
1694430569378 1.5696369418772826 269
1694430569394 1.5505797836267419 270
1694430569408 1.5318425057384646 271
1694430569424 1.5134192689759378 272
1694430569440 1.4953043466830405 273
1694430569456 1.4774921225431576 274
1694430569472 1.4599770883836785 275
1694430569489 1.4427538420249566 276
1694430569504 1.4258170851728131 277
1694430569521 1.4091616213537257 278
1694430569537 1.3927823538917914 279
1694430569552 1.376674283926637 280
1694430569569 1.3608325084714272 281
1694430569585 1.3452522185101436 282
1694430569601 1.3299286971333664 283
1694430569616 1.3148573177117224 284
1694430569632 1.3000335421062843 285
1694430569647 1.2854529189151078 286
1694430569663 1.2711110817552354 287
1694430569679 1.2570037475793645 288
1694430569698 1.2431267150265581 289
1694430569716 1.2294758628062208 290
1694430569733 1.216047148114735 291
1694430569751 1.2028366050840242 292
1694430569767 1.1898403432614395 293
1694430569785 1.1770545461203243 294
1694430569802 1.1644754696005863 295
1694430569818 1.1520994406787455 296
1694430569834 1.1399228559667656 297
1694430569850 1.1279421803391663 298
1694430569867 1.1161539455877678 299
1694430569883 1.1045547491035577 300
1694430569900 1.0931412525851056 301
1694430569916 1.0819101807729727 302
1694430569932 1.0708583202096058 303
1694430569947 1.0599825180242026 304
1694430569963 1.0492796807420017 305
1694430569979 1.0387467731175433 306
1694430569995 1.028380816991385 307
1694430570010 1.0181788901698143 308
1694430570028 1.0081381253270647 309
1694430570044 0.9982557089296048 310
1694430570060 0.9885288801820242 311
1694430570076 0.9789549299940996 312
1694430570092 0.9695311999686018 313
1694430570108 0.9602550814094143 314
1694430570124 0.9511240143495582 315
1694430570140 0.9421354865987182 316
1694430570156 0.9332870328098694 317
1694430570172 0.9245762335646147 318
1694430570188 0.9160007144768741 319
1694430570204 0.9075581453145054 320
1694430570220 0.8992462391385457 321
1694430570238 0.8910627514596805 322
1694430570254 0.8830054794116019 323
1694430570271 0.8750722609409117 324
1694430570288 0.8672609740132363 325
1694430570303 0.8595695358352156 326
1694430570319 0.8519959020920577 327
1694430570336 0.8445380662003198 328
1694430570351 0.837194058575645 329
1694430570368 0.8299619459150941 330
1694430570384 0.8228398304938522 331
1694430570400 0.8158258494759264 332
1694430570416 0.8089181742386516 333
1694430570433 0.8021150097106255 334
1694430570448 0.7954145937228917 335
1694430570465 0.7888151963730171 336
1694430570481 0.782315119401873 337
1694430570497 0.775912695582831 338
1694430570513 0.7696062881231005 339
1694430570530 0.7633942900770175 340
1694430570546 0.7572751237709855 341
1694430570562 0.7512472402398697 342
1694430570579 0.7453091186745979 343
1694430570595 0.7394592658807511 344
1694430570610 0.7336962157478895 345
1694430570626 0.7280185287294589 346
1694430570641 0.7224247913329923 347
1694430570657 0.7169136156204514 348
1694430570674 0.71148363871847 349
1694430570690 0.7061335223383264 350
1694430570705 0.7008619523054277 351
1694430570721 0.6956676380981157 352
1694430570737 0.690549312395614 353
1694430570753 0.6855057306349354 354
1694430570769 0.6805356705765497 355
1694430570786 0.6756379318786555 356
1694430570801 0.6708113356798634 357
1694430570817 0.6660547241901441 358
1694430570833 0.6613669602898532 359
1694430570849 0.6567469271366775 360
1694430570867 0.6521935277803448 361
1694430570884 0.647705684784945 362
1694430570902 0.6432823398586925 363
1694430570918 0.6389224534909955 364
1694430570934 0.6346250045966869 365
1694430570949 0.6303889901672503 366
1694430570965 0.626213424928937 367
1694430570982 0.6220973410075922 368
1694430570998 0.6180397876000884 369
1694430571012 0.6140398306522215 370
1694430571028 0.6100965525429367 371
1694430571044 0.6062090517747599 372
1694430571060 0.6023764426703123 373
1694430571078 0.5985978550747801 374
1694430571094 0.5948724340642255 375
1694430571109 0.5911993396596132 376
1694430571126 0.5875777465464543 377
1694430571144 0.5840068437999274 378
1694430571160 0.5804858346154037 379
1694430571176 0.577013936044226 380
1694430571192 0.5735903787346684 381
1694430571207 0.5702144066779642 382
1694430571223 0.5668852769592914 383
1694430571238 0.5636022595136203 384
1694430571255 0.5603646368863412 385
1694430571271 0.5571717039985455 386
1694430571288 0.5540227679169012 387
1694430571304 0.5509171476280021 388
1694430571319 0.54785417381712 389
1694430571336 0.5448331886512608 390
1694430571351 0.5418535455664504 391
1694430571368 0.5389146090591431 392
1694430571384 0.5360157544817077 393
1694430571400 0.5331563678418593 394
1694430571418 0.5303358456060122 395
1694430571435 0.5275535945064305 396
1694430571451 0.5248090313521282 397
1694430571467 0.5221015828434291 398
1694430571483 0.519430685390127 399
1694430571500 0.5167957849331553 400
1694430571516 0.5141963367697201 401
1694430571531 0.5116318053818046 402
1694430571548 0.5091016642679894 403
1694430571564 0.5066053957785293 404
1694430571580 0.5041424909536039 405
1694430571596 0.5017124493646888 406
1694430571611 0.49931477895898974 407
1694430571628 0.4969489959068749 408
1694430571644 0.49461462445223825 409
1694430571659 0.4923111967657411 410
1694430571676 0.4900382528008908 411
1694430571691 0.4877953401528602 412
1694430571707 0.48558201392004247 413
1694430571723 0.4833978365682479 414
1694430571738 0.4812423777975063 415
1694430571754 0.47911521441143207 416
1694430571771 0.47701593018907235 417
1694430571787 0.47494411575923295 418
1694430571803 0.4728993684771809 419
1694430571819 0.4708812923037245 420
1694430571835 0.46888949768659527 421
1694430571850 0.46692360144408457 422
1694430571866 0.4649832266509134 423
1694430571883 0.46306800252627334 424
1694430571899 0.46117756432399226 425
1694430571914 0.4593115532247958 426
1694430571930 0.4574696162306212 427
1694430571946 0.45565140606092985 428
1694430571962 0.45385658105099663 429
1694430571980 0.45208480505211934 430
1694430571996 0.45033574733373827 431
1694430572013 0.4486090824873852 432
1694430572029 0.44690449033247126 433
1694430572047 0.44522165582384277 434
1694430572063 0.4435602689610948 435
1694430572080 0.4419200246995845 436
1694430572095 0.44030062286314 437
1694430572110 0.43870176805840005 438
1694430572126 0.437123169590775 439
1694430572142 0.4355645413819881 440
1694430572157 0.4340256018891628 441
1694430572172 0.43250607402544566 442
1694430572189 0.4310056850820944 443
1694430572205 0.42952416665205323 444
1694430572221 0.4280612545549424 445
1694430572236 0.4266166887634656 446
1694430572253 0.4251902133311827 447
1694430572269 0.42378157632163993 448
1694430572286 0.42239052973882285 449
1694430572301 0.42101682945890706 450
1694430572317 0.4196602351632778 451
1694430572332 0.4183205102728034 452
1694430572347 0.41699742188332806 453
1694430572363 0.41569074070236295 454
1694430572379 0.414400240986961 455
1694430572396 0.41312570048273306 456
1694430572411 0.41186690036400564 457
1694430572428 0.41062362517508 458
1694430572444 0.40939566277258443 459
1694430572459 0.4081828042688881 460
1694430572475 0.4069848439765592 461
1694430572492 0.4058015793538557 462
1694430572507 0.4046328109512105 463
1694430572524 0.4034783423587151 464
1694430572539 0.402337980154554 465
1694430572556 0.40121153385440206 466
1694430572570 0.40009881586174484 467
1694430572589 0.39899964141910443 468
1694430572607 0.3979138285601716 469
1694430572622 0.39684119806280455 470
1694430572639 0.39578157340289344 471
1694430572655 0.39473478070906065 472
1694430572671 0.3937006487182011 473
1694430572687 0.3926790087318153 474
1694430572703 0.3916696945731518 475
1694430572718 0.3906725425451288 476
1694430572735 0.38968739138901165 477
1694430572751 0.38871408224384757 478
1694430572767 0.3877524586066327 479
1694430572783 0.38680236629320924 480
1694430572800 0.38586365339985457 481
1694430572816 0.3849361702655805 482
1694430572832 0.384019769435107 483
1694430572848 0.38311430562250015 484
1694430572864 0.3822196356754688 485
1694430572880 0.3813356185403091 486
1694430572896 0.3804621152274685 487
1694430572912 0.3795989887777355 488
1694430572928 0.378746104229035 489
1694430572944 0.37790332858381764 490
1694430572960 0.3770705307770319 491
1694430572975 0.37624758164466604 492
1694430572992 0.3754343538928648 493
1694430573009 0.374630722067575 494
1694430573024 0.3738365625247563 495
1694430573040 0.3730517534010966 496
1694430573055 0.3722761745852737 497
1694430573071 0.37150970768970365 498
1694430573087 0.3707522360228041 499
