1694428459863 169.196695510549 0
1694428459878 169.14262780123087 1
1694428459893 169.093992441654 2
1694428459912 169.05016606326947 3
1694428459925 169.01060249740732 4
1694428459939 168.97482275489833 5
1694428459952 168.94240634318118 6
1694428459968 168.91298373949 7
1694428459986 168.88622986354088 8
1694428460000 168.86185841455057 9
1694428460013 168.83961695588354 10
1694428460028 168.8192826465591 11
1694428460043 168.80065853258876 12
1694428460057 168.783570322973 13
1694428460071 168.76786358541491 14
1694428460086 168.75340130563606 15
1694428460099 168.74006176179805 16
1694428460113 168.72773667210745 17
1694428460128 168.71632957935776 18
1694428460142 168.70575444106035 19
1694428460157 168.69593439804888 20
1694428460170 168.6868006980914 21
1694428460186 168.67829175420232 22
1694428460200 168.67035232007004 23
1694428460213 168.66293276737073 24
1694428460227 168.65598845177394 25
1694428460240 168.6494791562039 26
1694428460259 168.6433686014403 27
1694428460277 168.63762401545773 28
1694428460298 168.6322157540388 29
1694428460319 168.62711696618032 30
1694428460339 168.62230329866318 31
1694428460358 168.61775263489227 32
1694428460379 168.61344486375245 33
1694428460398 168.60936167477726 34
1694428460416 168.60548637640795 35
1694428460435 168.60180373453386 36
1694428460454 168.5982998288654 37
1694428460472 168.59496192500458 38
1694428460494 168.5917783603465 39
1694428460512 168.58873844218348 40
1694428460528 168.58583235658534 41
1694428460545 168.58305108680912 42
1694428460565 168.5803863401447 43
1694428460578 168.57783048223854 44
1694428460594 168.57537647805353 45
1694428460608 168.5730178387265 46
1694428460621 168.57074857367326 47
1694428460635 168.56856314736802 48
1694428460648 168.56645644029382 49
1694428460662 168.56442371361769 50
1694428460676 168.56246057719778 51
1694428460691 168.5605629605745 52
1694428460705 168.5587270866373 53
1694428460719 168.55694944769397 54
1694428460733 168.55522678370022 55
1694428460747 168.55355606243342 56
1694428460761 168.55193446141908 57
1694428460775 168.55035935143874 58
1694428460789 168.54882828146663 59
1694428460803 168.54733896489932 60
1694428460817 168.54588926695544 61
1694428460830 168.54447719313671 62
1694428460845 168.54310087865275 63
1694428460858 168.54175857872033 64
1694428460873 168.5404486596592 65
1694428460887 168.53916959071248 66
1694428460901 168.53791993652732 67
1694428460915 168.53669835023862 68
1694428460932 168.53550356710196 69
1694428460954 168.53433439863016 70
1694428460976 168.53318972718853 71
1694428460992 168.53206850101165 72
1694428461011 168.53096972960526 73
1694428461024 168.52989247950126 74
1694428461039 168.52883587033713 75
1694428461052 168.5277990712326 76
1694428461067 168.52678129743953 77
1694428461081 168.525781807243 78
1694428461094 168.52479989909344 79
1694428461108 168.52383490895105 80
1694428461122 168.5228862078259 81
1694428461136 168.5219531994986 82
1694428461151 168.52103531840632 83
1694428461165 168.52013202768273 84
1694428461180 168.51924281733864 85
1694428461194 168.51836720257316 86
1694428461207 168.51750472220542 87
1694428461222 168.51665493721723 88
1694428461235 168.51581742939814 89
1694428461249 168.5149918000864 90
1694428461263 168.5141776689965 91
1694428461277 168.5133746731288 92
1694428461291 168.51258246575392 93
1694428461306 168.51180071546673 94
1694428461321 168.51102910530494 95
1694428461338 168.51026733192685 96
1694428461355 168.50951510484498 97
1694428461371 168.50877214571045 98
1694428461389 168.50803818764518 99
1694428461403 168.50731297461783 100
1694428461417 168.50659626086107 101
1694428461432 168.50588781032607 102
1694428461446 168.50518739617294 103
1694428461459 168.50449480029332 104
1694428461473 168.5038098128636 105
1694428461486 168.50313223192632 106
1694428461500 168.50246186299762 107
1694428461515 168.50179851869933 108
1694428461528 168.50114201841345 109
1694428461542 168.5004921879582 110
1694428461556 168.49984885928285 111
1694428461569 168.49921187018194 112
1694428461583 168.4985810640254 113
1694428461598 168.49795628950554 114
1694428461612 168.49733740039795 115
1694428461632 168.49672425533694 116
1694428461647 168.49611671760314 117
1694428461661 168.4955146549236 118
1694428461676 168.49491793928283 119
1694428461689 168.49432644674454 120
1694428461703 168.49374005728265 121
1694428461717 168.49315865462216 122
1694428461731 168.49258212608757 123
1694428461744 168.49201036246055 124
1694428461759 168.49144325784386 125
1694428461772 168.49088070953295 126
1694428461787 168.490322617894 127
1694428461802 168.4897688862481 128
1694428461816 168.48921942076092 129
1694428461830 168.4886741303383 130
1694428461845 168.48813292652625 131
1694428461858 168.4875957234166 132
1694428461872 168.48706243755606 133
1694428461886 168.48653298786044 134
1694428461900 168.48600729553226 135
1694428461915 168.48548528398226 136
1694428461927 168.48496687875448 137
1694428461942 168.48445200745456 138
1694428461959 168.48394059968118 139
1694428461979 168.48343258696042 140
1694428461994 168.48292790268314 141
1694428462008 168.48242648204456 142
1694428462021 168.48192826198652 143
1694428462035 168.4814331811425 144
1694428462049 168.480941179784 145
1694428462065 168.48045219976984 146
1694428462085 168.4799661844971 147
1694428462105 168.4794830788538 148
1694428462125 168.4790028291738 149
1694428462139 168.47852538319307 150
1694428462154 168.47805069000765 151
1694428462168 168.47757870003343 152
1694428462183 168.47710936496685 153
1694428462196 168.47664263774743 154
1694428462211 168.4761784725217 155
1694428462225 168.47571682460796 156
1694428462238 168.47525765046274 157
1694428462252 168.47480090764807 158
1694428462265 168.47434655479998 159
1694428462281 168.47389455159814 160
1694428462295 168.47344485873643 161
1694428462309 168.47299743789426 162
1694428462323 168.47255225170957 163
1694428462337 168.47210926375152 164
1694428462350 168.47166843849521 165
1694428462365 168.47122974129658 166
1694428462383 168.4707931383681 167
1694428462398 168.4703585967554 168
1694428462414 168.46992608431475 169
1694428462429 168.46949556969076 170
1694428462444 168.4690670222952 171
1694428462458 168.46864041228645 172
1694428462471 168.46821571054903 173
1694428462488 168.46779288867458 174
1694428462502 168.46737191894263 175
1694428462518 168.46695277430246 176
1694428462532 168.4665354283551 177
1694428462546 168.46611985533633 178
1694428462560 168.46570603009965 179
1694428462573 168.46529392809992 180
1694428462588 168.46488352537793 181
1694428462603 168.46447479854442 182
1694428462616 168.4640677247656 183
1694428462631 168.4636622817485 184
1694428462645 168.46325844772664 185
1694428462660 168.46285620144664 186
1694428462674 168.46245552215447 187
1694428462689 168.46205638958284 188
1694428462702 168.4616587839383 189
1694428462717 168.46126268588927 190
1694428462731 168.46086807655365 191
1694428462744 168.4604749374877 192
1694428462761 168.46008325067436 193
1694428462778 168.45969299851245 194
1694428462795 168.45930416380597 195
1694428462809 168.45891672975353 196
1694428462823 168.4585306799384 197
1694428462837 168.4581459983187 198
1694428462852 168.4577626692176 199
1694428462865 168.45738067731398 200
1694428462879 168.45700000763364 201
1694428462894 168.45662064554008 202
1694428462907 168.45624257672628 203
1694428462922 168.45586578720588 204
1694428462936 168.45549026330528 205
1694428462950 168.45511599165573 206
1694428462965 168.4547429591854 207
1694428462979 168.45437115311208 208
1694428462992 168.4540005609355 209
1694428463007 168.45363117043067 210
1694428463021 168.45326296964026 211
1694428463034 168.45289594686855 212
1694428463048 168.45253009067434 213
1694428463063 168.45216538986463 214
1694428463077 168.4518018334884 215
1694428463090 168.4514394108305 216
1694428463105 168.45107811140574 217
1694428463120 168.45071792495298 218
1694428463133 168.4503588414297 219
1694428463146 168.45000085100628 220
1694428463160 168.44964394406068 221
1694428463174 168.4492881111736 222
1694428463188 168.44893334312272 223
1694428463204 168.44857963087844 224
1694428463217 168.44822696559856 225
1694428463232 168.44787533862393 226
1694428463245 168.44752474147361 227
1694428463259 168.4471751658406 228
1694428463273 168.44682660358743 229
1694428463287 168.44647904674187 230
1694428463302 168.4461324874929 231
1694428463316 168.44578691818668 232
1694428463329 168.4454423313226 233
1694428463343 168.4450987195495 234
1694428463357 168.44475607566193 235
1694428463371 168.44441439259646 236
1694428463385 168.44407366342833 237
1694428463399 168.4437338813679 238
1694428463413 168.44339503975726 239
1694428463427 168.443057132067 240
1694428463443 168.44272015189316 241
1694428463461 168.442384092954 242
1694428463478 168.44204894908682 243
1694428463496 168.4417147142454 244
1694428463512 168.44138138249681 245
1694428463526 168.4410489480188 246
1694428463539 168.440717405097 247
1694428463555 168.4403867481222 248
1694428463569 168.44005697158784 249
1694428463582 168.43972807008763 250
1694428463596 168.4394000383128 251
1694428463609 168.4390728710499 252
1694428463624 168.4387465631784 253
1694428463637 168.43842110966852 254
1694428463653 168.43809650557884 255
1694428463668 168.43777274605426 256
1694428463682 168.43744982632387 257
1694428463695 168.4371277416989 258
1694428463709 168.4368064875707 259
1694428463723 168.43648605940888 260
1694428463737 168.4361664527592 261
1694428463751 168.43584766324196 262
1694428463766 168.4355296865501 263
1694428463781 168.43521251844743 264
1694428463798 168.43489615476685 265
1694428463823 168.43458059140886 266
1694428463848 168.43426582433975 267
1694428463865 168.43395184959013 268
1694428463883 168.4336386632533 269
1694428463900 168.43332626148393 270
1694428463916 168.43301464049625 271
1694428463930 168.43270379656292 272
1694428463944 168.43239372601352 273
1694428463959 168.43208442523328 274
1694428463973 168.43177589066158 275
1694428463987 168.43146811879075 276
1694428464001 168.4311611061649 277
1694428464014 168.43085484937848 278
1694428464028 168.4305493450754 279
1694428464042 168.4302445899476 280
1694428464056 168.42994058073387 281
1694428464071 168.42963731421906 282
1694428464085 168.42933478723265 283
1694428464099 168.42903299664798 284
1694428464113 168.42873193938095 285
1694428464127 168.42843161238932 286
1694428464140 168.42813201267154 287
1694428464154 168.42783313726576 288
1694428464168 168.4275349832491 289
1694428464183 168.42723754773658 290
1694428464197 168.42694082788026 291
1694428464211 168.42664482086852 292
1694428464225 168.42634952392498 293
1694428464239 168.42605493430796 294
1694428464253 168.4257610493095 295
1694428464266 168.42546786625462 296
1694428464280 168.42517538250064 297
1694428464294 168.4248835954363 298
1694428464309 168.42459250248123 299
1694428464323 168.42430210108512 300
1694428464337 168.42401238872696 301
1694428464351 168.42372336291467 302
1694428464365 168.4234350211841 303
1694428464379 168.4231473610987 304
1694428464394 168.42286038024872 305
1694428464411 168.42257407625058 306
1694428464427 168.4222884467465 307
1694428464444 168.42200348940378 308
1694428464458 168.42171920191413 309
1694428464472 168.42143558199342 310
1694428464486 168.42115262738082 311
1694428464500 168.42087033583863 312
1694428464514 168.4205887051515 313
1694428464528 168.42030773312598 314
1694428464542 168.4200274175903 315
1694428464556 168.41974775639352 316
1694428464570 168.41946874740538 317
1694428464584 168.41919038851572 318
1694428464598 168.41891267763395 319
1694428464612 168.418635612689 320
1694428464626 168.41835919162844 321
1694428464640 168.41808341241835 322
1694428464655 168.4178082730429 323
1694428464668 168.41753377150405 324
1694428464683 168.41725990582097 325
1694428464697 168.41698667402974 326
1694428464711 168.41671407418318 327
1694428464725 168.41644210435024 328
1694428464739 168.41617076261596 329
1694428464752 168.41590004708084 330
1694428464766 168.4156299558607 331
1694428464780 168.41536048708642 332
1694428464794 168.4150916389034 333
1694428464808 168.41482340947147 334
1694428464822 168.4145557969646 335
1694428464836 168.41428879957056 336
1694428464851 168.4140224154906 337
1694428464865 168.4137566429392 338
1694428464879 168.41349148014402 339
1694428464893 168.41322692534527 340
1694428464907 168.41296297679568 341
1694428464921 168.4126996327604 342
1694428464935 168.41243689151645 343
1694428464949 168.4121747513527 344
1694428464964 168.4119132105696 345
1694428464980 168.41165226747893 346
1694428464995 168.4113919204036 347
1694428465010 168.4111321676775 348
1694428465024 168.41087300764516 349
1694428465038 168.41061443866175 350
1694428465052 168.41035645909267 351
1694428465067 168.41009906731355 352
1694428465081 168.40984226170985 353
1694428465095 168.409586040677 354
1694428465110 168.40933040261996 355
1694428465123 168.40907534595306 356
1694428465137 168.40882086909994 357
1694428465151 168.40856697049347 358
1694428465165 168.40831364857527 359
1694428465179 168.4080609017959 360
1694428465193 168.4078087286145 361
1694428465207 168.40755712749873 362
1694428465221 168.40730609692463 363
1694428465236 168.40705563537642 364
1694428465250 168.40680574134637 365
1694428465264 168.40655641333478 366
1694428465281 168.4063076498497 367
1694428465295 168.40605944940688 368
1694428465309 168.40581181052966 369
1694428465324 168.40556473174877 370
1694428465338 168.40531821160232 371
1694428465352 168.40507224863558 372
1694428465367 168.40482684140093 373
1694428465381 168.4045819884578 374
1694428465395 168.40433768837238 375
1694428465409 168.40409393971777 376
1694428465423 168.4038507410736 377
1694428465437 168.40360809102626 378
1694428465451 168.40336598816833 379
1694428465465 168.40312443109914 380
1694428465479 168.40288341842395 381
1694428465493 168.40264294875445 382
1694428465507 168.4024030207084 383
1694428465524 168.40216363290946 384
1694428465541 168.40192478398743 385
1694428465559 168.40168647257778 386
1694428465573 168.40144869732183 387
1694428465587 168.40121145686666 388
1694428465602 168.40097474986484 389
1694428465616 168.4007385749746 390
1694428465630 168.40050293085957 391
1694428465643 168.4002678161888 392
1694428465658 168.40003322963673 393
1694428465671 168.39979916988295 394
1694428465686 168.39956563561236 395
1694428465700 168.3993326255149 396
1694428465714 168.3991001382856 397
1694428465728 168.3988681726246 398
1694428465742 168.3986367272368 399
1694428465756 168.3984058008321 400
1694428465770 168.39817539212527 401
1694428465783 168.39794549983574 402
1694428465797 168.3977161226877 403
1694428465811 168.39748725941007 404
1694428465825 168.39725890873623 405
1694428465840 168.39703106940428 406
1694428465854 168.39680374015666 407
1694428465868 168.39657691974045 408
1694428465883 168.396350606907 409
1694428465896 168.39612480041205 410
1694428465910 168.3958994990157 411
1694428465924 168.39567470148225 412
1694428465938 168.39545040658035 413
1694428465952 168.39522661308266 414
1694428465966 168.3950033197661 415
1694428465980 168.39478052541168 416
1694428465994 168.39455822880439 417
1694428466008 168.39433642873337 418
1694428466022 168.39411512399164 419
1694428466036 168.39389431337614 420
1694428466050 168.3936739956878 421
1694428466066 168.3934541697314 422
1694428466081 168.39323483431548 423
1694428466096 168.3930159882525 424
1694428466112 168.39279763035864 425
1694428466126 168.3925797594537 426
1694428466140 168.3923623743613 427
1694428466154 168.39214547390873 428
1694428466168 168.39192905692684 429
1694428466183 168.39171312225017 430
1694428466198 168.39149766871674 431
1694428466211 168.3912826951682 432
1694428466226 168.39106820044975 433
1694428466239 168.39085418340989 434
1694428466253 168.3906406429008 435
1694428466266 168.39042757777793 436
1694428466280 168.39021498690025 437
1694428466295 168.3900028691301 438
1694428466308 168.38979122333308 439
1694428466323 168.38958004837818 440
1694428466337 168.38936934313782 441
1694428466352 168.38915910648743 442
1694428466366 168.38894933730603 443
1694428466379 168.38874003447552 444
1694428466393 168.3885311968813 445
1694428466407 168.3883228234119 446
1694428466421 168.38811491295888 447
1694428466435 168.38790746441708 448
1694428466449 168.38770047668447 449
1694428466462 168.38749394866207 450
1694428466476 168.387287879254 451
1694428466490 168.38708226736742 452
1694428466504 168.38687711191264 453
1694428466519 168.38667241180292 454
1694428466535 168.3864681659545 455
1694428466548 168.3862643732867 456
1694428466563 168.38606103272176 457
1694428466576 168.38585814318486 458
1694428466591 168.38565570360413 459
1694428466608 168.38545371291065 460
1694428466626 168.38525217003837 461
1694428466642 168.3850510739242 462
1694428466657 168.38485042350777 463
1694428466671 168.3846502177318 464
1694428466685 168.38445045554155 465
1694428466699 168.38425113588536 466
1694428466713 168.3840522577143 467
1694428466727 168.38385381998214 468
1694428466741 168.3836558216456 469
1694428466755 168.38345826166398 470
1694428466768 168.38326113899944 471
1694428466782 168.38306445261696 472
1694428466796 168.38286820148406 473
1694428466810 168.3826723845711 474
1694428466823 168.382477000851 475
1694428466837 168.38228204929956 476
1694428466852 168.38208752889508 477
1694428466865 168.38189343861862 478
1694428466880 168.3816997774538 479
1694428466893 168.38150654438704 480
1694428466908 168.3813137384071 481
1694428466922 168.38112135850562 482
1694428466935 168.38092940367667 483
1694428466950 168.380737872917 484
1694428466964 168.38054676522592 485
1694428466979 168.38035607960515 486
1694428466993 168.38016581505926 487
1694428467006 168.37997597059507 488
1694428467020 168.37978654522212 489
1694428467035 168.37959753795235 490
1694428467049 168.3794089478003 491
1694428467063 168.37922077378292 492
1694428467077 168.37903301491974 493
1694428467091 168.3788456702327 494
1694428467105 168.37865873874622 495
1694428467119 168.37847221948718 496
1694428467133 168.37828611148495 497
1694428467146 168.37810041377128 498
1694428467160 168.37791512538038 499
