1694427869845 141.72217840277 0
1694427869917 173.72431342241546 1
1694427869984 184.66831411299287 2
1694427870072 197.53275303949644 3
1694427870169 207.88449416243117 4
1694427870265 170.76357852969608 5
1694427870334 162.37414152427968 6
1694427870399 362.0260895338383 7
1694427870468 153.89769968613373 8
1694427870533 162.37782382389503 9
1694427870596 143.80237669912998 10
1694427870660 155.91538717663252 11
1694427870735 173.36529417768025 12
1694427870800 168.4343332036288 13
1694427870863 176.58189980402472 14
1694427870925 159.98842226082846 15
1694427871007 172.390098936039 16
1694427871073 155.0857581965372 17
1694427871137 153.08030668763604 18
1694427871200 163.2439167946287 19
1694427871264 154.2592006319582 20
1694427871328 157.56824138775525 21
1694427871396 186.88581992815196 22
1694427871460 177.21972030945886 23
1694427871526 168.7907293551532 24
1694427871591 169.6172884256885 25
1694427871655 125.91235133695842 26
1694427871719 165.5147704714687 27
1694427871783 152.6540135608007 28
1694427871846 163.10726269105277 29
1694427871909 127.06075362864719 30
1694427871973 216.41588098411174 31
1694427872037 169.50041042337463 32
1694427872104 206.84980390158657 33
1694427872172 148.40848564027385 34
1694427872237 160.02659831056172 35
1694427872302 172.0767705525066 36
1694427872365 203.27805232058594 37
1694427872429 173.00876051201425 38
1694427872496 205.5752040056549 39
1694427872560 152.76666611518894 40
1694427872626 147.2277989871727 41
1694427872689 161.60396492901097 42
1694427872755 129.2400442908392 43
1694427872820 163.27328002812868 44
1694427872884 176.01217965580773 45
1694427872948 160.38129350487557 46
1694427873012 169.28761031417625 47
1694427873085 146.8983461936261 48
1694427873152 187.72121194862834 49
1694427873216 162.00190594239146 50
1694427873280 200.0131398121124 51
1694427873344 166.17215900765933 52
1694427873407 185.5336366649584 53
1694427873472 136.8972822079725 54
1694427873537 146.80047343845555 55
1694427873600 156.57972240543606 56
1694427873665 165.59737681868182 57
1694427873730 164.73016698671978 58
1694427873795 239.0020628509695 59
1694427873865 193.35458280848053 60
1694427873937 169.78048077221064 61
1694427874013 161.27932197413844 62
1694427874077 175.0804639937827 63
1694427874141 147.4875200241995 64
1694427874205 161.03592764943525 65
1694427874269 187.1367531778219 66
1694427874334 126.38216151160486 67
1694427874396 175.8395286401498 68
1694427874461 189.46863212482702 69
1694427874524 157.7989328789901 70
1694427874587 170.98646333836862 71
1694427874651 195.54774865987693 72
1694427874716 195.29917148442485 73
1694427874785 156.79052035087278 74
1694427874849 169.70059812409605 75
1694427874915 145.32510672673996 76
1694427874979 120.53948599651184 77
1694427875043 158.5547493198084 78
1694427875108 155.48494315875558 79
1694427875173 145.90101886520236 80
1694427875238 134.28553151145672 81
1694427875302 152.8775095279869 82
1694427875366 175.4263719924455 83
1694427875432 145.2925707850769 84
1694427875496 159.70188190368006 85
1694427875559 145.32241976377082 86
1694427875626 182.50372776020677 87
1694427875693 137.90297697934355 88
1694427875757 171.0883192131392 89
1694427875820 184.24321545542654 90
1694427875884 133.63126966786487 91
1694427875949 173.78529966312473 92
1694427876013 178.79622375075215 93
1694427876077 157.0078295333258 94
1694427876142 205.5703569634487 95
1694427876205 125.95189025784865 96
1694427876269 106.45502738242114 97
1694427876334 146.55602343454387 98
1694427876398 178.5345067873636 99
1694427876465 170.22728329266224 100
1694427876530 165.00726132655586 101
1694427876594 171.14731670071245 102
1694427876658 191.80868653356134 103
1694427876723 157.11241341632538 104
1694427876785 162.73981288333565 105
1694427876849 150.79666093261304 106
1694427876913 165.88595889878542 107
1694427876977 164.22718509396023 108
1694427877043 186.62197133316468 109
1694427877107 132.6298143695208 110
1694427877171 120.70079008757152 111
1694427877236 155.17699355115627 112
1694427877301 202.75492339970748 113
1694427877370 138.82433750560145 114
1694427877434 214.73116380549178 115
1694427877498 181.60854273267205 116
1694427877561 182.23881928266223 117
1694427877626 200.91429767867 118
1694427877690 156.9525394518067 119
1694427877758 150.94762376943714 120
1694427877823 160.46260926100024 121
1694427877886 180.30191943204846 122
1694427877951 155.1018600583823 123
1694427878015 213.00673809876483 124
1694427878078 205.2927357085285 125
1694427878141 141.36650766616634 126
1694427878213 240.44125923972118 127
1694427878277 151.1016777702407 128
1694427878341 108.28890049467633 129
1694427878404 119.76454902731062 130
1694427878470 157.9533044578719 131
1694427878534 181.631345651193 132
1694427878599 190.30653527674926 133
1694427878663 170.46880494729393 134
1694427878728 170.70944914437976 135
1694427878793 198.269759976085 136
1694427878857 168.08826953729803 137
1694427878920 182.88629350496225 138
1694427878985 165.2538403037059 139
1694427879055 194.27263177967285 140
1694427879120 161.68096501804635 141
1694427879184 215.8656679682277 142
1694427879248 178.07273401448637 143
1694427879312 147.9397886877033 144
1694427879376 149.40397489905618 145
1694427879440 166.20028595629745 146
1694427879504 214.64850248604614 147
1694427879567 144.87160573936274 148
1694427879631 133.2226408818527 149
1694427879695 154.85880122347106 150
1694427879760 145.20818848330464 151
1694427879824 145.88730194447564 152
1694427879890 177.27311893538445 153
1694427879960 169.70999121009118 154
1694427880024 135.90098850215617 155
1694427880088 158.77453714032418 156
1694427880151 206.09237846507173 157
1694427880217 201.07522135824144 158
1694427880282 157.08828596543563 159
1694427880346 172.64533479198764 160
1694427880410 174.63835374302363 161
1694427880475 173.17316396641002 162
1694427880541 141.10322352395863 163
1694427880605 148.9571909628169 164
1694427880667 160.0012682414183 165
1694427880733 176.50911679439957 166
1694427880796 161.6482668998707 167
1694427880860 170.28150078502173 168
1694427880924 169.77588326510684 169
1694427880988 179.82391790874726 170
1694427881051 163.42141846551743 171
1694427881116 181.9032959974053 172
1694427881180 182.4505712881941 173
1694427881243 208.75912359086564 174
1694427881308 148.18892758023253 175
1694427881375 197.40385930329347 176
1694427881439 146.68182639071713 177
1694427881503 167.52969019447306 178
1694427881569 186.49955943431152 179
1694427881634 147.27250170881393 180
1694427881697 150.31912730228132 181
1694427881760 147.51337820501988 182
1694427881824 135.76346822612976 183
1694427881889 137.58325960914402 184
1694427881955 173.58553699802442 185
1694427882026 160.49106300537582 186
1694427882090 173.8217351189904 187
1694427882155 151.33416832437686 188
1694427882218 138.51577908587183 189
1694427882284 215.15483753776965 190
1694427882347 155.1096262454692 191
1694427882420 168.85840896354347 192
1694427882484 172.1184776761851 193
1694427882554 194.28835242288622 194
1694427882619 162.1474455544208 195
1694427882684 146.1022671698273 196
1694427882749 168.29745865448098 197
1694427882814 167.84746144615957 198
1694427882876 218.93984835161146 199
1694427882940 157.96409209492074 200
1694427883003 143.11402028479466 201
1694427883070 145.16769069983886 202
1694427883135 165.95350282399122 203
1694427883203 157.29578017211307 204
1694427883267 170.59922748218796 205
1694427883332 165.5582967121127 206
1694427883396 148.04518992951546 207
1694427883461 162.72931662036996 208
1694427883526 155.71161424949955 209
1694427883590 189.5281769683339 210
1694427883656 147.18197846950994 211
1694427883720 151.12520629858585 212
1694427883783 166.72508981609022 213
1694427883848 161.057941925624 214
1694427883912 159.1166714026413 215
1694427883976 172.27478981765645 216
1694427884044 154.85023728061685 217
1694427884107 168.34957406558374 218
1694427884172 147.73971356205143 219
1694427884237 167.6688579564491 220
1694427884301 168.2497184309454 221
1694427884379 143.40351103130885 222
1694427884468 137.73261938655358 223
1694427884541 180.9086590126937 224
1694427884608 148.95937865226205 225
1694427884681 158.6787055359004 226
1694427884752 168.48103841973537 227
1694427884824 151.70690533291028 228
1694427884902 176.45555758775305 229
1694427884972 185.2840691134035 230
1694427885040 280.71774873127356 231
1694427885105 135.05928519237753 232
1694427885168 154.7790809967363 233
1694427885232 203.1758553568767 234
1694427885298 110.69227245826237 235
1694427885363 175.25237235719476 236
1694427885428 137.25072225330376 237
1694427885493 160.7522315658968 238
1694427885556 207.70454316911452 239
1694427885624 151.05871584409317 240
1694427885688 151.828808509689 241
1694427885751 205.60559589139035 242
1694427885817 207.7843964973197 243
1694427885880 177.3811546113852 244
1694427885946 177.1812209177287 245
1694427886010 166.62592604284498 246
1694427886075 167.8831051423533 247
1694427886142 239.2100264091625 248
1694427886210 168.12587839995868 249
1694427886277 192.9358611422032 250
1694427886343 159.32885932945987 251
1694427886407 194.39636070936743 252
1694427886485 192.70332909912892 253
1694427886550 146.96526026459563 254
1694427886613 176.7517459370162 255
1694427886678 164.88338916437772 256
1694427886741 164.43688914791355 257
1694427886804 174.09062391662533 258
1694427886868 240.39334781086546 259
1694427886933 178.9039959319025 260
1694427886998 136.2927713256806 261
1694427887060 163.02504908373703 262
1694427887124 158.88256899377532 263
1694427887188 146.61795275726442 264
1694427887252 156.57378155282777 265
1694427887320 164.33842602366764 266
1694427887384 155.87928339897047 267
1694427887447 159.73064793942558 268
1694427887513 180.9982185680352 269
1694427887577 172.0844160253398 270
1694427887641 165.3581413045083 271
1694427887705 150.29662247375728 272
1694427887770 146.08173204654835 273
1694427887834 158.73071591119 274
1694427887898 155.03610807322463 275
1694427887961 150.4407615957842 276
1694427888025 135.01784273073497 277
1694427888089 150.27135706976 278
1694427888159 119.45237813524368 279
1694427888226 201.76742648680602 280
1694427888290 160.01253698135974 281
1694427888354 151.75197496577272 282
1694427888418 164.09585005271043 283
1694427888481 194.84190383465076 284
1694427888549 164.5081405212616 285
1694427888614 141.71561074142573 286
1694427888680 169.90325925509757 287
1694427888747 147.80207026148273 288
1694427888810 170.061820792657 289
1694427888873 122.51783317244389 290
1694427888936 163.05764354960777 291
1694427889008 174.86568481704222 292
1694427889073 276.8647827807904 293
1694427889136 160.83737864519867 294
1694427889201 161.7912332886126 295
1694427889266 145.90423193602945 296
1694427889328 239.9816598014589 297
1694427889392 189.48229983038044 298
1694427889455 178.48922277668993 299
1694427889519 158.62731981097338 300
1694427889583 188.01774260511814 301
1694427889647 119.62181379510213 302
1694427889711 166.18859181219943 303
1694427889775 176.69178940655368 304
1694427889850 129.0953929960731 305
1694427889916 176.741573438816 306
1694427889980 168.3050584604568 307
1694427890043 240.03045113054927 308
1694427890107 153.0722064559413 309
1694427890172 173.73598929752706 310
1694427890235 173.85060459602298 311
1694427890299 133.40772640697176 312
1694427890372 158.2512823613316 313
1694427890437 163.5140973918792 314
1694427890502 168.85256550882852 315
1694427890565 261.22325180309747 316
1694427890628 178.08464462133668 317
1694427890698 216.30866345286447 318
1694427890763 183.1890959252022 319
1694427890828 158.68743017568997 320
1694427890891 178.91403071182214 321
1694427890955 128.96381437466772 322
1694427891019 140.51862597408584 323
1694427891084 154.25035008014996 324
1694427891147 177.99553006782543 325
1694427891214 169.3871006632678 326
1694427891278 167.94617726579168 327
1694427891343 152.99723937559628 328
1694427891415 229.74494183133197 329
1694427891480 176.12627067107394 330
1694427891549 158.3427473937185 331
1694427891613 164.77607346455832 332
1694427891677 162.4130636814829 333
1694427891742 183.11304804455025 334
1694427891806 186.15345478737544 335
1694427891869 186.99616323902586 336
1694427891933 181.70141466114788 337
1694427891997 194.35266653958246 338
1694427892062 202.9925969243168 339
1694427892128 137.11568767164775 340
1694427892192 138.91261019467098 341
1694427892256 167.43759669958942 342
1694427892320 194.5274081129398 343
1694427892387 186.29929419987621 344
1694427892452 254.46750912023325 345
1694427892519 161.01057827803376 346
1694427892583 159.60672093301068 347
1694427892647 317.24925126703874 348
1694427892711 144.2699540997849 349
1694427892776 143.7118519967256 350
1694427892839 181.96852099841115 351
1694427892904 149.482319978316 352
1694427892973 141.98265515412683 353
1694427893038 186.6035399457458 354
1694427893102 178.77194658156893 355
1694427893169 183.4307248623896 356
1694427893242 175.08043265725317 357
1694427893306 179.47930528954598 358
1694427893370 256.99910789146594 359
1694427893434 147.17805003145043 360
1694427893500 224.24555942397194 361
1694427893565 180.08239154114094 362
1694427893629 255.07528715023534 363
1694427893693 179.33572013312312 364
1694427893758 199.89148228184177 365
1694427893822 183.25702677101103 366
1694427893884 158.03368262193885 367
1694427893949 116.95877830934327 368
1694427894013 191.66884981878283 369
1694427894080 256.73794350151206 370
1694427894144 195.93779384399178 371
1694427894208 163.975204365066 372
1694427894276 167.81848287398023 373
1694427894338 191.29122701315404 374
1694427894403 161.85753216447011 375
1694427894467 146.57622354396773 376
1694427894531 134.50891416693833 377
1694427894596 162.58494788661255 378
1694427894660 167.24296383762638 379
1694427894723 165.52229965933822 380
1694427894786 167.44088675603703 381
1694427894849 134.95118481316993 382
1694427894923 205.6520337068616 383
1694427894990 109.88293538919649 384
1694427895052 180.04401305498496 385
1694427895115 145.4111659582674 386
1694427895180 177.2210602594038 387
1694427895246 173.33721174283093 388
1694427895310 119.82135533815114 389
1694427895376 218.09726834205668 390
1694427895441 118.70309177678598 391
1694427895505 206.25838470924546 392
1694427895569 152.5621089270762 393
1694427895634 148.43370937157044 394
1694427895698 147.10855900007385 395
1694427895766 208.1242367519392 396
1694427895829 241.92082498760135 397
1694427895893 195.50569885311572 398
1694427895957 138.04035721483288 399
1694427896020 168.28218238507162 400
1694427896085 170.44019469636706 401
1694427896149 196.61304635409743 402
1694427896213 201.45395559752342 403
1694427896277 142.6530810438288 404
1694427896341 126.2795437806842 405
1694427896405 135.9472336309423 406
1694427896467 177.59097157038772 407
1694427896530 184.55356728426162 408
1694427896602 149.5758580456542 409
1694427896667 174.69864526739187 410
1694427896731 151.07133095890146 411
1694427896795 175.57129154914492 412
1694427896860 193.85779018776392 413
1694427896923 162.22417024847314 414
1694427896988 156.73377204193287 415
1694427897051 140.3203950490737 416
1694427897114 175.56115907130024 417
1694427897177 135.80470804257627 418
1694427897241 150.66858337278535 419
1694427897305 208.68720646187234 420
1694427897370 180.7035683294334 421
1694427897444 155.65203114530377 422
1694427897508 122.63171026882723 423
1694427897570 164.0957600848138 424
1694427897634 180.46546108462138 425
1694427897701 158.76521749838625 426
1694427897767 127.27058213935196 427
1694427897831 117.42490428262957 428
1694427897895 141.50605902384382 429
1694427897960 159.774342152618 430
1694427898024 144.6248715453792 431
1694427898088 164.33796804588184 432
1694427898152 205.53101832250252 433
1694427898217 181.34834962896576 434
1694427898286 178.30171514276697 435
1694427898350 196.6832397897065 436
1694427898414 151.33455996950127 437
1694427898479 180.81087216582486 438
1694427898543 183.89439375167055 439
1694427898608 167.78125438712598 440
1694427898674 224.22320727307974 441
1694427898738 167.1071912916097 442
1694427898802 198.6804957958079 443
1694427898866 192.52680715130407 444
1694427898929 190.81688882986242 445
1694427898994 184.51851955772403 446
1694427899058 171.1711964311874 447
1694427899122 155.08081213931155 448
1694427899190 163.12906641918985 449
1694427899255 188.97353023215507 450
1694427899319 251.2577554596549 451
1694427899382 157.79691073110934 452
1694427899446 187.90552732429188 453
1694427899509 167.51424437168413 454
1694427899574 145.5726178077452 455
1694427899639 136.64123152705213 456
1694427899702 160.93213464942656 457
1694427899767 165.19584207090116 458
1694427899831 189.50665492691826 459
1694427899899 151.20128663377702 460
1694427899998 175.71864340263437 461
1694427900105 160.58056719798253 462
1694427900176 178.14124548966294 463
1694427900242 174.40422520008946 464
1694427900313 198.12364731990525 465
1694427900378 177.27855757822607 466
1694427900444 160.1520075663318 467
1694427900511 161.45602394717315 468
1694427900585 171.51263878461776 469
1694427900652 164.82030113520517 470
1694427900720 150.98266707512153 471
1694427900791 201.65194952203439 472
1694427900865 235.7655403390478 473
1694427900931 158.75377239739657 474
1694427901002 161.77003054785885 475
1694427901066 299.02710378862827 476
1694427901132 119.76937014966288 477
1694427901198 160.84167465104463 478
1694427901264 183.26224182631404 479
1694427901330 151.9302546136659 480
1694427901397 150.28136608582835 481
1694427901463 148.52938044011313 482
1694427901530 176.6318813527051 483
1694427901596 161.00500999644922 484
1694427901661 163.10971627361823 485
1694427901737 171.02922833516138 486
1694427901804 176.49837605764017 487
1694427901871 195.07110212798977 488
1694427901935 141.36011207571974 489
1694427901999 148.79082220010287 490
1694427902083 163.53226913894244 491
1694427902149 159.60481267304218 492
1694427902215 177.88150379921495 493
1694427902282 151.7109878210164 494
1694427902347 177.92118661296905 495
1694427902410 164.5103492295708 496
1694427902474 115.03402032109358 497
1694427902543 183.28188444181848 498
1694427902613 154.49181429190085 499
