1694428387136 169.11807779885808 0
1694428387153 169.01526283222594 1
1694428387168 168.92733127089872 2
1694428387185 168.85204369363092 3
1694428387200 168.7875001406974 4
1694428387215 168.73208856805329 5
1694428387231 168.68444113263237 6
1694428387247 168.64339711879117 7
1694428387263 168.60797149674738 8
1694428387280 168.57732825722368 9
1694428387297 168.5507577965589 10
1694428387320 168.52765773683655 11
1694428387337 168.5075166591088 12
1694428387353 168.48990030710578 13
1694428387371 168.47443988608032 14
1694428387387 168.4608221384764 15
1694428387405 168.44878092647957 16
1694428387422 168.43809009252573 17
1694428387439 168.42855740363171 18
1694428387455 168.42001941490832 19
1694428387472 168.41233711263465 20
1694428387486 168.40539221848573 21
1694428387502 168.3990840544964 22
1694428387518 168.3933268836028 23
1694428387534 168.38804765353882 24
1694428387550 168.383184082839 25
1694428387566 168.37868303700375 26
1694428387582 168.3744991507742 27
1694428387597 168.37059365915505 28
1694428387613 168.36693340550033 29
1694428387628 168.36348999978887 30
1694428387645 168.36023910429842 31
1694428387660 168.35715982734843 32
1694428387676 168.35423420871734 33
1694428387692 168.35144678282984 34
1694428387709 168.34878420792054 35
1694428387726 168.3462349511714 36
1694428387743 168.34378902133858 37
1694428387760 168.34143774167327 38
1694428387776 168.33917355703088 39
1694428387791 168.3369898699929 40
1694428387806 168.3348809016077 41
1694428387823 168.33284157302626 42
1694428387839 168.33086740487104 43
1694428387854 168.32895443165782 44
1694428387870 168.32709912899534 45
1694428387886 168.3252983516337 46
1694428387903 168.32354928072354 47
1694428387918 168.32184937889744 48
1694428387934 168.32019635199455 49
1694428387949 168.3185881164285 50
1694428387965 168.31702277134934 51
1694428387981 168.31549857487985 52
1694428387996 168.31401392381414 53
1694428388012 168.3125673362602 54
1694428388028 168.31115743678552 55
1694428388043 168.3097829436917 56
1694428388059 168.30844265810111 57
1694428388075 168.30713545458545 58
1694428388091 168.30586027310687 59
1694428388106 168.30461611207852 60
1694428388122 168.30340202237744 61
1694428388137 168.3022171021711 62
1694428388152 168.30106049243707 63
1694428388168 168.29993137307483 64
1694428388184 168.29882895952395 65
1694428388200 168.2977524998144 66
1694428388215 168.29670127198722 67
1694428388231 168.29567458183251 68
1694428388246 168.29467176089892 69
1694428388262 168.2936921647373 70
1694428388278 168.29273517134428 71
1694428388295 168.29180017977902 72
1694428388312 168.29088660892904 73
1694428388327 168.28999389640433 74
1694428388343 168.28912149754282 75
1694428388360 168.28826888451238 76
1694428388375 168.28743554549632 77
1694428388393 168.28662098395245 78
1694428388408 168.28582471793496 79
1694428388425 168.28504627947265 80
1694428388441 168.28428521399556 81
1694428388457 168.28354107980502 82
1694428388473 168.28281344758145 83
1694428388488 168.28210189992558 84
1694428388504 168.2814060309301 85
1694428388520 168.2807254457774 86
1694428388535 168.28005976036135 87
1694428388551 168.2794086009307 88
1694428388567 168.27877160375155 89
1694428388582 168.27814841478732 90
1694428388597 168.27753868939473 91
1694428388612 168.27694209203426 92
1694428388628 168.27635829599367 93
1694428388643 168.27578698312394 94
1694428388660 168.27522784358626 95
1694428388677 168.27468057560955 96
1694428388693 168.27414488525773 97
1694428388708 168.27362048620554 98
1694428388723 168.27310709952332 99
1694428388739 168.27260445346917 100
1694428388754 168.27211228328898 101
1694428388770 168.2716303310229 102
1694428388785 168.2711583453189 103
1694428388802 168.27069608125225 104
1694428388817 168.2702433001509 105
1694428388833 168.2697997694267 106
1694428388848 168.26936526241184 107
1694428388865 168.26893955820032 108
1694428388881 168.26852244149424 109
1694428388897 168.26811370245528 110
1694428388914 168.26771313655982 111
1694428388929 168.26732054445912 112
1694428388945 168.26693573184298 113
1694428388961 168.26655850930786 114
1694428388976 168.26618869222864 115
1694428388992 168.2658261006338 116
1694428389007 168.26547055908458 117
1694428389022 168.26512189655722 118
1694428389038 168.26477994632853 119
1694428389055 168.2644445458649 120
1694428389072 168.26411553671406 121
1694428389087 168.26379276439988 122
1694428389103 168.26347607832034 123
1694428389118 168.26316533164783 124
1694428389133 168.26286038123243 125
1694428389149 168.26256108750798 126
1694428389165 168.26226731440005 127
1694428389181 168.26197892923707 128
1694428389196 168.26169580266338 129
1694428389212 168.26141780855488 130
1694428389227 168.2611448239366 131
1694428389243 168.2608767289027 132
1694428389259 168.26061340653862 133
1694428389274 168.26035474284498 134
1694428389290 168.2601006266638 135
1694428389306 168.25985094960643 136
1694428389322 168.25960560598347 137
1694428389337 168.25936449273647 138
1694428389353 168.2591275093714 139
1694428389368 168.25889455789402 140
1694428389384 168.2586655427465 141
1694428389400 168.25844037074623 142
1694428389415 168.2582189510256 143
1694428389432 168.25800119497416 144
1694428389448 168.25778701618108 145
1694428389464 168.25757633038054 146
1694428389480 168.25736905539713 147
1694428389496 168.25716511109354 148
1694428389514 168.2569644193195 149
1694428389529 168.25676690386138 150
1694428389547 168.25657249039412 151
1694428389562 168.2563811064332 152
1694428389578 168.25619268128915 153
1694428389594 168.2560071460218 154
1694428389609 168.25582443339695 155
1694428389625 168.25564447784333 156
1694428389640 168.255467215411 157
1694428389654 168.2552925837307 158
1694428389671 168.25512052197442 159
1694428389688 168.25495097081642 160
1694428389702 168.25478387239613 161
1694428389719 168.2546191702812 162
1694428389734 168.25445680943164 163
1694428389749 168.25429673616534 164
1694428389764 168.25413889812384 165
1694428389781 168.25398324423946 166
1694428389796 168.2538297247028 167
1694428389812 168.25367829093148 168
1694428389827 168.25352889553943 169
1694428389842 168.253381492307 170
1694428389858 168.25323603615186 171
1694428389874 168.25309248310063 172
1694428389888 168.2529507902611 173
1694428389904 168.25281091579538 174
1694428389919 168.2526728188935 175
1694428389935 168.2525364597478 176
1694428389951 168.25240179952797 177
1694428389966 168.25226880035657 178
1694428389982 168.2521374252855 179
1694428389998 168.25200763827243 180
1694428390014 168.25187940415876 181
1694428390031 168.25175268864714 182
1694428390047 168.2516274582802 183
1694428390062 168.25150368041972 184
1694428390078 168.251381323226 185
1694428390095 168.2512603556383 186
1694428390109 168.25114074735492 187
1694428390125 168.251022468815 188
1694428390142 168.25090549117945 189
1694428390157 168.25078978631345 190
1694428390173 168.25067532676852 191
1694428390188 168.25056208576584 192
1694428390204 168.2504500371793 193
1694428390220 168.25033915551947 194
1694428390236 168.2502294159176 195
1694428390251 168.2501207941103 196
1694428390266 168.25001326642447 197
1694428390282 168.24990680976256 198
1694428390300 168.24980140158837 199
1694428390316 168.24969701991307 200
1694428390333 168.24959364328154 201
1694428390349 168.24949125075923 202
1694428390365 168.24938982191907 203
1694428390381 168.24928933682904 204
1694428390397 168.24918977603977 205
1694428390413 168.24909112057256 206
1694428390428 168.24899335190784 207
1694428390443 168.24889645197356 208
1694428390460 168.2488004031342 209
1694428390476 168.24870518817997 210
1694428390492 168.24861079031623 211
1694428390507 168.2485171931531 212
1694428390522 168.24842438069555 213
1694428390538 168.2483323373336 214
1694428390554 168.24824104783266 215
1694428390569 168.2481504973244 216
1694428390585 168.24806067129745 217
1694428390601 168.24797155558883 218
1694428390617 168.24788313637512 219
1694428390634 168.247795400164 220
1694428390652 168.2477083337864 221
1694428390668 168.24762192438797 222
1694428390684 168.2475361594218 223
1694428390700 168.24745102664048 224
1694428390716 168.2473665140889 225
1694428390732 168.24728261009673 226
1694428390747 168.2471993032717 227
1694428390763 168.24711658249265 228
1694428390778 168.24703443690257 229
1694428390793 168.24695285590235 230
1694428390810 168.24687182914445 231
1694428390825 168.24679134652632 232
1694428390840 168.24671139818474 233
1694428390857 168.24663197448976 234
1694428390872 168.24655306603879 235
1694428390888 168.24647466365124 236
1694428390904 168.24639675836292 237
1694428390920 168.24631934142062 238
1694428390935 168.24624240427707 239
1694428390950 168.2461659385858 240
1694428390966 168.24608993619609 241
1694428390983 168.2460143891482 242
1694428390998 168.24593928966883 243
1694428391013 168.24586463016627 244
1694428391029 168.245790403226 245
1694428391044 168.24571660160643 246
1694428391061 168.2456432182345 247
1694428391076 168.2455702462018 248
1694428391092 168.24549767875996 249
1694428391107 168.24542550931744 250
1694428391123 168.24535373143505 251
1694428391138 168.24528233882256 252
1694428391153 168.24521132533494 253
1694428391169 168.24514068496873 254
1694428391186 168.24507041185865 255
1694428391203 168.24500050027422 256
1694428391219 168.24493094461621 257
1694428391234 168.24486173941386 258
1694428391250 168.2447928793213 259
1694428391264 168.24472435911466 260
1694428391280 168.2446561736892 261
1694428391297 168.24458831805617 262
1694428391312 168.24452078734004 263
1694428391328 168.24445357677584 264
1694428391344 168.24438668170626 265
1694428391359 168.24432009757922 266
1694428391375 168.24425381994502 267
1694428391391 168.24418784445413 268
1694428391407 168.2441221668546 269
1694428391422 168.24405678298962 270
1694428391437 168.24399168879538 271
1694428391453 168.2439268802985 272
1694428391469 168.24386235361408 273
1694428391485 168.2437981049435 274
1694428391501 168.24373413057222 275
1694428391517 168.24367042686777 276
1694428391533 168.24360699027773 277
1694428391548 168.24354381732792 278
1694428391563 168.2434809046202 279
1694428391578 168.24341824883098 280
1694428391595 168.24335584670905 281
1694428391611 168.24329369507416 282
1694428391627 168.24323179081492 283
1694428391643 168.2431701308875 284
1694428391658 168.24310871231373 285
1694428391674 168.2430475321796 286
1694428391690 168.2429865876337 287
1694428391706 168.24292587588576 288
1694428391721 168.24286539420498 289
1694428391736 168.24280513991874 290
1694428391751 168.24274511041128 291
1694428391767 168.24268530312196 292
1694428391783 168.24262571554445 293
1694428391799 168.24256634522487 294
1694428391815 168.24250718976106 295
1694428391831 168.24244824680076 296
1694428391846 168.24238951404092 297
1694428391862 168.24233098922625 298
1694428391879 168.242272670148 299
1694428391895 168.24221455464308 300
1694428391910 168.24215664059278 301
1694428391926 168.24209892592174 302
1694428391941 168.24204140859692 303
1694428391957 168.2419840866266 304
1694428391973 168.24192695805934 305
1694428391988 168.24187002098301 306
1694428392005 168.2418132735241 307
1694428392020 168.24175671384614 308
1694428392036 168.2417003401497 309
1694428392052 168.2416441506707 310
1694428392066 168.24158814368013 311
1694428392083 168.24153231748292 312
1694428392098 168.24147667041711 313
1694428392114 168.24142120085332 314
1694428392130 168.24136590719374 315
1694428392144 168.24131078787136 316
1694428392160 168.2412558413494 317
1694428392175 168.24120106612048 318
1694428392192 168.24114646070598 319
1694428392207 168.24109202365528 320
1694428392223 168.24103775354524 321
1694428392238 168.2409836489793 322
1694428392255 168.24092970858717 323
1694428392270 168.2408759310239 324
1694428392285 168.24082231496948 325
1694428392302 168.24076885912825 326
1694428392318 168.24071556222816 327
1694428392334 168.24066242302044 328
1694428392351 168.2406094402788 329
1694428392367 168.24055661279914 330
1694428392382 168.24050393939888 331
1694428392399 168.2404514189165 332
1694428392415 168.2403990502111 333
1694428392431 168.24034683216186 334
1694428392445 168.24029476366746 335
1694428392462 168.24024284364583 336
1694428392477 168.2401910710336 337
1694428392494 168.24013944478568 338
1694428392510 168.24008796387488 339
1694428392525 168.24003662729132 340
1694428392540 168.2399854340422 341
1694428392556 168.23993438315145 342
1694428392572 168.23988347365906 343
1694428392588 168.23983270462114 344
1694428392602 168.23978207510908 345
1694428392618 168.23973158420955 346
1694428392633 168.239681231024 347
1694428392650 168.23963101466833 348
1694428392666 168.2395809342726 349
1694428392681 168.2395309889806 350
1694428392697 168.23948117794973 351
1694428392713 168.23943150035043 352
1694428392728 168.23938195536618 353
1694428392743 168.23933254219298 354
1694428392760 168.239283260039 355
1694428392774 168.2392341081247 356
1694428392790 168.23918508568212 357
1694428392806 168.23913619195477 358
1694428392822 168.23908742619747 359
1694428392838 168.23903878767604 360
1694428392854 168.23899027566688 361
1694428392869 168.23894188945707 362
1694428392884 168.23889362834376 363
1694428392900 168.23884549163427 364
1694428392917 168.23879747864567 365
1694428392933 168.23874958870456 366
1694428392949 168.238701821147 367
1694428392965 168.23865417531815 368
1694428392980 168.23860665057214 369
1694428392997 168.23855924627193 370
1694428393014 168.23851196178896 371
1694428393031 168.23846479650305 372
1694428393047 168.2384177498023 373
1694428393062 168.23837082108278 374
1694428393080 168.2383240097484 375
1694428393096 168.2382773152108 376
1694428393111 168.23823073688905 377
1694428393127 168.23818427420954 378
1694428393143 168.238137926606 379
1694428393158 168.23809169351904 380
1694428393173 168.23804557439624 381
1694428393189 168.23799956869192 382
1694428393204 168.2379536758669 383
1694428393219 168.23790789538847 384
1694428393234 168.23786222673039 385
1694428393250 168.23781666937236 386
1694428393266 168.23777122280035 387
1694428393282 168.23772588650613 388
1694428393298 168.23768065998723 389
1694428393314 168.237635542747 390
1694428393329 168.23759053429424 391
1694428393345 168.23754563414323 392
1694428393360 168.23750084181358 393
1694428393376 168.23745615683015 394
1694428393392 168.23741157872286 395
1694428393407 168.2373671070266 396
1694428393423 168.23732274128136 397
1694428393438 168.23727848103167 398
1694428393454 168.23723432582707 399
1694428393469 168.23719027522142 400
1694428393485 168.23714632877332 401
1694428393501 168.2371024860457 402
1694428393516 168.23705874660584 403
1694428393532 168.23701511002534 404
1694428393548 168.23697157587986 405
1694428393563 168.23692814374928 406
1694428393580 168.23688481321744 407
1694428393595 168.23684158387206 408
1694428393611 168.23679845530478 409
1694428393627 168.236755427111 410
1694428393643 168.2367124988898 411
1694428393660 168.23666967024405 412
1694428393674 168.23662694077993 413
1694428393690 168.2365843101073 414
1694428393706 168.2365417778394 415
1694428393722 168.23649934359293 416
1694428393737 168.2364570069877 417
1694428393753 168.23641476764698 418
1694428393769 168.2363726251971 419
1694428393784 168.23633057926753 420
1694428393799 168.23628862949076 421
1694428393814 168.23624677550248 422
1694428393830 168.23620501694108 423
1694428393846 168.23616335344812 424
1694428393861 168.23612178466774 425
1694428393876 168.2360803102471 426
1694428393892 168.23603892983604 427
1694428393908 168.23599764308702 428
1694428393923 168.23595644965525 429
1694428393940 168.23591534919854 430
1694428393955 168.23587434137724 431
1694428393971 168.2358334258542 432
1694428393986 168.23579260229482 433
1694428394002 168.2357518703668 434
1694428394017 168.2357112297404 435
1694428394034 168.23567068008808 436
1694428394051 168.2356302210847 437
1694428394068 168.2355898524074 438
1694428394084 168.2355495737355 439
1694428394100 168.23550938475051 440
1694428394116 168.23546928513622 441
1694428394132 168.23542927457837 442
1694428394147 168.235389352765 443
1694428394163 168.235349519386 444
1694428394178 168.23530977413347 445
1694428394193 168.23527011670134 446
1694428394209 168.23523054678571 447
1694428394225 168.23519106408438 448
1694428394242 168.23515166829722 449
1694428394257 168.2351123591259 450
1694428394274 168.23507313627402 451
1694428394290 168.23503399944687 452
1694428394306 168.23499494835156 453
1694428394322 168.23495598269713 454
1694428394338 168.23491710219412 455
1694428394354 168.23487830655495 456
1694428394370 168.2348395954937 457
1694428394386 168.234800968726 458
1694428394402 168.23476242596928 459
1694428394423 168.23472396694245 460
1694428394439 168.23468559136614 461
1694428394455 168.23464729896244 462
1694428394472 168.23460908945506 463
1694428394488 168.23457096256925 464
1694428394504 168.23453291803165 465
1694428394520 168.23449495557054 466
1694428394535 168.23445707491558 467
1694428394552 168.2344192757979 468
1694428394568 168.2343815579501 469
1694428394584 168.23434392110605 470
1694428394600 168.23430636500112 471
1694428394617 168.23426888937215 472
1694428394633 168.2342314939571 473
1694428394649 168.23419417849553 474
1694428394665 168.23415694272805 475
1694428394680 168.23411978639686 476
1694428394695 168.23408270924517 477
1694428394710 168.2340457110177 478
1694428394727 168.2340087914603 479
1694428394742 168.2339719503201 480
1694428394758 168.23393518734545 481
1694428394773 168.2338985022859 482
1694428394789 168.2338618948923 483
1694428394803 168.2338253649165 484
1694428394818 168.23378891211172 485
1694428394835 168.23375253623223 486
1694428394851 168.23371623703352 487
1694428394867 168.23368001427204 488
1694428394882 168.23364386770555 489
1694428394898 168.23360779709296 490
1694428394913 168.233571802194 491
1694428394930 168.2335358827698 492
1694428394945 168.23350003858238 493
1694428394960 168.23346426939483 494
1694428394975 168.23342857497144 495
1694428394992 168.2333929550774 496
1694428395008 168.23335740947888 497
1694428395024 168.2333219379433 498
1694428395039 168.23328654023888 499
