1694436422276 171.76276259502717 0
1694436422294 171.41925634112258 1
1694436422312 171.14504275567828 2
1694436422329 170.87125455537068 3
1694436422347 170.59790482962876 4
1694436422364 170.32499287305714 5
1694436422380 170.05251798415262 6
1694436422396 169.7804794625365 7
1694436422416 169.50887660895353 8
1694436422435 169.23770872526998 9
1694436422453 168.96697511447178 10
1694436422470 168.6966750806629 11
1694436422486 168.4268079290635 12
1694436422502 168.157372966008 13
1694436422519 167.88836949894343 14
1694436422535 167.61979683642767 15
1694436422560 167.3516542881274 16
1694436422578 167.08394116481676 17
1694436422595 166.81665677837523 18
1694436422613 166.5498004417859 19
1694436422632 166.28337146913378 20
1694436422649 166.017369175604 21
1694436422666 165.75179287748014 22
1694436422682 165.48664189214216 23
1694436422699 165.22191553806508 24
1694436422717 164.9576131348168 25
1694436422739 164.69373400305665 26
1694436422763 164.43027746453345 27
1694436422780 164.16724284208385 28
1694436422803 163.90462945963063 29
1694436422824 163.64243664218074 30
1694436422848 163.38066371582389 31
1694436422867 163.1193100077304 32
1694436422890 162.85837484614993 33
1694436422913 162.59785756040932 34
1694436422930 162.3377574809112 35
1694436422947 162.07807393913188 36
1694436422964 161.81880626762018 37
1694436422980 161.55995379999507 38
1694436422996 161.3015158709445 39
1694436423015 161.04349181622328 40
1694436423032 160.7858809726516 41
1694436423051 160.5286826781132 42
1694436423070 160.27189627155386 43
1694436423087 160.01552109297933 44
1694436423104 159.75955648345405 45
1694436423123 159.5040017850991 46
1694436423140 159.2488563410907 47
1694436423157 158.99411949565842 48
1694436423173 158.73979059408364 49
1694436423190 158.48586898269767 50
1694436423207 158.2323540088801 51
1694436423226 157.97924502105724 52
1694436423243 157.7265413687003 53
1694436423259 157.47424240232388 54
1694436423276 157.22234747348404 55
1694436423293 156.9708559347768 56
1694436423310 156.71976713983656 57
1694436423328 156.46908044333424 58
1694436423345 156.21879520097562 59
1694436423361 155.96891076949987 60
1694436423379 155.71942650667762 61
1694436423398 155.47034177130968 62
1694436423415 155.2216559232249 63
1694436423440 154.97336832327895 64
1694436423459 154.72547833335236 65
1694436423476 154.4779853163492 66
1694436423493 154.2308886361951 67
1694436423509 153.98418765783578 68
1694436423528 153.7378817472354 69
1694436423546 153.49197027137495 70
1694436423562 153.24645259825047 71
1694436423578 153.00132809687165 72
1694436423594 152.75659613726003 73
1694436423611 152.51225609044738 74
1694436423630 152.26830732847424 75
1694436423649 152.02474922438805 76
1694436423667 151.78158115224178 77
1694436423684 151.53880248709217 78
1694436423700 151.29641260499807 79
1694436423717 151.054410883019 80
1694436423735 150.8127966992134 81
1694436423752 150.57156943263715 82
1694436423769 150.3307284633418 83
1694436423785 150.09027317237323 84
1694436423804 149.8502029417696 85
1694436423823 149.6105171545604 86
1694436423842 149.37121519476426 87
1694436423861 149.13229644738766 88
1694436423881 148.89376029842333 89
1694436423901 148.65560613484865 90
1694436423919 148.41783334462397 91
1694436423938 148.18044131669114 92
1694436423955 147.94342944097195 93
1694436423971 147.70679710836643 94
1694436423988 147.47054371075137 95
1694436424005 147.2346686409788 96
1694436424022 146.9991712928743 97
1694436424041 146.7640510612355 98
1694436424057 146.5293073418306 99
1694436424074 146.29493953139658 100
1694436424090 146.060947027638 101
1694436424107 145.827329229225 102
1694436424125 145.59408553579217 103
1694436424141 145.3612153479368 104
1694436424158 145.1287180672172 105
1694436424176 144.89659309615152 106
1694436424192 144.6648398382159 107
1694436424208 144.43345769784304 108
1694436424225 144.20244608042057 109
1694436424244 143.97180439228987 110
1694436424260 143.74153204074395 111
1694436424277 143.51162843402636 112
1694436424295 143.28209298132967 113
1694436424314 143.05292509279369 114
1694436424334 142.82412417950408 115
1694436424351 142.59568965349092 116
1694436424368 142.36762092772705 117
1694436424384 142.1399174161266 118
1694436424401 141.91257853354347 119
1694436424419 141.68560369576994 120
1694436424437 141.458992319535 121
1694436424454 141.23274382250293 122
1694436424470 141.00685762327177 123
1694436424486 140.78133314137176 124
1694436424503 140.55616979726406 125
1694436424520 140.33136701233906 126
1694436424539 140.10692420891482 127
1694436424556 139.88284081023585 128
1694436424572 139.6591162404714 129
1694436424590 139.43574992471406 130
1694436424605 139.21274128897826 131
1694436424622 138.99008976019877 132
1694436424640 138.7677947662293 133
1694436424657 138.54585573584083 134
1694436424674 138.32427209872057 135
1694436424689 138.10304328546985 136
1694436424706 137.88216872760322 137
1694436424727 137.66164785754663 138
1694436424745 137.44148010863628 139
1694436424761 137.22166491511678 140
1694436424778 137.00220171214002 141
1694436424794 136.78308993576348 142
1694436424812 136.56432902294898 143
1694436424831 136.34591841156106 144
1694436424848 136.12785754036562 145
1694436424865 135.91014584902842 146
1694436424882 135.6927827781137 147
1694436424898 135.4757677690827 148
1694436424916 135.2591002642922 149
1694436424937 135.04277970699312 150
1694436424954 134.82680554132907 151
1694436424971 134.6111772123349 152
1694436424987 134.39589416593532 153
1694436425010 134.18095584894337 154
1694436425032 133.96636170905913 155
1694436425050 133.7521111948682 156
1694436425068 133.53820375584027 157
1694436425086 133.3246388423278 158
1694436425103 133.1114159055645 159
1694436425119 132.89853439766392 160
1694436425140 132.68599377161814 161
1694436425157 132.47379348129624 162
1694436425174 132.26193298144298 163
1694436425192 132.05041172767727 164
1694436425209 131.839229176491 165
1694436425226 131.62838478524733 166
1694436425245 131.41787801217959 167
1694436425261 131.2077083163896 168
1694436425278 130.9978751578466 169
1694436425295 130.78837799738554 170
1694436425313 130.57921629670585 171
1694436425330 130.37038951837013 172
1694436425349 130.16189712580248 173
1694436425367 129.95373858328747 174
1694436425383 129.74591335596853 175
1694436425400 129.53842090984665 176
1694436425417 129.33126071177892 177
1694436425434 129.12443222947726 178
1694436425452 128.9179349315071 179
1694436425469 128.7117682872858 180
1694436425486 128.5059317670814 181
1694436425503 128.3004248420113 182
1694436425521 128.09524698404087 183
1694436425542 127.89039766598206 184
1694436425561 127.68587636149202 185
1694436425579 127.48168254507176 186
1694436425596 127.27781569206488 187
1694436425613 127.07427527865609 188
1694436425629 126.87106078186997 189
1694436425649 126.66817167956951 190
1694436425666 126.46560745045484 191
1694436425682 126.2633675740619 192
1694436425702 126.06145153076102 193
1694436425719 125.8598588017557 194
1694436425737 125.65858886908113 195
1694436425754 125.45764121560295 196
1694436425770 125.25701532501591 197
1694436425787 125.05671068184247 198
1694436425804 124.85672677143161 199
1694436425822 124.65706307995734 200
1694436425840 124.45771909441748 201
1694436425858 124.2586943026323 202
1694436425875 124.05998819324324 203
1694436425891 123.86160025571156 204
1694436425907 123.66352998031695 205
1694436425924 123.4657768581564 206
1694436425946 123.26834038114268 207
1694436425964 123.07122004200322 208
1694436425980 122.87441533427865 209
1694436425997 122.67792575232157 210
1694436426014 122.4817507912953 211
1694436426030 122.28588994717236 212
1694436426048 122.09034271673352 213
1694436426066 121.89510859756612 214
1694436426082 121.70018708806312 215
1694436426099 121.50557768742152 216
1694436426115 121.3112798956413 217
1694436426132 121.11729321352396 218
1694436426151 120.92361714267135 219
1694436426171 120.73025118548428 220
1694436426191 120.53719484516137 221
1694436426212 120.34444762569763 222
1694436426230 120.15200903188328 223
1694436426250 119.95987856930246 224
1694436426267 119.76805574433187 225
1694436426283 119.57654006413964 226
1694436426299 119.38533103668394 227
1694436426316 119.19442817071175 228
1694436426332 119.00383097575765 229
1694436426350 118.81353896214243 230
1694436426366 118.623551640972 231
1694436426383 118.43386852413593 232
1694436426399 118.24448912430637 233
1694436426415 118.05541295493667 234
1694436426432 117.86663953026022 235
1694436426452 117.67816836528914 236
1694436426472 117.48999897581301 237
1694436426489 117.30213087839772 238
1694436426505 117.11456359038412 239
1694436426522 116.92729662988678 240
1694436426538 116.7403295157929 241
1694436426557 116.55366176776081 242
1694436426573 116.367292906219 243
1694436426590 116.18122245236468 244
1694436426606 115.99544992816266 245
1694436426623 115.80997485634407 246
1694436426640 115.62479676040518 247
1694436426657 115.43991516460613 248
1694436426674 115.25532959396963 249
1694436426690 115.07103957427998 250
1694436426707 114.8870446320815 251
1694436426726 114.70334429467762 252
1694436426744 114.51993809012951 253
1694436426764 114.33682554725485 254
1694436426782 114.1540061956267 255
1694436426798 113.97147956557228 256
1694436426816 113.78924518817159 257
1694436426833 113.60730259525651 258
1694436426851 113.42565131940927 259
1694436426868 113.24429089396149 260
1694436426884 113.06322085299286 261
1694436426901 112.8824407313299 262
1694436426918 112.70195006454493 263
1694436426934 112.52174838895469 264
1694436426952 112.34183524161924 265
1694436426969 112.16221016034073 266
1694436426986 111.98287268366231 267
1694436427002 111.80382235086674 268
1694436427018 111.6250587019754 269
1694436427035 111.44658127774703 270
1694436427055 111.26838961967647 271
1694436427071 111.09048326999367 272
1694436427088 110.91286177166224 273
1694436427104 110.73552466837857 274
1694436427122 110.55847150457043 275
1694436427137 110.3817018253959 276
1694436427156 110.20521517674214 277
1694436427172 110.0290111052243 278
1694436427189 109.85308915818428 279
1694436427205 109.67744888368955 280
1694436427222 109.50208983053214 281
1694436427243 109.3270115482272 282
1694436427261 109.15221358701216 283
1694436427279 108.9776954978453 284
1694436427295 108.80345683240475 285
1694436427312 108.62949714308726 286
1694436427330 108.45581598300713 287
1694436427347 108.28241290599496 288
1694436427368 108.10928746659657 289
1694436427389 107.93643922007182 290
1694436427406 107.76386772239343 291
1694436427423 107.59157253024595 292
1694436427440 107.41955320102454 293
1694436427460 107.24780929283374 294
1694436427476 107.07634036448654 295
1694436427495 106.90514597550307 296
1694436427511 106.73422568610957 297
1694436427529 106.56357905723715 298
1694436427546 106.39320565052076 299
1694436427565 106.22310502829801 300
1694436427584 106.05327675360809 301
1694436427601 105.88372039019056 302
1694436427618 105.7144355024843 303
1694436427634 105.54542165562633 304
1694436427654 105.37667841545078 305
1694436427673 105.20820534848768 306
1694436427691 105.04000202196185 307
1694436427707 104.8720680037919 308
1694436427725 104.70440286258892 309
1694436427740 104.53700616765549 310
1694436427758 104.36987748898471 311
1694436427776 104.20301639725871 312
1694436427792 104.03642246384796 313
1694436427808 103.87009526080986 314
1694436427825 103.70403436088785 315
1694436427843 103.53823933751015 316
1694436427864 103.37270976478875 317
1694436427881 103.20744521751831 318
1694436427898 103.042445271175 319
1694436427914 102.8777095019155 320
1694436427931 102.71323748657582 321
1694436427951 102.54902880267028 322
1694436427972 102.3850830283904 323
1694436427991 102.22139974260375 324
1694436428010 102.05797852485296 325
1694436428029 101.89481895535458 326
1694436428045 101.73192061499807 327
1694436428062 101.56928308534458 328
1694436428080 101.40690594862603 329
1694436428097 101.24478878774391 330
1694436428114 101.08293118626831 331
1694436428131 100.92133272843672 332
1694436428147 100.75999299915313 333
1694436428166 100.59891158398676 334
1694436428184 100.43808806917119 335
1694436428200 100.27752204160312 336
1694436428216 100.11721308884145 337
1694436428232 99.95716079910616 338
1694436428250 99.79736476127718 339
1694436428267 99.63782456489344 340
1694436428285 99.47853980015174 341
1694436428301 99.31951005790576 342
1694436428317 99.16073492966494 343
1694436428333 99.00221400759348 344
1694436428352 98.84394688450924 345
1694436428371 98.6859331538827 346
1694436428387 98.52817240983602 347
1694436428403 98.37066424714176 348
1694436428419 98.21340826122211 349
1694436428436 98.05640404814764 350
1694436428453 97.89965120463641 351
1694436428471 97.74314932805277 352
1694436428488 97.58689801640647 353
1694436428504 97.43089686835155 354
1694436428521 97.27514548318533 355
1694436428539 97.11964346084739 356
1694436428560 96.96439040191842 357
1694436428581 96.80938590761947 358
1694436428599 96.65462957981059 359
1694436428616 96.50012102099001 360
1694436428633 96.34585983429305 361
1694436428650 96.19184562349115 362
1694436428668 96.03807799299082 363
1694436428686 95.88455654783255 364
1694436428702 95.7312808936899 365
1694436428718 95.57825063686842 366
1694436428736 95.4254653843047 367
1694436428752 95.27292474356527 368
1694436428774 95.12062832284562 369
1694436428791 94.96857573096928 370
1694436428808 94.81676657738664 371
1694436428825 94.66520047217413 372
1694436428843 94.51387702603306 373
1694436428861 94.36279585028875 374
1694436428878 94.21195655688936 375
1694436428894 94.0613587584051 376
1694436428911 93.91100206802709 377
1694436428928 93.76088609956638 378
1694436428946 93.611010467453 379
1694436428963 93.46137478673494 380
1694436428980 93.31197867307712 381
1694436428997 93.1628217427605 382
1694436429013 93.013903612681 383
1694436429030 92.86522390034857 384
1694436429048 92.71678222388611 385
1694436429067 92.56857820202869 386
1694436429082 92.42061145412232 387
1694436429099 92.27288160012311 388
1694436429116 92.12538826059628 389
1694436429132 91.97813105671521 390
1694436429153 91.83110961026036 391
1694436429171 91.68432354361838 392
1694436429189 91.53777247978114 393
1694436429206 91.39145604234467 394
1694436429224 91.24537385550836 395
1694436429240 91.09952554407381 396
1694436429256 90.953910733444 397
1694436429275 90.80852904962218 398
1694436429292 90.66338011921114 399
1694436429308 90.51846356941192 400
1694436429325 90.37377902802321 401
1694436429342 90.2293261234401 402
1694436429359 90.08510448465329 403
1694436429377 89.94111374124806 404
1694436429393 89.79735352340334 405
1694436429410 89.6538234618908 406
1694436429425 89.51052318807379 407
1694436429442 89.3674523339065 408
1694436429457 89.22461053193295 409
1694436429475 89.08199741528607 410
1694436429491 88.93961261768678 411
1694436429508 88.79745577344296 412
1694436429525 88.65552651744856 413
1694436429546 88.51382448518275 414
1694436429568 88.37234931270883 415
1694436429591 88.23110063667332 416
1694436429608 88.09007809430511 417
1694436429625 87.94928132341451 418
1694436429641 87.80870996239224 419
1694436429658 87.66836365020853 420
1694436429675 87.52824202641224 421
1694436429692 87.38834473112988 422
1694436429709 87.24867140506471 423
1694436429726 87.10922168949578 424
1694436429747 86.96999522627705 425
1694436429766 86.83099165783648 426
1694436429783 86.69221062717499 427
1694436429800 86.55365177786571 428
1694436429817 86.41531475405296 429
1694436429834 86.27719920045132 430
1694436429855 86.13930476234479 431
1694436429879 86.00163108558587 432
1694436429900 85.86417781659449 433
1694436429924 85.72694460235735 434
1694436429946 85.58993109042682 435
1694436429969 85.45313692892012 436
1694436429990 85.31656176651839 437
1694436430013 85.18020525246578 438
1694436430036 85.04406703656855 439
1694436430059 84.90814676919418 440
1694436430080 84.77244410127048 441
1694436430096 84.63695868428462 442
1694436430114 84.50169017028237 443
1694436430131 84.36663821186703 444
1694436430147 84.23180246219869 445
1694436430164 84.09718257499324 446
1694436430183 83.96277820452151 447
1694436430198 83.82858900560842 448
1694436430216 83.69461463363199 449
1694436430232 83.56085474452256 450
1694436430249 83.42730899476187 451
1694436430266 83.29397704138212 452
1694436430285 83.16085854196517 453
1694436430301 83.02795315464157 454
1694436430318 82.8952605380898 455
1694436430335 82.76278035153527 456
1694436430354 82.6305122547495 457
1694436430375 82.49845590804925 458
1694436430393 82.36661097229567 459
1694436430410 82.23497710889329 460
1694436430427 82.10355397978934 461
1694436430444 81.97234124747276 462
1694436430460 81.84133857497334 463
1694436430478 81.7105456258609 464
1694436430498 81.57996206424437 465
1694436430514 81.44958755477096 466
1694436430532 81.31942176262532 467
1694436430549 81.18946435352858 468
1694436430565 81.05971499373763 469
1694436430584 80.93017335004407 470
1694436430600 80.80083908977366 471
1694436430618 80.67171188078504 472
1694436430635 80.5427913914693 473
1694436430652 80.41407729074884 474
1694436430668 80.2855692480766 475
1694436430686 80.15726693343524 476
1694436430703 80.02917001733631 477
1694436430720 79.9012781708193 478
1694436430736 79.77359106545087 479
1694436430752 79.64610837332403 480
1694436430770 79.51882976705718 481
1694436430789 79.39175491979344 482
1694436430806 79.2648835051996 483
1694436430824 79.13821519746548 484
1694436430842 79.01174967130297 485
1694436430858 78.88548660194519 486
1694436430876 78.75942566514578 487
1694436430894 78.63356653717784 488
1694436430909 78.50790889483336 489
1694436430926 78.38245241542221 490
1694436430943 78.25719677677131 491
1694436430960 78.13214165722394 492
1694436430977 78.00728673563873 493
1694436430996 77.88263169138895 494
1694436431012 77.7581762043617 495
1694436431030 77.63391995495704 496
1694436431046 77.5098626240871 497
1694436431062 77.38600389317541 498
1694436431079 77.26234344415596 499
