1694438478540 33.75762625650079 0
1694438478559 7.652526904792469 1
1694438478578 1.4254140330939895 2
1694438478597 0.29679324775376204 3
1694438478615 0.16118645329351308 4
1694438478637 0.04295261290418461 5
1694438478656 0.13509316887032208 6
1694438478677 0.1391182302303811 7
1694438478698 0.18614195774839162 8
1694438478721 0.06822338778344915 9
1694438478740 0.12366742442048742 10
1694438478758 0.32908137467956616 11
1694438478776 0.09948900780083166 12
1694438478796 0.05448065889900306 13
1694438478817 0.08216096935819088 14
1694438478838 0.10483295568242414 15
1694438478860 0.246159868052975 16
1694438478884 0.08763204578683118 17
1694438478904 0.03882211446221775 18
1694438478924 0.25454696527131176 19
1694438478948 0.10228641861818695 20
1694438478966 0.036155933892514806 21
1694438478986 0.11446415024136362 22
1694438479004 0.07715368341776895 23
1694438479023 0.1125370078895827 24
1694438479042 0.11604476977593728 25
1694438479060 0.061383864809746815 26
1694438479078 0.18430456870116219 27
1694438479097 0.11505294209483238 28
1694438479119 0.15299956377440058 29
1694438479138 0.055358891955795415 30
1694438479158 0.07084431867464815 31
1694438479176 0.10302840020822897 32
1694438479204 0.1563409662764123 33
1694438479229 0.0502008778296237 34
1694438479250 0.06604991013580847 35
1694438479272 0.10570724647670489 36
1694438479296 0.058234326265201246 37
1694438479321 0.04876632621022321 38
1694438479341 0.06946025139865303 39
1694438479359 0.08677626617725966 40
1694438479379 0.10649754093019075 41
1694438479398 0.18468611729430487 42
1694438479416 0.05910540844695273 43
1694438479437 0.08007398464969089 44
1694438479457 0.09578154002565754 45
1694438479475 0.09665657175294673 46
1694438479494 0.13035343210440595 47
1694438479512 0.10138018261302843 48
1694438479531 0.07943323179424068 49
1694438479549 0.10355911314822179 50
1694438479567 0.20061502309678542 51
1694438479586 0.22404482057504413 52
1694438479604 0.05957421337505424 53
1694438479623 0.016571528768916856 54
1694438479642 0.054608651212403915 55
1694438479660 0.07722836958945534 56
1694438479682 0.113936500497077 57
1694438479706 0.09502714424834853 58
1694438479729 0.09215136770560155 59
1694438479748 0.0840800871880781 60
1694438479768 0.04525084611957516 61
1694438479787 0.03845381141713001 62
1694438479806 0.07202542752752208 63
1694438479824 0.05650753490368699 64
1694438479843 0.09922636518593221 65
1694438479863 0.06823882248207144 66
1694438479881 0.09931397050820227 67
1694438479899 0.06855342998058574 68
1694438479918 0.1083827142722116 69
1694438479938 0.1864798835365192 70
1694438479957 0.09440728461590404 71
1694438479975 0.054169995217651576 72
1694438479993 0.3343123151618731 73
1694438480013 0.1781274693690477 74
1694438480036 0.054833563748124224 75
1694438480057 0.09793392990768261 76
1694438480075 0.08864786111384144 77
1694438480095 0.107502910992722 78
1694438480114 0.08442642943901112 79
1694438480132 0.06003634663063411 80
1694438480152 0.06124818646610366 81
1694438480171 0.08921326709636111 82
1694438480189 0.1405012105455798 83
1694438480208 0.16139598906035796 84
1694438480227 0.14785343369468706 85
1694438480249 0.1615353925365776 86
1694438480267 0.08177807646321011 87
1694438480288 0.30364076949786173 88
1694438480306 0.07496911190207105 89
1694438480328 0.060354814577391926 90
1694438480346 0.03502696298279961 91
1694438480365 0.10461631607725441 92
1694438480383 0.07387499979133978 93
1694438480402 0.12141608786655408 94
1694438480420 0.14397385363373605 95
1694438480438 0.16611447516742386 96
1694438480460 0.11818541021554897 97
1694438480479 0.0740045554221702 98
1694438480499 0.13544014392251652 99
1694438480519 0.05922770345507098 100
1694438480540 0.10383209746301623 101
1694438480563 0.06949723804704082 102
1694438480582 0.10322368664793714 103
1694438480600 0.04889150257386131 104
1694438480619 0.20374510052740713 105
1694438480640 0.22285868334256245 106
1694438480658 0.08923771292237846 107
1694438480678 0.0881273056635554 108
1694438480696 0.040635623839210495 109
1694438480715 0.08499011493394945 110
1694438480734 0.1055225461689859 111
1694438480752 0.0791762986557797 112
1694438480770 0.13057589686978546 113
1694438480789 0.1629953882296282 114
1694438480807 0.09749581046976001 115
1694438480825 0.09662581383778905 116
1694438480845 0.09592141683511439 117
1694438480863 0.0652953119593254 118
1694438480885 0.07514954710524858 119
1694438480903 0.13226493334191208 120
1694438480921 0.09776670131788227 121
1694438480940 0.17121043988483023 122
1694438480959 0.3281148782738916 123
1694438480977 0.06220262278474724 124
1694438480995 0.22290114079507473 125
1694438481015 0.12153097974269492 126
1694438481033 0.06760822500485668 127
1694438481052 0.0764543164191065 128
1694438481070 0.05653815935732025 129
1694438481091 0.10923670870247308 130
1694438481109 0.07219219311679703 131
1694438481127 0.059590652305357886 132
1694438481147 0.061371207085800725 133
1694438481166 0.16105492528643328 134
1694438481185 0.04735261563606016 135
1694438481203 0.07312896134522802 136
1694438481222 0.08936059128756213 137
1694438481241 0.11353774399239425 138
1694438481261 0.37453527339032916 139
1694438481278 0.10284061548852984 140
1694438481297 0.10904636298367001 141
1694438481315 0.062384416456690635 142
1694438481333 0.14215104785233904 143
1694438481352 0.04893883323573731 144
1694438481370 0.07310653566078391 145
1694438481388 0.15009645248230466 146
1694438481406 0.05368953945744256 147
1694438481424 0.10453067520125868 148
1694438481442 0.14261985407649239 149
1694438481462 0.1074810805840738 150
1694438481480 0.09706251076253261 151
1694438481498 0.12072005623974849 152
1694438481516 0.059930057486469006 153
1694438481535 0.1976218197087158 154
1694438481553 0.08551146923561617 155
1694438481572 0.06481940918194477 156
1694438481589 0.18476555531527722 157
1694438481608 0.029839579975495228 158
1694438481626 0.0865762255336863 159
1694438481644 0.22797063728776937 160
1694438481664 0.08127323166301138 161
1694438481682 0.06526998726918752 162
1694438481700 0.07159151171499925 163
1694438481719 0.050813944861538306 164
1694438481735 0.2144088067292146 165
1694438481754 0.03499084860887805 166
1694438481773 0.0903587117920276 167
1694438481792 0.07658954904589167 168
1694438481811 0.13761931477768202 169
1694438481830 0.09516124519648343 170
1694438481850 0.10852903551196601 171
1694438481868 0.018408631793703438 172
1694438481886 0.02561205401707013 173
1694438481905 0.11775380205465624 174
1694438481923 0.07743920692340467 175
1694438481940 0.08608758135372906 176
1694438481959 0.1519389163117266 177
1694438481978 0.07929414465637849 178
1694438481996 0.08797203752923786 179
1694438482013 0.1780409294420387 180
1694438482032 0.10735046376956858 181
1694438482051 0.5368517531543362 182
1694438482070 0.08029737983199682 183
1694438482087 0.12962565083179942 184
1694438482106 0.344494742407967 185
1694438482125 0.06821865850644471 186
1694438482143 0.11948160026861102 187
1694438482162 0.08179686859418848 188
1694438482180 0.08425837730387307 189
1694438482199 0.0992786203697352 190
1694438482216 0.16776570490450382 191
1694438482234 0.08136455423486413 192
1694438482254 0.04270189155438832 193
1694438482272 0.1864432379904283 194
1694438482290 0.0809389484693361 195
1694438482309 0.0533759862736692 196
1694438482327 0.11599226256351279 197
1694438482346 0.09268539748918461 198
1694438482364 0.13256763279203923 199
1694438482383 0.0698025290882798 200
1694438482402 0.10010625657240813 201
1694438482420 0.08405301688784508 202
1694438482438 0.12106290942976225 203
1694438482458 0.10193018473062608 204
1694438482476 0.08349062685186219 205
1694438482494 0.08763944619084597 206
1694438482512 0.046687913270917446 207
1694438482531 0.08274608862538901 208
1694438482550 0.11796299298679493 209
1694438482568 0.038152149395298665 210
1694438482586 0.08540767634685631 211
1694438482604 0.08946320518249 212
1694438482622 0.1485852404472734 213
1694438482640 0.037305684577095655 214
1694438482660 0.10307121410974797 215
1694438482678 0.06909221050264665 216
1694438482696 0.1489613563221028 217
1694438482715 0.16114936943323593 218
1694438482733 0.04390559362881176 219
1694438482753 0.10100624415262631 220
1694438482772 0.8763363250902877 221
1694438482789 0.07861239545590938 222
1694438482807 0.0820798755727148 223
1694438482826 0.13311313604509964 224
1694438482844 0.10605429304143184 225
1694438482863 0.13049374524290283 226
1694438482881 0.15174736193958463 227
1694438482900 0.10886566028187664 228
1694438482919 0.08046871106624544 229
1694438482936 0.18794127248812595 230
1694438482955 0.09660787825921813 231
1694438482973 0.2306082310155266 232
1694438482991 0.17593576654994184 233
1694438483008 0.07232261832484665 234
1694438483028 0.054575005892420626 235
1694438483048 0.07529534389633163 236
1694438483066 0.1058907490614884 237
1694438483084 0.07013505598450835 238
1694438483102 0.089846411349861 239
1694438483120 0.2722731087470171 240
1694438483139 0.07824317428548107 241
1694438483157 0.09949269307203691 242
1694438483176 0.08875847608708444 243
1694438483194 0.055536418214131945 244
1694438483212 0.10996692932460285 245
1694438483229 0.08821965294720616 246
1694438483248 0.0973959297682645 247
1694438483266 0.05784309185667176 248
1694438483285 0.03391922233357734 249
1694438483303 0.11209740628048175 250
1694438483323 0.08040928640909244 251
1694438483341 0.13743081894588755 252
1694438483359 0.035456858444198505 253
1694438483378 0.17997221197296784 254
1694438483396 0.09366955822414454 255
1694438483414 0.1271411229975369 256
1694438483432 0.12426505616300587 257
1694438483450 0.09042393469962422 258
1694438483468 0.05519584783712335 259
1694438483487 0.0508479468296031 260
1694438483505 0.13599137423369825 261
1694438483523 0.061648226997124286 262
1694438483540 0.1380258414886286 263
1694438483558 0.09389461878125747 264
1694438483576 0.05926264422027589 265
1694438483596 0.21092947858868358 266
1694438483613 0.1450232114810128 267
1694438483634 0.08607627469631128 268
1694438483653 0.1345071357184683 269
1694438483671 0.0968952314992997 270
1694438483691 0.09438624592078249 271
1694438483708 0.08843356895925898 272
1694438483727 0.13996422294924313 273
1694438483745 0.07674805742137805 274
1694438483763 0.10192399577183404 275
1694438483782 0.06448080290238954 276
1694438483800 0.23230449468220496 277
1694438483818 0.06384028489127425 278
1694438483837 0.26168994987976235 279
1694438483855 0.20163680076212456 280
1694438483873 0.5148541552155117 281
1694438483892 0.10036209368573576 282
1694438483910 0.14181295087625484 283
1694438483928 0.07700271139788377 284
1694438483946 0.0575701908956849 285
1694438483965 0.1457075207514857 286
1694438483983 0.2390727961822857 287
1694438484002 0.1269756065371131 288
1694438484019 0.0880010445781091 289
1694438484037 0.12890474998867404 290
1694438484054 0.13177837361945732 291
1694438484073 0.06348724398550637 292
1694438484090 0.14447534133777987 293
1694438484109 0.1517393489399424 294
1694438484127 0.05914272098100719 295
1694438484145 0.020039190242415853 296
1694438484164 0.0740007689920555 297
1694438484182 0.1297062952954429 298
1694438484200 0.18262563143357766 299
1694438484218 0.18703242607241877 300
1694438484236 0.11794929451572843 301
1694438484254 0.15954349667415818 302
1694438484274 0.04336581967403965 303
1694438484293 0.09556910361894062 304
1694438484311 0.0336222501757316 305
1694438484329 0.07900638704081533 306
1694438484347 0.09263324466452728 307
1694438484366 0.209347125065654 308
1694438484385 0.07251367654111898 309
1694438484403 0.12206474658091 310
1694438484423 0.06673103545758495 311
1694438484441 0.1331068578417675 312
1694438484459 0.18376132484734062 313
1694438484478 0.0520095105551863 314
1694438484496 0.05632768214527455 315
1694438484514 0.06330393616086089 316
1694438484531 0.10529858285721982 317
1694438484550 0.09119988654271738 318
1694438484568 0.17124075694165053 319
1694438484587 0.11818748853070461 320
1694438484606 0.1005740208627249 321
1694438484624 0.09829351079096048 322
1694438484642 0.06511935504187663 323
1694438484660 0.21741966154745582 324
1694438484680 0.07918513889027863 325
1694438484698 0.09517230215806925 326
1694438484716 0.1253923661371242 327
1694438484733 0.09436000980754404 328
1694438484752 0.08745805736724868 329
1694438484771 0.1416973406813595 330
1694438484788 0.08919205104190263 331
1694438484806 0.04059874024818993 332
1694438484824 0.1695529825719961 333
1694438484843 0.16485979054864966 334
1694438484861 0.13414525472758362 335
1694438484880 0.07629660050698035 336
1694438484900 0.07641438777375774 337
1694438484917 0.11253429452550608 338
1694438484935 0.11711792260799213 339
1694438484954 0.05224165215209905 340
1694438484972 0.07764158091400693 341
1694438484991 0.11393484777256258 342
1694438485009 0.0708377563507058 343
1694438485028 0.053152803557142636 344
1694438485046 0.13701515105608467 345
1694438485064 0.13481313572502324 346
1694438485082 0.07539768982724447 347
1694438485100 0.04418144541692508 348
1694438485119 0.07154954855574816 349
1694438485137 0.11296273758379385 350
1694438485156 0.20965006982884285 351
1694438485174 0.060185598860489874 352
1694438485193 0.0558712687205597 353
1694438485211 0.07574294536582772 354
1694438485228 0.0884291285719997 355
1694438485247 0.15369655482448635 356
1694438485265 0.05199173899652949 357
1694438485284 0.08326654975732141 358
1694438485302 0.10495800184469294 359
1694438485321 0.1273846305027386 360
1694438485339 0.11338259089261833 361
1694438485357 0.10114622009063853 362
1694438485375 0.06873028900316273 363
1694438485394 0.16054591369579488 364
1694438485413 0.13420583289729343 365
1694438485431 0.05901255285182512 366
1694438485449 0.03370088636776471 367
1694438485467 0.0770486290108922 368
1694438485486 0.05537903002012321 369
1694438485506 0.11296938562769575 370
1694438485525 0.2169338428976819 371
1694438485543 0.16962270500802692 372
1694438485560 0.11535707120655114 373
1694438485579 0.10432586967638317 374
1694438485596 0.08814149628273561 375
1694438485615 0.13729353777718167 376
1694438485633 0.06733169415068486 377
1694438485651 0.060628596080202386 378
1694438485669 0.07967621400672735 379
1694438485688 0.05443030415477979 380
1694438485706 0.09259472225914468 381
1694438485725 0.07350183855953167 382
1694438485745 0.13772589245431374 383
1694438485764 0.07292779308504006 384
1694438485783 0.1172926169670973 385
1694438485802 0.1066253207357413 386
1694438485822 0.03603746411875802 387
1694438485841 0.12155740385671675 388
1694438485860 0.056632144383076156 389
1694438485878 0.06309659604681733 390
1694438485898 0.06076551242653743 391
1694438485918 0.32109235831687905 392
1694438485936 0.09853162844523168 393
1694438485955 0.1502547908315234 394
1694438485973 0.08531343231956187 395
1694438485992 0.06466788001596525 396
1694438486010 0.0855246463532939 397
1694438486030 0.11069930959343409 398
1694438486047 0.04133489059203741 399
1694438486065 0.060692476155413976 400
1694438486085 0.09701854558494125 401
1694438486105 0.054251708582484626 402
1694438486123 0.13986142216865863 403
1694438486141 0.16512500942952513 404
1694438486159 0.06493689670067024 405
1694438486178 0.11497355967630025 406
1694438486197 0.02274526065587554 407
1694438486215 0.06822357427283364 408
1694438486233 0.09524182353338698 409
1694438486251 0.11314711545447054 410
1694438486270 0.17367479147831458 411
1694438486289 0.04986708873001359 412
1694438486307 0.06641147722465038 413
1694438486325 0.055006421857449424 414
1694438486344 0.11764379617522058 415
1694438486362 0.18584707497665698 416
1694438486380 0.05229400076765035 417
1694438486400 0.059898394487517756 418
1694438486418 0.07473174998524998 419
1694438486437 0.09253643277060757 420
1694438486456 0.06447918752251687 421
1694438486473 0.16766929396878644 422
1694438486492 0.17264207811108023 423
1694438486511 0.0869765151706815 424
1694438486528 0.1442279542859009 425
1694438486546 0.12486422253763843 426
1694438486564 0.10519824654763368 427
1694438486581 0.14166822561726725 428
1694438486600 0.03375553984654693 429
1694438486618 0.08416823814637527 430
1694438486637 0.06834643244266618 431
1694438486654 0.10356847420437774 432
1694438486671 0.10941175373042746 433
1694438486691 0.15098212644049513 434
1694438486710 0.12100604065107642 435
1694438486733 0.1579529459844602 436
1694438486751 0.2029662025904175 437
1694438486768 0.08400736603256911 438
1694438486787 0.07760684728121696 439
1694438486806 0.07951346899165056 440
1694438486825 0.1386352246878721 441
1694438486843 0.1753759514563573 442
1694438486862 0.10840640085265008 443
1694438486880 0.04168157052004662 444
1694438486899 0.16161574129180326 445
1694438486917 0.11954724176573099 446
1694438486935 0.90039227504842 447
1694438486954 0.08273159327916284 448
1694438486971 0.08757563239373337 449
1694438486989 0.11392601463318622 450
1694438487007 0.08282050878851122 451
1694438487025 0.08757983010892538 452
1694438487043 0.08971063126094578 453
1694438487061 0.0911223288934888 454
1694438487078 0.15427057653685586 455
1694438487098 0.06017044165333553 456
1694438487116 0.08994510063495056 457
1694438487134 0.14358740807169026 458
1694438487152 0.12826433447548494 459
1694438487169 0.10234960139190545 460
1694438487187 0.14958146231122224 461
1694438487206 0.07307637384834882 462
1694438487224 0.13434011604115298 463
1694438487241 0.1106195730251042 464
1694438487260 0.054170764887371194 465
1694438487278 0.15934982428480102 466
1694438487297 0.0798965024887678 467
1694438487316 0.019298877410337652 468
1694438487335 0.06248385358362243 469
1694438487353 0.14681954750747656 470
1694438487371 0.11632515109527619 471
1694438487389 0.05347280927339599 472
1694438487408 0.06666993003758447 473
1694438487426 0.1528865319153176 474
1694438487445 0.04788484796885536 475
1694438487463 0.16823402688908315 476
1694438487481 0.06436472384272571 477
1694438487500 0.08740019708904372 478
1694438487518 0.12048012263475065 479
1694438487535 0.090871224962232 480
1694438487554 0.03549232405128105 481
1694438487572 0.059373070964945485 482
1694438487589 0.08380776972110496 483
1694438487609 0.08347140614690048 484
1694438487627 0.04829507831685443 485
1694438487645 0.13774696439137732 486
1694438487664 0.06693272445826093 487
1694438487682 0.12370148049066272 488
1694438487700 0.14533580200493637 489
1694438487719 0.056438746582710454 490
1694438487737 0.16950383822290369 491
1694438487756 0.06886115048764388 492
1694438487773 0.050948214316561255 493
1694438487793 0.1499805795622482 494
1694438487811 0.05762942212069704 495
1694438487829 0.15099031777700306 496
1694438487848 0.11116234051584237 497
1694438487866 0.09924972124029578 498
1694438487884 0.11179280261031863 499
