1694428309553 179.28463871112382 0
1694428309619 167.9150993170669 1
1694428309688 164.94315086865882 2
1694428309755 169.59451413437893 3
1694428309820 171.50748948825043 4
1694428309885 170.65982157230457 5
1694428309951 163.58508350546975 6
1694428310018 160.9880183936429 7
1694428310085 147.16770384176772 8
1694428310150 151.8304350943977 9
1694428310216 165.4452007794493 10
1694428310282 173.68931984866293 11
1694428310349 157.70636567129617 12
1694428310416 170.1604529734598 13
1694428310482 150.048100788282 14
1694428310549 167.1494006205756 15
1694428310616 167.90953182917676 16
1694428310682 176.66733584598472 17
1694428310750 162.87955369544295 18
1694428310816 182.8142744749547 19
1694428310883 174.95956515706754 20
1694428310949 148.60012622224534 21
1694428311015 181.2321241518285 22
1694428311081 159.83548348790146 23
1694428311146 167.65229584930722 24
1694428311212 175.6949218479362 25
1694428311277 164.95849564346793 26
1694428311345 139.275297474469 27
1694428311410 168.66022457129785 28
1694428311476 173.19659381585384 29
1694428311542 181.70185647158308 30
1694428311608 170.85300029673485 31
1694428311674 172.8680387598835 32
1694428311740 164.38696423625163 33
1694428311806 159.70018411740307 34
1694428311871 154.59828578444768 35
1694428311937 185.97398032573676 36
1694428312003 166.8592597914303 37
1694428312069 180.55551067417284 38
1694428312135 180.05562187656213 39
1694428312201 165.30829142860813 40
1694428312266 198.27984738827197 41
1694428312331 166.00216434464966 42
1694428312397 183.6031200389792 43
1694428312463 89.56443748394686 44
1694428312529 180.34845770896874 45
1694428312602 169.74547731004793 46
1694428312667 185.12248667926036 47
1694428312733 139.7948450899767 48
1694428312799 171.31395076475633 49
1694428312865 176.51372973924745 50
1694428312932 173.5760079725846 51
1694428312997 167.12725829380707 52
1694428313063 146.47401683364606 53
1694428313129 159.74992565317203 54
1694428313195 188.90515941713647 55
1694428313261 175.93421918734225 56
1694428313326 161.70890587515274 57
1694428313392 185.17068072768302 58
1694428313462 172.71797239893365 59
1694428313544 175.1799145700783 60
1694428313611 196.0916129943446 61
1694428313677 168.9082119750173 62
1694428313744 155.667003346844 63
1694428313810 179.3117597004506 64
1694428313875 182.1398737231897 65
1694428313941 172.61636498055583 66
1694428314008 175.5174328995718 67
1694428314073 153.23262446457252 68
1694428314139 172.7542811944551 69
1694428314206 192.2237061294388 70
1694428314272 163.15959348591525 71
1694428314338 163.23817046120982 72
1694428314403 153.06691405138605 73
1694428314468 203.01531842735662 74
1694428314535 159.82752928194552 75
1694428314601 171.8510538144972 76
1694428314666 165.11267341240605 77
1694428314733 159.41300645772492 78
1694428314798 156.95949535332653 79
1694428314864 165.599048193748 80
1694428314930 150.12394369696975 81
1694428314997 177.31692336398513 82
1694428315062 173.4545398632849 83
1694428315129 180.83735156944724 84
1694428315200 177.47584516731825 85
1694428315278 173.73016530187647 86
1694428315345 181.3219594456682 87
1694428315414 128.77461567381266 88
1694428315482 176.08512833091567 89
1694428315548 179.0898664367522 90
1694428315619 153.90520442212187 91
1694428315685 178.35583008747827 92
1694428315751 175.41769299763877 93
1694428315818 101.44247422867863 94
1694428315885 173.41017474193407 95
1694428315951 148.78592122246343 96
1694428316017 171.03597225783125 97
1694428316083 167.9119520016927 98
1694428316148 161.184892830682 99
1694428316214 169.12229788088464 100
1694428316279 172.35059084304845 101
1694428316346 166.41776948723876 102
1694428316423 137.17559399145085 103
1694428316491 176.15596825015868 104
1694428316557 171.46749932442043 105
1694428316623 171.5835344307428 106
1694428316688 162.40001907052 107
1694428316755 163.1453052550328 108
1694428316822 176.35494076825026 109
1694428316887 165.22049281568582 110
1694428316954 179.8098584176009 111
1694428317020 184.5720859976151 112
1694428317085 168.05632316250217 113
1694428317151 167.70637044638264 114
1694428317218 130.50456738023885 115
1694428317283 130.31413324409115 116
1694428317349 191.571265701225 117
1694428317416 175.57719220610883 118
1694428317484 163.63970927414147 119
1694428317552 167.68085872985785 120
1694428317618 173.40476330334488 121
1694428317684 161.05377620539198 122
1694428317751 203.17558459867107 123
1694428317823 205.01106979055726 124
1694428317888 168.20978674452866 125
1694428317955 178.07049678119807 126
1694428318024 158.2826956196134 127
1694428318093 156.54976562788352 128
1694428318160 150.80912044028676 129
1694428318226 181.02063086156198 130
1694428318307 177.60908549506684 131
1694428318374 183.78222735858733 132
1694428318441 179.4609066398344 133
1694428318507 162.33436057499028 134
1694428318573 158.93568839486636 135
1694428318639 171.22312749825164 136
1694428318705 180.6362062423592 137
1694428318771 157.00823838764376 138
1694428318837 174.62732929649545 139
1694428318902 178.14272099046232 140
1694428318968 199.43548228487995 141
1694428319036 130.93141871540954 142
1694428319103 169.02871853367495 143
1694428319168 177.28221144373973 144
1694428319235 170.90005917635887 145
1694428319301 177.48369489583112 146
1694428319367 174.9978961336037 147
1694428319434 191.4299594251876 148
1694428319500 176.0669073378955 149
1694428319566 178.26532890289874 150
1694428319632 125.12193608973686 151
1694428319699 163.02061174509618 152
1694428319765 180.20457067592764 153
1694428319832 177.0611012728648 154
1694428319897 128.74442881485157 155
1694428319962 165.831986279308 156
1694428320028 176.87158716992002 157
1694428320104 176.41762228883456 158
1694428320169 149.54278532307822 159
1694428320235 167.41001263871067 160
1694428320301 174.63454184470018 161
1694428320366 186.62521104058987 162
1694428320432 177.12369780367735 163
1694428320499 157.86816227686035 164
1694428320564 164.8860556359497 165
1694428320629 138.1748984298592 166
1694428320695 179.64473411739297 167
1694428320760 172.96241069805254 168
1694428320826 142.57047872066354 169
1694428320891 175.56478588088166 170
1694428320957 176.23468784234052 171
1694428321023 170.25434776382414 172
1694428321088 153.67261342759105 173
1694428321155 151.32388101611255 174
1694428321226 166.3156135962683 175
1694428321292 174.65261611581914 176
1694428321359 166.73932751445795 177
1694428321424 179.42542411352738 178
1694428321491 145.88257841492322 179
1694428321557 151.46252857018575 180
1694428321622 159.54554904777154 181
1694428321689 172.5277275854214 182
1694428321755 158.87992882559186 183
1694428321821 176.79357211267936 184
1694428321886 168.57735761436447 185
1694428321952 176.76856912130836 186
1694428322017 178.5877991718502 187
1694428322084 162.62007799092305 188
1694428322150 171.7752218876029 189
1694428322215 184.97181998184465 190
1694428322280 164.38382857401461 191
1694428322346 155.71003791965137 192
1694428322411 169.6212310818864 193
1694428322478 173.43598114567442 194
1694428322542 170.65798657896755 195
1694428322608 135.57171298607668 196
1694428322673 167.31102611637334 197
1694428322739 173.87395471371053 198
1694428322805 163.47198553566852 199
1694428322871 175.7059572069731 200
1694428322937 166.9676091218745 201
1694428323002 143.5678524504685 202
1694428323069 175.62989890438902 203
1694428323135 167.889262447064 204
1694428323200 193.4926180982444 205
1694428323266 178.90579176379333 206
1694428323331 173.79061650356985 207
1694428323397 186.34657295630103 208
1694428323463 166.25528835623638 209
1694428323530 173.0497030221875 210
1694428323593 159.37700434889166 211
1694428323661 169.33984518983027 212
1694428323729 176.9663223071282 213
1694428323795 167.86094133076895 214
1694428323860 172.90363195091294 215
1694428323928 179.89036114048602 216
1694428323994 169.2278152934282 217
1694428324061 177.14585343760166 218
1694428324127 161.05506574646688 219
1694428324195 174.63183874398322 220
1694428324261 173.422012223283 221
1694428324326 158.81717220961383 222
1694428324393 166.61689256430182 223
1694428324460 170.20326981340196 224
1694428324525 162.01516519606082 225
1694428324592 186.3818052083283 226
1694428324658 177.93431855918192 227
1694428324724 174.13228328570287 228
1694428324789 145.70683743084797 229
1694428324856 173.19470635839394 230
1694428324922 148.31724034776224 231
1694428324988 150.3003103120546 232
1694428325053 180.0243101028345 233
1694428325120 162.799000998632 234
1694428325186 135.0583494127338 235
1694428325253 177.7552394589456 236
1694428325321 172.96893005734847 237
1694428325389 181.61349896301434 238
1694428325454 176.69162764509863 239
1694428325520 171.84155971710223 240
1694428325588 138.1256314664456 241
1694428325655 162.37656272868057 242
1694428325721 176.99389919125775 243
1694428325786 175.9386775777119 244
1694428325852 157.4236191552506 245
1694428325918 159.6381342348376 246
1694428325984 167.47035792732413 247
1694428326053 174.50715407115288 248
1694428326121 152.83140729079247 249
1694428326186 166.6789687853795 250
1694428326252 173.3940381790251 251
1694428326319 165.91987225999134 252
1694428326384 154.74341899430567 253
1694428326451 175.9557034927696 254
1694428326517 173.59172639712523 255
1694428326584 164.61133333191233 256
1694428326650 177.59505689460764 257
1694428326716 157.1742577040081 258
1694428326781 164.77602788869856 259
1694428326847 155.53394582362014 260
1694428326915 176.73449201426428 261
1694428326981 185.4409041298827 262
1694428327046 163.5409771251361 263
1694428327113 175.4520735412605 264
1694428327179 159.95105634336605 265
1694428327245 176.85068132026763 266
1694428327315 170.20488780740092 267
1694428327382 170.13599142496852 268
1694428327449 176.38601464386792 269
1694428327515 160.99490449699954 270
1694428327581 129.77807531987793 271
1694428327648 136.7284371614322 272
1694428327715 176.0955974627516 273
1694428327783 167.6594751151843 274
1694428327848 156.93540523248987 275
1694428327914 181.1041581100737 276
1694428327979 176.34324091348174 277
1694428328045 162.81040370425973 278
1694428328111 174.61079179661633 279
1694428328178 156.50765214559195 280
1694428328244 173.4453178528556 281
1694428328310 179.580630131627 282
1694428328376 171.9594203565827 283
1694428328442 180.23070816819148 284
1694428328508 163.10261162650255 285
1694428328578 173.30069686633234 286
1694428328644 169.42061306943805 287
1694428328712 176.5914569177993 288
1694428328779 179.40806032873536 289
1694428328850 167.75328349808265 290
1694428328916 181.6419431785822 291
1694428328982 171.55502344317622 292
1694428329048 184.4576166750137 293
1694428329115 173.48933102655712 294
1694428329181 175.4239559057599 295
1694428329247 168.91299666806603 296
1694428329313 145.57974842097624 297
1694428329379 149.93468485393953 298
1694428329446 161.14126381253635 299
1694428329513 163.69756392040225 300
1694428329577 166.33389357383646 301
1694428329644 172.0993173221683 302
1694428329709 164.58927337607716 303
1694428329776 170.16243951230942 304
1694428329842 199.89514351155722 305
1694428329908 174.58132097280637 306
1694428329974 165.31286860637462 307
1694428330040 163.1544183983067 308
1694428330107 166.7597406936782 309
1694428330172 166.70716718068113 310
1694428330239 169.7261149180052 311
1694428330304 168.35834081822318 312
1694428330370 173.21486340991962 313
1694428330437 177.69127856786702 314
1694428330503 178.23529784646956 315
1694428330568 173.4079458673208 316
1694428330634 166.89063596258984 317
1694428330701 158.63482265041307 318
1694428330767 166.55101388580866 319
1694428330833 176.07965241891856 320
1694428330899 146.33025226293046 321
1694428330965 176.41962687242892 322
1694428331030 157.70884910776064 323
1694428331096 174.25274694494703 324
1694428331163 175.65783082561197 325
1694428331228 176.18395483287634 326
1694428331296 170.00764234577386 327
1694428331361 172.24109424159343 328
1694428331427 180.38753073436 329
1694428331493 159.96661405439144 330
1694428331560 168.12645526205287 331
1694428331627 162.60788729731374 332
1694428331693 175.23516187283113 333
1694428331760 159.9222097634464 334
1694428331826 182.14521192552465 335
1694428331892 147.75586129691274 336
1694428331957 145.6672195732756 337
1694428332024 161.20838850525737 338
1694428332089 182.43159133275321 339
1694428332155 166.05939892754745 340
1694428332222 162.01494864731683 341
1694428332287 172.08553301546416 342
1694428332353 169.5892059306116 343
1694428332420 185.76256849998504 344
1694428332485 179.33252949741177 345
1694428332551 185.4178190433465 346
1694428332617 169.33014760838262 347
1694428332682 140.75504233664492 348
1694428332749 168.10065090212194 349
1694428332814 172.74569040508408 350
1694428332881 174.91119950399704 351
1694428332947 178.03192486221212 352
1694428333013 160.17980040556807 353
1694428333079 112.56188853578561 354
1694428333146 129.10234855173323 355
1694428333211 164.504652931125 356
1694428333278 167.8186443333919 357
1694428333345 168.0618910017434 358
1694428333409 172.05544798734846 359
1694428333477 172.06235266309756 360
1694428333542 169.78714620446425 361
1694428333608 163.5111611556522 362
1694428333674 159.70577337893053 363
1694428333739 173.2076308712288 364
1694428333806 149.80738006229438 365
1694428333872 169.48716974741356 366
1694428333937 167.3473442865388 367
1694428334008 174.2698175250848 368
1694428334075 163.58768713580469 369
1694428334142 164.738304395446 370
1694428334207 175.01647318555865 371
1694428334273 141.74420193464837 372
1694428334338 146.18716938862883 373
1694428334404 177.14274857991848 374
1694428334470 163.31329265488964 375
1694428334536 165.21675720794724 376
1694428334602 172.19851772028701 377
1694428334668 162.8044314122624 378
1694428334734 153.03337669122473 379
1694428334801 171.79180659524246 380
1694428334867 183.0181041425148 381
1694428334934 160.39399666879478 382
1694428335003 176.89128005565328 383
1694428335068 184.32709357443463 384
1694428335133 161.23413134178494 385
1694428335200 143.87156723456502 386
1694428335267 178.15635444690113 387
1694428335333 181.7338455317757 388
1694428335400 168.22735437486512 389
1694428335465 165.6065523974555 390
1694428335531 178.7321447300455 391
1694428335597 158.72315933129252 392
1694428335663 190.9616244212109 393
1694428335730 169.8065369764655 394
1694428335796 150.77699644152705 395
1694428335861 164.77505422639896 396
1694428335926 147.21030452081723 397
1694428335994 143.71678432922033 398
1694428336061 162.87453239622923 399
1694428336127 176.4982310641548 400
1694428336193 172.67443032512588 401
1694428336259 163.4750676414963 402
1694428336326 158.57363486541044 403
1694428336392 155.59812110313544 404
1694428336459 177.73513486806638 405
1694428336525 174.81450102091873 406
1694428336591 170.96062646771978 407
1694428336656 173.53770956571367 408
1694428336722 158.65792911542266 409
1694428336789 148.18255053609005 410
1694428336854 173.97421939437587 411
1694428336922 168.70938420258508 412
1694428336988 233.86231505679118 413
1694428337055 164.63447678522073 414
1694428337121 154.2875741190597 415
1694428337187 174.27996814010044 416
1694428337253 159.45786999971176 417
1694428337320 182.05095676828324 418
1694428337385 184.74686953079635 419
1694428337450 172.72462014489335 420
1694428337516 170.8570600400858 421
1694428337583 148.3873206822695 422
1694428337649 176.56634248421818 423
1694428337714 171.1945517293133 424
1694428337781 179.34912198051512 425
1694428337850 166.28676829456302 426
1694428337916 170.71286009975339 427
1694428337982 178.43158479577906 428
1694428338049 173.2140579179025 429
1694428338115 173.66806870011638 430
1694428338181 118.60134234071778 431
1694428338247 152.60953913716537 432
1694428338314 162.01892209466436 433
1694428338380 173.06153321578628 434
1694428338445 160.89760769039995 435
1694428338513 171.91414478084442 436
1694428338580 177.57507258170762 437
1694428338647 157.982676915081 438
1694428338713 147.48160168429007 439
1694428338779 173.64066815364657 440
1694428338844 174.23050801256466 441
1694428338910 169.41809813943257 442
1694428338978 171.5098440387609 443
1694428339043 179.68299431094934 444
1694428339110 167.1850476747574 445
1694428339177 180.27882577571756 446
1694428339243 167.21511452013814 447
1694428339309 184.42753837824515 448
1694428339374 160.70174887305632 449
1694428339441 166.3820915112125 450
1694428339507 174.63008479419264 451
1694428339574 139.71434139313558 452
1694428339639 174.98110584493296 453
1694428339706 175.50858815942593 454
1694428339772 149.7748097644348 455
1694428339838 146.8992923667134 456
1694428339904 174.594477676706 457
1694428339969 160.39668750917664 458
1694428340037 168.56180719991912 459
1694428340102 167.44705034112226 460
1694428340166 169.60278524906636 461
1694428340234 158.93656529568213 462
1694428340299 172.6847103920078 463
1694428340365 168.3922899635022 464
1694428340431 157.1003901726176 465
1694428340496 172.17443053405043 466
1694428340562 169.73067694551855 467
1694428340628 176.30054637401776 468
1694428340694 155.21368740967472 469
1694428340760 165.54028625410794 470
1694428340826 174.7220980958743 471
1694428340892 178.8699442526825 472
1694428340957 158.18484044346712 473
1694428341023 201.30455872560265 474
1694428341089 162.9821534607463 475
1694428341155 174.00841186853214 476
1694428341221 153.01565090413223 477
1694428341288 189.43688648801998 478
1694428341354 178.1656249877321 479
1694428341419 163.79772864264015 480
1694428341485 171.9309855534552 481
1694428341552 174.3736442274814 482
1694428341617 171.4002398589912 483
1694428341683 151.58010259646082 484
1694428341748 175.56390621324906 485
1694428341817 167.47418093436556 486
1694428341883 196.8646018979577 487
1694428341951 154.4917334008092 488
1694428342016 170.88360120283085 489
1694428342082 174.59947438200757 490
1694428342147 161.3024848934329 491
1694428342213 174.8668164524976 492
1694428342278 173.39287019325556 493
1694428342345 166.93501206143455 494
1694428342411 159.75479388649336 495
1694428342477 172.31733230689127 496
1694428342543 166.54909883844704 497
1694428342609 176.9877353886276 498
1694428342674 162.50122145786563 499
