1694429422951 169.03908926289097 0
1694429422967 165.67168281796347 1
1694429422983 163.03671003595053 2
1694429422999 160.44308402268504 3
1694429423015 157.8915366407567 4
1694429423031 155.3813751801369 5
1694429423047 152.911921313638 6
1694429423063 150.48250791115908 7
1694429423078 148.09247885935605 8
1694429423095 145.74118887818872 9
1694429423113 143.42800334057534 10
1694429423132 141.15229809508784 11
1694429423148 138.91345929163512 12
1694429423165 136.71088321008332 13
1694429423182 134.54397609176223 14
1694429423198 132.41215397380788 15
1694429423213 130.31484252629326 16
1694429423230 128.25147689209845 17
1694429423247 126.2215015294733 18
1694429423263 124.22437005724717 19
1694429423279 122.2595451026391 20
1694429423294 120.32649815162482 21
1694429423310 118.42470940181633 22
1694429423326 116.55366761781106 23
1694429423342 114.71286998896858 24
1694429423359 112.90182198957307 25
1694429423375 111.12003724134098 26
1694429423392 109.36703737823376 27
1694429423408 107.64235191353625 28
1694429423426 105.94551810916215 29
1694429423444 104.27608084714878 30
1694429423461 102.63359250330328 31
1694429423480 101.01761282296434 32
1694429423497 99.42770879884284 33
1694429423516 97.8634545509065 34
1694429423534 96.3244312082732 35
1694429423551 94.8102267930797 36
1694429423567 93.32043610629141 37
1694429423582 91.85466061542049 38
1694429423598 90.41250834412013 39
1694429423614 88.99359376362328 40
1694429423631 87.5975376859937 41
1694429423647 86.22396715915988 42
1694429423664 84.87251536370057 43
1694429423680 83.54282151135297 44
1694429423696 82.23453074521404 45
1694429423712 80.9472940416065 46
1694429423729 79.68076811358118 47
1694429423745 78.4346153160284 48
1694429423762 77.2085035523708 49
1694429423777 76.00210618281127 50
1694429423792 74.81510193410948 51
1694429423809 73.6471748108614 52
1694429423825 72.4980140082564 53
1694429423842 71.36731382628696 54
1694429423858 70.25477358538662 55
1694429423876 69.16009754347205 56
1694429423892 68.0829948143657 57
1694429423908 67.0231792875756 58
1694429423923 65.98036954940957 59
1694429423939 64.95428880540157 60
1694429423955 63.944664804027894 61
1694429423971 62.95122976169156 62
1694429423987 61.9737202889537 63
1694429424003 61.01187731799091 64
1694429424019 60.06544603125812 65
1694429424035 59.13417579133643 66
1694429424051 58.21782007194652 67
1694429424068 57.31613639010745 68
1694429424083 56.4288862394224 69
1694429424098 55.5558350244717 70
1694429424115 54.696751996295184 71
1694429424133 53.851410188945245 72
1694429424149 53.01958635709284 73
1694429424165 52.20106091466876 74
1694429424181 51.39561787452281 75
1694429424196 50.60304478908404 76
1694429424212 49.82313269200481 77
1694429424228 49.05567604077292 78
1694429424243 48.30047266027508 79
1694429424260 47.55732368729585 80
1694429424277 46.82603351593684 81
1694429424292 46.10640974394033 82
1694429424308 45.39826311990233 83
1694429424324 44.70140749136042 84
1694429424340 44.01565975374145 85
1694429424356 43.340839800155074 86
1694429424372 42.67677047201872 87
1694429424388 42.0232775105002 88
1694429424403 41.38018950876455 89
1694429424420 40.747337865011296 90
1694429424436 40.12455673628922 91
1694429424452 39.511682993075674 92
1694429424468 38.90855617460753 93
1694429424483 38.315018444951434 94
1694429424499 37.73091454980086 95
1694429424515 37.15609177398805 96
1694429424532 36.590399899698774 97
1694429424549 36.03369116537822 98
1694429424564 35.48582022531664 99
1694429424580 34.94664410990334 100
1694429424596 34.416022186537866 101
1694429424612 33.89381612118745 102
1694429424629 33.379889840580105 103
1694429424644 32.87410949502264 104
1694429424661 32.376343421833155 105
1694429424678 31.886462109378126 106
1694429424694 31.404338161703564 107
1694429424710 30.929846263750715 108
1694429424725 30.462863147146525 109
1694429424740 30.003267556559155 110
1694429424757 29.550940216609376 111
1694429424772 29.105763799328454 112
1694429424787 28.667622892153556 113
1694429424804 28.23640396645161 114
1694429424819 27.81199534656306 115
1694429424836 27.394287179356613 116
1694429424852 26.983171404286757 117
1694429424868 26.578541723945524 118
1694429424884 26.180293575100393 119
1694429424902 25.78832410021023 120
1694429424918 25.402532119411276 121
1694429424933 25.022818102965577 122
1694429424949 24.6490841441639 123
1694429424965 24.28123393267592 124
1694429424981 23.9191727283399 125
1694429424997 23.562807335384978 126
1694429425013 23.21204607707856 127
1694429425030 22.866798770791924 128
1694429425047 22.526976703477047 129
1694429425064 22.192492607547944 130
1694429425079 21.863260637159694 131
1694429425096 21.53919634487858 132
1694429425112 21.220216658736987 133
1694429425127 20.906239859666496 134
1694429425144 20.597185559303067 135
1694429425160 20.292974678158117 136
1694429425176 19.99352942414926 137
1694429425191 19.698773271485152 138
1694429425207 19.40863093989807 139
1694429425223 19.123028374218883 140
1694429425239 18.841892724288574 141
1694429425255 18.565152325200685 142
1694429425271 18.29273667786939 143
1694429425286 18.02457642991759 144
1694429425302 17.760603356879994 145
1694429425318 17.500750343715666 146
1694429425333 17.24495136662518 147
1694429425349 16.993141475167253 148
1694429425366 16.745256774669816 149
1694429425382 16.50123440893084 150
1694429425397 16.26101254320391 151
1694429425413 16.024530347464054 152
1694429425429 15.791727979948984 153
1694429425445 15.562546570971428 154
1694429425461 15.3369282069978 155
1694429425477 15.114815914989038 156
1694429425493 14.896153646999174 157
1694429425508 14.680886265027395 158
1694429425524 14.468959526119368 159
1694429425540 14.260320067713801 160
1694429425557 14.05491539323007 161
1694429425572 13.852693857893026 162
1694429425588 13.653604654791026 163
1694429425604 13.457597801163379 164
1694429425620 13.264624124913288 165
1694429425635 13.074635251342697 166
1694429425652 12.887583590105361 167
1694429425669 12.703422322374504 168
1694429425686 12.522105388221474 169
1694429425703 12.343587474202034 170
1694429425719 12.167824001146718 171
1694429425735 11.994771112152014 172
1694429425751 11.824385660769009 173
1694429425766 11.656625199386179 174
1694429425782 11.491447967803182 175
1694429425798 11.32881288199255 176
1694429425814 11.168679523045995 177
1694429425830 11.01100812630256 178
1694429425845 10.855759570655332 179
1694429425861 10.702895368033966 180
1694429425877 10.552377653060068 181
1694429425894 10.40416917287246 182
1694429425908 10.258233277119805 183
1694429425924 10.114533908117501 184
1694429425940 9.973035591166413 185
1694429425956 9.833703425030576 186
1694429425972 9.696503072571382 187
1694429425988 9.561400751535562 188
1694429426003 9.42836322549456 189
1694429426020 9.297357794932621 190
1694429426036 9.16835228848132 191
1694429426052 9.041315054298027 192
1694429426068 8.916214951585918 193
1694429426084 8.793021342253265 194
1694429426100 8.671704082709654 195
1694429426116 8.55223351579689 196
1694429426132 8.434580462852388 197
1694429426147 8.318716215902857 198
1694429426163 8.2046125299861 199
1694429426180 8.092241615598866 200
1694429426197 7.98157613126861 201
1694429426215 7.872589176247248 202
1694429426230 7.765254283324707 203
1694429426247 7.659545411760499 204
1694429426264 7.555436940331212 205
1694429426280 7.452903660492079 206
1694429426296 7.3519207696508 207
1694429426311 7.252463864551595 208
1694429426327 7.154508934767949 209
1694429426343 7.058032356301906 210
1694429426359 6.96301088528852 211
1694429426375 6.869421651803416 212
1694429426391 6.7772421537720255 213
1694429426406 6.686450250978608 214
1694429426422 6.5970241591735626 215
1694429426438 6.508942444277346 216
1694429426454 6.422184016679403 217
1694429426471 6.33672812563061 218
1694429426487 6.2525543537275565 219
1694429426503 6.169642611487332 220
1694429426519 6.0879731320111725 221
1694429426535 6.007526465735597 222
1694429426551 5.928283475269572 223
1694429426568 5.850225330316242 224
1694429426584 5.773333502677914 225
1694429426599 5.69758976134286 226
1694429426614 5.622976167652644 227
1694429426630 5.549475070548564 228
1694429426646 5.477069101896061 229
1694429426663 5.405741171885597 230
1694429426679 5.33547446450896 231
1694429426694 5.266252433109611 232
1694429426712 5.1980587960059195 233
1694429426727 5.130877532186024 234
1694429426743 5.064692877073293 235
1694429426759 4.999489318360979 236
1694429426775 4.935251591915181 237
1694429426791 4.871964677744825 238
1694429426806 4.809613796037626 239
1694429426822 4.748184403260916 240
1694429426838 4.687662188326314 241
1694429426854 4.628033068817172 242
1694429426869 4.569283187277703 243
1694429426886 4.5113989075629135 244
1694429426903 4.454366811248142 245
1694429426919 4.398173694097493 246
1694429426934 4.342806562589893 247
1694429426950 4.288252630502081 248
1694429426966 4.234499315547416 249
1694429426983 4.181534236069725 250
1694429426998 4.129345207791153 251
1694429427014 4.077920240613276 252
1694429427030 4.02724753547041 253
1694429427045 3.9773154812345024 254
1694429427062 3.9281126516704723 255
1694429427078 3.879627802441486 256
1694429427093 3.831849868163039 257
1694429427109 3.7847679595052917 258
1694429427125 3.7383713603427036 259
1694429427141 3.6926495249502618 260
1694429427157 3.6475920752455546 261
1694429427174 3.6031887980758506 262
1694429427189 3.559429642549547 263
1694429427205 3.516304717411208 264
1694429427221 3.4738042884594487 265
1694429427237 3.431918776007014 266
1694429427253 3.3906387523823636 267
1694429427271 3.3499549394720187 268
1694429427288 3.3098582063030566 269
1694429427306 3.2703395666650743 270
1694429427322 3.2313901767709843 271
1694429427337 3.1930013329559834 272
1694429427354 3.155164469414096 273
1694429427370 3.117871155971631 274
1694429427387 3.081113095897036 275
1694429427402 3.0448821237464085 276
1694429427418 3.00917020324424 277
1694429427434 2.9739694251986943 278
1694429427450 2.939272005450883 279
1694429427466 2.9050702828576433 280
1694429427483 2.8713567173071772 281
1694429427498 2.8381238877670576 282
1694429427514 2.8053644903640724 283
1694429427529 2.7730713364954065 284
1694429427544 2.7412373509705565 285
1694429427559 2.7098555701836005 286
1694429427577 2.6789191403152195 287
1694429427592 2.648421315564045 288
1694429427609 2.6183554564068223 289
1694429427625 2.5887150278869373 290
1694429427641 2.5594935979308135 291
1694429427658 2.530684835691748 292
1694429427675 2.502282509920735 293
1694429427692 2.47428048736381 294
1694429427709 2.4466727311855245 295
1694429427725 2.419453299418059 296
1694429427740 2.392616343435612 297
1694429427757 2.3661561064536296 298
1694429427773 2.340066922052477 299
1694429427790 2.314343212725101 300
1694429427805 2.2889794884483843 301
1694429427821 2.2639703452777082 302
1694429427836 2.239310463964431 303
1694429427852 2.2149946085957946 304
1694429427868 2.1910176252570324 305
1694429427883 2.1673744407151965 306
1694429427900 2.144060061124401 307
1694429427916 2.1210695707521343 308
1694429427932 2.098398130726251 309
1694429427947 2.0760409778023994 310
1694429427962 2.0539934231514114 311
1694429427978 2.0322508511664634 312
1694429427995 2.0108087182896073 313
1694429428010 1.9896625518573459 314
1694429428026 1.9688079489650148 315
1694429428042 1.9482405753495886 316
1694429428057 1.927956164290619 317
1694429428074 1.9079505155290708 318
1694429428090 1.8882194942036834 319
1694429428106 1.8687590298046137 320
1694429428121 1.8495651151440637 321
1694429428137 1.8306338053436473 322
1694429428153 1.811961216838157 323
1694429428169 1.793543526395513 324
1694429428186 1.7753769701526565 325
1694429428201 1.757457842667014 326
1694429428217 1.7397824959834163 327
1694429428233 1.7223473387161101 328
1694429428249 1.705148835145699 329
1694429428265 1.688183504330697 330
1694429428281 1.6714479192335003 331
1694429428297 1.6549387058605347 332
1694429428312 1.6386525424163358 333
1694429428328 1.622586158471342 334
1694429428344 1.6067363341431806 335
1694429428359 1.5910998992912118 336
1694429428377 1.5756737327241228 337
1694429428394 1.5604547614203712 338
1694429428410 1.5454399597612338 339
1694429428427 1.530626348776292 340
1694429428446 1.5160109954011394 341
1694429428464 1.5015910117470803 342
1694429428484 1.4873635543826755 343
1694429428502 1.473325823626908 344
1694429428519 1.4594750628537854 345
1694429428535 1.4458085578082007 346
1694429428552 1.4323236359328297 347
1694429428570 1.4190176657059823 348
1694429428587 1.405888055990083 349
1694429428604 1.3929322553907397 350
1694429428620 1.3801477516261589 351
1694429428637 1.3675320709067478 352
1694429428653 1.3550827773247516 353
1694429428669 1.3427974722537588 354
1694429428685 1.3306737937578845 355
1694429428700 1.3187094160105133 356
1694429428716 1.306902048722457 357
1694429428733 1.2952494365792742 358
1694429428748 1.28374935868777 359
1694429428764 1.2723996280313412 360
1694429428781 1.2611980909341733 361
1694429428796 1.2501426265340507 362
1694429428812 1.2392311462636905 363
1694429428831 1.228461593340438 364
1694429428849 1.2178319422641781 365
1694429428865 1.2073401983233727 366
1694429428882 1.1969843971090388 367
1694429428897 1.1867626040365655 368
1694429428913 1.1766729138752459 369
1694429428928 1.1667134502853704 370
1694429428944 1.1568823653628162 371
1694429428960 1.1471778391909286 372
1694429428976 1.137598079399643 373
1694429428992 1.128141320731693 374
1694429429008 1.1188058246158297 375
1694429429023 1.1095898787468723 376
1694429429039 1.1004917966725443 377
1694429429055 1.0915099173869378 378
1694429429072 1.0826426049305413 379
1694429429088 1.0738882479966705 380
1694429429104 1.065245259544253 381
1694429429119 1.0567120764168223 382
1694429429135 1.048287158967642 383
1694429429151 1.0399689906908551 384
1694429429166 1.0317560778585524 385
1694429429182 1.0236469491636797 386
1694429429197 1.0156401553686691 387
1694429429213 1.007734268959728 388
1694429429229 0.9999278838066518 389
1694429429244 0.9922196148281347 390
1694429429261 0.9846080976624025 391
1694429429276 0.9770919883431783 392
1694429429292 0.9696699629808045 393
1694429429308 0.9623407174485058 394
1694429429324 0.9551029670736553 395
1694429429340 0.9479554463340348 396
1694429429355 0.9408969085589057 397
1694429429372 0.9339261256349062 398
1694429429388 0.9270418877166394 399
1694429429404 0.9202430029419216 400
1694429429420 0.9135282971515593 401
1694429429436 0.9068966136136286 402
1694429429452 0.9003468127521603 403
1694429429467 0.8938777718801713 404
1694429429483 0.887488384936964 405
1694429429500 0.8811775622296125 406
1694429429517 0.874944230178613 407
1694429429534 0.8687873310675636 408
1694429429550 0.8627058227968714 409
1694429429566 0.8566986786413717 410
1694429429582 0.8507648870118406 411
1694429429599 0.8449034512202948 412
1694429429615 0.8391133892490493 413
1694429429631 0.8333937335234692 414
1694429429647 0.8277435306883191 415
1694429429662 0.8221618413877023 416
1694429429678 0.8166477400485131 417
1694429429694 0.8112003146673146 418
1694429429710 0.8058186666006455 419
1694429429726 0.8005019103586379 420
1694429429742 0.7952491734019517 421
1694429429758 0.7900595959419164 422
1694429429775 0.7849323307438706 423
1694429429791 0.779866542933626 424
1694429429807 0.7748614098070108 425
1694429429822 0.7699161206424433 426
1694429429839 0.7650298765164908 427
1694429429854 0.7602018901223496 428
1694429429870 0.7554313855912184 429
1694429429885 0.7507175983165105 430
1694429429901 0.746059774780845 431
1694429429917 0.7414571723858098 432
1694429429933 0.736909059284406 433
1694429429949 0.7324147142161529 434
1694429429966 0.7279734263448177 435
1694429429981 0.7235844950987229 436
1694429429997 0.7192472300135652 437
1694429430014 0.7149609505777463 438
1694429430030 0.7107249860801422 439
1694429430047 0.7065386754602971 440
1694429430063 0.7024013671609672 441
1694429430079 0.6983124189830252 442
1694429430095 0.6942711979426429 443
1694429430113 0.6902770801307353 444
1694429430129 0.686329450574635 445
1694429430144 0.6824277031019532 446
1694429430161 0.6785712402065792 447
1694429430176 0.6747594729168148 448
1694429430192 0.6709918206655788 449
1694429430209 0.667267711162668 450
1694429430224 0.6635865802690266 451
1694429430241 0.6599478718730165 452
1694429430256 0.6563510377686108 453
1694429430272 0.6527955375355375 454
1694429430288 0.6492808384212921 455
1694429430304 0.64580641522502 456
1694429430320 0.642371750183223 457
1694429430336 0.6389763328572703 458
1694429430352 0.6356196600226693 459
1694429430369 0.6323012355600955 460
1694429430385 0.6290205703481185 461
1694429430401 0.6257771821576265 462
1694429430417 0.6225705955479098 463
1694429430432 0.6194003417643668 464
1694429430448 0.6162659586378286 465
1694429430465 0.6131669904854622 466
1694429430481 0.6101029880132154 467
1694429430497 0.6070735082198166 468
1694429430513 0.6040781143022563 469
1694429430528 0.6011163755627613 470
1694429430545 0.5981878673172234 471
1694429430561 0.5952921708050762 472
1694429430577 0.5924288731005624 473
1694429430593 0.5895975670253917 474
1694429430608 0.5867978510627867 475
1694429430624 0.5840293292728511 476
1694429430641 0.5812916112092651 477
1694429430658 0.5785843118372904 478
1694429430674 0.5759070514530565 479
1694429430690 0.5732594556040882 480
1694429430705 0.5706411550110978 481
1694429430722 0.5680517854909821 482
1694429430739 0.5654909878810306 483
1694429430755 0.5629584079642987 484
1694429430771 0.5604536963961675 485
1694429430786 0.5579765086320181 486
1694429430803 0.5555265048560623 487
1694429430819 0.553103349911259 488
1694429430835 0.5507067132303313 489
1694429430851 0.5483362687678409 490
1694429430868 0.5459916949333499 491
1694429430884 0.5436726745255795 492
1694429430900 0.5413788946676237 493
1694429430917 0.5391100467431551 494
1694429430932 0.536865826333622 495
1694429430949 0.5346459331564093 496
1694429430965 0.5324500710039852 497
1694429430980 0.5302779476839564 498
1694429430996 0.5281292749600704 499
