1694435625581 139.56597491622284 0
1694435625599 114.79024809115026 1
1694435625622 106.28290110762431 2
1694435625643 86.97783635288452 3
1694435625665 80.79944580149592 4
1694435625688 65.68631422112033 5
1694435625712 54.902019294293964 6
1694435625739 42.24944816165269 7
1694435625763 40.09976865918564 8
1694435625783 31.734522258942338 9
1694435625801 30.041618328915273 10
1694435625820 24.43836016797679 11
1694435625838 19.347200731805227 12
1694435625857 17.517060296053135 13
1694435625875 14.601526403239557 14
1694435625893 12.065634387690773 15
1694435625910 11.423519491800855 16
1694435625929 8.498689931608649 17
1694435625948 7.121139651021075 18
1694435625965 6.566689763905204 19
1694435625983 6.159844425110555 20
1694435626002 4.77123528827208 21
1694435626021 4.40477784341448 22
1694435626041 3.6842775183160277 23
1694435626058 3.1789164204009337 24
1694435626076 2.7827589870940335 25
1694435626096 2.1827845908102796 26
1694435626117 2.0913836454262396 27
1694435626137 1.9730050914244825 28
1694435626156 1.391349940392321 29
1694435626173 1.199138339768264 30
1694435626190 1.2678912874203723 31
1694435626209 1.007661350181679 32
1694435626227 0.8645290023285964 33
1694435626247 0.7607904500925373 34
1694435626266 0.7709392558828102 35
1694435626284 0.4062255081814157 36
1694435626301 0.47967956075418566 37
1694435626320 0.3933831678749133 38
1694435626339 0.2593744458161816 39
1694435626356 0.21609429370374697 40
1694435626374 0.4036662747320127 41
1694435626390 0.37117835810231126 42
1694435626408 0.3192234849930407 43
1694435626426 0.1859712760770537 44
1694435626445 0.11969743125921194 45
1694435626463 0.1830913480774416 46
1694435626481 0.16485214378017574 47
1694435626501 0.1213363169965194 48
1694435626525 0.16488610990041336 49
1694435626545 0.20967891757852225 50
1694435626563 0.08330231176783125 51
1694435626581 0.18112210105124585 52
1694435626598 0.18632246780583367 53
1694435626617 0.09606020404841491 54
1694435626637 0.1928574544199182 55
1694435626655 0.3129756471865505 56
1694435626672 0.20426449672482366 57
1694435626690 0.2138852649848211 58
1694435626707 0.04234055470076335 59
1694435626726 0.11551144438805104 60
1694435626749 0.2363306411340082 61
1694435626766 0.13142953602513566 62
1694435626784 0.1581996149919013 63
1694435626802 0.03329970665444513 64
1694435626826 0.1802236807036582 65
1694435626850 0.10884985883697118 66
1694435626872 0.06515159110210697 67
1694435626891 0.14869472688589394 68
1694435626908 0.14944532837946836 69
1694435626926 0.08673922996312887 70
1694435626944 0.13659463937150879 71
1694435626961 0.1117787655323484 72
1694435626981 0.11929803656520792 73
1694435626998 0.18979294643744146 74
1694435627017 0.10034467613101254 75
1694435627036 0.06702112672912072 76
1694435627054 0.08032180032221779 77
1694435627073 0.07640208004117968 78
1694435627090 0.12314245763093219 79
1694435627106 0.06886257041865192 80
1694435627125 0.1861948498989162 81
1694435627145 0.24214307478132394 82
1694435627163 0.058125840649876366 83
1694435627180 0.06138607964822573 84
1694435627197 0.06767469128936111 85
1694435627215 0.19993906940383746 86
1694435627233 0.12617827153794275 87
1694435627254 0.0581682634037299 88
1694435627271 0.05032177352984985 89
1694435627288 0.06835566798059282 90
1694435627305 0.09569823317740864 91
1694435627324 0.07090453868281187 92
1694435627341 0.12952336707694528 93
1694435627361 0.07013176526725032 94
1694435627381 0.22198445874258682 95
1694435627399 0.06291831104001351 96
1694435627418 0.11349017833549373 97
1694435627436 0.17154439661317547 98
1694435627456 0.07212330072655672 99
1694435627474 0.16924715632350854 100
1694435627492 0.08031613261888838 101
1694435627510 0.0922892264090329 102
1694435627528 0.10332254229415763 103
1694435627545 0.1302546311206176 104
1694435627563 0.10780574481111518 105
1694435627580 0.12041811654940067 106
1694435627598 0.18530757128209177 107
1694435627616 0.09548615685586952 108
1694435627633 0.08648201162417998 109
1694435627654 0.11647831169902227 110
1694435627672 0.17376562860772168 111
1694435627689 0.12914528482728635 112
1694435627707 0.09346709159856766 113
1694435627725 0.17735042280703664 114
1694435627745 0.06772250400322254 115
1694435627763 0.3083289144817362 116
1694435627782 0.11841693675558572 117
1694435627800 0.10143862984910589 118
1694435627818 0.069670257005008 119
1694435627835 0.14818059220209748 120
1694435627853 0.1595576052030851 121
1694435627871 0.1308526075912813 122
1694435627888 0.05092320955154828 123
1694435627905 0.22924526121715103 124
1694435627923 0.115021686398601 125
1694435627940 0.1152576701142257 126
1694435627959 0.03989151886755208 127
1694435627977 0.0806002319775477 128
1694435627994 0.15126313460955318 129
1694435628015 0.11433333751904771 130
1694435628034 0.12526782702211578 131
1694435628056 0.10071466603537918 132
1694435628074 0.19126296443844143 133
1694435628093 0.1478587666136343 134
1694435628111 0.09891709563452263 135
1694435628128 0.08976706112305252 136
1694435628147 0.09701581732455287 137
1694435628166 0.05613298227182147 138
1694435628184 0.10401821184785202 139
1694435628201 0.08775812645250594 140
1694435628219 0.10219685252501118 141
1694435628236 0.15224163574586197 142
1694435628255 0.10029282465153776 143
1694435628275 0.08648022894703529 144
1694435628292 0.12155610509659025 145
1694435628309 0.13870199516357296 146
1694435628328 0.10516423064553149 147
1694435628348 0.09535225040130123 148
1694435628367 0.08796001930698412 149
1694435628384 0.1544167333363326 150
1694435628402 0.08434899168241715 151
1694435628420 0.10756628848540375 152
1694435628438 0.16366864356026226 153
1694435628456 0.17079071449196362 154
1694435628474 0.07440444174365486 155
1694435628493 0.15383939431839871 156
1694435628510 0.18400122877284547 157
1694435628528 0.24095209410731516 158
1694435628545 0.09048384715178878 159
1694435628564 0.05793684701468687 160
1694435628582 0.20318553256034397 161
1694435628604 0.0494025506571425 162
1694435628625 0.197281389491688 163
1694435628641 0.12451903728862757 164
1694435628663 0.0685772967447294 165
1694435628680 0.14656591364669747 166
1694435628697 0.16983277329566387 167
1694435628716 0.11065165733699416 168
1694435628733 0.17068077445304183 169
1694435628752 0.1096592198109623 170
1694435628772 0.11145784217439914 171
1694435628789 0.3488021080031573 172
1694435628806 0.12923206686563637 173
1694435628824 0.09333994705277618 174
1694435628842 0.06654910063805357 175
1694435628862 0.04364937352572541 176
1694435628880 0.2076269058774543 177
1694435628898 0.15467069506250766 178
1694435628916 0.07042237055654617 179
1694435628933 0.031438887582178485 180
1694435628951 0.10056387588625207 181
1694435628971 0.037570930401949094 182
1694435628989 0.14223149905087829 183
1694435629006 0.06270577861826755 184
1694435629024 0.11372468358079334 185
1694435629041 0.18082023862696525 186
1694435629062 0.06253841120119041 187
1694435629079 0.11175832137126929 188
1694435629097 0.11058117252855322 189
1694435629116 0.07479356710948519 190
1694435629133 0.13637585044313097 191
1694435629152 0.09011249186222435 192
1694435629171 0.13749262551927097 193
1694435629188 0.13806116944811667 194
1694435629206 0.09677049733324393 195
1694435629227 0.14924045992060594 196
1694435629248 0.15026756065744254 197
1694435629268 0.019019015619472557 198
1694435629288 0.052532651639064135 199
1694435629305 0.09945836259912054 200
1694435629323 0.17925660801816212 201
1694435629340 0.1470220201080054 202
1694435629361 0.18131857325848172 203
1694435629378 0.11867876234500688 204
1694435629395 0.10104750654779096 205
1694435629413 0.12250342869602253 206
1694435629431 0.08819092097780815 207
1694435629449 0.12811572098537477 208
1694435629468 0.11607171059220625 209
1694435629486 0.13697124468823027 210
1694435629504 0.11321216314095536 211
1694435629521 0.06908710055376853 212
1694435629539 0.04664448803620184 213
1694435629556 0.08123053254132415 214
1694435629575 0.04875068514733604 215
1694435629592 0.03503492498658116 216
1694435629611 0.16622140516220663 217
1694435629629 0.03509879325114703 218
1694435629646 0.12509210445722826 219
1694435629665 0.05232915741576195 220
1694435629683 0.10903287189997016 221
1694435629699 0.0921733241251538 222
1694435629718 0.03282142776185348 223
1694435629736 0.08200462985187193 224
1694435629753 0.029321360322162475 225
1694435629771 0.17261643925714915 226
1694435629790 0.10267969031255202 227
1694435629807 0.19405203292124074 228
1694435629829 0.12170535133952923 229
1694435629851 0.07748839055753978 230
1694435629872 0.08593802650629931 231
1694435629889 0.15913962886121324 232
1694435629907 0.04514314193769471 233
1694435629925 0.09096247778754803 234
1694435629943 0.1553600154734983 235
1694435629962 0.07814354054969298 236
1694435629980 0.09615087437882901 237
1694435629997 0.1820729624551162 238
1694435630015 0.12060750652134596 239
1694435630033 0.11732901884304613 240
1694435630050 0.045908420481516776 241
1694435630068 0.15980606908066433 242
1694435630086 0.12133191964109592 243
1694435630104 0.1649173298576804 244
1694435630121 0.1156801294772848 245
1694435630139 0.05450983342088528 246
1694435630156 0.17825497218058667 247
1694435630175 0.1408642456212584 248
1694435630195 0.1966627564519594 249
1694435630213 0.053933305494357466 250
1694435630231 0.10956184460803244 251
1694435630249 0.10053434134099427 252
1694435630268 0.07872993475279964 253
1694435630287 0.08297308129064576 254
1694435630305 0.05201375129773771 255
1694435630323 0.08961538483300176 256
1694435630340 0.1602699992450138 257
1694435630357 0.15428223275727165 258
1694435630377 0.21693575688292463 259
1694435630395 0.11411794109020011 260
1694435630413 0.12078949880457442 261
1694435630430 0.10157479187032285 262
1694435630452 0.0905913729072341 263
1694435630474 0.11763366714583826 264
1694435630492 0.124640341759767 265
1694435630510 0.11424149297257069 266
1694435630529 0.10083712317427929 267
1694435630546 0.09180941531194173 268
1694435630563 0.11502267866148962 269
1694435630585 0.08987838294071894 270
1694435630602 0.11099413059872347 271
1694435630620 0.16539577342398232 272
1694435630637 0.06267972946011227 273
1694435630655 0.09342150447154933 274
1694435630675 0.09573096139521146 275
1694435630694 0.05684795060173114 276
1694435630711 0.09142292649356006 277
1694435630728 0.059737628119782706 278
1694435630747 0.12347753194144266 279
1694435630763 0.19717874599466054 280
1694435630785 0.0574944406394799 281
1694435630802 0.05893269536645303 282
1694435630820 0.19419531381188837 283
1694435630837 0.0817006835474786 284
1694435630854 0.1238989210948739 285
1694435630873 0.08768924975393062 286
1694435630891 0.09336882792293265 287
1694435630909 0.0796922986962243 288
1694435630927 0.07974460808763759 289
1694435630944 0.15785461799196007 290
1694435630961 0.25951158591503454 291
1694435630982 0.14474829509797815 292
1694435630999 0.12340330167320791 293
1694435631020 0.14795139243900937 294
1694435631040 0.19179137758913586 295
1694435631061 0.05025207767955329 296
1694435631082 0.06337978882949621 297
1694435631099 0.08049305040013155 298
1694435631118 0.061618704231598945 299
1694435631135 0.0416976672944807 300
1694435631152 0.11944882280916778 301
1694435631169 0.06640193362836658 302
1694435631190 0.18421198113088363 303
1694435631208 0.10510949403197103 304
1694435631226 0.12291974890251518 305
1694435631242 0.07016539193134184 306
1694435631260 0.08508033837275204 307
1694435631279 0.16862103742978243 308
1694435631299 0.1226667777508743 309
1694435631316 0.16474185956139506 310
1694435631334 0.09657855591815401 311
1694435631351 0.08590809556404268 312
1694435631371 0.14151409673918453 313
1694435631391 0.25500091210212433 314
1694435631411 0.18032357964437623 315
1694435631430 0.05818403224715945 316
1694435631448 0.13787094835018704 317
1694435631466 0.11941330885124521 318
1694435631484 0.11388390347727555 319
1694435631502 0.08821168065305758 320
1694435631520 0.13966369724216937 321
1694435631538 0.06064102422404776 322
1694435631555 0.060904588897667235 323
1694435631573 0.09578570960373908 324
1694435631591 0.16493268282220336 325
1694435631608 0.08994973707599319 326
1694435631626 0.07656951556636891 327
1694435631648 0.07642859993561824 328
1694435631668 0.07260933281153248 329
1694435631688 0.14277446303713828 330
1694435631706 0.16623565994003453 331
1694435631725 0.06774025446103579 332
1694435631742 0.15124772029180453 333
1694435631759 0.08893223811857312 334
1694435631777 0.19145372538419242 335
1694435631797 0.18245662907451643 336
1694435631815 0.11146614365771904 337
1694435631833 0.15855840213514827 338
1694435631850 0.10146924428648531 339
1694435631867 0.11759745163662824 340
1694435631885 0.09244941141138975 341
1694435631903 0.062147324134672395 342
1694435631921 0.1400113491768804 343
1694435631938 0.11023923459651068 344
1694435631954 0.1774126637869122 345
1694435631973 0.10440357801993323 346
1694435631993 0.08577989183828456 347
1694435632011 0.09158905451728382 348
1694435632029 0.06639670447340897 349
1694435632047 0.10589365468612799 350
1694435632064 0.24321710076661715 351
1694435632084 0.21518111473903395 352
1694435632101 0.08346619127389068 353
1694435632119 0.27828083270998527 354
1694435632137 0.10441642266504891 355
1694435632154 0.12783051117221217 356
1694435632172 0.13880092156179802 357
1694435632190 0.10910003075708129 358
1694435632209 0.19836487581245008 359
1694435632228 0.10593632748084496 360
1694435632245 0.1498821465089626 361
1694435632267 0.1476099144357684 362
1694435632290 0.07376220211790208 363
1694435632309 0.2565546001457775 364
1694435632327 0.07212801362641268 365
1694435632345 0.07433807953504541 366
1694435632363 0.11221352527197713 367
1694435632380 0.21195295275370502 368
1694435632399 0.10925101944786149 369
1694435632417 0.09963291898318738 370
1694435632435 0.1798190238779205 371
1694435632452 0.03031151517072713 372
1694435632471 0.12037099874346573 373
1694435632488 0.10975969895880223 374
1694435632507 0.12109810036642335 375
1694435632526 0.1033290004765207 376
1694435632542 0.11559716706316878 377
1694435632560 0.15606219420619077 378
1694435632577 0.05887434655842855 379
1694435632597 0.1852421137205161 380
1694435632616 0.06353716162902982 381
1694435632634 0.2648238617572628 382
1694435632652 0.07789305266948825 383
1694435632670 0.15092143373325517 384
1694435632688 0.07858288758183084 385
1694435632707 0.06858777566665944 386
1694435632725 0.14419720126141605 387
1694435632742 0.11003042114812253 388
1694435632759 0.09183442642297486 389
1694435632777 0.08930582442608116 390
1694435632796 0.13545362697451838 391
1694435632815 0.09993817814102844 392
1694435632833 0.18290192350773737 393
1694435632849 0.16036885151929367 394
1694435632869 0.11027901070003587 395
1694435632891 0.04192824687481676 396
1694435632911 0.14505440441881928 397
1694435632929 0.0465193937262876 398
1694435632947 0.13995710447547918 399
1694435632964 0.07292115736340954 400
1694435632981 0.13184739574914398 401
1694435633002 0.13820355303655757 402
1694435633019 0.08724418702379287 403
1694435633037 0.04111177980443836 404
1694435633055 0.10290292182117478 405
1694435633072 0.09118010454382211 406
1694435633089 0.10768575546713345 407
1694435633109 0.06439693695862388 408
1694435633127 0.10863519992122807 409
1694435633145 0.13397147668448167 410
1694435633161 0.033220800278033966 411
1694435633179 0.07154215931730112 412
1694435633197 0.24408323604698426 413
1694435633216 0.08763319592365248 414
1694435633234 0.12759190476486879 415
1694435633251 0.12000845232987166 416
1694435633267 0.10802935169688446 417
1694435633286 0.12314527855779155 418
1694435633305 0.16174549563245186 419
1694435633324 0.04578579515571717 420
1694435633343 0.08301795037268964 421
1694435633360 0.06568205918271806 422
1694435633377 0.1625612398827744 423
1694435633395 0.11577574294951588 424
1694435633415 0.060668314299864926 425
1694435633433 0.14516751216057017 426
1694435633450 0.05446760217342368 427
1694435633472 0.08807150930403744 428
1694435633495 0.08553217607809009 429
1694435633515 0.08609581834189088 430
1694435633533 0.09634881504669786 431
1694435633551 0.07716775191801475 432
1694435633568 0.04947679227457003 433
1694435633585 0.12504783506081427 434
1694435633606 0.09907271929006209 435
1694435633625 0.2239991048015297 436
1694435633642 0.10401612635674519 437
1694435633662 0.03728926176370586 438
1694435633679 0.07366111944838108 439
1694435633699 0.14036911754119125 440
1694435633718 0.06374009964719109 441
1694435633735 0.27104941338993 442
1694435633753 0.09151613468061517 443
1694435633770 0.06553718092595316 444
1694435633788 0.10260415012130654 445
1694435633808 0.1062683528292638 446
1694435633827 0.11833041518885769 447
1694435633844 0.050420692789276904 448
1694435633861 0.13853914898293304 449
1694435633878 0.09021770952612455 450
1694435633896 0.06106971435975971 451
1694435633914 0.15625207287823475 452
1694435633931 0.12740755742577461 453
1694435633949 0.11275069681924772 454
1694435633967 0.2280830348681659 455
1694435633985 0.16359525918311557 456
1694435634003 0.19158872070245245 457
1694435634021 0.21300939210556677 458
1694435634039 0.16404522105416616 459
1694435634056 0.06304158355121676 460
1694435634074 0.10248119799621283 461
1694435634093 0.3051719184599747 462
1694435634117 0.09320858024492294 463
1694435634135 0.17180087852194884 464
1694435634153 0.08833258125346624 465
1694435634170 0.12969999536187238 466
1694435634187 0.15590887745062162 467
1694435634206 0.0645418252533758 468
1694435634225 0.17449442482731267 469
1694435634242 0.1437485437812668 470
1694435634260 0.05929328770274317 471
1694435634277 0.05702486488436322 472
1694435634294 0.10835059889281785 473
1694435634314 0.09513525855359593 474
1694435634333 0.12391122541099205 475
1694435634351 0.15700447743205606 476
1694435634368 0.08509831791818341 477
1694435634385 0.1289587716179139 478
1694435634404 0.08142958928678597 479
1694435634423 0.19405304238051868 480
1694435634442 0.13466840664303922 481
1694435634459 0.14901754242798892 482
1694435634477 0.08442714521983849 483
1694435634494 0.15443118495616437 484
1694435634513 0.13762135197727018 485
1694435634531 0.08887981470283055 486
1694435634548 0.12139164094860681 487
1694435634565 0.10493200720241962 488
1694435634584 0.10284275042267661 489
1694435634600 0.17033732356637626 490
1694435634621 0.0735816473698062 491
1694435634639 0.058431301856568356 492
1694435634655 0.07958707412224839 493
1694435634676 0.10417243319712129 494
1694435634695 0.06527387457997277 495
1694435634716 0.0836923832053537 496
1694435634734 0.11220385889266117 497
1694435634751 0.10685559512084783 498
1694435634768 0.04834359047739893 499
