1694438789483 0.026013396958332765 0
1694438789553 0.06630124199493558 1
1694438789624 0.037616506748045335 2
1694438789694 0.08513494173117113 3
1694438789765 0.05876636196271337 4
1694438789835 0.005448656631897585 5
1694438789905 0.378377606873486 6
1694438789976 0.00762475501543574 7
1694438790044 0.16257170776844437 8
1694438790115 0.0863347145280765 9
1694438790186 0.013560910440253574 10
1694438790256 0.0008641560687994086 11
1694438790326 0.10876561809252343 12
1694438790396 0.18845296922163318 13
1694438790467 0.09650249070351512 14
1694438790536 0.12073242554513643 15
1694438790606 0.5411533973243201 16
1694438790676 0.34187971432975817 17
1694438790746 0.10214340620153592 18
1694438790818 0.01592532086012236 19
1694438790888 0.08498358908348028 20
1694438790958 0.08716437269725223 21
1694438791027 0.018423410721460916 22
1694438791096 0.08368825176017333 23
1694438791166 0.007318901463506422 24
1694438791235 0.15779476542833423 25
1694438791304 0.023728172849682757 26
1694438791374 0.0037183358157631295 27
1694438791443 0.24076788057824844 28
1694438791511 0.028179786533896804 29
1694438791580 0.22922051245158956 30
1694438791649 0.015061496606203392 31
1694438791718 0.010926783351788462 32
1694438791788 0.0704452480515666 33
1694438791857 0.007758612908897745 34
1694438791927 0.325991072984675 35
1694438791997 0.07199061299223816 36
1694438792067 1.071125551387903 37
1694438792137 1.4768916888182033 38
1694438792206 0.14726774698796324 39
1694438792275 0.050393128899518184 40
1694438792344 0.09565931134787803 41
1694438792413 0.002525575759097137 42
1694438792482 0.002128818253798655 43
1694438792552 0.0073636938761453994 44
1694438792622 0.018166432920207524 45
1694438792694 0.165624820220567 46
1694438792763 0.04731224508246368 47
1694438792833 0.08281663305366059 48
1694438792902 0.0069390915854475495 49
1694438792973 0.09213265292209419 50
1694438793041 0.008937039837579729 51
1694438793110 0.12504544499141013 52
1694438793179 0.010529770346036128 53
1694438793248 0.014286747157855897 54
1694438793317 0.24607204285354964 55
1694438793386 0.06364635091554968 56
1694438793455 1.4461533324166474e-05 57
1694438793523 0.0051310308643556565 58
1694438793592 0.00025611842647927865 59
1694438793662 0.00569064002836316 60
1694438793731 0.0040043141839352535 61
1694438793800 0.00019215079159957285 62
1694438793869 0.01957235738135198 63
1694438793939 0.03462299401919941 64
1694438794007 0.022905975070483 65
1694438794076 0.007859377133815867 66
1694438794144 0.00010888425078840089 67
1694438794215 0.039825784346053994 68
1694438794284 0.007731004668261886 69
1694438794353 0.0036534193528847646 70
1694438794421 0.011031997941920174 71
1694438794491 0.004207066016838232 72
1694438794560 0.0011265470371968583 73
1694438794629 0.021407058950436715 74
1694438794697 0.02280707995241969 75
1694438794765 0.001299409782809414 76
1694438794834 0.04740819188219695 77
1694438794904 0.011915839883863166 78
1694438794973 0.0016805255255052632 79
1694438795042 0.0017701588741943952 80
1694438795111 0.0034561328410149064 81
1694438795179 0.00016531260401864603 82
1694438795248 0.04667266596165481 83
1694438795318 0.14863878342795903 84
1694438795387 0.0660123064231295 85
1694438795457 0.012936210276995399 86
1694438795525 0.16853355353846877 87
1694438795594 1.0307024488702952 88
1694438795663 0.6320240737641001 89
1694438795731 0.0038372004299873363 90
1694438795800 0.007832701011445398 91
1694438795868 0.16941894889574055 92
1694438795937 0.07778394123736333 93
1694438796007 0.1842324158255508 94
1694438796075 0.02218182207347536 95
1694438796145 0.04246233168097595 96
1694438796214 0.003336243147013892 97
1694438796283 0.2518469605322372 98
1694438796351 0.006269390541024012 99
1694438796419 0.017394454418032616 100
1694438796488 0.006898312766677466 101
1694438796557 0.02413094177458049 102
1694438796627 0.07565922362459097 103
1694438796695 1.2142972672657018 104
1694438796766 0.1306992356127634 105
1694438796835 1.4985374796647162 106
1694438796903 0.021616762171581462 107
1694438796972 0.05829652698537117 108
1694438797041 5.238665927106091e-06 109
1694438797111 0.186366594350082 110
1694438797179 0.0011483775032490678 111
1694438797248 0.07398046169451265 112
1694438797317 0.12468343892312887 113
1694438797386 0.18404210649911368 114
1694438797455 0.10068249884216751 115
1694438797523 0.2473641899430675 116
1694438797592 0.029179521864162315 117
1694438797661 0.03274274854657081 118
1694438797731 0.012401315358521642 119
1694438797800 0.007563120293591458 120
1694438797869 0.0029886591623356417 121
1694438797938 0.6119164356987672 122
1694438798007 0.006966833130693694 123
1694438798077 0.0004968417986368447 124
1694438798145 0.003483621854155633 125
1694438798215 0.45480596857903405 126
1694438798283 0.5422781109929314 127
1694438798352 0.47729460046709754 128
1694438798420 0.053610173512977415 129
1694438798488 0.22364480391699978 130
1694438798559 0.005976949900618798 131
1694438798628 0.003420506299702587 132
1694438798698 0.020114353285923616 133
1694438798767 0.0009267830460258257 134
1694438798837 0.16282940816395908 135
1694438798906 0.9041503578412025 136
1694438798974 0.00039369433287436017 137
1694438799042 0.012037903620011082 138
1694438799110 0.01435019298213867 139
1694438799180 0.3447845109206051 140
1694438799249 0.23631969564533428 141
1694438799320 0.051345094407976286 142
1694438799390 0.001283827807276107 143
1694438799458 0.30095229126404427 144
1694438799526 0.046380108419376155 145
1694438799596 0.0038010535031057437 146
1694438799665 0.20414850015557826 147
1694438799734 0.036422309222950346 148
1694438799804 0.02218333795505859 149
1694438799873 0.1678313683807421 150
1694438799941 0.016709265489769476 151
1694438800011 0.002974145141399192 152
1694438800081 0.4479032880514749 153
1694438800149 0.0012701546254226777 154
1694438800219 0.5750746110515503 155
1694438800287 0.0003220521794280607 156
1694438800356 0.04364872807969188 157
1694438800425 0.002044759794779846 158
1694438800494 0.1925857714588087 159
1694438800563 0.009600655962434016 160
1694438800632 0.10391290808437767 161
1694438800701 0.009234965832354508 162
1694438800770 0.030501645663787304 163
1694438800839 0.003537757071416976 164
1694438800907 0.010167245421440738 165
1694438800975 0.015931939284758997 166
1694438801046 0.01562556139727395 167
1694438801116 0.21339432688870683 168
1694438801185 0.013242785365825393 169
1694438801252 0.005341428798764292 170
1694438801321 0.008463694907636883 171
1694438801390 0.09438648056489486 172
1694438801459 0.11042524909515306 173
1694438801529 0.14833852075431458 174
1694438801597 0.31267616881708 175
1694438801667 0.08397914604380621 176
1694438801735 0.18367456300548832 177
1694438801805 0.06282880806479485 178
1694438801875 0.021646345519008212 179
1694438801945 0.002404791534971182 180
1694438802014 0.09212984607194855 181
1694438802083 0.04711849993942805 182
1694438802152 0.1839092431890971 183
1694438802221 0.03063120028027947 184
1694438802289 0.09519786460290243 185
1694438802358 0.14600346958791616 186
1694438802426 0.0001485082246215289 187
1694438802494 0.003811772182841177 188
1694438802563 0.08526018029021479 189
1694438802633 0.05899190859139869 190
1694438802703 0.0054050575563046824 191
1694438802771 0.004410719153919598 192
1694438802839 0.00012369534424001605 193
1694438802910 2.0904503052683807e-05 194
1694438802978 0.000962805882470105 195
1694438803046 0.014385859813973917 196
1694438803116 0.02575507636822921 197
1694438803185 0.13855207718991497 198
1694438803253 0.005970522598879801 199
1694438803321 0.3232772195466598 200
1694438803390 0.09247235324638983 201
1694438803459 0.03910041842521788 202
1694438803528 0.035896975772888876 203
1694438803598 0.01222787246536517 204
1694438803669 1.093716577530166 205
1694438803738 0.05226882763713239 206
1694438803807 0.006686756629703525 207
1694438803877 0.029940933753608324 208
1694438803946 0.1097878578781888 209
1694438804016 0.005114183280240535 210
1694438804084 0.04212810200302097 211
1694438804153 0.04874577513029886 212
1694438804223 0.0979374023783493 213
1694438804292 0.022176785923149044 214
1694438804361 0.001042872235950072 215
1694438804431 0.5824727742483907 216
1694438804499 0.18392273711490825 217
1694438804568 0.004311116084388068 218
1694438804638 0.28941459980375916 219
1694438804707 0.0017794106588532724 220
1694438804777 0.01671361822649037 221
1694438804846 0.05444065719634129 222
1694438804915 0.009116191511695848 223
1694438804984 0.013033238690302758 224
1694438805053 0.04921956696698591 225
1694438805122 0.10678736485122127 226
1694438805190 8.061131545309842e-05 227
1694438805262 0.002031231325697386 228
1694438805331 0.0028532413622165166 229
1694438805399 0.03436759278327646 230
1694438805468 0.0513007356759993 231
1694438805537 0.20807815379963504 232
1694438805606 0.039849369212500506 233
1694438805675 0.12122656961551026 234
1694438805744 0.004981984628326373 235
1694438805813 0.23867444066343993 236
1694438805882 0.014074156547963476 237
1694438805951 0.2515225819019769 238
1694438806019 0.40612275868699554 239
1694438806089 0.04840114159761702 240
1694438806158 0.05605047578366565 241
1694438806228 0.00019724835969437768 242
1694438806297 0.002177610268389089 243
1694438806366 0.01887182952624934 244
1694438806435 0.010461839262420478 245
1694438806504 0.0721592709988504 246
1694438806574 0.006362335672348574 247
1694438806643 0.49918118117927185 248
1694438806713 0.04245759282517107 249
1694438806782 5.1746914972333294e-05 250
1694438806852 0.30923786854422064 251
1694438806925 0.0023521148051710485 252
1694438806995 0.2580522814887011 253
1694438807063 0.07263730073791434 254
1694438807133 0.0024250283817305405 255
1694438807201 0.0436058200545789 256
1694438807271 0.45317554923150666 257
1694438807340 0.0002615155253235743 258
1694438807408 0.41402194889361077 259
1694438807478 0.04694199748145877 260
1694438807547 0.009484514393816111 261
1694438807616 0.014296891970258917 262
1694438807687 0.01776831402644145 263
1694438807757 0.06526465276361126 264
1694438807828 0.005212677651629668 265
1694438807897 0.09172151163516853 266
1694438807967 0.013180212186984222 267
1694438808037 0.00014352296071064722 268
1694438808106 0.13596161344917118 269
1694438808174 0.03566857434178515 270
1694438808244 0.4492475007723284 271
1694438808313 0.08788340314105121 272
1694438808382 0.01390389030117896 273
1694438808451 0.0007740166957422718 274
1694438808522 0.005355652267926452 275
1694438808592 0.003559399123111881 276
1694438808664 0.20967245882949206 277
1694438808734 0.000754180658012485 278
1694438808804 0.06367069597841479 279
1694438808874 0.2114566068553343 280
1694438808943 0.15891097034265567 281
1694438809013 0.38401483785713997 282
1694438809083 0.05547782710405232 283
1694438809153 0.7349605985500689 284
1694438809222 0.022880690002077125 285
1694438809291 0.10688687007109815 286
1694438809362 0.1016281319274767 287
1694438809430 0.2862250170316819 288
1694438809501 0.3368344174249328 289
1694438809571 0.11451032420114914 290
1694438809640 0.0021624870437544005 291
1694438809711 0.0030130525537756746 292
1694438809780 0.13154976553364203 293
1694438809851 0.0002637718047497072 294
1694438809919 0.0014261039543975746 295
1694438809988 0.22377765854441994 296
1694438810058 0.05155571397439708 297
1694438810127 0.06941381920483157 298
1694438810196 0.01913714778017287 299
1694438810266 0.02769043413904028 300
1694438810334 0.007112554473963275 301
1694438810403 0.23165106625596926 302
1694438810473 0.9613506317935409 303
1694438810543 0.015912586632275596 304
1694438810613 0.020364446721193728 305
1694438810685 0.22896400314821458 306
1694438810758 0.013427100545882477 307
1694438810832 0.6613415759602946 308
1694438810901 0.058130118502034284 309
1694438810970 0.005588253131457439 310
1694438811039 0.06404873346920291 311
1694438811108 0.1027733167680347 312
1694438811178 0.060525851980387166 313
1694438811248 0.05633710159976153 314
1694438811318 1.0089918944141625 315
1694438811387 0.01632089682303636 316
1694438811456 0.016508243332025774 317
1694438811524 0.021581897593763624 318
1694438811594 0.016459282679029446 319
1694438811664 11.113594054961462 320
1694438811733 0.09963018864893287 321
1694438811804 0.03911756321759536 322
1694438811873 0.01323676439221922 323
1694438811942 0.12797866174419617 324
1694438812012 0.00011952396957189662 325
1694438812083 0.4472037903034003 326
1694438812151 0.02214004747089951 327
1694438812220 0.002268983668902685 328
1694438812289 0.03833162528162131 329
1694438812357 0.07419570586405445 330
1694438812426 0.020219914087571483 331
1694438812495 0.0177101396878303 332
1694438812564 0.015268906161365869 333
1694438812633 0.04578242152818596 334
1694438812702 0.004695895323721464 335
1694438812773 1.041245743647324e-07 336
1694438812841 0.937874589495754 337
1694438812910 0.08369941128791639 338
1694438812981 0.05479407411632236 339
1694438813050 0.15218157608483301 340
1694438813119 0.019592019476258098 341
1694438813188 0.0030709551622843325 342
1694438813259 0.0672253770814059 343
1694438813328 0.02678531161532218 344
1694438813397 0.02704076751993283 345
1694438813476 0.031569060282272715 346
1694438813545 0.0005445468047909148 347
1694438813615 0.02835375122108409 348
1694438813685 0.3938825888007001 349
1694438813754 0.0049582637839597245 350
1694438813823 0.010026649154721875 351
1694438813895 0.08002764066776778 352
1694438813963 0.01304915721232825 353
1694438814033 0.12290133914000356 354
1694438814101 0.04534993113028797 355
1694438814170 0.0035597926979432405 356
1694438814238 0.017017975286694503 357
1694438814307 0.06662999990871779 358
1694438814376 0.46515609484604464 359
1694438814444 0.3556467680024677 360
1694438814513 0.006177469155168837 361
1694438814582 0.01101693136352562 362
1694438814653 0.06713798070695917 363
1694438814722 0.0002629719702776164 364
1694438814790 0.0015419659979158424 365
1694438814859 0.2260417525812017 366
1694438814927 0.08335571732474795 367
1694438814997 0.00021241230340922752 368
1694438815066 0.06405797391215896 369
1694438815135 0.004493381162225178 370
1694438815204 0.045399558040735054 371
1694438815273 0.14617958751506718 372
1694438815341 0.3041523804723625 373
1694438815411 0.025097232849753952 374
1694438815479 0.2592360801256118 375
1694438815548 0.019038202361196566 376
1694438815617 0.0038259000466234596 377
1694438815686 1.0354935542881427 378
1694438815755 0.05060680521396941 379
1694438815825 0.23551493484570463 380
1694438815895 0.42555307224763006 381
1694438815964 0.027440757622512024 382
1694438816033 0.018314091066130113 383
1694438816102 0.06630135194728067 384
1694438816171 0.001262085677073804 385
1694438816240 0.0007311082260663148 386
1694438816308 0.00027279761035128104 387
1694438816376 0.007190537216262241 388
1694438816445 0.026705058550345724 389
1694438816515 0.06438856168700674 390
1694438816583 0.0027903445654516327 391
1694438816652 0.04573261223401593 392
1694438816721 0.25009416483591373 393
1694438816790 0.02052277914483665 394
1694438816859 0.07163260716274561 395
1694438816927 0.042017867424953864 396
1694438816996 0.07162349669446641 397
1694438817064 0.020985022735436145 398
1694438817133 0.0016848338857702477 399
1694438817203 0.07219773130622777 400
1694438817272 0.002171355486232562 401
1694438817341 0.0029052413771720807 402
1694438817410 0.044900410479150846 403
1694438817480 0.10847124622022669 404
1694438817550 0.029240880159245353 405
1694438817619 0.4616216188019683 406
1694438817695 0.004907801737883908 407
1694438817772 0.03258722195204123 408
1694438817849 0.41141669833369116 409
1694438817918 0.5978332365556998 410
1694438817987 0.13107250238153303 411
1694438818058 0.22046668097783506 412
1694438818126 0.31509929249184915 413
1694438818196 0.0007652754952156076 414
1694438818265 0.05063374285747737 415
1694438818334 0.0033440433913286814 416
1694438818403 0.13288146525098396 417
1694438818473 0.26513520684221203 418
1694438818542 0.0861638774024298 419
1694438818611 0.03215124514745722 420
1694438818681 0.03282617230896952 421
1694438818750 0.2929318636772128 422
1694438818818 0.4365132158230461 423
1694438818887 0.037254883530819446 424
1694438818958 0.07611619767451575 425
1694438819026 1.4790473813951013e-05 426
1694438819094 1.6094437977283729 427
1694438819164 0.006999137906280111 428
1694438819233 0.08396616005124814 429
1694438819303 0.0004351969652028511 430
1694438819371 9.743829030503943e-05 431
1694438819439 0.0005807396458592325 432
1694438819508 0.019819297816154734 433
1694438819577 0.005988125792334448 434
1694438819646 0.000385963764429757 435
1694438819715 0.01922234785025834 436
1694438819785 0.13570372184559723 437
1694438819853 0.018651750158105166 438
1694438819922 0.5550213467977669 439
1694438819991 0.08842732031639713 440
1694438820062 0.02102999794388731 441
1694438820133 0.04879709986295228 442
1694438820203 0.0036706311575695726 443
1694438820271 0.04441721368922034 444
1694438820339 0.17480046241414113 445
1694438820407 0.12510797353859057 446
1694438820478 0.02030981192061775 447
1694438820546 0.002397264797697967 448
1694438820615 0.16659661051977825 449
1694438820685 0.12505214342309307 450
1694438820754 0.13632986163862434 451
1694438820823 0.0037141622383582576 452
1694438820892 0.20391788308717962 453
1694438820961 0.2594381296143475 454
1694438821030 0.06761258831205998 455
1694438821099 0.07855437301236241 456
1694438821168 0.052997345931303994 457
1694438821237 0.008303557246439504 458
1694438821305 0.19020352321480533 459
1694438821374 0.04137987365283219 460
1694438821442 0.42272562963728216 461
1694438821511 0.19217352883543543 462
1694438821580 0.011717402055649046 463
1694438821650 0.02442138414020166 464
1694438821719 0.01985746909962675 465
1694438821789 0.11718099924616085 466
1694438821859 0.00019327505316725757 467
1694438821932 0.2197190249204053 468
1694438822000 0.5337286638452933 469
1694438822069 0.0013125399713461918 470
1694438822138 0.15798115610249186 471
1694438822205 0.2746333362637532 472
1694438822274 0.5013431882185548 473
1694438822344 0.0397522768783514 474
1694438822414 0.03600962432812393 475
1694438822483 0.022347084627199962 476
1694438822553 5.455051986010859e-05 477
1694438822622 0.11255107502082619 478
1694438822693 0.08487399882862123 479
1694438822762 0.06179277526938014 480
1694438822833 0.03322754012053413 481
1694438822902 0.055407815557112196 482
1694438822972 0.028481937613171256 483
1694438823041 0.000460960122007206 484
1694438823110 0.021263495479927005 485
1694438823179 0.6256083139563738 486
1694438823248 0.9665102276127273 487
1694438823317 0.703117719213859 488
1694438823388 0.0002604406952405719 489
1694438823456 0.21868674008054614 490
1694438823525 0.007028726267903968 491
1694438823594 0.0780781597606075 492
1694438823663 0.00017914891871006108 493
1694438823732 0.0609942543287016 494
1694438823802 0.5083942347601949 495
1694438823871 0.2891157963403878 496
1694438823940 0.25675207899465113 497
1694438824012 0.23317805430801739 498
1694438824082 0.06162862150049246 499
