1694433913220 101.01245857437868 0
1694433913289 42.854228706147396 1
1694433913360 23.527473848490054 2
1694433913427 12.011028500532916 3
1694433913495 8.944975806940386 4
1694433913563 1.3478393604121284 5
1694433913631 1.2842484193427839 6
1694433913699 1.921564624792899 7
1694433913768 0.46025343812525576 8
1694433913840 0.05210685128374709 9
1694433913907 0.2517848899995248 10
1694433913975 0.009742858733941507 11
1694433914044 0.009329129923041347 12
1694433914112 0.2782290694928712 13
1694433914181 0.008502096968414898 14
1694433914249 0.1661741757274576 15
1694433914316 0.05579038787673123 16
1694433914391 0.4339052510041562 17
1694433914459 0.1625328591500373 18
1694433914527 0.007958417257097979 19
1694433914597 0.1270120147162107 20
1694433914666 0.005016392710446872 21
1694433914733 0.00048550895009894646 22
1694433914801 0.03162323391292416 23
1694433914868 0.03543486161322675 24
1694433914936 0.024810803558699784 25
1694433915003 0.07275317011659922 26
1694433915072 0.11877777690374872 27
1694433915141 0.27220361023492007 28
1694433915209 0.11645726522809642 29
1694433915277 0.008703440918428916 30
1694433915345 0.00034626234501402816 31
1694433915412 0.0025270384216261074 32
1694433915480 0.15076699668308668 33
1694433915547 0.021748259563355483 34
1694433915616 0.21875029071764884 35
1694433915683 0.7673716964298121 36
1694433915751 0.0012918939883176908 37
1694433915820 0.2224888435971925 38
1694433915888 0.01887621625569027 39
1694433915956 0.16097330249081884 40
1694433916023 0.006074809241397568 41
1694433916091 0.1567005575777019 42
1694433916159 0.012282958311713157 43
1694433916226 0.037421702795492555 44
1694433916294 0.12435921632763107 45
1694433916361 0.09758736873847075 46
1694433916429 0.03828877176769002 47
1694433916497 0.06903465763331282 48
1694433916564 0.02171771504372758 49
1694433916633 0.0024470950335550197 50
1694433916700 0.3893130050420613 51
1694433916774 0.0019174195840035858 52
1694433916841 0.004546094587331895 53
1694433916909 0.4334568312295991 54
1694433916977 0.001290846529618274 55
1694433917045 0.26362802163596255 56
1694433917112 0.005692292858561043 57
1694433917182 0.3612686877842911 58
1694433917250 0.010484069079710468 59
1694433917319 0.6946672452882188 60
1694433917386 0.21288350377636972 61
1694433917454 0.1264088479043601 62
1694433917523 0.16034393921488482 63
1694433917590 0.00046373255201539223 64
1694433917658 0.07706345928145746 65
1694433917726 0.0013069984214088782 66
1694433917792 0.1723930530943233 67
1694433917861 0.06588080123430069 68
1694433917929 0.3318885089174138 69
1694433917996 0.016979442648810517 70
1694433918063 0.02102192668815973 71
1694433918131 0.06199912421876287 72
1694433918198 0.020454842091502973 73
1694433918265 0.3708364644522524 74
1694433918333 1.0550704210104986 75
1694433918401 0.03991896831890911 76
1694433918468 0.009128279570422495 77
1694433918535 0.02559543760343833 78
1694433918602 0.07423327021463944 79
1694433918669 0.0052843295058792325 80
1694433918738 0.10303681306908619 81
1694433918806 0.008216633745066778 82
1694433918872 1.2078785676225534e-05 83
1694433918940 0.04085728071427162 84
1694433919007 0.020150874684854866 85
1694433919076 0.00018435206714328633 86
1694433919147 0.6381528974334578 87
1694433919217 0.12494815113252102 88
1694433919284 0.003147820049767317 89
1694433919350 0.0009959642044168483 90
1694433919419 0.14710950106276993 91
1694433919486 0.07325493338731075 92
1694433919554 0.05435109088636821 93
1694433919622 0.7253666790557984 94
1694433919689 0.06507379819283121 95
1694433919758 0.058833155102310804 96
1694433919825 0.22454292958428132 97
1694433919892 0.12525161306796181 98
1694433919959 0.02924600411416082 99
1694433920027 0.0773990556582558 100
1694433920095 0.07324877439116094 101
1694433920162 0.008632869934332613 102
1694433920230 0.03779999973204152 103
1694433920297 0.01354315696656707 104
1694433920366 0.013454723375729687 105
1694433920432 0.21615182912002 106
1694433920501 1.2324857297373456e-06 107
1694433920568 0.010686254317378718 108
1694433920636 0.03863330891388599 109
1694433920704 0.02206385585527746 110
1694433920772 0.29564773132479893 111
1694433920843 0.02592639103125831 112
1694433920911 0.01683075279522469 113
1694433920980 0.0019579080165879567 114
1694433921048 0.28746770537380173 115
1694433921117 0.01242300219132078 116
1694433921183 0.22995995398660302 117
1694433921250 0.002372909024361461 118
1694433921319 0.010687192774003961 119
1694433921388 0.02348321438714836 120
1694433921455 0.004053567481097938 121
1694433921522 0.0752826552600506 122
1694433921590 0.0034158052479167584 123
1694433921657 0.00925832517697581 124
1694433921725 0.09629894345225855 125
1694433921793 0.23854435436100738 126
1694433921861 0.5910692681444886 127
1694433921928 0.0007937218467619439 128
1694433921996 0.00470231456814217 129
1694433922063 0.028161111597233397 130
1694433922131 0.026088092255583083 131
1694433922198 0.12324805831639137 132
1694433922266 0.18711343434671965 133
1694433922334 0.036667207916753354 134
1694433922402 0.29631831090390975 135
1694433922471 0.1733569441096689 136
1694433922540 0.013554013422892417 137
1694433922609 0.009287082563868716 138
1694433922677 0.19045031014648464 139
1694433922744 0.1161474503804296 140
1694433922812 0.03279424296524475 141
1694433922880 0.3271435728213888 142
1694433922947 0.07149071942573831 143
1694433923016 0.14923749781739343 144
1694433923082 0.020248422745805388 145
1694433923150 0.1375636445435434 146
1694433923218 0.3468536012275546 147
1694433923286 0.02609341392955502 148
1694433923353 0.03526266373433356 149
1694433923421 0.13368174241592642 150
1694433923488 0.02422968152267617 151
1694433923555 0.14403592510366953 152
1694433923623 0.00276030831214606 153
1694433923691 0.02704751185674779 154
1694433923760 0.07579391071290516 155
1694433923827 0.03143755867912902 156
1694433923895 0.012789503174677773 157
1694433923963 0.08005403980663628 158
1694433924030 0.07031031787065567 159
1694433924098 0.01942977784138143 160
1694433924166 0.15502188082412566 161
1694433924235 0.033850774392513 162
1694433924301 0.05592881336505147 163
1694433924370 0.2530344870272353 164
1694433924437 0.002530104220195799 165
1694433924505 0.020866003485079877 166
1694433924573 0.2883480611521688 167
1694433924641 0.3518544378982133 168
1694433924708 0.02537070586688271 169
1694433924776 0.0587483260152499 170
1694433924846 0.06447278095791042 171
1694433924914 0.28688439043557334 172
1694433924983 0.007714883158543876 173
1694433925052 0.10113754166805254 174
1694433925120 0.13582587935318657 175
1694433925188 0.015522694927116257 176
1694433925256 0.020854153341629208 177
1694433925323 0.09014887575692328 178
1694433925390 0.09297724218572065 179
1694433925458 0.028204135263801642 180
1694433925526 0.0864181324063503 181
1694433925594 0.0889842254575451 182
1694433925663 0.2882933538673438 183
1694433925729 0.004555858430946503 184
1694433925797 0.11083098277922772 185
1694433925864 0.0042662666495945 186
1694433925934 0.0009844286213409692 187
1694433926002 0.002234292040315476 188
1694433926069 0.01775968368698287 189
1694433926136 0.03737475227154717 190
1694433926204 1.272365210449008 191
1694433926272 0.00464319659767186 192
1694433926340 0.07456811961223252 193
1694433926407 0.11105946530806643 194
1694433926476 0.003133773925875959 195
1694433926544 0.007000176754717633 196
1694433926611 0.3291655592731841 197
1694433926680 0.051612571436797754 198
1694433926748 0.03457619779046825 199
1694433926816 0.06558363580900341 200
1694433926884 0.48019779437085436 201
1694433926952 0.00020786718019548677 202
1694433927019 0.24169042134930843 203
1694433927088 0.787399212763911 204
1694433927156 0.05152790286049845 205
1694433927223 0.004736275314526359 206
1694433927291 0.12246789400266761 207
1694433927360 0.24240396539229053 208
1694433927427 0.0025165711406509982 209
1694433927495 0.0022003053655193193 210
1694433927563 0.003174730957111528 211
1694433927631 0.08844895295060146 212
1694433927700 0.015492512630347973 213
1694433927768 0.016004175703327655 214
1694433927837 0.09109094586363915 215
1694433927906 0.05776430812290087 216
1694433927973 0.0017143920988870927 217
1694433928040 0.2084911370499407 218
1694433928108 0.22369103219346445 219
1694433928177 0.002682067084761077 220
1694433928243 0.00012074539337532367 221
1694433928312 0.01992751769407823 222
1694433928379 0.04265851282535112 223
1694433928447 2.984371572669583e-06 224
1694433928515 0.11739279238746149 225
1694433928583 0.040713342197923566 226
1694433928650 0.012403202102828166 227
1694433928718 0.03860296279567973 228
1694433928785 0.0011644035371287836 229
1694433928853 0.14310088032453555 230
1694433928920 0.008985096683386616 231
1694433928988 0.011430631666679432 232
1694433929056 0.0007274778127154422 233
1694433929123 0.10836522745980724 234
1694433929190 0.0013423726688074095 235
1694433929258 0.04316052618605774 236
1694433929327 0.03398285951487944 237
1694433929395 0.0034155312401809223 238
1694433929462 0.01120481374663602 239
1694433929528 0.14844406252259484 240
1694433929597 0.014473825235478086 241
1694433929664 0.22489679830268838 242
1694433929731 0.003562589499626569 243
1694433929799 0.00014851621949149517 244
1694433929866 0.9408015639434054 245
1694433929935 0.0004471946784865418 246
1694433930003 0.020841079278480786 247
1694433930069 0.0762950245029743 248
1694433930137 0.42416150881132775 249
1694433930205 0.1611209450458035 250
1694433930272 0.2044730650709759 251
1694433930340 0.11830782938711717 252
1694433930408 0.11369047631230147 253
1694433930476 0.07580100373827017 254
1694433930543 0.12916929069482633 255
1694433930612 0.08192708598479266 256
1694433930680 0.00013461984935363074 257
1694433930747 0.0038804466429350785 258
1694433930816 0.0871526218138816 259
1694433930884 7.366512558235291e-05 260
1694433930952 0.4298666856167309 261
1694433931020 0.33083874269387553 262
1694433931088 0.2624900347732107 263
1694433931156 0.18048665681011358 264
1694433931225 0.0066208284573723054 265
1694433931292 0.024885530733353374 266
1694433931361 0.3997609548796015 267
1694433931431 0.026846848403772217 268
1694433931499 0.00034073310624946356 269
1694433931567 0.03710786656558818 270
1694433931637 0.021810680515206727 271
1694433931704 0.03308997896157982 272
1694433931772 0.010372602893645362 273
1694433931840 0.24022594160936 274
1694433931909 0.14555533321252279 275
1694433931976 0.11539498678881788 276
1694433932045 0.3864770738180933 277
1694433932112 0.0018811671959631398 278
1694433932181 0.7561097089860174 279
1694433932248 0.04906356116981949 280
1694433932316 0.10063963362034145 281
1694433932383 0.38742623375254237 282
1694433932451 1.0860569552941317 283
1694433932518 0.1390698403426983 284
1694433932586 0.04793342660271969 285
1694433932654 0.022923531841356953 286
1694433932722 0.046099041725266084 287
1694433932789 0.043299909565822 288
1694433932857 0.1605886336079599 289
1694433932924 0.034401359108194425 290
1694433932993 0.0003860008916233113 291
1694433933061 0.01133209563608554 292
1694433933128 0.003946293539064657 293
1694433933195 0.4947033750610426 294
1694433933264 0.20421526591736655 295
1694433933331 0.013026976941969854 296
1694433933398 0.01368810036021705 297
1694433933465 0.00013883257993442665 298
1694433933533 0.15940307799351275 299
1694433933601 0.018942956095287965 300
1694433933669 0.14599855000534503 301
1694433933737 3.915401611473093e-05 302
1694433933805 0.010304533656088178 303
1694433933872 0.09753799878403797 304
1694433933940 0.10525287682594421 305
1694433934006 0.04654582534434346 306
1694433934074 0.12465271148184177 307
1694433934142 0.0005529316054708178 308
1694433934210 0.21322128984529867 309
1694433934278 0.012897211601343736 310
1694433934347 0.019845022324821462 311
1694433934417 0.06439414487722986 312
1694433934485 0.2682425744559022 313
1694433934552 0.10846618803902558 314
1694433934619 0.025671671459326858 315
1694433934688 0.17551261772889043 316
1694433934755 0.05441762854221408 317
1694433934823 0.10145801928315996 318
1694433934890 0.005025284068166793 319
1694433934958 0.005368163962963017 320
1694433935026 0.17269891264453363 321
1694433935093 0.1337887133517139 322
1694433935161 0.1031969460391685 323
1694433935228 0.0007920912010402929 324
1694433935297 0.005675914518153424 325
1694433935366 0.002782349397148432 326
1694433935434 0.003008686698284303 327
1694433935502 0.1623102121829574 328
1694433935571 0.07765459775172111 329
1694433935638 0.1435031076207601 330
1694433935707 0.0035601429328470384 331
1694433935775 0.07089918899766685 332
1694433935842 0.02697934780785472 333
1694433935911 0.3142222268202774 334
1694433935978 0.01707013562702708 335
1694433936047 0.013787918109277573 336
1694433936115 0.26027027184669427 337
1694433936182 0.3645020614771048 338
1694433936251 0.09906795565437425 339
1694433936319 0.07651218804249614 340
1694433936387 0.16441404374250448 341
1694433936455 0.6956195429802449 342
1694433936522 0.0007317061349775696 343
1694433936590 0.165468218183087 344
1694433936658 0.14048134161753315 345
1694433936725 0.0015151107794836723 346
1694433936793 0.5551000270505916 347
1694433936861 0.00023958484642637375 348
1694433936929 7.851267360913517e-05 349
1694433936997 0.004624152029856615 350
1694433937065 0.015084935618585513 351
1694433937133 9.303256433737658e-05 352
1694433937200 2.5729868598000912e-05 353
1694433937269 0.16081735693503854 354
1694433937337 0.08739390482520458 355
1694433937404 0.217658260668911 356
1694433937472 0.005353624086793578 357
1694433937541 0.0009528648028756072 358
1694433937609 0.0028406537842076435 359
1694433937676 0.01679488334516883 360
1694433937745 0.0018616661739603948 361
1694433937813 0.006039908774081236 362
1694433937882 0.008881133407566926 363
1694433937949 0.05341817263554103 364
1694433938019 0.047231888088705966 365
1694433938087 0.04543669635364944 366
1694433938154 0.21712855906037143 367
1694433938222 0.0025676446748031617 368
1694433938290 0.11543452794624698 369
1694433938358 0.05153955703412161 370
1694433938425 0.05950621027440347 371
1694433938493 0.05825934868742351 372
1694433938561 0.07250597473950855 373
1694433938629 0.040109511918117735 374
1694433938697 0.0053670051201475865 375
1694433938764 0.012154758942731722 376
1694433938832 0.024373135671197928 377
1694433938900 0.07709260374560466 378
1694433938968 0.014593853482342064 379
1694433939035 0.014909743218700876 380
1694433939105 0.038628719420440605 381
1694433939172 0.0924932189112425 382
1694433939239 0.010533381328675762 383
1694433939307 0.005090536887466879 384
1694433939375 0.02087870908681528 385
1694433939442 0.346749370763493 386
1694433939510 0.0726258698114356 387
1694433939578 0.05549402319899742 388
1694433939646 0.0036889804906425493 389
1694433939714 0.10304529527553474 390
1694433939782 0.05287629349035587 391
1694433939849 0.17411664480333294 392
1694433939916 0.2976969962474326 393
1694433939984 0.0848412861699018 394
1694433940051 0.22379306551615516 395
1694433940121 0.0034345814618046235 396
1694433940188 0.0006835812273974814 397
1694433940256 0.7556236219439582 398
1694433940324 0.00012614714945274972 399
1694433940391 0.07415801908409508 400
1694433940459 0.0007747177932173982 401
1694433940527 0.2638059132994777 402
1694433940595 0.10017669579257059 403
1694433940664 0.6756249476880312 404
1694433940731 0.1373981756579237 405
1694433940799 0.35954796141343254 406
1694433940867 0.011457779790388397 407
1694433940934 0.02196172076991466 408
1694433941002 0.0014610362518708783 409
1694433941070 0.00289283355182213 410
1694433941138 0.7933574031523307 411
1694433941207 0.09531039062769321 412
1694433941275 0.0002184784616545037 413
1694433941343 0.09286898771699605 414
1694433941412 0.11762460294327191 415
1694433941479 0.01107726105806344 416
1694433941546 0.026051086578123522 417
1694433941615 0.10316990386199204 418
1694433941682 0.04283147122071476 419
1694433941750 0.020807838674688318 420
1694433941818 0.021850696973724146 421
1694433941886 0.3268341950541747 422
1694433941954 0.06268385122594822 423
1694433942021 0.00012691717221399265 424
1694433942091 0.019569505720125252 425
1694433942160 0.02159432982850155 426
1694433942227 6.695605847107374e-05 427
1694433942297 0.04843168261503502 428
1694433942365 0.0824367667592005 429
1694433942432 0.0035977365085868335 430
1694433942501 0.17068554341034342 431
1694433942568 0.43193860816316887 432
1694433942636 0.0158430514215326 433
1694433942705 0.19955876527807376 434
1694433942773 0.05549435037472683 435
1694433942842 0.557395994696282 436
1694433942909 0.13870547654633747 437
1694433942978 0.10517601397746429 438
1694433943046 0.03773655322903828 439
1694433943115 0.003265491214916511 440
1694433943183 0.0045701917110874445 441
1694433943250 0.04847118648646106 442
1694433943317 0.0037552498035325755 443
1694433943386 0.0884180834565765 444
1694433943453 0.011485484182659848 445
1694433943521 0.004319297575264411 446
1694433943588 0.7508653473903318 447
1694433943657 0.06892402215889919 448
1694433943724 0.125785731144857 449
1694433943792 0.16919471125075627 450
1694433943861 0.02634019643179263 451
1694433943928 0.007288533942968524 452
1694433943996 0.021572939292964763 453
1694433944064 0.010436605445312348 454
1694433944131 0.03740107694209845 455
1694433944198 0.011260198892566404 456
1694433944266 0.06119010139883194 457
1694433944334 0.11324443697479206 458
1694433944401 0.05947196377172544 459
1694433944468 0.17006324176038445 460
1694433944537 0.27179468454160133 461
1694433944604 0.003221246122815915 462
1694433944674 0.07394722436844275 463
1694433944742 0.11466421968677752 464
1694433944809 0.3703510827663157 465
1694433944877 0.004320621747830736 466
1694433944945 0.07411453832563976 467
1694433945014 0.0019052901632782935 468
1694433945082 0.6169174690258935 469
1694433945150 0.43096129040132497 470
1694433945217 0.007079304321734711 471
1694433945285 0.6293326526581078 472
1694433945354 0.044703256360975045 473
1694433945430 0.002407363384906904 474
1694433945500 0.06618651568663339 475
1694433945568 0.09350119426399249 476
1694433945636 0.0016530299506483342 477
1694433945704 0.1597819854900724 478
1694433945773 0.0467810238192116 479
1694433945841 0.0005547124178421717 480
1694433945909 0.023253096688595973 481
1694433945977 0.0015834694542915604 482
1694433946045 8.359865037407174e-05 483
1694433946116 0.5706765950547704 484
1694433946189 0.2678390536312036 485
1694433946257 0.06446175517613163 486
1694433946325 0.2892656017689237 487
1694433946394 0.0031739104899444035 488
1694433946462 0.002401011460812976 489
1694433946531 0.4918797502857296 490
1694433946599 0.0037893818069499015 491
1694433946666 0.045580932307090365 492
1694433946734 0.04003366044471953 493
1694433946802 0.023501434484913736 494
1694433946869 0.08267156343400638 495
1694433946938 0.015579005936542305 496
1694433947005 0.18932185949238323 497
1694433947074 0.12413093767403831 498
1694433947141 0.0009768077030628934 499
