1694432872864 146.8035302763426 0
1694432872884 136.44378109554356 1
1694432872903 119.3931429241281 2
1694432872922 93.6555770021871 3
1694432872943 81.66046140930187 4
1694432872963 75.37646033638438 5
1694432872983 66.70527658260472 6
1694432873003 62.478496083910564 7
1694432873023 51.78589423388894 8
1694432873043 44.11830056001863 9
1694432873063 40.88361808705065 10
1694432873082 35.09855413767442 11
1694432873101 34.06647983284357 12
1694432873123 26.892410335827833 13
1694432873140 25.82539932195623 14
1694432873157 20.37275362311664 15
1694432873174 17.844466766449152 16
1694432873192 17.955100549092094 17
1694432873212 13.345240770357421 18
1694432873230 11.773312378938451 19
1694432873247 11.951080340075663 20
1694432873263 9.973651942972898 21
1694432873281 8.18880558884395 22
1694432873300 8.055096927472285 23
1694432873319 5.622398075804298 24
1694432873336 5.92743472502747 25
1694432873352 5.37790617307561 26
1694432873369 5.110303493292654 27
1694432873388 4.110720186253913 28
1694432873405 2.917069233031611 29
1694432873423 3.012040917260915 30
1694432873440 2.7814217563047605 31
1694432873458 2.303516514174415 32
1694432873475 2.0745031060688612 33
1694432873492 1.4219992811439488 34
1694432873509 1.738226473558308 35
1694432873526 1.635614844213803 36
1694432873544 1.6509270572020693 37
1694432873562 1.311597923993762 38
1694432873579 0.8784222686754478 39
1694432873596 0.9853540657044365 40
1694432873613 1.0596383760987023 41
1694432873630 0.8366397462782947 42
1694432873647 0.7885120881639297 43
1694432873664 0.8609130384762483 44
1694432873681 0.49516471717420396 45
1694432873698 0.5918603984486965 46
1694432873716 0.5471189238068691 47
1694432873734 0.4316785978379228 48
1694432873752 0.36428282704452525 49
1694432873768 0.2910775193751419 50
1694432873786 0.24610894047297066 51
1694432873807 0.24118188296054083 52
1694432873828 0.22671481481637662 53
1694432873845 0.32550171058248895 54
1694432873862 0.23633454180587304 55
1694432873880 0.2794108753781837 56
1694432873896 0.17818916959697365 57
1694432873914 0.24793778401993083 58
1694432873930 0.22627124058113038 59
1694432873947 0.08256988433761983 60
1694432873965 0.20844641865489819 61
1694432873982 0.18896490466146756 62
1694432874002 0.14659493154200876 63
1694432874019 0.17128314830676392 64
1694432874038 0.2699861426273072 65
1694432874055 0.09641893951627456 66
1694432874072 0.07051732172915805 67
1694432874090 0.07575489209825947 68
1694432874108 0.13442349384488134 69
1694432874126 0.17970960024731425 70
1694432874142 0.10932263969175546 71
1694432874160 0.2656077535238462 72
1694432874177 0.11353667582359608 73
1694432874194 0.11905636886661132 74
1694432874211 0.10510792349473523 75
1694432874229 0.13965847338954154 76
1694432874246 0.04996707004940337 77
1694432874263 0.15468315237934063 78
1694432874280 0.08489850439653435 79
1694432874298 0.24409963924416295 80
1694432874315 0.09780036324016346 81
1694432874333 0.1545464176079794 82
1694432874350 0.12325935848104162 83
1694432874367 0.0723410170690024 84
1694432874385 0.12817308656369206 85
1694432874401 0.0591672076041546 86
1694432874418 0.04968430303655909 87
1694432874436 0.10144393054862424 88
1694432874453 0.14524274366502282 89
1694432874470 0.12518664552519834 90
1694432874488 0.15638747057241595 91
1694432874505 0.16380038487156737 92
1694432874522 0.1824142790145419 93
1694432874540 0.05128138603557446 94
1694432874557 0.2022774518412198 95
1694432874573 0.07296459289386234 96
1694432874592 0.1596194150809495 97
1694432874611 0.037973793626433924 98
1694432874628 0.23641587824242521 99
1694432874646 0.06965268695318583 100
1694432874663 0.22289669073374657 101
1694432874679 0.10538754178913547 102
1694432874697 0.06785443574335397 103
1694432874714 0.06916372033673904 104
1694432874731 0.16762515190251245 105
1694432874748 0.09312759524721673 106
1694432874765 0.1063812804932707 107
1694432874782 0.11221766318256039 108
1694432874801 0.049232024697494554 109
1694432874818 0.12357528478393322 110
1694432874835 0.08310272585211452 111
1694432874852 0.12380523076188192 112
1694432874869 0.1443772196752979 113
1694432874887 0.10893120927360757 114
1694432874904 0.13337938838840682 115
1694432874920 0.19830147777408838 116
1694432874938 0.06128119675293868 117
1694432874956 0.0727993673115404 118
1694432874972 0.14031976396996776 119
1694432874990 0.12577745320990835 120
1694432875008 0.11273623271452639 121
1694432875026 0.04439276441022948 122
1694432875044 0.0919286388140913 123
1694432875061 0.07155004678116064 124
1694432875078 0.1219727469877441 125
1694432875096 0.06881376506964136 126
1694432875113 0.09154590925038983 127
1694432875131 0.10772467585276978 128
1694432875148 0.13726225119486837 129
1694432875165 0.052783773596400775 130
1694432875183 0.12359626600347437 131
1694432875202 0.17959816319250468 132
1694432875221 0.046102806524199756 133
1694432875240 0.1633968805549433 134
1694432875257 0.08849150462962582 135
1694432875275 0.10325343766547154 136
1694432875294 0.2049685116204122 137
1694432875312 0.08152947921141276 138
1694432875329 0.08190168208582481 139
1694432875347 0.19200746768603313 140
1694432875364 0.06636786181719628 141
1694432875381 0.10425632367752487 142
1694432875398 0.058437718189571684 143
1694432875415 0.07280868595483012 144
1694432875432 0.229235298585498 145
1694432875449 0.05582894514900709 146
1694432875466 0.13164883915217154 147
1694432875484 0.13501453725439824 148
1694432875501 0.08078523923722317 149
1694432875518 0.042784666921302804 150
1694432875535 0.12726371904410425 151
1694432875553 0.0729398037356921 152
1694432875570 0.11472313007921423 153
1694432875588 0.12805832879877146 154
1694432875605 0.088096884150568 155
1694432875622 0.08056412248865798 156
1694432875639 0.2291574738083959 157
1694432875656 0.04983750807654649 158
1694432875672 0.08998034894457152 159
1694432875690 0.09063630747715733 160
1694432875708 0.15929101036850019 161
1694432875725 0.11043178824129264 162
1694432875743 0.1626542475289372 163
1694432875760 0.065202112852813 164
1694432875777 0.14506715396143685 165
1694432875796 0.0442083417735165 166
1694432875813 0.17567287222269415 167
1694432875831 0.0690106329512646 168
1694432875849 0.13178241492170809 169
1694432875866 0.06745018048962541 170
1694432875884 0.15497736614930818 171
1694432875901 0.10156156571514331 172
1694432875917 0.06041458893497881 173
1694432875935 0.06628606092423582 174
1694432875952 0.06000147976707849 175
1694432875969 0.10952283213485917 176
1694432875986 0.12204735217075065 177
1694432876004 0.13826898520682762 178
1694432876021 0.13290777499631795 179
1694432876039 0.27176377802527063 180
1694432876057 0.13569656985442102 181
1694432876073 0.12134685904167881 182
1694432876092 0.07624796569467598 183
1694432876109 0.13128614479805953 184
1694432876126 0.06553748952131694 185
1694432876144 0.0672786288767226 186
1694432876161 0.12446996053284246 187
1694432876177 0.16783325896218299 188
1694432876195 0.220402405740703 189
1694432876213 0.15466830551333163 190
1694432876230 0.08830932905049406 191
1694432876248 0.13371449874623592 192
1694432876265 0.1269727679524622 193
1694432876283 0.12454281057277164 194
1694432876301 0.19361080285060317 195
1694432876318 0.12308218530802544 196
1694432876335 0.05785411152934483 197
1694432876353 0.054725896329192746 198
1694432876370 0.11477341719973384 199
1694432876387 0.09822501899481964 200
1694432876405 0.12057247912228805 201
1694432876424 0.05945341870133363 202
1694432876442 0.1038009687396529 203
1694432876459 0.04696338560141416 204
1694432876476 0.12724758421964874 205
1694432876494 0.053439423890748856 206
1694432876510 0.12372060602328368 207
1694432876528 0.15594705009337126 208
1694432876546 0.07067949440026657 209
1694432876563 0.156571642895273 210
1694432876580 0.18261170842095062 211
1694432876598 0.045426232518800826 212
1694432876615 0.08101601978166668 213
1694432876633 0.11413682051381005 214
1694432876651 0.10608664852729972 215
1694432876667 0.08725038570434036 216
1694432876684 0.17504866724307297 217
1694432876703 0.19808591556101898 218
1694432876719 0.07798042926028138 219
1694432876737 0.1355298026685237 220
1694432876754 0.07615732376443893 221
1694432876771 0.10865012356256719 222
1694432876789 0.11234183453104073 223
1694432876806 0.028834661330231357 224
1694432876824 0.07598536859481908 225
1694432876840 0.07956396436152326 226
1694432876859 0.13727772100410296 227
1694432876876 0.11083200030130527 228
1694432876893 0.2076643075839313 229
1694432876910 0.16672874878939936 230
1694432876926 0.17751016677358447 231
1694432876944 0.08604818132971355 232
1694432876962 0.18291139275295495 233
1694432876978 0.10502285063065019 234
1694432876997 0.06974541783121407 235
1694432877015 0.11311323379240446 236
1694432877032 0.11748605697174112 237
1694432877049 0.12042582578072322 238
1694432877067 0.12177867906339447 239
1694432877084 0.0795302977904844 240
1694432877101 0.13102794053735117 241
1694432877119 0.07993579048301473 242
1694432877136 0.052991100002475 243
1694432877153 0.12557431035227923 244
1694432877170 0.1476839107143803 245
1694432877188 0.10369507547693728 246
1694432877205 0.06579664866263168 247
1694432877222 0.06707017273989653 248
1694432877239 0.05806562568081731 249
1694432877257 0.11295109386011729 250
1694432877274 0.08213431085826252 251
1694432877291 0.05964073586865611 252
1694432877308 0.11269105022822179 253
1694432877326 0.04805817768465463 254
1694432877343 0.09163636571486529 255
1694432877361 0.13669419836252641 256
1694432877378 0.060614753845685175 257
1694432877395 0.04261484303953448 258
1694432877413 0.17042032372061183 259
1694432877429 0.03959902113536879 260
1694432877446 0.10854343873420166 261
1694432877464 0.13956484744982486 262
1694432877481 0.10241358698839931 263
1694432877499 0.09415239802653393 264
1694432877516 0.13446830088857337 265
1694432877533 0.15904838425550002 266
1694432877550 0.05722764924598275 267
1694432877568 0.06499017910777521 268
1694432877584 0.0589139911273483 269
1694432877602 0.06222529317647964 270
1694432877621 0.09061932650893194 271
1694432877638 0.14697889618772958 272
1694432877655 0.038887432873364026 273
1694432877673 0.10233528465430362 274
1694432877690 0.10185631536968873 275
1694432877707 0.09696651977359913 276
1694432877724 0.1354200757809279 277
1694432877741 0.07614375629012429 278
1694432877759 0.14501240324239406 279
1694432877777 0.07205936773788478 280
1694432877795 0.0961032255152781 281
1694432877812 0.12352267229869814 282
1694432877829 0.10010450324280695 283
1694432877846 0.10631870586700534 284
1694432877863 0.1422436758774635 285
1694432877881 0.171442799326313 286
1694432877899 0.15849509123978409 287
1694432877916 0.08517204660775705 288
1694432877934 0.13575192433788355 289
1694432877952 0.07363446713240239 290
1694432877970 0.10410242702434289 291
1694432877987 0.10121874336396468 292
1694432878005 0.10501825864606665 293
1694432878022 0.10854075714448967 294
1694432878039 0.1349824466384477 295
1694432878056 0.06668145108547278 296
1694432878074 0.0809263254558447 297
1694432878092 0.11203387996699357 298
1694432878109 0.050980587068240664 299
1694432878126 0.16230243736126776 300
1694432878142 0.08223993556957962 301
1694432878159 0.08388741437858109 302
1694432878177 0.08892728929709869 303
1694432878196 0.19126602439959947 304
1694432878213 0.10783725456303096 305
1694432878231 0.07607340442743413 306
1694432878249 0.1725070939184558 307
1694432878266 0.08351782608844169 308
1694432878283 0.10144772666197921 309
1694432878300 0.10027247991052554 310
1694432878318 0.059029742004994876 311
1694432878336 0.22284599659231558 312
1694432878353 0.13690884135370135 313
1694432878370 0.1513846613035247 314
1694432878387 0.11658037910239163 315
1694432878405 0.07618630844857087 316
1694432878423 0.08961248375758525 317
1694432878441 0.10795003802268088 318
1694432878458 0.1349681784100187 319
1694432878475 0.12106605014150236 320
1694432878493 0.15943299236974415 321
1694432878509 0.18439325961331507 322
1694432878527 0.2324774323490135 323
1694432878544 0.19997442846489868 324
1694432878561 0.061139583418661034 325
1694432878578 0.2871086835808076 326
1694432878596 0.07427095297150318 327
1694432878613 0.10881656836141566 328
1694432878630 0.0628899209022108 329
1694432878647 0.12065872352460963 330
1694432878664 0.11010148058763954 331
1694432878682 0.18121790311816355 332
1694432878700 0.07620159961536509 333
1694432878717 0.14377962218557236 334
1694432878733 0.10324447986652185 335
1694432878751 0.1501629689830594 336
1694432878769 0.14714521793986274 337
1694432878789 0.3749267999272449 338
1694432878809 0.10822614464771325 339
1694432878826 0.07967676827426132 340
1694432878844 0.07255395987353377 341
1694432878861 0.03524861044273015 342
1694432878878 0.13322474888136077 343
1694432878897 0.1912044920213217 344
1694432878913 0.13555458980072263 345
1694432878930 0.02306152998464087 346
1694432878947 0.07220937908066438 347
1694432878964 0.09399162938210802 348
1694432878982 0.15762544003650875 349
1694432879000 0.04980224491356137 350
1694432879016 0.103725655463601 351
1694432879034 0.07764917750207688 352
1694432879050 0.1302661930302629 353
1694432879068 0.11747027852784789 354
1694432879086 0.12175560117207263 355
1694432879104 0.08100162562562997 356
1694432879120 0.09275162789852606 357
1694432879137 0.07698708990638044 358
1694432879154 0.19125912882104082 359
1694432879172 0.11497646041906916 360
1694432879189 0.16653365764746092 361
1694432879207 0.2814438002417138 362
1694432879224 0.09312568588638313 363
1694432879241 0.045765875390287404 364
1694432879257 0.1316675212084715 365
1694432879274 0.060325120267197344 366
1694432879293 0.06921289771242994 367
1694432879308 0.14562611548521207 368
1694432879325 0.11315268230094931 369
1694432879343 0.06028174290879904 370
1694432879360 0.11514229697558044 371
1694432879378 0.11073020630653162 372
1694432879395 0.10692093209341669 373
1694432879414 0.09923128387477063 374
1694432879432 0.11600109635929909 375
1694432879448 0.05124700184943588 376
1694432879465 0.11944748241707989 377
1694432879482 0.08024903064018982 378
1694432879500 0.08595309624937887 379
1694432879518 0.08384654567830875 380
1694432879536 0.050445150448115796 381
1694432879552 0.10722260141987075 382
1694432879570 0.14975811247496146 383
1694432879587 0.03530470375185532 384
1694432879605 0.055493740200146476 385
1694432879622 0.06435699160128207 386
1694432879640 0.1227833793895606 387
1694432879657 0.029345896946609547 388
1694432879674 0.11977479139677394 389
1694432879692 0.07401658017952796 390
1694432879708 0.09854656901793665 391
1694432879726 0.09942483884949997 392
1694432879743 0.1253787440924134 393
1694432879759 0.23760288144834024 394
1694432879777 0.07498435930653072 395
1694432879795 0.09860772677120573 396
1694432879812 0.1364615048609361 397
1694432879829 0.14843874089808334 398
1694432879846 0.13121655079408914 399
1694432879862 0.20528527856819453 400
1694432879880 0.15835630066517692 401
1694432879897 0.11303819595467414 402
1694432879913 0.16890447219110563 403
1694432879931 0.05636479983589092 404
1694432879949 0.12476703668172404 405
1694432879965 0.11420222265050495 406
1694432879982 0.10714962940937675 407
1694432880001 0.08403622943111073 408
1694432880020 0.08606312058892326 409
1694432880038 0.05464500279097368 410
1694432880056 0.18011674417087686 411
1694432880074 0.13921658104371432 412
1694432880092 0.13023445504134737 413
1694432880110 0.04630425774769158 414
1694432880128 0.3446823025455935 415
1694432880145 0.10073415992296195 416
1694432880162 0.12410461910105239 417
1694432880180 0.06327438960920014 418
1694432880198 0.09478891354235967 419
1694432880214 0.20453013489870697 420
1694432880232 0.16313753523525706 421
1694432880248 0.1405073731397251 422
1694432880265 0.0931847482433988 423
1694432880283 0.11493628893327046 424
1694432880301 0.12622526669113318 425
1694432880318 0.14111068231877524 426
1694432880335 0.1188645087638387 427
1694432880352 0.09527517831738015 428
1694432880369 0.07884227717006996 429
1694432880387 0.07754224320377033 430
1694432880404 0.12601061627430746 431
1694432880422 0.09028606627748068 432
1694432880438 0.08283155304825149 433
1694432880455 0.05639782227474731 434
1694432880472 0.07615639708486775 435
1694432880489 0.11204101174109764 436
1694432880506 0.1241775015858261 437
1694432880524 0.08614803716629453 438
1694432880541 0.10583186750580653 439
1694432880558 0.16970841393395988 440
1694432880574 0.10506735976833617 441
1694432880593 0.04288557367025324 442
1694432880611 0.07334467474061489 443
1694432880628 0.09079519792601662 444
1694432880645 0.13708522248286484 445
1694432880662 0.09084792593528904 446
1694432880678 0.09266664501292013 447
1694432880696 0.0801194169953857 448
1694432880714 0.05884308835326163 449
1694432880731 0.2479212371481648 450
1694432880747 0.14066248844712034 451
1694432880765 0.0859813589962558 452
1694432880782 0.11210604698774747 453
1694432880801 0.09851619381115036 454
1694432880818 0.11663548685371454 455
1694432880835 0.19218944379485328 456
1694432880852 0.05266448254620153 457
1694432880869 0.12068713836037014 458
1694432880887 0.14980106892884335 459
1694432880905 0.06750662808890416 460
1694432880921 0.029739549504557445 461
1694432880938 0.349477676744509 462
1694432880955 0.10950548713000281 463
1694432880971 0.031628735501164 464
1694432880989 0.06363718788613511 465
1694432881006 0.11094304700592683 466
1694432881024 0.04855722238566995 467
1694432881041 0.05833163913062308 468
1694432881058 0.08712839447863566 469
1694432881074 0.19260140236097226 470
1694432881092 0.07524408518124992 471
1694432881109 0.16049826465301817 472
1694432881126 0.1423775014270291 473
1694432881143 0.17686810340704534 474
1694432881159 0.06954161076050237 475
1694432881178 0.14841479817074205 476
1694432881197 0.22542900880793243 477
1694432881214 0.08519449603646449 478
1694432881232 0.1294686507228994 479
1694432881248 0.07537879546369382 480
1694432881265 0.10261946124912581 481
1694432881282 0.0750414411316368 482
1694432881300 0.04496563201885284 483
1694432881316 0.15161570268234664 484
1694432881334 0.12075476426624854 485
1694432881351 0.11118551328072916 486
1694432881368 0.10961211723589867 487
1694432881386 0.15452123144662533 488
1694432881402 0.13207005235755812 489
1694432881420 0.10788931112625114 490
1694432881437 0.0672609648669091 491
1694432881454 0.03579620523480758 492
1694432881471 0.06482578369019605 493
1694432881489 0.051819603409949164 494
1694432881506 0.12136091639877618 495
1694432881523 0.15716718312323621 496
1694432881540 0.08069950654354074 497
1694432881556 0.055378976839201156 498
1694432881574 0.10823661248033788 499
