1694428342800 155.7364151386018 0
1694428342866 188.44886631318602 1
1694428342938 162.008986142678 2
1694428343019 168.67279474656115 3
1694428343089 186.63608535819864 4
1694428343155 161.48967571512304 5
1694428343221 164.03267422575092 6
1694428343288 172.18367010880095 7
1694428343353 158.96079049620002 8
1694428343421 164.69045679083555 9
1694428343487 159.98009992301414 10
1694428343554 162.4624974575322 11
1694428343619 166.2949375548704 12
1694428343686 155.7497260533775 13
1694428343752 173.2613077809222 14
1694428343817 177.66803188193103 15
1694428343884 166.6834320065593 16
1694428343949 174.76490945629615 17
1694428344029 176.29301645812288 18
1694428344095 158.9438476942389 19
1694428344161 164.2371303723851 20
1694428344226 179.2747401014436 21
1694428344292 178.79680603562718 22
1694428344357 164.88922045804685 23
1694428344424 198.44914640725827 24
1694428344489 181.1871960713905 25
1694428344555 162.94306608852597 26
1694428344623 171.80287718411273 27
1694428344691 171.6679179094159 28
1694428344756 159.5096890927884 29
1694428344823 171.75983915316993 30
1694428344888 173.31903825374357 31
1694428344954 151.43749994802835 32
1694428345019 170.9526837248515 33
1694428345086 166.48630606868588 34
1694428345151 177.47625716566037 35
1694428345220 175.77838774388997 36
1694428345285 156.45036363273084 37
1694428345351 167.3787710933695 38
1694428345416 179.1824583058149 39
1694428345483 169.42602459406677 40
1694428345549 158.59958550149662 41
1694428345616 174.0141372881118 42
1694428345680 174.00901789497314 43
1694428345746 176.02972074685428 44
1694428345811 168.00948620103577 45
1694428345877 166.13474260142283 46
1694428345943 166.70768824616707 47
1694428346009 170.73939090525934 48
1694428346081 177.84449337388784 49
1694428346146 169.24417591400916 50
1694428346213 156.64522584013667 51
1694428346279 174.19812570196532 52
1694428346345 147.94557412138414 53
1694428346411 176.5216373917017 54
1694428346476 175.6312759601123 55
1694428346542 172.3350486178507 56
1694428346609 165.1713402271968 57
1694428346674 170.02738352246863 58
1694428346740 187.49570626300473 59
1694428346806 148.1229207718787 60
1694428346878 199.1946008310936 61
1694428346945 182.01052576254827 62
1694428347014 158.490124518161 63
1694428347082 169.48015275257768 64
1694428347148 164.81684633596072 65
1694428347215 170.52222318252112 66
1694428347281 164.62656373720338 67
1694428347348 181.5285346424681 68
1694428347413 201.7002695500255 69
1694428347479 176.0873550734109 70
1694428347545 161.17271918442276 71
1694428347612 149.90462610273275 72
1694428347677 179.01392053880033 73
1694428347742 166.30137641647863 74
1694428347809 179.28906691234292 75
1694428347875 142.95445591727014 76
1694428347942 189.31458829865588 77
1694428348008 175.11362795131308 78
1694428348073 163.10248863646692 79
1694428348138 167.77435090117646 80
1694428348205 179.31056533490528 81
1694428348270 168.02728921585023 82
1694428348336 152.40435292664156 83
1694428348401 171.22462713065286 84
1694428348468 158.43783333738676 85
1694428348534 169.899168456768 86
1694428348600 177.29812086797244 87
1694428348666 169.77346247308614 88
1694428348732 168.2878088909662 89
1694428348797 158.68845036602673 90
1694428348863 163.54082494060498 91
1694428348929 176.55585505947707 92
1694428348997 131.36438657381447 93
1694428349062 165.00470124846942 94
1694428349129 165.7895147283366 95
1694428349194 176.72372236939515 96
1694428349262 174.15091372156706 97
1694428349327 172.7673127242354 98
1694428349394 168.84545140067613 99
1694428349463 163.90144487084214 100
1694428349531 159.6640497804223 101
1694428349598 172.54192489817697 102
1694428349667 149.6489450919094 103
1694428349735 173.48103137883413 104
1694428349800 177.9563870173228 105
1694428349866 165.52905030230852 106
1694428349932 156.51116931622124 107
1694428349999 176.8861539281488 108
1694428350066 187.04747790696456 109
1694428350135 173.02750487049542 110
1694428350200 172.56943776211406 111
1694428350266 167.13840451156483 112
1694428350332 161.42300524347635 113
1694428350400 170.3821314035269 114
1694428350466 179.61995487406674 115
1694428350531 167.93519087708523 116
1694428350597 175.68402416149283 117
1694428350664 167.71633418563837 118
1694428350729 171.4689143781306 119
1694428350796 173.83591003054028 120
1694428350863 172.4851663180074 121
1694428350929 160.9333220336658 122
1694428350996 170.48793418044963 123
1694428351061 166.7322272285382 124
1694428351127 154.18205205445634 125
1694428351192 165.31832195307476 126
1694428351261 181.44815501110403 127
1694428351327 168.01449553935663 128
1694428351393 168.09561465530547 129
1694428351459 127.53600954439776 130
1694428351524 171.56601501582807 131
1694428351590 176.76334668204908 132
1694428351657 167.26753131909078 133
1694428351723 174.33942097360935 134
1694428351788 170.20206115841177 135
1694428351855 193.18522967150233 136
1694428351921 178.36426594221453 137
1694428351986 181.59769933193402 138
1694428352052 157.92832498574106 139
1694428352118 177.44451159400978 140
1694428352183 171.22651587491933 141
1694428352249 156.78505603670206 142
1694428352316 161.15075755286892 143
1694428352382 160.47764478211408 144
1694428352447 172.84093883652048 145
1694428352513 166.33436421019246 146
1694428352579 179.1517187712052 147
1694428352645 192.40507689331056 148
1694428352711 173.88167443905843 149
1694428352776 190.58033940888274 150
1694428352842 176.38892914784387 151
1694428352908 170.8862471512054 152
1694428352974 163.2797630649571 153
1694428353039 181.2004524692956 154
1694428353105 179.25356943244415 155
1694428353171 170.2253501527987 156
1694428353237 181.7164465786635 157
1694428353302 156.23955342160085 158
1694428353369 160.8969662000016 159
1694428353436 163.55677307296608 160
1694428353502 140.8498685425648 161
1694428353569 161.6059491857538 162
1694428353634 165.37329956427115 163
1694428353703 151.73378550989716 164
1694428353770 156.70640445244698 165
1694428353835 160.77770029156656 166
1694428353902 196.53669301159144 167
1694428353967 139.4946478764345 168
1694428354034 161.31861227099833 169
1694428354100 166.62752064512216 170
1694428354167 161.70956569284135 171
1694428354234 169.44663234084746 172
1694428354300 168.66438000094024 173
1694428354367 173.179985792299 174
1694428354432 164.07804460490493 175
1694428354499 170.34318143711783 176
1694428354564 174.1688393321558 177
1694428354632 162.90011982868816 178
1694428354699 167.91806544531093 179
1694428354764 168.3805896101428 180
1694428354830 158.01522977504723 181
1694428354895 176.50991428158972 182
1694428354961 166.2250078882697 183
1694428355027 179.01345839448834 184
1694428355093 176.3173229817428 185
1694428355159 157.23117102180922 186
1694428355226 171.7458116624878 187
1694428355291 162.58245423810268 188
1694428355358 156.3223109667087 189
1694428355423 172.67255961424564 190
1694428355490 166.0584147494473 191
1694428355556 164.25827193887358 192
1694428355622 164.55425295027834 193
1694428355688 163.36967211212243 194
1694428355754 192.54634645958487 195
1694428355820 161.58834359304447 196
1694428355888 179.58354788730412 197
1694428355956 163.34169033336482 198
1694428356022 167.35949940993987 199
1694428356088 180.46825984536892 200
1694428356153 168.37606709102718 201
1694428356220 168.78001212636192 202
1694428356286 170.72637358225214 203
1694428356352 172.8251376451147 204
1694428356417 174.51249591116795 205
1694428356496 164.50553664882221 206
1694428356562 170.06359392669268 207
1694428356628 168.01776357584365 208
1694428356693 160.49747718703597 209
1694428356760 170.592425946864 210
1694428356825 195.55261575179276 211
1694428356891 169.36513964496285 212
1694428356957 170.7972791304205 213
1694428357022 166.69903456226552 214
1694428357089 170.24790783625718 215
1694428357155 153.413796122975 216
1694428357222 162.18946881362484 217
1694428357290 178.67273296137574 218
1694428357355 163.89763440910778 219
1694428357422 152.38700895401664 220
1694428357488 171.69235837732026 221
1694428357554 173.17855322897816 222
1694428357620 191.2241104922568 223
1694428357685 185.46719205911478 224
1694428357752 173.56569498916576 225
1694428357818 152.7899753132206 226
1694428357884 153.96765083826796 227
1694428357951 179.81686024601316 228
1694428358017 185.0135817111823 229
1694428358082 166.8855823986753 230
1694428358148 171.79987003608468 231
1694428358214 169.74634053270472 232
1694428358279 190.895563092546 233
1694428358345 173.92599779160932 234
1694428358410 159.61026698527743 235
1694428358477 172.8016173561654 236
1694428358542 166.55806472477215 237
1694428358608 169.35415289869928 238
1694428358674 156.66111024490118 239
1694428358740 173.25774953038035 240
1694428358807 166.24116078567442 241
1694428358876 148.24377288228732 242
1694428358941 174.3513253476213 243
1694428359007 170.55604476923725 244
1694428359073 165.68976281874572 245
1694428359139 179.67176543718526 246
1694428359206 168.3618315598982 247
1694428359271 179.94686433421705 248
1694428359338 160.9520553641651 249
1694428359404 171.3382458635038 250
1694428359469 172.8246699259726 251
1694428359535 173.53400922327918 252
1694428359602 165.2884265268653 253
1694428359668 176.13706442211728 254
1694428359735 176.2124095080676 255
1694428359801 156.3751063478616 256
1694428359867 168.1379112401371 257
1694428359933 176.98679060258718 258
1694428359999 171.09556205747975 259
1694428360065 171.82582559407348 260
1694428360131 180.41169715719363 261
1694428360196 184.05462905664675 262
1694428360263 167.76536023100132 263
1694428360329 184.61543324290946 264
1694428360395 162.69841865132253 265
1694428360461 158.38931667736753 266
1694428360528 167.9186042546102 267
1694428360596 201.82576631148908 268
1694428360665 174.99391900754517 269
1694428360738 173.92040704724477 270
1694428360805 165.04695381946894 271
1694428360871 163.6488481898902 272
1694428360938 167.1161024752144 273
1694428361004 175.4894921673228 274
1694428361071 175.7283804655298 275
1694428361137 178.00876984880912 276
1694428361203 164.74001229717848 277
1694428361268 163.6725182408188 278
1694428361334 186.01457340586603 279
1694428361404 172.09128730515187 280
1694428361470 165.83742936644524 281
1694428361535 164.31372033389826 282
1694428361601 170.54005394792378 283
1694428361667 152.61012944292102 284
1694428361733 191.9132890551224 285
1694428361797 163.8869590611684 286
1694428361863 164.95717628094732 287
1694428361929 159.44102083785302 288
1694428361995 193.6909988363694 289
1694428362061 174.27221373105556 290
1694428362127 172.1486002384014 291
1694428362193 163.50543127029906 292
1694428362260 185.17949184072134 293
1694428362325 174.66558727523056 294
1694428362390 184.73796818235195 295
1694428362456 197.46423932230533 296
1694428362523 166.81499372874686 297
1694428362590 156.38849729440875 298
1694428362656 176.00349581157346 299
1694428362722 171.73169323969572 300
1694428362788 157.40742461143213 301
1694428362854 177.77722642357887 302
1694428362919 174.2713947212737 303
1694428362984 154.48817474238774 304
1694428363049 183.72307148097926 305
1694428363114 169.6532566093334 306
1694428363180 166.54265540689826 307
1694428363246 181.5941246864142 308
1694428363312 177.13388667235634 309
1694428363378 182.41839265795008 310
1694428363443 156.97150603689445 311
1694428363509 162.5866452246693 312
1694428363575 158.79516167824372 313
1694428363641 168.44716729814917 314
1694428363706 186.63161563718467 315
1694428363772 169.5466158894137 316
1694428363838 164.05346217246668 317
1694428363902 162.75885579555418 318
1694428363968 172.18898136754936 319
1694428364034 179.1462152740289 320
1694428364101 163.28314416853095 321
1694428364168 161.0948135329359 322
1694428364234 158.3417405267508 323
1694428364299 175.00420960475773 324
1694428364367 154.8200216582808 325
1694428364432 158.27070669449392 326
1694428364499 155.101905194256 327
1694428364564 179.75050456446533 328
1694428364631 170.26116523827352 329
1694428364696 156.23565284074826 330
1694428364762 156.95284668015393 331
1694428364828 171.38093086507115 332
1694428364893 161.86949874973163 333
1694428364961 186.95551711512692 334
1694428365027 189.522283308474 335
1694428365093 164.39495830850544 336
1694428365158 176.2028738537998 337
1694428365226 171.16777444572773 338
1694428365291 166.31598314814315 339
1694428365355 151.7379559527952 340
1694428365422 173.79202756692726 341
1694428365487 166.8508330662806 342
1694428365553 154.28158339323682 343
1694428365619 161.1165182082999 344
1694428365686 172.26051819448926 345
1694428365751 167.46304361361155 346
1694428365816 173.0680022850849 347
1694428365882 163.60187566800445 348
1694428365947 165.00593180188758 349
1694428366013 167.5363007116703 350
1694428366123 149.45926542423447 351
1694428366194 177.383358849868 352
1694428366261 172.73987002251525 353
1694428366328 172.25977444919477 354
1694428366396 169.43386296271999 355
1694428366464 159.33797064015425 356
1694428366530 164.1907084880145 357
1694428366598 165.75829918032755 358
1694428366664 177.38900573909683 359
1694428366731 174.72470698976605 360
1694428366801 171.43415829671616 361
1694428366870 169.0469281357866 362
1694428366938 160.79040510504072 363
1694428367004 173.26666588899607 364
1694428367070 167.7347117636936 365
1694428367136 159.02994670363472 366
1694428367202 154.5028716312689 367
1694428367270 162.35200082343263 368
1694428367339 186.7696149881879 369
1694428367405 153.92978902971612 370
1694428367472 154.18885425934255 371
1694428367538 158.99878302203743 372
1694428367603 151.17413942692917 373
1694428367669 159.72480775785002 374
1694428367736 135.2194517264524 375
1694428367803 193.81023024977037 376
1694428367869 166.57804057618324 377
1694428367936 166.314247252548 378
1694428368001 168.15410769225622 379
1694428368067 168.511803456147 380
1694428368133 188.60753384738115 381
1694428368199 183.49081903458543 382
1694428368265 156.9533929277395 383
1694428368331 168.66135561310668 384
1694428368396 167.72488263164828 385
1694428368462 196.612387509074 386
1694428368527 150.12856907222707 387
1694428368594 173.84336641229942 388
1694428368659 179.14332081278252 389
1694428368727 159.31773853091696 390
1694428368793 149.7398314790308 391
1694428368859 157.2919704230033 392
1694428368924 175.1546151842389 393
1694428368990 167.19134404443543 394
1694428369057 178.28463339891317 395
1694428369124 169.69241756080854 396
1694428369190 172.55851274394178 397
1694428369256 163.42053557777345 398
1694428369321 194.76449802363825 399
1694428369387 166.18718092699586 400
1694428369452 173.95359144356254 401
1694428369517 173.0658170699544 402
1694428369583 178.82252953705085 403
1694428369650 167.91447720694615 404
1694428369716 168.34427110231596 405
1694428369782 169.7388422375472 406
1694428369848 188.99166191390702 407
1694428369913 170.55229476571762 408
1694428369979 151.28942657735143 409
1694428370047 172.37036596652905 410
1694428370113 183.78977110105106 411
1694428370180 165.3344180590114 412
1694428370245 161.5898921647752 413
1694428370311 149.0196942221826 414
1694428370376 178.63170874635446 415
1694428370442 157.9861111335847 416
1694428370510 149.74308040536508 417
1694428370575 159.82996812089453 418
1694428370642 171.04093761467814 419
1694428370707 159.59392532862282 420
1694428370772 173.2456059566295 421
1694428370838 169.13262583220592 422
1694428370904 176.72175956260867 423
1694428370970 162.84739217614117 424
1694428371036 155.63200511340756 425
1694428371102 171.41553329822585 426
1694428371167 195.87407777136616 427
1694428371235 173.70687088227672 428
1694428371301 160.64154467283115 429
1694428371366 165.43823657054378 430
1694428371432 177.51752993989038 431
1694428371499 190.611200424239 432
1694428371564 171.47817160769995 433
1694428371631 148.3455179104016 434
1694428371695 178.95706287454647 435
1694428371761 172.62251843585074 436
1694428371826 171.2754347864459 437
1694428371893 158.10964468303882 438
1694428371959 173.45353333027379 439
1694428372024 168.39269174245646 440
1694428372091 173.843264642605 441
1694428372157 175.97264067080343 442
1694428372223 170.72038814681636 443
1694428372288 182.6344227833719 444
1694428372354 164.59642630591583 445
1694428372420 173.87276725202804 446
1694428372484 174.0438715367461 447
1694428372551 202.20192280716165 448
1694428372617 176.79846090280157 449
1694428372683 153.88482651242882 450
1694428372749 174.56828325468152 451
1694428372814 174.86524918507212 452
1694428372880 159.38472761514646 453
1694428372945 173.05440789320647 454
1694428373011 149.4726506836179 455
1694428373078 174.57489887033677 456
1694428373143 150.57020710014768 457
1694428373209 154.35917206717772 458
1694428373276 171.81600329716235 459
1694428373342 162.2739469794133 460
1694428373408 168.22523523635016 461
1694428373475 173.47879712187626 462
1694428373542 158.02422097459655 463
1694428373609 160.54724049713738 464
1694428373675 173.13098757830645 465
1694428373741 151.41455611133594 466
1694428373807 152.49222608329111 467
1694428373873 171.62407636498838 468
1694428373940 174.14995699444486 469
1694428374006 172.91085653336262 470
1694428374072 176.83364370688213 471
1694428374142 171.1022218326474 472
1694428374209 166.86624518867907 473
1694428374275 151.79873164025577 474
1694428374340 163.8066318146339 475
1694428374407 169.73654165235698 476
1694428374474 177.9882317071548 477
1694428374541 171.12951151722868 478
1694428374606 172.80471482625447 479
1694428374673 170.75926202114962 480
1694428374738 161.6220717421254 481
1694428374804 161.8508592387485 482
1694428374870 170.77855879501143 483
1694428374937 173.89565115034137 484
1694428375002 146.55719474889906 485
1694428375068 163.19142892455704 486
1694428375135 166.45572650220194 487
1694428375200 154.63426289368076 488
1694428375269 164.0057316031626 489
1694428375334 171.39636659577408 490
1694428375400 153.28898439641458 491
1694428375466 170.64585266502039 492
1694428375533 179.7131181537657 493
1694428375598 165.1847882030523 494
1694428375663 158.53624165943728 495
1694428375729 169.1168552984428 496
1694428375795 174.49913836132941 497
1694428375861 174.60530714851942 498
1694428375926 168.79503185333218 499
