1694438244242 83.38283556042414 0
1694438244310 33.79557793552315 1
1694438244382 17.366145822176904 2
1694438244450 12.369681927377776 3
1694438244521 5.35383080971731 4
1694438244590 2.846356085589575 5
1694438244657 2.3127064085093414 6
1694438244724 0.9804763032983793 7
1694438244791 0.6028049106381561 8
1694438244859 0.06235732550696295 9
1694438244926 0.03461324350720845 10
1694438244994 0.700428305131645 11
1694438245062 0.21792153763036418 12
1694438245129 0.10597089735153242 13
1694438245199 0.2338823375170673 14
1694438245268 0.15108069593903503 15
1694438245334 0.1658989367541816 16
1694438245404 0.09000761816357346 17
1694438245472 0.06480775272752766 18
1694438245539 0.17235515543010868 19
1694438245608 0.03973049943629308 20
1694438245676 0.052969201298163134 21
1694438245743 0.8109995029803588 22
1694438245812 0.015282485902539241 23
1694438245879 3.899258163818234e-05 24
1694438245946 0.004357087744339924 25
1694438246018 0.06366121585353338 26
1694438246086 0.08710340175997182 27
1694438246154 0.01622443472085595 28
1694438246221 0.17714459459639992 29
1694438246288 0.03073455884564476 30
1694438246355 0.04109996251397514 31
1694438246422 0.0005439716918160527 32
1694438246489 0.0019492781257654695 33
1694438246557 0.016043436766284218 34
1694438246624 0.04970732689433021 35
1694438246691 0.17930040919692403 36
1694438246758 0.004487251427474458 37
1694438246825 0.35074192492994405 38
1694438246893 0.7123455475515236 39
1694438246960 0.012364792483479294 40
1694438247028 0.4522401149794555 41
1694438247096 0.10572433973077267 42
1694438247163 0.10417023130325992 43
1694438247229 0.0007422866153288203 44
1694438247297 0.07565524916701026 45
1694438247365 0.011301986179397833 46
1694438247433 0.0038500666058331927 47
1694438247500 0.1417805363464563 48
1694438247567 0.006647986019424277 49
1694438247636 0.022803848044181493 50
1694438247703 0.14463575618487814 51
1694438247775 0.003581429537010294 52
1694438247841 0.18254913226685138 53
1694438247909 0.014527915624302534 54
1694438247977 0.0003638354639499112 55
1694438248044 0.004646863601183428 56
1694438248112 0.2058370435033255 57
1694438248179 1.5814654873206906e-05 58
1694438248247 0.11126686926263599 59
1694438248314 0.021225206236154884 60
1694438248382 0.07849411736914824 61
1694438248449 0.011929083256891397 62
1694438248515 0.007301327015192003 63
1694438248585 0.032198704026508734 64
1694438248652 0.0044227266837900455 65
1694438248718 0.05654512646067403 66
1694438248785 0.02761114390397885 67
1694438248852 0.004221324442793694 68
1694438248920 0.03239160888805652 69
1694438248989 0.01693400226237306 70
1694438249055 0.00421634904246461 71
1694438249124 4.052554067206766 72
1694438249191 0.024273293884030597 73
1694438249258 0.42178026620925346 74
1694438249324 0.05515628667787255 75
1694438249392 0.08855875738125883 76
1694438249460 0.036869743629211596 77
1694438249526 0.0011038099196595795 78
1694438249594 0.4476607638383644 79
1694438249661 0.034850644622374784 80
1694438249728 0.0102130848615295 81
1694438249795 0.005856209243250615 82
1694438249862 0.017478508971548946 83
1694438249929 0.0009845782335417858 84
1694438249995 0.050585953570161275 85
1694438250062 0.10716616855708788 86
1694438250130 0.12623885319528425 87
1694438250196 0.01469913785334613 88
1694438250263 0.07818709496117224 89
1694438250330 0.010899757604645486 90
1694438250398 0.0003979834781359737 91
1694438250465 0.716401540012631 92
1694438250532 0.04169717359464345 93
1694438250600 0.008810453239342275 94
1694438250667 0.0008681967098842977 95
1694438250733 0.26981271484644875 96
1694438250800 0.04493733838369655 97
1694438250867 0.0012414001075614748 98
1694438250935 0.2547658341268492 99
1694438251001 0.013532509844454308 100
1694438251068 0.002765957595592298 101
1694438251136 0.0998653075265202 102
1694438251203 0.08273229918916822 103
1694438251269 0.18945958915627933 104
1694438251337 0.06993795236542362 105
1694438251405 0.0056137781759165945 106
1694438251472 0.3518090991104894 107
1694438251538 0.0668999910154498 108
1694438251605 0.25308677072399155 109
1694438251672 0.21554575326432632 110
1694438251738 0.06949415074631482 111
1694438251805 0.0024340476813552838 112
1694438251873 0.041111703032081 113
1694438251941 0.0007012209097977772 114
1694438252009 0.021835865477557302 115
1694438252078 0.2862455818260791 116
1694438252145 0.00030755501448325584 117
1694438252212 0.00032112875983759286 118
1694438252279 0.6247639910390149 119
1694438252347 3.290107327790102e-05 120
1694438252414 0.11165880816261166 121
1694438252481 0.015367054436645343 122
1694438252548 0.03366679476369571 123
1694438252616 0.008439661810458724 124
1694438252682 0.6174591517259542 125
1694438252750 0.08509116338423169 126
1694438252816 0.014239641778022089 127
1694438252884 0.003839652393390059 128
1694438252952 0.040005052558149366 129
1694438253018 0.26593180073912076 130
1694438253085 0.6416433649562115 131
1694438253153 0.21939595357047276 132
1694438253220 0.002413552819596013 133
1694438253288 0.0034220677989986945 134
1694438253354 0.08397570663384975 135
1694438253421 0.3945125998549103 136
1694438253487 0.0848233859159421 137
1694438253554 0.03357645997418955 138
1694438253622 0.17230455520364998 139
1694438253690 0.08332712238419143 140
1694438253757 0.13834171461479478 141
1694438253824 0.0004018297535727326 142
1694438253893 0.06829775472063478 143
1694438253959 0.031184384058822734 144
1694438254026 0.030625893798773535 145
1694438254093 0.06284148452016976 146
1694438254160 0.021170262525322694 147
1694438254226 0.16310660929133858 148
1694438254293 0.0027203122349549833 149
1694438254360 0.37127884799011124 150
1694438254426 0.013645429117289696 151
1694438254498 0.15264485580294562 152
1694438254568 0.03982698934663201 153
1694438254634 0.0003801396172930021 154
1694438254701 0.04521782265927897 155
1694438254768 0.11087217001634839 156
1694438254834 0.030823689892607867 157
1694438254901 0.01888805349310595 158
1694438254968 0.06159465132396426 159
1694438255035 0.015065907600301711 160
1694438255102 0.017238424509786347 161
1694438255169 0.07045707092478506 162
1694438255236 0.02887349054559284 163
1694438255302 0.19611357660227066 164
1694438255370 0.004439770045413188 165
1694438255438 0.0381192974296582 166
1694438255506 0.0204581336704783 167
1694438255573 0.18560417917995692 168
1694438255639 0.006318505091314709 169
1694438255707 0.11090252902759068 170
1694438255774 0.017374176479949422 171
1694438255841 0.015895947686428557 172
1694438255907 0.03969814678849199 173
1694438255974 0.00024306021821414531 174
1694438256041 0.0003741505320933189 175
1694438256107 0.002886267014817517 176
1694438256174 0.05107772834769652 177
1694438256242 0.0953420302677595 178
1694438256309 0.22434783724490562 179
1694438256376 0.2004050561258437 180
1694438256444 0.06208685620432425 181
1694438256511 0.19951202824427314 182
1694438256577 0.001004653079453197 183
1694438256644 0.11358005737630486 184
1694438256711 0.00020605107707122504 185
1694438256779 0.021347505217292388 186
1694438256847 0.06482478717913963 187
1694438256913 0.00956463140736552 188
1694438256980 0.2102138514260664 189
1694438257047 0.014432273857985211 190
1694438257115 0.03635096980511597 191
1694438257182 0.03551332804564005 192
1694438257248 0.0006062493307774054 193
1694438257315 0.04513486810517995 194
1694438257382 0.010310134474358244 195
1694438257449 0.09028383264743924 196
1694438257516 0.0002443745573395293 197
1694438257583 0.20211616949169173 198
1694438257650 0.006230594545384627 199
1694438257716 0.004461600188301317 200
1694438257782 0.0059149930793039925 201
1694438257850 0.08216740975615275 202
1694438257917 0.005688517599834625 203
1694438257985 0.0025142877200219297 204
1694438258052 0.4472803116614562 205
1694438258118 0.00010360684118331343 206
1694438258184 0.4641551264216415 207
1694438258251 0.15043334012279014 208
1694438258319 0.10029700313344626 209
1694438258385 3.4218776270720597e-06 210
1694438258452 0.16672718776009782 211
1694438258519 0.008200927984343138 212
1694438258586 0.0049614686383511065 213
1694438258653 0.04818386882468668 214
1694438258719 0.1975162203960596 215
1694438258787 0.0361236987967797 216
1694438258854 0.047829927505297076 217
1694438258921 0.0369223290600622 218
1694438258987 0.0024057962652765117 219
1694438259054 0.10668609922514696 220
1694438259121 0.022650141033767335 221
1694438259189 0.011070138751327277 222
1694438259256 0.14142322052660208 223
1694438259323 0.5801500081107415 224
1694438259390 0.013644875383136947 225
1694438259457 0.0022485070675482906 226
1694438259525 0.0033804513263512035 227
1694438259591 0.09331069912028868 228
1694438259660 0.3439355007182376 229
1694438259727 0.0003403604523236567 230
1694438259793 0.0012944770341080177 231
1694438259860 0.08084401816203511 232
1694438259927 0.0028518386720251016 233
1694438259995 0.003635807652166371 234
1694438260061 0.06115994056338131 235
1694438260129 0.02373814949020982 236
1694438260195 0.11569862167079983 237
1694438260262 0.09960574001589978 238
1694438260329 0.11131210094762245 239
1694438260395 0.07267326003129071 240
1694438260462 0.00973423996415622 241
1694438260530 0.004019434888647627 242
1694438260597 0.4794008488004346 243
1694438260662 0.07824853219052384 244
1694438260729 0.06702298434655306 245
1694438260797 0.0007633978091375087 246
1694438260864 0.004023068512487547 247
1694438260933 0.39023957677525967 248
1694438261000 0.26826480645468126 249
1694438261067 0.025034418765458855 250
1694438261133 0.46692928447889775 251
1694438261199 0.003335760374745912 252
1694438261265 0.024912653282021285 253
1694438261332 0.05291131409966305 254
1694438261399 0.06166024161216358 255
1694438261465 0.20643861795310364 256
1694438261533 0.12016278707112228 257
1694438261600 0.009775022738228261 258
1694438261667 0.30904115127282866 259
1694438261733 0.01638911682445105 260
1694438261799 0.0040050991521945285 261
1694438261867 0.22477637635459935 262
1694438261935 0.11538568176652848 263
1694438262001 0.0022868923992005017 264
1694438262068 0.1924305341562489 265
1694438262135 0.09324231509236544 266
1694438262204 0.005599815995010971 267
1694438262272 0.02257141344567486 268
1694438262340 0.3455045225812204 269
1694438262407 0.002032388971526485 270
1694438262473 0.02323735149274467 271
1694438262539 0.044820422338427195 272
1694438262607 0.06296113071711266 273
1694438262674 0.00014043819658101926 274
1694438262742 0.005419990380328893 275
1694438262809 1.1399782764583595 276
1694438262876 0.090301390438363 277
1694438262943 0.0025569810524598874 278
1694438263010 0.18708155652353856 279
1694438263077 0.09378226977391078 280
1694438263145 0.031008471276878998 281
1694438263212 0.11565223020261968 282
1694438263279 1.397219902298162 283
1694438263346 0.12131469729235177 284
1694438263413 0.7092128932010456 285
1694438263480 0.6100728109790928 286
1694438263547 3.502124030266656e-05 287
1694438263613 0.0034138616546856107 288
1694438263680 0.006856553807244065 289
1694438263747 8.722994684590073e-05 290
1694438263813 0.38063111534134764 291
1694438263880 2.0243560958608613e-06 292
1694438263946 0.532586197589927 293
1694438264014 0.0015696718392400697 294
1694438264081 0.0005769950170720626 295
1694438264148 0.04674714727600935 296
1694438264216 0.5956511251094879 297
1694438264282 0.007365357260393765 298
1694438264348 0.07227385653058085 299
1694438264415 0.00045807905732401534 300
1694438264482 2.430863030408445e-05 301
1694438264552 0.004369874930529258 302
1694438264618 0.06056021586198482 303
1694438264685 0.7185554302134972 304
1694438264751 0.0003517206950755357 305
1694438264818 0.1019783477142885 306
1694438264886 0.07277212017632816 307
1694438264953 0.028975139107039426 308
1694438265020 0.1271236510402116 309
1694438265086 0.19631718958356592 310
1694438265153 0.04735627244881064 311
1694438265220 0.444324123446688 312
1694438265286 0.003580716124112179 313
1694438265354 0.032398038140897215 314
1694438265421 0.001850045178694316 315
1694438265487 0.051656941661037424 316
1694438265554 0.11474960680603816 317
1694438265623 0.9797947272861255 318
1694438265689 0.4419122791812045 319
1694438265755 0.012207310092872056 320
1694438265823 0.0021448634988812127 321
1694438265892 0.04629519606099538 322
1694438265958 0.03634787392639675 323
1694438266026 0.21504455389018617 324
1694438266093 0.0154569511591538 325
1694438266160 0.1237846683710432 326
1694438266228 0.22539217525929806 327
1694438266294 0.024212790961732105 328
1694438266361 0.0018873753397987175 329
1694438266427 0.005733328325891768 330
1694438266495 0.013811819985805426 331
1694438266562 0.0022615323780693403 332
1694438266629 0.037413510792823845 333
1694438266696 0.0038615714968490093 334
1694438266763 0.03621854444250763 335
1694438266830 0.032245427773539836 336
1694438266896 0.006141666224074178 337
1694438266965 0.18479126997923795 338
1694438267032 0.04358491697542424 339
1694438267100 0.08148246419554052 340
1694438267167 0.023889732323495835 341
1694438267235 0.21967146701203824 342
1694438267301 0.005291809870562149 343
1694438267368 0.6186729472415358 344
1694438267435 0.03607920787785865 345
1694438267503 0.024010781379741667 346
1694438267570 0.00020791249234471292 347
1694438267637 0.15585075697393824 348
1694438267706 0.11413122736967134 349
1694438267774 0.05024658178430348 350
1694438267841 0.0018655972336410528 351
1694438267909 0.019498705484583326 352
1694438267976 0.0020553506641479017 353
1694438268043 0.16967977675640242 354
1694438268110 0.07229380222400876 355
1694438268178 0.00849357289280784 356
1694438268246 0.5331399983912335 357
1694438268312 0.08764342472722918 358
1694438268378 0.01996936866049343 359
1694438268446 0.00011694836027305245 360
1694438268512 0.19822898124938174 361
1694438268580 0.03841893843164153 362
1694438268647 0.05435263631706074 363
1694438268715 0.07426325594828156 364
1694438268781 2.0658112035404756 365
1694438268848 0.000346742125320842 366
1694438268916 0.08977418079339466 367
1694438268985 0.024872265854539027 368
1694438269052 0.006168612836019543 369
1694438269120 0.014126918896048663 370
1694438269187 0.14483946452320665 371
1694438269255 0.27209735168991356 372
1694438269322 0.6596763256839453 373
1694438269389 0.09159568157057808 374
1694438269455 0.07243643212798553 375
1694438269523 0.008954388600008568 376
1694438269589 0.03133120156695961 377
1694438269657 0.005059709456171098 378
1694438269723 0.14450074615831593 379
1694438269790 0.0001497395874415841 380
1694438269862 0.02207373814449967 381
1694438269930 0.00030401432817987777 382
1694438269997 0.03872760887565424 383
1694438270064 0.002329412164812752 384
1694438270132 0.0026411660484694788 385
1694438270199 6.315596191200894e-06 386
1694438270265 0.08087715491084872 387
1694438270332 0.25909392905809836 388
1694438270400 0.008532375957992052 389
1694438270467 1.197449030160174 390
1694438270533 0.054545887110265805 391
1694438270599 0.8544772484891401 392
1694438270666 0.1103127020147583 393
1694438270738 2.7323061477762257e-06 394
1694438270804 0.018899201624648403 395
1694438270872 0.27196758463613085 396
1694438270939 0.05605782268731392 397
1694438271006 0.06867862910205758 398
1694438271073 0.00017220378529994023 399
1694438271141 0.3290989342887632 400
1694438271208 0.43030399112421547 401
1694438271275 0.020143156464672712 402
1694438271342 0.005350577660099129 403
1694438271409 0.024347013489171544 404
1694438271477 1.2679802928075896 405
1694438271544 0.003930571944448538 406
1694438271614 0.07917288404235376 407
1694438271680 0.047595737506878025 408
1694438271748 0.0008370214201179859 409
1694438271814 0.5188621677546887 410
1694438271881 0.006036897470729725 411
1694438271949 0.002387670927707667 412
1694438272016 0.003116642066142689 413
1694438272083 0.29623901396127217 414
1694438272150 0.0022567301117787015 415
1694438272217 0.3965683553242154 416
1694438272284 0.003972244124394482 417
1694438272351 0.15316047702626054 418
1694438272419 0.27274146515486 419
1694438272487 0.02986721726495944 420
1694438272554 0.001757300984748749 421
1694438272622 0.17531173287086163 422
1694438272688 0.001661362273194869 423
1694438272755 0.017800817484051712 424
1694438272822 0.016074562156393007 425
1694438272890 0.29621805144268576 426
1694438272957 0.2788808462704809 427
1694438273023 0.001537539274621795 428
1694438273091 0.10033630541778274 429
1694438273157 0.08779575631146476 430
1694438273224 0.0016342131665113455 431
1694438273295 0.005854751481339162 432
1694438273365 0.10018826612917649 433
1694438273432 0.1388616197587872 434
1694438273499 0.2155186682610061 435
1694438273566 0.0029361368477339904 436
1694438273634 0.0010733028954852469 437
1694438273702 0.1485308228368568 438
1694438273768 0.015927696225081108 439
1694438273835 0.01644582559730605 440
1694438273902 1.3736764017904282 441
1694438273970 0.05394687301365372 442
1694438274037 0.017960280083826913 443
1694438274105 0.0011331622901062633 444
1694438274175 0.03758391528357482 445
1694438274242 0.15853147194105968 446
1694438274309 0.0002579573836325329 447
1694438274375 0.022782641415191034 448
1694438274443 0.08949924557818077 449
1694438274509 0.007347068207028443 450
1694438274576 0.003313322886059952 451
1694438274643 0.04285171689570116 452
1694438274710 0.0026705936752183116 453
1694438274778 0.1123792490184551 454
1694438274845 0.0360003284540971 455
1694438274912 0.009432263989944291 456
1694438274978 0.05371990329672417 457
1694438275045 0.42521497189627844 458
1694438275113 0.010053343164189512 459
1694438275179 0.18518676941840534 460
1694438275246 0.14921984194222532 461
1694438275312 0.08088563809655752 462
1694438275379 0.02384019068613998 463
1694438275445 0.0003359818013960801 464
1694438275513 0.038360373864557915 465
1694438275579 0.10068858517216128 466
1694438275646 0.04294473750811213 467
1694438275713 0.017412073322096388 468
1694438275780 0.2963758470839348 469
1694438275848 0.018055157064324985 470
1694438275916 0.11234869912478491 471
1694438275982 0.08934880588498718 472
1694438276049 0.239589273992146 473
1694438276117 0.0023766276487781316 474
1694438276183 0.0007022141939145573 475
1694438276251 0.027441547666497833 476
1694438276319 0.11575063821071743 477
1694438276385 0.2167345211532879 478
1694438276452 0.09350916519454393 479
1694438276519 0.025664688730461554 480
1694438276585 0.05749282580644949 481
1694438276652 0.09057805458052151 482
1694438276720 0.007536252481553445 483
1694438276786 0.3971349759804848 484
1694438276854 0.21014910309410803 485
1694438276921 0.03343477042623447 486
1694438276987 1.0229309592282199 487
1694438277055 0.4008796159416756 488
1694438277121 0.07552653755435275 489
1694438277189 0.04639112996055464 490
1694438277255 3.1427237265059565e-05 491
1694438277322 0.013627940758394243 492
1694438277390 0.004684671814475569 493
1694438277457 0.009461631223728263 494
1694438277523 0.6575451897770057 495
1694438277592 0.044586181498890265 496
1694438277658 0.017004697441604162 497
1694438277725 0.6024358018630973 498
1694438277792 0.0001585042856812073 499
