1694427652580 164.36278624526264 0
1694427652596 172.38200655996891 1
1694427652617 174.5382652587194 2
1694427652635 162.109613431204 3
1694427652652 170.6884555159108 4
1694427652666 171.0431879788448 5
1694427652682 161.7133044675292 6
1694427652699 172.79719639327544 7
1694427652714 171.25399957903036 8
1694427652729 170.23081164073997 9
1694427652744 157.46255255842397 10
1694427652759 162.4940827581133 11
1694427652774 175.75402519817203 12
1694427652788 165.0435970550754 13
1694427652802 163.35043791178356 14
1694427652816 168.33418604503223 15
1694427652830 167.06727334234628 16
1694427652845 172.7725226943892 17
1694427652860 171.3335111548632 18
1694427652875 172.97027540009685 19
1694427652889 166.05841367350848 20
1694427652905 179.10227741376204 21
1694427652921 168.39077423522826 22
1694427652936 176.1916920624889 23
1694427652950 166.85720994595366 24
1694427652972 170.67583705165228 25
1694427652997 165.93292397331635 26
1694427653019 167.87561848471452 27
1694427653040 166.31129653512133 28
1694427653059 166.7393332157972 29
1694427653077 167.30809314178222 30
1694427653097 164.99909339374472 31
1694427653117 171.29311964721487 32
1694427653136 170.91955381861018 33
1694427653153 164.41702939615098 34
1694427653170 170.20050145923778 35
1694427653189 160.04540798837016 36
1694427653208 168.33400090680212 37
1694427653228 166.37648571785715 38
1694427653247 169.6285610690743 39
1694427653264 170.91210715881223 40
1694427653284 168.75642613755736 41
1694427653298 166.45153745184254 42
1694427653313 172.21241286867786 43
1694427653327 169.99449187231855 44
1694427653341 166.38860386325638 45
1694427653356 168.82680176188586 46
1694427653370 163.4975446314488 47
1694427653384 172.04371140655493 48
1694427653398 173.11394667274976 49
1694427653412 170.17988052941024 50
1694427653426 168.07661454063683 51
1694427653442 168.51725207714293 52
1694427653457 169.2794848721639 53
1694427653470 164.36226485896262 54
1694427653485 165.63037913285007 55
1694427653500 167.5747342250977 56
1694427653514 170.2785589383193 57
1694427653530 167.21563475591194 58
1694427653545 170.64482883540865 59
1694427653559 170.36111139620354 60
1694427653574 165.76281988538295 61
1694427653588 169.40055110565598 62
1694427653602 172.6930914242287 63
1694427653616 171.1676150634398 64
1694427653630 167.6089355565497 65
1694427653645 168.11910840616997 66
1694427653661 169.25293885365886 67
1694427653676 172.56744535157583 68
1694427653696 170.41739370291194 69
1694427653718 171.70501301139257 70
1694427653734 163.75953554660296 71
1694427653748 166.65504636394547 72
1694427653763 165.83432398226313 73
1694427653779 164.9739448040482 74
1694427653793 165.03180929498396 75
1694427653808 167.81645530129745 76
1694427653822 168.47226776526142 77
1694427653836 167.01768905717157 78
1694427653851 169.1176697023429 79
1694427653865 172.0234778734954 80
1694427653879 168.25740021445995 81
1694427653894 166.69477000023744 82
1694427653909 170.6832327360123 83
1694427653924 171.6947798351273 84
1694427653937 173.66961766188135 85
1694427653952 167.90374492829906 86
1694427653973 169.42639554568606 87
1694427653993 169.55136904803044 88
1694427654007 168.27720466296455 89
1694427654023 165.67567859637853 90
1694427654037 165.65867748994336 91
1694427654052 166.91587281134852 92
1694427654068 165.971416034844 93
1694427654086 165.1281882839892 94
1694427654103 171.51457563973617 95
1694427654120 160.55191829312713 96
1694427654135 166.316841484621 97
1694427654150 168.38431245226982 98
1694427654165 168.42850364534252 99
1694427654179 168.6563910167752 100
1694427654194 168.59083395535822 101
1694427654208 167.42327461571972 102
1694427654222 166.33074298194285 103
1694427654236 167.7937897944685 104
1694427654250 164.69127779016767 105
1694427654265 163.31017143333173 106
1694427654279 171.1306341693533 107
1694427654293 165.50790952073325 108
1694427654308 167.27480882937522 109
1694427654323 171.34802817250116 110
1694427654337 167.10822485718904 111
1694427654352 168.8733256529935 112
1694427654371 170.06541661278308 113
1694427654389 171.71646657077778 114
1694427654403 165.9346553182713 115
1694427654418 168.57497035669903 116
1694427654432 171.71656943656288 117
1694427654447 167.27862280385034 118
1694427654461 165.96596229407535 119
1694427654476 166.52489631824645 120
1694427654490 170.1002210946995 121
1694427654504 171.41625023534738 122
1694427654518 167.83056408477142 123
1694427654533 167.61869445543354 124
1694427654547 168.56070346354264 125
1694427654561 171.06385788243102 126
1694427654575 167.30596490077644 127
1694427654590 168.4124590499429 128
1694427654606 168.76043187593504 129
1694427654620 166.37720104680807 130
1694427654635 170.49457604961063 131
1694427654649 167.9981471306165 132
1694427654663 164.28458428188182 133
1694427654678 166.42022288897738 134
1694427654692 164.8067280673485 135
1694427654705 167.27848583617205 136
1694427654720 172.3578310344385 137
1694427654734 166.5308101293822 138
1694427654748 168.0721278070749 139
1694427654762 168.29907418461707 140
1694427654778 166.03725638727656 141
1694427654793 169.09065240624676 142
1694427654807 166.2038694949225 143
1694427654821 169.36104244861568 144
1694427654835 168.00360808655824 145
1694427654853 172.573784644126 146
1694427654868 167.17181993221158 147
1694427654882 170.68773963984086 148
1694427654896 171.509669346991 149
1694427654910 172.94248115249394 150
1694427654925 163.10746115251905 151
1694427654939 169.20561267421775 152
1694427654953 168.40989867057598 153
1694427654968 168.19775917060772 154
1694427654981 168.6210611750969 155
1694427654996 166.99788032542324 156
1694427655010 167.43817759170796 157
1694427655025 177.20814859434466 158
1694427655041 168.42968974593708 159
1694427655055 171.1278893368292 160
1694427655069 169.70455469936203 161
1694427655083 167.89190916415598 162
1694427655097 168.5249843675529 163
1694427655112 169.1097767985975 164
1694427655129 170.2331676225398 165
1694427655149 169.2100851286894 166
1694427655165 168.3665263446898 167
1694427655185 170.16905847693928 168
1694427655201 169.08629911458556 169
1694427655216 164.7826550215313 170
1694427655230 170.2141566240712 171
1694427655245 169.00096219495722 172
1694427655259 170.16568630582924 173
1694427655273 172.641509489665 174
1694427655288 169.3107561503787 175
1694427655302 169.08876295516967 176
1694427655317 168.44960755871585 177
1694427655333 166.7541874603251 178
1694427655347 173.9362807781544 179
1694427655361 166.0875104466265 180
1694427655375 167.7213547255096 181
1694427655389 168.96390240982896 182
1694427655403 166.4451404306308 183
1694427655418 167.86768476829343 184
1694427655433 166.75601566448543 185
1694427655447 165.4058572376705 186
1694427655461 171.92649645285974 187
1694427655475 172.71109387358226 188
1694427655490 170.19492398696931 189
1694427655504 167.78155707168776 190
1694427655522 170.30147346354747 191
1694427655538 168.63275388069692 192
1694427655554 169.5844691944753 193
1694427655569 166.51403531331434 194
1694427655583 170.032783103245 195
1694427655598 168.68771171387615 196
1694427655612 168.80128772283044 197
1694427655626 169.0228855581949 198
1694427655641 167.61190645078028 199
1694427655655 170.79219695589703 200
1694427655669 172.87630095584296 201
1694427655685 165.86313765606627 202
1694427655700 167.42492002714764 203
1694427655714 169.57632238880504 204
1694427655729 168.39711180329806 205
1694427655744 169.82834550281885 206
1694427655757 168.97019276145124 207
1694427655773 167.24214496072406 208
1694427655788 170.33403121048332 209
1694427655802 171.86620752473408 210
1694427655817 170.86858818283372 211
1694427655831 169.17411336997478 212
1694427655845 166.12464739070046 213
1694427655859 173.5342486597489 214
1694427655874 169.7574439816637 215
1694427655888 170.30073829954904 216
1694427655902 168.83056916836657 217
1694427655917 171.75674639941136 218
1694427655932 166.55559136944834 219
1694427655946 169.5940304096445 220
1694427655961 171.31750928059134 221
1694427655975 171.70480999688561 222
1694427655990 169.53711413007778 223
1694427656004 170.57456205740758 224
1694427656018 170.69543093935243 225
1694427656033 165.33639529579244 226
1694427656048 167.15102189865365 227
1694427656062 168.43142941244122 228
1694427656076 171.9279605442532 229
1694427656091 166.04527412697445 230
1694427656105 165.58176769573933 231
1694427656119 171.87258336547194 232
1694427656134 165.51916178860233 233
1694427656148 169.31139641185845 234
1694427656162 167.14346014164965 235
1694427656176 169.77142056248275 236
1694427656190 171.10076488508142 237
1694427656204 166.62480263937906 238
1694427656222 167.00159302408468 239
1694427656238 165.8220015281986 240
1694427656257 163.88733854962672 241
1694427656274 170.04241552540205 242
1694427656288 164.751562159179 243
1694427656303 167.7444497405011 244
1694427656317 165.3793884865152 245
1694427656332 167.62068710533836 246
1694427656346 174.10912799764006 247
1694427656360 170.15889802218126 248
1694427656375 168.69504469151053 249
1694427656389 170.86592644785955 250
1694427656403 171.6050988107493 251
1694427656418 171.84300857027364 252
1694427656433 171.42392465970505 253
1694427656447 167.66112394311025 254
1694427656461 168.14878005654373 255
1694427656475 172.33032333084427 256
1694427656489 168.3067366517199 257
1694427656503 165.2387936502822 258
1694427656518 168.03467640383042 259
1694427656532 170.7306119517212 260
1694427656547 168.05007877096097 261
1694427656561 168.96713879556566 262
1694427656575 167.93213265404475 263
1694427656589 165.9580900346306 264
1694427656604 165.81888453690948 265
1694427656619 168.9753256520332 266
1694427656633 171.06357184273003 267
1694427656647 167.26531478938884 268
1694427656663 168.03386977419012 269
1694427656684 165.66845307757202 270
1694427656699 173.18029839800312 271
1694427656713 159.1788145117986 272
1694427656727 168.97856984267983 273
1694427656741 168.50426189976656 274
1694427656756 165.61048307620425 275
1694427656770 170.94164257602526 276
1694427656784 171.6443009492053 277
1694427656800 165.11090791078422 278
1694427656814 168.18540024949124 279
1694427656829 169.41210732566492 280
1694427656843 169.11303833464416 281
1694427656857 167.24910693043427 282
1694427656873 172.5181352725717 283
1694427656887 167.19476681775856 284
1694427656901 171.61233437201145 285
1694427656916 168.09459065030788 286
1694427656930 167.45983065689188 287
1694427656944 171.7046760684225 288
1694427656959 171.190260494799 289
1694427656973 167.56445080573445 290
1694427656988 169.34062272921327 291
1694427657002 172.50497154423596 292
1694427657017 169.13554003453598 293
1694427657031 169.1461038599929 294
1694427657046 166.0329698607855 295
1694427657061 169.32358039205909 296
1694427657075 169.49171426449155 297
1694427657089 167.28284459919078 298
1694427657103 170.71831943204944 299
1694427657118 169.94499031907256 300
1694427657133 168.29226269124374 301
1694427657146 166.68048548058937 302
1694427657161 173.20490337052385 303
1694427657175 172.46768822135678 304
1694427657189 166.95751110166546 305
1694427657203 166.1128719302139 306
1694427657218 164.16744976834738 307
1694427657232 169.41804834120862 308
1694427657246 165.98413881914797 309
1694427657260 172.59275272355484 310
1694427657274 169.12006014624748 311
1694427657289 170.97318527334195 312
1694427657303 163.63686755135862 313
1694427657321 170.87804732513953 314
1694427657340 166.95144623819417 315
1694427657358 167.72001840855518 316
1694427657374 167.9097105941816 317
1694427657388 167.58567206734764 318
1694427657402 170.0487204934771 319
1694427657416 171.38663961649863 320
1694427657430 168.91648413889348 321
1694427657444 166.17598498862 322
1694427657458 165.345263260153 323
1694427657472 168.26852915077265 324
1694427657486 171.241818827932 325
1694427657501 167.53322330649968 326
1694427657515 165.86924372432898 327
1694427657530 168.21376921970233 328
1694427657544 168.4199833408995 329
1694427657559 167.1927893591185 330
1694427657574 171.53462208108695 331
1694427657588 168.80792717414002 332
1694427657603 169.3305659291901 333
1694427657617 169.47734996525014 334
1694427657631 167.9561203605099 335
1694427657646 166.48941968555783 336
1694427657661 163.88238976716977 337
1694427657675 168.1198326386784 338
1694427657690 170.84142676863613 339
1694427657704 169.4085027156495 340
1694427657718 166.47677187998474 341
1694427657732 170.91492470761764 342
1694427657746 168.60713509596422 343
1694427657760 167.78317078682406 344
1694427657774 168.5816226363134 345
1694427657790 170.5715827613533 346
1694427657807 166.19191066239904 347
1694427657827 173.27008619256964 348
1694427657841 168.4469806969276 349
1694427657855 168.71801274812313 350
1694427657870 166.8586356447993 351
1694427657884 171.02095857728662 352
1694427657899 165.69274659838013 353
1694427657914 163.38080170970343 354
1694427657929 169.98528122068748 355
1694427657944 168.78848283920883 356
1694427657958 168.03967046700012 357
1694427657972 170.34091188239407 358
1694427657986 168.32291200068613 359
1694427658001 166.29791163372693 360
1694427658015 169.58026258440893 361
1694427658029 169.11526371130486 362
1694427658043 164.591001808948 363
1694427658058 170.10495372858966 364
1694427658073 167.1379618356389 365
1694427658087 167.23503800685543 366
1694427658101 169.33953992802012 367
1694427658115 166.63343961073497 368
1694427658129 174.2285550648891 369
1694427658144 169.19371182640518 370
1694427658158 170.7484953492402 371
1694427658172 168.09720203385882 372
1694427658186 172.90777820661808 373
1694427658201 166.0731564390549 374
1694427658215 165.24482430593494 375
1694427658229 170.44704495811553 376
1694427658244 170.8585472864231 377
1694427658258 166.78671106437972 378
1694427658272 166.513952863519 379
1694427658286 163.76606222458273 380
1694427658300 166.88292012963242 381
1694427658314 168.56831969876694 382
1694427658329 172.73914807133332 383
1694427658343 166.90879197304116 384
1694427658357 166.298680687204 385
1694427658372 174.51609122568456 386
1694427658386 164.0127432996354 387
1694427658403 167.1789169449418 388
1694427658422 171.71695136543084 389
1694427658439 166.87351713332416 390
1694427658454 164.7425831307618 391
1694427658469 172.959820241942 392
1694427658483 167.0937216709643 393
1694427658497 163.39153145778556 394
1694427658511 167.23291764131042 395
1694427658525 171.17608344296136 396
1694427658540 173.51109517419818 397
1694427658555 165.65976021665952 398
1694427658570 166.30034602233476 399
1694427658584 171.591170994503 400
1694427658599 169.9310509830156 401
1694427658613 173.8753350568277 402
1694427658627 168.71290139156613 403
1694427658641 168.6262242317202 404
1694427658657 171.01441954855395 405
1694427658671 172.4251281486223 406
1694427658685 168.9176614735649 407
1694427658699 169.15756856328298 408
1694427658714 170.02598510637378 409
1694427658729 169.5658863175259 410
1694427658743 169.63886852894262 411
1694427658758 169.57420788441468 412
1694427658772 167.60588307797573 413
1694427658785 165.9829822289483 414
1694427658799 164.52210503680368 415
1694427658814 166.36892695160878 416
1694427658829 166.5900468059743 417
1694427658844 165.72587434130827 418
1694427658858 167.63992217654905 419
1694427658873 170.84485815210527 420
1694427658887 171.933348472831 421
1694427658901 169.14371658055552 422
1694427658918 169.5768413954876 423
1694427658937 167.5946151202624 424
1694427658953 167.02018709267142 425
1694427658967 167.8239680813869 426
1694427658982 171.81688651215444 427
1694427658997 166.91096357322206 428
1694427659012 165.7241432154333 429
1694427659026 166.0043835362143 430
1694427659041 165.44689453924138 431
1694427659055 166.47112293680718 432
1694427659070 171.88660701006253 433
1694427659084 169.86334858369997 434
1694427659099 169.1738235111898 435
1694427659113 167.6897557256291 436
1694427659126 167.80826933981294 437
1694427659141 167.15574154606136 438
1694427659156 171.26454253099706 439
1694427659170 170.03787663456993 440
1694427659185 169.58753429777357 441
1694427659199 170.06944342536343 442
1694427659213 169.02229634890452 443
1694427659226 168.7288536365518 444
1694427659241 169.93357638023116 445
1694427659256 170.0114301777215 446
1694427659269 172.88226428537513 447
1694427659284 172.4239775664442 448
1694427659298 167.63491427982382 449
1694427659312 170.03462874784583 450
1694427659326 174.48103879008502 451
1694427659342 171.46461543966197 452
1694427659357 169.02978063260394 453
1694427659371 167.96711994062687 454
1694427659385 171.4922255122959 455
1694427659399 168.38566726122556 456
1694427659413 170.98228923055134 457
1694427659428 167.15755143959714 458
1694427659442 166.77404046220948 459
1694427659456 173.24880096328744 460
1694427659471 164.51224154282156 461
1694427659485 170.79871570726786 462
1694427659500 164.5127907185892 463
1694427659520 164.16187269758987 464
1694427659541 170.13136171459172 465
1694427659556 167.55856962705872 466
1694427659572 167.32250823342284 467
1694427659587 169.14125591569618 468
1694427659601 167.57716847912835 469
1694427659615 168.68818142166674 470
1694427659629 169.24799864975384 471
1694427659644 171.00584093611448 472
1694427659659 168.1644599388936 473
1694427659673 170.6293351952723 474
1694427659686 164.6684017083947 475
1694427659702 166.94424397564723 476
1694427659717 166.3691243859819 477
1694427659731 171.30184838758018 478
1694427659746 168.01738231711872 479
1694427659760 167.91237350213834 480
1694427659774 170.5318264215912 481
1694427659790 169.41088835968978 482
1694427659804 170.4837635932708 483
1694427659818 169.69631626113977 484
1694427659833 171.5369678645533 485
1694427659848 164.12713259873385 486
1694427659862 170.7013677245268 487
1694427659876 172.385307810257 488
1694427659890 173.17157334356548 489
1694427659905 171.80736328294168 490
1694427659923 174.44370160582096 491
1694427659942 164.80147247099967 492
1694427659961 168.5248365851457 493
1694427659978 167.36143917919458 494
1694427659997 170.1563118037316 495
1694427660018 167.70850573002568 496
1694427660044 170.1216023246108 497
1694427660066 166.7572899479189 498
1694427660092 165.6579393933498 499
