1694429645789 160.01697896559295 0
1694429645806 164.93189470759344 1
1694429645823 154.28403023534673 2
1694429645839 166.75762006087822 3
1694429645855 160.95179218627305 4
1694429645871 161.08833184791268 5
1694429645888 162.41812622169633 6
1694429645904 148.73582330138305 7
1694429645920 155.84534992596483 8
1694429645938 151.19860653851168 9
1694429645956 135.34631343280554 10
1694429645973 137.31326281964058 11
1694429645990 144.7209943952667 12
1694429646006 140.30049681937857 13
1694429646022 143.39448390936334 14
1694429646038 134.01283435830723 15
1694429646056 132.8007704193532 16
1694429646074 132.23254048964893 17
1694429646092 129.01952251859626 18
1694429646112 120.8577603049822 19
1694429646130 125.32961343583395 20
1694429646148 128.85794738877217 21
1694429646167 124.0796326749255 22
1694429646185 118.27449502493157 23
1694429646204 120.89844462570694 24
1694429646221 125.80993774814655 25
1694429646237 115.15949441313589 26
1694429646255 113.98443777116877 27
1694429646271 113.85132281007228 28
1694429646288 118.40547057335864 29
1694429646305 111.0680817465367 30
1694429646321 107.14834018396644 31
1694429646337 109.72931206540542 32
1694429646354 106.68914100886855 33
1694429646369 104.57288119679016 34
1694429646385 108.67771671440273 35
1694429646403 103.25355872188939 36
1694429646420 101.47435256761756 37
1694429646437 100.15105542699543 38
1694429646453 102.73563418160076 39
1694429646469 99.69031893265603 40
1694429646486 95.82012761955342 41
1694429646503 99.81039776561525 42
1694429646519 94.58853194881469 43
1694429646536 94.2799943169722 44
1694429646555 99.79469724484554 45
1694429646571 91.37376603518668 46
1694429646589 84.94060572092334 47
1694429646605 88.48007133145798 48
1694429646621 87.32858825687597 49
1694429646638 88.82593058498135 50
1694429646655 86.88433931154046 51
1694429646671 86.84732550155043 52
1694429646688 82.03685433708634 53
1694429646705 86.10342501901225 54
1694429646721 83.0684092362726 55
1694429646737 82.53242104045098 56
1694429646754 80.87680678915446 57
1694429646769 79.1226993468567 58
1694429646786 76.8931256419654 59
1694429646803 77.84358556154167 60
1694429646820 73.1402764733094 61
1694429646837 82.05453420051403 62
1694429646853 72.13573699915428 63
1694429646868 72.85392055040323 64
1694429646885 73.03273733805425 65
1694429646902 71.16402040664161 66
1694429646918 69.08615063175979 67
1694429646935 69.80988592621921 68
1694429646952 72.03969695391187 69
1694429646969 66.04083840508932 70
1694429646988 65.16921804674057 71
1694429647009 64.91620988010916 72
1694429647029 68.05418721002914 73
1694429647045 66.56497445527943 74
1694429647061 63.05921244058557 75
1694429647078 64.72658702562266 76
1694429647096 67.75303904795817 77
1694429647113 61.638202847734924 78
1694429647128 56.583170651938865 79
1694429647144 60.141411336537374 80
1694429647161 56.599569804509144 81
1694429647178 58.24060382258382 82
1694429647195 57.16183028128603 83
1694429647212 52.68401002913413 84
1694429647228 60.59990055455882 85
1694429647245 55.1726715489335 86
1694429647262 54.96737036333287 87
1694429647278 55.70138822076905 88
1694429647295 53.87140908386449 89
1694429647311 51.11406858255402 90
1694429647327 52.79875958647954 91
1694429647344 49.504450877266144 92
1694429647360 50.16048880713565 93
1694429647375 51.23946711416577 94
1694429647392 46.72942841436647 95
1694429647409 50.93640043917459 96
1694429647425 47.255495258263004 97
1694429647442 47.87361332649025 98
1694429647459 45.67949942775175 99
1694429647474 44.29028363939078 100
1694429647491 47.27503811107571 101
1694429647507 45.567878229139005 102
1694429647523 42.02369290609129 103
1694429647540 43.44109361037068 104
1694429647558 45.03234758167061 105
1694429647575 42.506026460625826 106
1694429647592 43.769137007577626 107
1694429647608 44.26486629986416 108
1694429647625 39.68262151285386 109
1694429647642 39.26066745858954 110
1694429647658 40.9798240881012 111
1694429647675 41.40063823835278 112
1694429647692 39.53338347293571 113
1694429647709 38.81311946498282 114
1694429647726 37.607113725843895 115
1694429647743 36.137933828836154 116
1694429647759 37.05434556148898 117
1694429647775 39.83708199513938 118
1694429647792 33.475902682850034 119
1694429647810 34.478764033733704 120
1694429647826 35.2927520366672 121
1694429647843 32.96740179829313 122
1694429647859 33.63004467999085 123
1694429647874 31.559588549293945 124
1694429647891 32.60379621629718 125
1694429647908 31.91950502996778 126
1694429647924 30.644996006837875 127
1694429647939 32.79628206968024 128
1694429647958 28.58775866691669 129
1694429647974 30.772717624575424 130
1694429647990 31.613081466510106 131
1694429648007 31.356849933011596 132
1694429648024 31.0360739088302 133
1694429648040 31.48435572888044 134
1694429648056 28.777582125459254 135
1694429648073 30.028541296014364 136
1694429648089 28.766259545647454 137
1694429648106 29.80096686367312 138
1694429648124 28.75209130243195 139
1694429648140 28.43499525650899 140
1694429648157 28.413181499175437 141
1694429648173 26.943389207410853 142
1694429648190 27.008863214592942 143
1694429648207 26.525933189596433 144
1694429648223 25.906355243884473 145
1694429648239 25.134353902358395 146
1694429648255 24.119844236039945 147
1694429648271 26.513305454853146 148
1694429648288 25.870910415224493 149
1694429648305 26.10686923933842 150
1694429648322 22.468082190729522 151
1694429648339 22.683054078282293 152
1694429648355 25.076377172001532 153
1694429648373 22.80566742432087 154
1694429648390 23.019340085033065 155
1694429648407 22.885792759292592 156
1694429648423 23.64881550049761 157
1694429648439 22.678668770259776 158
1694429648456 21.999406133874885 159
1694429648472 22.711023382454293 160
1694429648489 20.94312437177035 161
1694429648505 21.361050515204404 162
1694429648521 22.83470281407684 163
1694429648538 18.818544618575412 164
1694429648555 20.055057041246293 165
1694429648571 21.434333433091542 166
1694429648588 19.134967564716586 167
1694429648605 18.782049904372418 168
1694429648622 18.122401881181904 169
1694429648639 20.471049818369977 170
1694429648656 18.661429661102822 171
1694429648672 20.586279934313986 172
1694429648688 18.309143925206083 173
1694429648705 19.33882144141964 174
1694429648721 18.26376070870892 175
1694429648738 18.72885685030671 176
1694429648755 17.21746053770586 177
1694429648771 18.17309725231762 178
1694429648788 17.744261891762385 179
1694429648804 18.02319238020373 180
1694429648822 17.35827525362278 181
1694429648838 18.48498086754049 182
1694429648855 17.33589600378863 183
1694429648870 16.30293187557773 184
1694429648886 15.586716281592414 185
1694429648905 15.229257989642848 186
1694429648924 16.626419969277258 187
1694429648941 15.850026346722302 188
1694429648958 14.350117631897897 189
1694429648975 15.235947829341702 190
1694429648992 15.381926122085238 191
1694429649008 15.59542930011469 192
1694429649026 14.52409132014429 193
1694429649042 15.829026510589161 194
1694429649058 14.359059681911791 195
1694429649076 13.84671487070683 196
1694429649093 14.199225006219228 197
1694429649109 14.73437045464621 198
1694429649126 13.46802873082912 199
1694429649143 13.81399964957424 200
1694429649160 12.447769116867068 201
1694429649177 14.04921920393385 202
1694429649194 13.687767615006697 203
1694429649211 12.638957596127696 204
1694429649227 13.513789529947271 205
1694429649243 11.78854002835966 206
1694429649259 12.373574311663862 207
1694429649275 12.317345233140225 208
1694429649292 11.159358882346998 209
1694429649308 12.665736297343262 210
1694429649325 10.998094993618318 211
1694429649341 12.038045099899774 212
1694429649357 10.647769038179558 213
1694429649373 11.851214555559835 214
1694429649389 10.05010001050614 215
1694429649405 11.41603472616321 216
1694429649422 11.149922186382755 217
1694429649438 10.54442574417969 218
1694429649455 12.193069639866664 219
1694429649471 9.962723034329674 220
1694429649487 10.696913138426543 221
1694429649505 9.886225679260477 222
1694429649522 10.151712220866274 223
1694429649540 9.465958817819205 224
1694429649556 9.662553126681843 225
1694429649573 10.47059615930272 226
1694429649589 9.331925941342243 227
1694429649606 8.954401935287438 228
1694429649623 9.533546443580653 229
1694429649639 8.981339161623895 230
1694429649656 9.82007901980685 231
1694429649672 9.198278320601501 232
1694429649688 8.212565391244167 233
1694429649704 9.206633308954594 234
1694429649722 8.927097339465499 235
1694429649739 8.186597877288055 236
1694429649755 8.203927063375556 237
1694429649771 8.675924355910226 238
1694429649788 8.67859588563306 239
1694429649804 7.301387710943627 240
1694429649821 9.306939399468222 241
1694429649837 8.110145773892272 242
1694429649853 8.05044013243633 243
1694429649869 8.277325595660614 244
1694429649885 7.802564214921799 245
1694429649902 8.53500784739155 246
1694429649919 7.333240306611295 247
1694429649936 7.865154347178442 248
1694429649952 7.55851251303279 249
1694429649968 7.362778038440702 250
1694429649985 7.9566550323160845 251
1694429650001 6.906690481531095 252
1694429650017 7.233073371177393 253
1694429650034 6.309333039852838 254
1694429650050 7.063615323810771 255
1694429650067 6.769446822040263 256
1694429650083 7.162989037148132 257
1694429650102 6.804074091763902 258
1694429650118 6.330533539684747 259
1694429650135 6.674488009527494 260
1694429650152 6.5353744437727785 261
1694429650168 6.015046422160134 262
1694429650185 6.162377448249406 263
1694429650201 6.32773742254294 264
1694429650218 6.204011391317715 265
1694429650235 6.284188820803281 266
1694429650251 5.738998256746671 267
1694429650267 5.831438653319677 268
1694429650283 6.005749292747156 269
1694429650300 6.258403347733709 270
1694429650317 6.562470351897071 271
1694429650335 5.433533702367747 272
1694429650351 5.960053071926511 273
1694429650367 5.834872825794354 274
1694429650383 5.9095230780578705 275
1694429650400 5.931466363482784 276
1694429650416 5.4226036846507 277
1694429650433 5.210357910288614 278
1694429650449 5.035639245035133 279
1694429650466 5.31254429387235 280
1694429650484 6.054167333622115 281
1694429650499 4.790094232753015 282
1694429650514 4.838207901584004 283
1694429650532 5.0917575771580745 284
1694429650549 5.290019410959424 285
1694429650564 5.3984114021670795 286
1694429650580 4.797265007208385 287
1694429650597 5.175990265852401 288
1694429650614 5.38975919409188 289
1694429650632 5.477999373169456 290
1694429650648 4.787892031143947 291
1694429650665 4.444356676605621 292
1694429650681 4.32925241599669 293
1694429650701 5.1816081671104035 294
1694429650718 4.877858475163163 295
1694429650735 4.268880782098205 296
1694429650751 4.858342682566783 297
1694429650768 4.997662822253566 298
1694429650785 4.973436266238627 299
1694429650802 3.7696347142381 300
1694429650818 4.173812716806833 301
1694429650835 4.427725334658418 302
1694429650851 4.743648572222573 303
1694429650868 4.591130983593348 304
1694429650884 4.317954200367378 305
1694429650900 4.108291179654844 306
1694429650916 3.854622516225775 307
1694429650934 3.9931685574316305 308
1694429650950 4.343507118849359 309
1694429650966 4.2443200061241315 310
1694429650983 3.6967106493821964 311
1694429650999 4.03653912954966 312
1694429651015 3.4211777796132368 313
1694429651032 4.270035731646015 314
1694429651050 3.687582132543729 315
1694429651065 3.399568576074786 316
1694429651082 3.0534072037480753 317
1694429651098 4.187972675394698 318
1694429651115 3.6597425262699246 319
1694429651132 3.2812835057644074 320
1694429651148 3.304118569905878 321
1694429651165 3.678578766391788 322
1694429651182 3.830836172369829 323
1694429651198 2.8557192945538397 324
1694429651214 3.063161756008348 325
1694429651230 3.5748078044891187 326
1694429651249 3.413358771003779 327
1694429651265 3.197703496228896 328
1694429651283 3.0660831232158614 329
1694429651300 3.8782245762363963 330
1694429651315 3.4189043477428274 331
1694429651332 3.1554930141659456 332
1694429651349 3.1068284694745225 333
1694429651366 3.0863707414948762 334
1694429651382 2.9683946547333906 335
1694429651399 3.154685540935425 336
1694429651415 2.5599349015793407 337
1694429651431 2.641158020926656 338
1694429651448 2.819097410800075 339
1694429651465 2.7277943066643973 340
1694429651481 2.808759202920343 341
1694429651497 2.8297277739217166 342
1694429651514 3.425063069873897 343
1694429651529 2.633888409843626 344
1694429651546 2.8216501400857203 345
1694429651562 2.7459264825949825 346
1694429651579 2.9978150905302168 347
1694429651595 2.152477287866897 348
1694429651612 2.6527028659673775 349
1694429651627 3.099782560460736 350
1694429651644 2.488421035223007 351
1694429651660 2.3730072683048604 352
1694429651677 2.6131925496104036 353
1694429651694 2.6110542496959335 354
1694429651710 2.377265201749445 355
1694429651727 2.417139061804172 356
1694429651744 2.533192234805065 357
1694429651760 2.53812127570388 358
1694429651779 2.356302690455252 359
1694429651798 2.517252610676053 360
1694429651814 2.422292027730541 361
1694429651830 2.108558179722493 362
1694429651847 2.113203394959697 363
1694429651862 1.9616200965141388 364
1694429651878 2.61226772474653 365
1694429651896 2.489025526550453 366
1694429651913 2.5130849327172258 367
1694429651928 1.863573883691631 368
1694429651945 2.4403013646297653 369
1694429651961 2.076784522288425 370
1694429651978 2.571745410687128 371
1694429651994 2.5075395332058696 372
1694429652010 2.3359429318766516 373
1694429652026 2.084155823947172 374
1694429652043 1.6188448973085827 375
1694429652060 1.8477071265980491 376
1694429652076 2.2029310454815803 377
1694429652092 1.96833183537197 378
1694429652108 2.174540737750331 379
1694429652124 2.0861331120610145 380
1694429652141 2.0427007399718304 381
1694429652158 2.31979086133342 382
1694429652174 1.6166192715745376 383
1694429652190 1.7519603389320142 384
1694429652208 1.7188547479999485 385
1694429652224 2.1837426897621093 386
1694429652240 1.6962333851246674 387
1694429652257 2.10944954028747 388
1694429652274 1.8084159219273996 389
1694429652291 1.9242648226335641 390
1694429652307 2.1892082071197025 391
1694429652322 2.1257574314534495 392
1694429652338 1.890180997759284 393
1694429652355 1.9167345425241211 394
1694429652371 1.8105883240770253 395
1694429652388 2.0811380924318494 396
1694429652407 1.5611074479545763 397
1694429652423 1.5999944741080443 398
1694429652441 1.805398416493689 399
1694429652457 1.7789639118301463 400
1694429652473 1.7723320765193142 401
1694429652490 1.8300062368139263 402
1694429652507 1.8102646426371152 403
1694429652523 1.9503792995420148 404
1694429652540 1.8907696647021655 405
1694429652557 1.5633332197091234 406
1694429652573 1.516583974442198 407
1694429652590 1.6949151607753794 408
1694429652608 1.481468834467893 409
1694429652623 1.4345495252309863 410
1694429652639 2.1621045433497126 411
1694429652658 1.514310179165941 412
1694429652673 1.094862253456815 413
1694429652691 1.3895958368463273 414
1694429652707 1.5114677961637573 415
1694429652723 1.5618550193990681 416
1694429652740 1.310394573915962 417
1694429652756 1.426620237859677 418
1694429652774 1.3534527288817004 419
1694429652791 1.2613867997247492 420
1694429652807 1.0953226519075059 421
1694429652823 1.509521327466022 422
1694429652839 1.5306190875821315 423
1694429652856 1.4196610218784973 424
1694429652873 1.6111348181879686 425
1694429652890 1.5052566549927422 426
1694429652907 1.5357463780748386 427
1694429652924 1.396816067099049 428
1694429652940 1.256698139267296 429
1694429652958 1.3455185566530077 430
1694429652974 1.1440772839237165 431
1694429652990 1.3233627716974348 432
1694429653006 1.399840547963316 433
1694429653022 0.8354350837794883 434
1694429653039 1.3106953818917992 435
1694429653056 1.5090659332929444 436
1694429653073 1.6236294472576887 437
1694429653089 1.1211551872421868 438
1694429653106 1.0341347109221426 439
1694429653122 1.440994544145347 440
1694429653139 1.1169925564444616 441
1694429653157 1.0990614672132692 442
1694429653173 1.1597420943861856 443
1694429653189 0.968833348763039 444
1694429653206 1.2152450837258613 445
1694429653222 1.3176332095590009 446
1694429653238 1.0397044058479163 447
1694429653255 1.292178619891065 448
1694429653271 1.2460993963679496 449
1694429653288 0.7392009829918947 450
1694429653303 1.4969323424709835 451
1694429653320 1.2152589132701694 452
1694429653336 1.2026014390263087 453
1694429653354 0.9869308484145183 454
1694429653369 1.1511552225512272 455
1694429653386 1.3497148715065947 456
1694429653403 1.0802451222290415 457
1694429653420 1.0321959864263135 458
1694429653435 1.32838614809657 459
1694429653453 1.1978887252104258 460
1694429653468 1.6507914201178389 461
1694429653486 1.0122571008739072 462
1694429653502 1.1438470312857019 463
1694429653519 1.0240930597015028 464
1694429653536 0.9070162327174575 465
1694429653553 1.0632887656208634 466
1694429653571 1.2566365486677413 467
1694429653587 0.9169603541785009 468
1694429653603 0.987273347071935 469
1694429653620 1.043314651843253 470
1694429653637 0.8097418457053338 471
1694429653655 0.9924709157348167 472
1694429653671 0.8450893185934191 473
1694429653688 0.8682437317170616 474
1694429653704 0.8383719733161031 475
1694429653721 0.9833732184837196 476
1694429653737 0.9393674758435777 477
1694429653754 1.2441955573786605 478
1694429653771 0.9560835479709218 479
1694429653788 0.8020754384247659 480
1694429653805 0.8275926147431624 481
1694429653820 0.7447751086417991 482
1694429653837 0.8355936722235363 483
1694429653855 0.801715967326315 484
1694429653870 0.8099816051280387 485
1694429653888 0.8948122707963349 486
1694429653905 0.9478134086815277 487
1694429653921 1.0814205999183175 488
1694429653937 0.9097607739024107 489
1694429653953 0.7927377071919943 490
1694429653970 0.9235302494286158 491
1694429653987 0.8407485503019576 492
1694429654004 0.9093484010841071 493
1694429654020 1.1168030928155206 494
1694429654036 1.2454725517415615 495
1694429654054 0.893840421413206 496
1694429654071 1.0031750742664691 497
1694429654088 0.7265226712865802 498
1694429654105 0.9012842935196451 499
