1694433562992 87.38900043175384 0
1694433563062 45.12295027933439 1
1694433563132 25.93676895972052 2
1694433563201 13.880124237361734 3
1694433563270 6.048146648711323 4
1694433563337 3.722509708215654 5
1694433563406 2.6478411353158022 6
1694433563474 0.4533246886660155 7
1694433563543 0.6125682949598631 8
1694433563611 0.28174985053176727 9
1694433563680 0.08740782387050638 10
1694433563748 0.477528980088199 11
1694433563819 0.025655770532309715 12
1694433563888 0.026528305576467424 13
1694433563958 0.05641963541931243 14
1694433564026 3.983410374044675e-05 15
1694433564093 0.021090853506330696 16
1694433564162 0.36511962693754 17
1694433564230 0.016378608767874978 18
1694433564298 0.0015025253385028954 19
1694433564368 0.012607658827281128 20
1694433564435 0.2567302106454449 21
1694433564503 0.4206744070964131 22
1694433564571 0.35185780177195936 23
1694433564639 0.838858745800194 24
1694433564707 0.22185633834189544 25
1694433564776 0.06034327425834349 26
1694433564843 0.009131929373834426 27
1694433564916 0.3231383934932976 28
1694433564984 0.004805984493840797 29
1694433565054 0.003204515347855123 30
1694433565121 0.18943649904034268 31
1694433565189 0.020906624061873307 32
1694433565256 0.010363044235444076 33
1694433565324 0.18655918206349628 34
1694433565391 0.0023443421523838765 35
1694433565459 0.0032287096479436768 36
1694433565526 0.23670062588880217 37
1694433565595 0.3735754159821534 38
1694433565663 0.010021450328183686 39
1694433565729 0.004705859738256968 40
1694433565797 0.007303845058080785 41
1694433565865 0.11552996066948289 42
1694433565933 0.08302057267243597 43
1694433566001 0.01704392555591258 44
1694433566070 0.05328707353528532 45
1694433566138 0.056700099540317454 46
1694433566207 0.027768619752721622 47
1694433566275 0.047009530928287184 48
1694433566342 1.2712280297885998 49
1694433566409 0.07447159972956253 50
1694433566477 0.00441489753826259 51
1694433566544 0.08876038207554406 52
1694433566612 0.041193696428714906 53
1694433566680 0.062356949127747946 54
1694433566749 0.02637184134271661 55
1694433566818 0.0017053261333673463 56
1694433566885 0.13594585201552034 57
1694433566954 0.00016567622811459936 58
1694433567021 0.7153266813180853 59
1694433567090 0.00036297472779227877 60
1694433567159 0.11214019518246986 61
1694433567226 0.0008815921957858217 62
1694433567294 0.15019903623241115 63
1694433567363 0.0878453330162235 64
1694433567431 0.0005491116019144767 65
1694433567499 0.036928901765689824 66
1694433567566 0.2051228304297956 67
1694433567633 0.5058592593561669 68
1694433567703 0.0003997253649720107 69
1694433567772 0.0007498836593074461 70
1694433567841 0.00038458750793141094 71
1694433567909 0.061281765439941176 72
1694433567977 0.029842182911716728 73
1694433568044 0.29181243554551584 74
1694433568114 0.130058550843578 75
1694433568183 0.010226228658551663 76
1694433568251 0.024698638462191422 77
1694433568319 0.25354818277524743 78
1694433568387 0.007535105749969769 79
1694433568456 0.0015792597446242576 80
1694433568524 0.1547913464350028 81
1694433568593 0.2801428438682476 82
1694433568663 0.03901634400595198 83
1694433568730 0.04571109787353056 84
1694433568798 0.05401475764334102 85
1694433568865 0.06691481474045133 86
1694433568933 0.20657965988730748 87
1694433569001 0.07335632530994907 88
1694433569069 1.4815849184916302e-05 89
1694433569136 2.704725776175276e-05 90
1694433569207 0.005735763469165027 91
1694433569275 0.04813416507319567 92
1694433569344 0.021590973293157505 93
1694433569412 0.03639548457700492 94
1694433569479 0.015711310409493164 95
1694433569548 0.06400165174027812 96
1694433569617 0.01623620340537809 97
1694433569684 0.11652677630939624 98
1694433569752 0.03353909211346378 99
1694433569821 0.0005933893300905689 100
1694433569888 0.21587149823013854 101
1694433569956 0.06500070688910145 102
1694433570024 0.1092669829687228 103
1694433570092 0.4872448359508399 104
1694433570163 0.0529775962139306 105
1694433570232 0.10563323748981059 106
1694433570299 0.0023357918358630106 107
1694433570367 0.02696345382824354 108
1694433570434 0.0016318596998791115 109
1694433570502 0.061070141210214965 110
1694433570570 0.02825232257195903 111
1694433570639 0.019745378311026796 112
1694433570707 0.17734647170691462 113
1694433570775 0.20236560467771286 114
1694433570845 0.0990723878103029 115
1694433570913 0.044144147431566194 116
1694433570991 0.17217776258983714 117
1694433571059 0.2918093619222609 118
1694433571127 0.047206950373977194 119
1694433571195 0.018522955513149735 120
1694433571263 0.057288027864747904 121
1694433571339 0.09677119309099662 122
1694433571406 0.013299499789732983 123
1694433571474 0.0033154224997827752 124
1694433571541 0.0006101404708407894 125
1694433571610 0.11858971728293535 126
1694433571678 0.00844625344732896 127
1694433571745 0.13502871029921915 128
1694433571813 0.025500318100188667 129
1694433571882 0.11955988185682741 130
1694433571950 0.007252553316360515 131
1694433572018 0.014436427088271012 132
1694433572087 0.023934836183697007 133
1694433572155 0.01004766095436499 134
1694433572224 0.004418292669621558 135
1694433572292 2.801586197917751e-05 136
1694433572360 0.03691422994553585 137
1694433572427 0.020183999620026177 138
1694433572495 0.06439823339028117 139
1694433572563 0.04934664963901372 140
1694433572631 0.0003272269479816586 141
1694433572702 0.0629002871626092 142
1694433572769 0.0006394181503434641 143
1694433572838 0.027345451747042428 144
1694433572906 0.0023732192098621235 145
1694433572974 0.025676797230694534 146
1694433573041 3.9877831659875203e-07 147
1694433573110 0.026475641472507305 148
1694433573178 5.585209735127717e-08 149
1694433573246 0.017081024985135546 150
1694433573313 0.026727808656925037 151
1694433573381 0.12779669864887316 152
1694433573449 0.019575261330206796 153
1694433573516 0.10530835627883214 154
1694433573586 0.03789061240644895 155
1694433573654 0.0004989539761941229 156
1694433573721 0.19078973061365787 157
1694433573790 0.146503604304872 158
1694433573858 0.02966920690458853 159
1694433573924 0.025765320348300355 160
1694433573991 0.07182611384995098 161
1694433574061 0.0012430736001246155 162
1694433574129 0.007138552320947922 163
1694433574199 0.033634628210211785 164
1694433574267 0.018299467475444618 165
1694433574335 0.01150304188485994 166
1694433574403 0.15050487942910462 167
1694433574471 3.468136081566241e-05 168
1694433574540 0.08167153149726915 169
1694433574609 0.001979422561613765 170
1694433574678 0.03160217118828801 171
1694433574745 0.4335642104785004 172
1694433574813 0.021058296972768918 173
1694433574881 0.0008472068143998937 174
1694433574950 0.11726278061885147 175
1694433575018 0.0027931980704721964 176
1694433575086 0.21214321513230178 177
1694433575154 0.18004676162341074 178
1694433575222 0.024921488236657276 179
1694433575291 0.00021156042137659617 180
1694433575359 0.046420072778935145 181
1694433575427 0.012686731061091371 182
1694433575495 0.010015029739135158 183
1694433575563 0.08505896254760782 184
1694433575631 0.014656748890114618 185
1694433575699 0.0006807402442071731 186
1694433575766 0.21297888473124696 187
1694433575833 0.006204508892641686 188
1694433575901 1.1100614613111799 189
1694433575968 1.1883448947093047 190
1694433576036 0.014497601720192285 191
1694433576105 0.2329081530014662 192
1694433576173 0.2665731569981074 193
1694433576241 0.022253988651329645 194
1694433576310 0.10745388328708609 195
1694433576377 0.6451700288510515 196
1694433576445 0.058651453745688226 197
1694433576514 0.2873787597334513 198
1694433576582 0.08115252133630638 199
1694433576650 0.0033066082856078433 200
1694433576717 0.0766379883250788 201
1694433576785 0.6261354294995639 202
1694433576852 0.002218849273085176 203
1694433576920 0.5116291408043406 204
1694433576989 0.027416035219527103 205
1694433577058 0.01005246625078293 206
1694433577124 0.03552480311220004 207
1694433577193 0.35106284828534945 208
1694433577261 0.003695835063049795 209
1694433577328 0.022242528046351923 210
1694433577396 0.020878619426510606 211
1694433577464 0.023885159420125 212
1694433577531 0.2722156269110422 213
1694433577599 0.15127520623789137 214
1694433577666 0.06252648557869585 215
1694433577734 0.035374268088259 216
1694433577803 0.042386923258705 217
1694433577870 0.7175963636158648 218
1694433577940 0.40365355678340004 219
1694433578007 0.023948056043099613 220
1694433578075 0.05203544346928059 221
1694433578142 0.0011699872675696868 222
1694433578212 0.013026130631167329 223
1694433578280 0.0058131266672386455 224
1694433578347 0.18345732746567892 225
1694433578415 0.0024564020771651 226
1694433578482 0.010610714438821929 227
1694433578550 0.13198588835498437 228
1694433578618 0.2268121832343029 229
1694433578686 0.008871656783616415 230
1694433578754 0.16610747672970397 231
1694433578824 0.08201390713516016 232
1694433578891 0.07315515590155719 233
1694433578959 0.01218294482739924 234
1694433579027 0.15350141921411684 235
1694433579096 0.3492812026442334 236
1694433579163 0.05495503515110292 237
1694433579231 0.03915367114517367 238
1694433579299 0.005504794927593153 239
1694433579366 0.0018177412465626935 240
1694433579434 0.026635713440697675 241
1694433579502 0.0004562485434080639 242
1694433579571 0.06303548233515378 243
1694433579639 0.030801060624054834 244
1694433579706 0.30215173622274905 245
1694433579774 0.10513912065753385 246
1694433579841 0.004804272964068725 247
1694433579909 0.8618016955425215 248
1694433579976 0.17802978147472087 249
1694433580044 0.08887344431471252 250
1694433580113 0.00014969076143950293 251
1694433580180 0.07145488092771023 252
1694433580248 0.2372145130511469 253
1694433580317 0.09685780496441217 254
1694433580385 0.007028353258487753 255
1694433580452 0.016690020243784777 256
1694433580520 0.21834562470278174 257
1694433580588 0.0032742923936347453 258
1694433580656 0.009795584661039894 259
1694433580724 0.0021847519692226904 260
1694433580792 0.10907392187962014 261
1694433580859 0.1142061751602837 262
1694433580927 0.16118066542635232 263
1694433580994 0.059195001292492284 264
1694433581062 0.03798877925369702 265
1694433581129 0.017897633801233732 266
1694433581197 0.20208157769955273 267
1694433581265 0.010022976662132574 268
1694433581332 0.0021950072421702688 269
1694433581401 0.30302826338661176 270
1694433581468 0.051924072313280174 271
1694433581535 0.014843098694051515 272
1694433581603 0.0636815891570253 273
1694433581670 0.1354555168280042 274
1694433581739 0.6906106229952659 275
1694433581806 0.11520363499613132 276
1694433581872 0.16893216700195904 277
1694433581940 0.00818551129707658 278
1694433582008 5.82169513510172e-05 279
1694433582077 0.0003299332852118879 280
1694433582145 0.002709086253635337 281
1694433582214 0.22102044572999704 282
1694433582281 0.22906516351736708 283
1694433582349 0.0013378166248090213 284
1694433582417 0.45324887427116556 285
1694433582486 0.01591801281693865 286
1694433582554 0.0020788757330568583 287
1694433582622 0.052914303452372836 288
1694433582689 0.005555131345349314 289
1694433582757 0.07060409289279908 290
1694433582825 0.3222926213945224 291
1694433582893 0.0429354262733556 292
1694433582962 0.08163809364123402 293
1694433583029 0.0719504399520203 294
1694433583098 0.15527183669631292 295
1694433583167 0.140909494609064 296
1694433583234 0.0094568851501025 297
1694433583301 0.186630991987019 298
1694433583369 0.12769344297927598 299
1694433583437 0.20446564108897716 300
1694433583504 0.004134486310443249 301
1694433583573 0.2562196758367691 302
1694433583642 0.0052418494476879785 303
1694433583710 0.00039265553273338876 304
1694433583779 0.002205023014285096 305
1694433583846 0.008802145606433286 306
1694433583914 0.11194582445174381 307
1694433583982 0.004208124010575237 308
1694433584049 0.0002063681014030027 309
1694433584117 0.00583901952168895 310
1694433584185 0.017400114319241256 311
1694433584252 0.1273125291566027 312
1694433584319 0.15609852463105497 313
1694433584386 0.006642772618226333 314
1694433584453 0.04675435693372509 315
1694433584521 0.0010045953212800137 316
1694433584589 0.023946005782392348 317
1694433584657 0.039848813543568944 318
1694433584726 0.05678426491874767 319
1694433584794 0.28462173331814555 320
1694433584863 0.001558914232354844 321
1694433584932 0.0001245393254360278 322
1694433584999 0.02395743214835183 323
1694433585068 0.12932913138982968 324
1694433585135 0.0053747311026580685 325
1694433585202 0.7134675986534023 326
1694433585271 0.026700686947865065 327
1694433585338 0.011988658616837013 328
1694433585406 0.0217502308310526 329
1694433585474 0.010196179169519018 330
1694433585543 0.0053404359640049585 331
1694433585611 0.04071863015993169 332
1694433585681 0.00040722540285989805 333
1694433585749 0.0006169152576045227 334
1694433585816 0.029378761029806213 335
1694433585883 0.04625882436537232 336
1694433585950 0.004353240168799092 337
1694433586019 0.19614792988595178 338
1694433586087 0.07161341314213271 339
1694433586155 0.07442658264428227 340
1694433586223 0.23792318987738273 341
1694433586293 0.15441404374103262 342
1694433586362 0.7376573181006698 343
1694433586430 0.3682546009541434 344
1694433586498 0.057830755513042134 345
1694433586566 0.0006899680825191434 346
1694433586636 0.006153024219976552 347
1694433586703 0.0021940611583824627 348
1694433586771 0.0040384734841434665 349
1694433586839 0.28565374570624913 350
1694433586908 0.15123716412526161 351
1694433586977 0.0017360217234712292 352
1694433587046 0.3160956307228613 353
1694433587117 0.009623611658491335 354
1694433587188 4.76112566660566e-05 355
1694433587256 0.006187998778024915 356
1694433587323 0.004974597697689388 357
1694433587391 0.2825541225823519 358
1694433587460 0.027803645535311443 359
1694433587527 0.21323233598059216 360
1694433587596 0.22459128629058625 361
1694433587665 0.5385519957630892 362
1694433587732 0.03484741779046776 363
1694433587800 0.31680612051127244 364
1694433587868 0.048724732996385134 365
1694433587936 0.0203733584587251 366
1694433588004 0.6871989744006229 367
1694433588074 0.23415152711130258 368
1694433588142 0.00038196931350378084 369
1694433588210 0.002051857558155309 370
1694433588278 0.05620040323039235 371
1694433588347 0.1496686740353963 372
1694433588414 0.01017994562766478 373
1694433588482 0.03121126098156648 374
1694433588549 0.001966859887370119 375
1694433588617 0.04743962461797837 376
1694433588685 0.08459334612933234 377
1694433588753 0.5385340476100218 378
1694433588820 0.13080587090071985 379
1694433588888 0.013526031093652403 380
1694433588956 0.004553786841255619 381
1694433589024 0.025580166278703066 382
1694433589091 0.3677384612085122 383
1694433589159 3.4280196122127946e-06 384
1694433589228 0.008367995629626455 385
1694433589296 0.001632725573102599 386
1694433589364 0.13975090142719573 387
1694433589431 0.10026537933022389 388
1694433589499 0.10595632587866448 389
1694433589566 0.0012708013624053054 390
1694433589634 0.12680846453892033 391
1694433589702 0.006198250258666579 392
1694433589771 0.006070458537687815 393
1694433589839 0.33468054388964724 394
1694433589907 0.020491510060727844 395
1694433589975 0.04798467791273828 396
1694433590044 0.04895644756676809 397
1694433590112 0.006850249056221519 398
1694433590180 0.10619236138408239 399
1694433590248 0.016136662928027286 400
1694433590318 0.0014297750855677765 401
1694433590385 0.11514405147891553 402
1694433590460 5.443417946075813e-05 403
1694433590528 0.01668076170899435 404
1694433590596 0.1284643626462078 405
1694433590664 0.1958188962007875 406
1694433590733 0.01323260628227868 407
1694433590800 0.010431331993552244 408
1694433590867 0.08947051320468569 409
1694433590936 8.89338492936134e-05 410
1694433591004 0.01875773620527862 411
1694433591072 0.02552416553844696 412
1694433591140 0.025470245001991458 413
1694433591208 0.1163510354008341 414
1694433591276 0.027218222865105408 415
1694433591344 0.07900222336205026 416
1694433591414 0.13180170962434473 417
1694433591482 0.02104670839271513 418
1694433591550 0.1546677423936465 419
1694433591619 0.10608411879001403 420
1694433591686 0.03938560162992501 421
1694433591753 0.2249097105123033 422
1694433591823 0.014833556421309941 423
1694433591894 0.172854383148075 424
1694433591962 0.011016724371325724 425
1694433592030 0.07980680037817356 426
1694433592097 0.000754938851703103 427
1694433592165 0.07261120218523003 428
1694433592233 0.0062310797763184145 429
1694433592302 0.02695495853950559 430
1694433592369 0.03693671601001762 431
1694433592438 0.0002448923838524298 432
1694433592505 0.004471591156225999 433
1694433592573 0.08116417349241074 434
1694433592640 0.002401533217790532 435
1694433592709 0.001531069026852873 436
1694433592776 0.005421945917281708 437
1694433592844 0.24987361205311923 438
1694433592912 0.00022291599861110797 439
1694433592979 0.11140675922488753 440
1694433593047 0.006832758575985576 441
1694433593117 0.3625297549346064 442
1694433593186 0.002607733340246905 443
1694433593254 0.14271755459359003 444
1694433593323 0.024991644570231203 445
1694433593389 0.15111131067934075 446
1694433593457 0.05109762060332259 447
1694433593524 0.006100500293591522 448
1694433593593 0.0034735926070552977 449
1694433593661 0.20227257573821683 450
1694433593729 0.11389947286383686 451
1694433593798 0.033386297904081264 452
1694433593865 0.45751339865023843 453
1694433593932 0.2379890792574023 454
1694433594002 0.5404947271829275 455
1694433594069 0.11943114076739754 456
1694433594136 0.02520410546898963 457
1694433594205 0.005822163313850231 458
1694433594273 0.09891437698104764 459
1694433594340 0.08192458197007854 460
1694433594408 0.1547201999189315 461
1694433594477 6.0657057943172096e-05 462
1694433594545 0.3510790223274545 463
1694433594613 0.01161504604830351 464
1694433594681 0.0014241335632636707 465
1694433594749 0.15919941519321817 466
1694433594817 0.004844157381653623 467
1694433594886 0.02074839206953431 468
1694433594955 0.0009193037383831694 469
1694433595023 0.047905604126065766 470
1694433595091 0.14332516136882978 471
1694433595160 0.0012922588543870716 472
1694433595228 0.006272458354897031 473
1694433595295 0.17600323254602562 474
1694433595364 0.095309140197817 475
1694433595431 0.02389419271353156 476
1694433595499 0.1267268057325594 477
1694433595568 0.044099404229163225 478
1694433595636 0.011375554720880615 479
1694433595703 0.10658222013155422 480
1694433595771 0.026833102395160863 481
1694433595839 6.687328890314217e-05 482
1694433595906 0.11387779629542635 483
1694433595975 0.33628947674004395 484
1694433596041 0.042050095585466865 485
1694433596108 1.412979139293159 486
1694433596178 0.0005403373027995037 487
1694433596246 0.04269798549936472 488
1694433596313 0.22204333810998636 489
1694433596382 0.011847595784595107 490
1694433596449 0.004443553912281156 491
1694433596518 0.02944210168635488 492
1694433596586 0.03417207895545299 493
1694433596653 0.31041822953273707 494
1694433596721 0.2751733687607458 495
1694433596790 0.0017654966236533803 496
1694433596857 0.04215547418188871 497
1694433596925 0.056785101873163935 498
1694433596993 0.802382634929868 499
