1694433773899 0.3033528773600096 0
1694433773968 0.1415490158437045 1
1694433774036 0.08666571197782398 2
1694433774106 0.0014741872740369904 3
1694433774175 0.038701384124760985 4
1694433774242 0.021173105686013407 5
1694433774310 0.0014640641203002484 6
1694433774379 0.02827390961079888 7
1694433774449 0.08884247249284442 8
1694433774518 0.27398680735880204 9
1694433774587 0.08962510319624578 10
1694433774654 0.037073649096975324 11
1694433774722 0.629340893894416 12
1694433774789 0.4682124149953499 13
1694433774857 0.02606668261052313 14
1694433774929 0.057686533038212376 15
1694433774999 0.1402102535502701 16
1694433775067 0.07921216364788833 17
1694433775135 0.05661272867842088 18
1694433775203 0.040527315939655015 19
1694433775272 0.06871950570038247 20
1694433775341 0.0017623178598357334 21
1694433775409 0.0094007037191926 22
1694433775476 0.06625295303695025 23
1694433775545 0.00029943519176161496 24
1694433775612 0.4384527351605256 25
1694433775680 0.13168731001901132 26
1694433775747 0.0008245138391193197 27
1694433775816 0.001465536419743078 28
1694433775883 0.061525770438640354 29
1694433775953 0.14601991621121585 30
1694433776020 0.19660705672091772 31
1694433776088 0.14286540752379132 32
1694433776157 0.027830807133033354 33
1694433776225 0.03458823107070501 34
1694433776293 0.1252082040333799 35
1694433776361 0.03200665007147801 36
1694433776428 0.08645420774131289 37
1694433776497 0.08193821614681365 38
1694433776565 0.025485426870517622 39
1694433776632 0.026034322982110225 40
1694433776699 9.002838088557269e-05 41
1694433776766 0.03257751933330187 42
1694433776834 0.05376466551165766 43
1694433776901 0.022346925784213833 44
1694433776969 0.01548763376015598 45
1694433777037 0.03572727812871696 46
1694433777104 0.14043062773069898 47
1694433777171 0.35328543405229124 48
1694433777239 0.23870641584290977 49
1694433777307 0.0200134844533023 50
1694433777376 0.00012949437546307224 51
1694433777445 0.07977985541765346 52
1694433777514 0.18951393143820075 53
1694433777581 0.028648060489118422 54
1694433777649 0.0011763140601637283 55
1694433777718 0.27455253038727256 56
1694433777784 0.018160887524939676 57
1694433777852 0.02155828585230623 58
1694433777920 0.4953149343257138 59
1694433777987 0.25755453555427926 60
1694433778055 0.0006276613004639924 61
1694433778122 0.01997156242802601 62
1694433778190 0.02211306201474347 63
1694433778259 0.0005514404398798775 64
1694433778327 0.034161734190919384 65
1694433778395 0.00016090037843717703 66
1694433778463 0.17787560516420273 67
1694433778530 0.48175765932249326 68
1694433778598 0.00996889087532382 69
1694433778665 0.06963239959033428 70
1694433778733 0.025170411415596335 71
1694433778801 0.1547185365908781 72
1694433778869 0.19051748657638948 73
1694433778936 0.012319630993942208 74
1694433779005 0.06812174711884053 75
1694433779079 0.6717759527640124 76
1694433779148 0.08102432342112502 77
1694433779215 0.0250619495249104 78
1694433779284 0.049835122479395894 79
1694433779351 0.045727827699629596 80
1694433779419 0.004848100638026245 81
1694433779488 0.16519139983856737 82
1694433779556 0.008680912700845887 83
1694433779624 0.0007829753566836093 84
1694433779691 0.06713589328444097 85
1694433779761 0.2686397649186052 86
1694433779828 0.0018954594891142113 87
1694433779896 0.0030324579641670918 88
1694433779965 0.005152050378901646 89
1694433780033 0.0822167161292646 90
1694433780101 0.01580714448531766 91
1694433780168 0.9376532365937937 92
1694433780237 0.0035924504134234505 93
1694433780306 0.19349444660448384 94
1694433780373 0.15720011848346419 95
1694433780442 0.01999898501424701 96
1694433780511 0.020536764399472558 97
1694433780579 0.0493132450113704 98
1694433780647 0.001868214858877912 99
1694433780714 0.10370761093814486 100
1694433780783 0.13012821756216678 101
1694433780851 0.059964893142113236 102
1694433780918 0.029046704959013903 103
1694433780987 0.10037298164283057 104
1694433781056 0.06189416776000191 105
1694433781124 0.080038105678906 106
1694433781192 0.015597678229670247 107
1694433781260 0.16180703481907127 108
1694433781327 0.16312696435812662 109
1694433781396 0.006132381869056519 110
1694433781463 0.6047926036898612 111
1694433781532 0.0054766747402607615 112
1694433781601 0.1211866976561457 113
1694433781669 0.10256255208327658 114
1694433781736 0.008008158600351678 115
1694433781804 0.0865116017913858 116
1694433781873 0.1167908809153404 117
1694433781941 0.00039082222280858097 118
1694433782009 0.08844406932398607 119
1694433782077 0.059052490268103684 120
1694433782146 0.0016702435754079557 121
1694433782215 0.14527020696347479 122
1694433782282 0.07518848405976945 123
1694433782349 0.15275144221415735 124
1694433782417 0.09750324678034461 125
1694433782487 4.8960452125575374e-05 126
1694433782555 0.0907481695398678 127
1694433782623 0.04089723068046558 128
1694433782691 0.0097363217630601 129
1694433782758 9.701969270250378e-05 130
1694433782827 0.025266938921174282 131
1694433782895 0.00457398186844667 132
1694433782962 0.038573839787307634 133
1694433783029 0.12484058151055726 134
1694433783097 0.09630841226167658 135
1694433783165 0.01693792477072903 136
1694433783233 0.11685354071332679 137
1694433783300 0.0136319104107675 138
1694433783369 0.36397950228959275 139
1694433783436 0.2418798037932174 140
1694433783504 0.013104218073415072 141
1694433783570 0.16981569961094437 142
1694433783638 0.01014832211316518 143
1694433783707 0.2365942016380956 144
1694433783775 0.4132568929796193 145
1694433783843 0.11106816944342511 146
1694433783911 0.12130179315739809 147
1694433783979 0.331208574871056 148
1694433784047 0.05816161034085883 149
1694433784117 0.02533581787097277 150
1694433784184 0.016105824046460406 151
1694433784252 0.021488337348982454 152
1694433784320 0.05598844361495422 153
1694433784388 0.17443070284246076 154
1694433784456 0.03364148735013997 155
1694433784524 0.1232333725053261 156
1694433784591 0.017428464259890662 157
1694433784659 0.2260475579254506 158
1694433784728 0.0006681014930259255 159
1694433784796 0.0002054687657060553 160
1694433784864 0.05706613026785397 161
1694433784932 0.005738117205314348 162
1694433785000 0.23257423249083725 163
1694433785068 0.13345335999209398 164
1694433785137 0.6666350149578627 165
1694433785205 0.1726382485715945 166
1694433785273 0.07672714005703099 167
1694433785341 0.23246306772933548 168
1694433785409 0.03674893257906353 169
1694433785476 0.06259081811715193 170
1694433785544 0.050227605890753924 171
1694433785613 0.01049629368731634 172
1694433785681 0.0018082119580412886 173
1694433785749 0.00017359724256621215 174
1694433785816 0.11602001264394235 175
1694433785886 1.607447665829451e-05 176
1694433785953 0.5804015932987587 177
1694433786020 0.18697415259067987 178
1694433786088 0.02505134916022197 179
1694433786156 0.07155427835241318 180
1694433786223 0.4234553271519517 181
1694433786291 0.0943645638729476 182
1694433786359 0.11300895921073291 183
1694433786426 0.08201011522012673 184
1694433786495 0.006177215798899181 185
1694433786562 0.03314845987958408 186
1694433786629 0.005348093510369318 187
1694433786698 0.014860310222603096 188
1694433786766 0.0021681213096505984 189
1694433786835 0.006824112141872518 190
1694433786902 0.059704089702509684 191
1694433786970 0.11218331924699496 192
1694433787038 0.036847167614031395 193
1694433787108 0.008842954429778754 194
1694433787176 0.4116958417131505 195
1694433787245 0.13452375763187663 196
1694433787311 0.005257515311582918 197
1694433787380 0.0009335072425631854 198
1694433787449 0.014006497075279036 199
1694433787517 0.0032244210250371463 200
1694433787584 0.13916654546823004 201
1694433787655 0.008875142397971238 202
1694433787722 0.0010970195924970344 203
1694433787790 0.3360066002611393 204
1694433787858 0.014067994000130205 205
1694433787926 0.24841643656616896 206
1694433787994 0.001425110729905465 207
1694433788062 0.015569986120901613 208
1694433788130 0.012960078161824819 209
1694433788197 0.10609496993501545 210
1694433788271 6.939495159969766e-05 211
1694433788340 0.06545751969416443 212
1694433788407 0.019472556846283906 213
1694433788474 0.0014752570838403392 214
1694433788544 0.00014348884817312187 215
1694433788613 5.548191815207334e-05 216
1694433788682 0.08416433501346779 217
1694433788751 0.004619440872702144 218
1694433788819 0.0633143341893268 219
1694433788886 0.2581686464958328 220
1694433788953 0.16010615482521937 221
1694433789021 0.6310846059401639 222
1694433789088 0.21569427678438485 223
1694433789156 0.07976384940847964 224
1694433789223 0.09205851645533833 225
1694433789293 0.07132092233168945 226
1694433789361 0.08615185358319168 227
1694433789429 0.16610868823983038 228
1694433789496 0.004890007976478746 229
1694433789565 0.0022882562623874844 230
1694433789632 0.019806879258019095 231
1694433789700 0.2037532946655203 232
1694433789769 0.06221713532061573 233
1694433789836 0.2597222164029503 234
1694433789905 0.6684210460477227 235
1694433789973 0.053179758242871626 236
1694433790041 0.010008942958608744 237
1694433790109 0.034607094282697315 238
1694433790177 0.016350141464890708 239
1694433790245 1.0183426332680854 240
1694433790313 1.7934914273795585e-05 241
1694433790381 0.31375083868295334 242
1694433790448 0.2103455025201855 243
1694433790516 0.016684976560687292 244
1694433790583 0.0014140079403133785 245
1694433790651 0.22064558928570513 246
1694433790720 0.03011009442017311 247
1694433790787 0.00016181253035977067 248
1694433790855 0.37304736590819737 249
1694433790924 0.13911562233912148 250
1694433790992 1.4038704125712262 251
1694433791061 0.013481136061423003 252
1694433791128 0.04968214748866952 253
1694433791197 0.011835869178886693 254
1694433791264 0.008825635843214137 255
1694433791332 0.008555980051275386 256
1694433791400 0.00012694062652910675 257
1694433791467 0.02608607878508251 258
1694433791536 0.2798707730192697 259
1694433791603 0.10655491881471098 260
1694433791670 0.06993954368133064 261
1694433791738 0.10170446728986811 262
1694433791805 0.11322717882232378 263
1694433791874 0.2626984817930263 264
1694433791940 0.08215945352888089 265
1694433792009 0.13118487853041483 266
1694433792078 0.026998676438355313 267
1694433792145 0.0015082050072026607 268
1694433792214 0.06173846114762816 269
1694433792282 0.00019472659465262116 270
1694433792350 0.1459810378061809 271
1694433792418 0.24857830149356025 272
1694433792485 0.4397015339043985 273
1694433792553 0.12629500999655638 274
1694433792621 0.0009200701550839607 275
1694433792689 0.17993613584349308 276
1694433792758 0.00044673205432816114 277
1694433792826 1.1095402399657475 278
1694433792894 0.021075026187160617 279
1694433792962 0.07846966952741981 280
1694433793030 0.21912867416128065 281
1694433793097 0.012575011832666218 282
1694433793165 0.21938682830464723 283
1694433793233 0.013512932722208595 284
1694433793300 0.03069249595137261 285
1694433793368 0.09680877008445114 286
1694433793435 0.2475078282101264 287
1694433793504 0.0008157697658484154 288
1694433793573 0.041832471878615274 289
1694433793640 0.05108631690852298 290
1694433793710 0.0069922110670832234 291
1694433793778 0.0035005887312592383 292
1694433793846 0.20170489178851575 293
1694433793913 1.1778481158633747 294
1694433793982 0.04235597429324667 295
1694433794049 0.09144800692581082 296
1694433794117 0.007800943396757886 297
1694433794185 0.1413258008043037 298
1694433794273 0.03577385494163629 299
1694433794341 0.07618088422931828 300
1694433794411 0.07591237552364324 301
1694433794479 0.03011988486976681 302
1694433794546 0.0465273184439797 303
1694433794615 0.11410346053754654 304
1694433794683 0.25041354971215335 305
1694433794750 0.026232494378833945 306
1694433794818 0.4560840162165817 307
1694433794886 0.013199668862866776 308
1694433794953 0.3982529527946732 309
1694433795021 0.005084953948496081 310
1694433795088 0.0037150701548397517 311
1694433795156 0.15664866090464394 312
1694433795225 7.748410320734849e-05 313
1694433795294 0.24641702256256331 314
1694433795361 0.014921195583366093 315
1694433795430 0.029037518143760148 316
1694433795497 0.19848870641020364 317
1694433795565 0.09814185480709132 318
1694433795633 0.6034209241771621 319
1694433795700 0.012295947734256891 320
1694433795768 0.08670623598890365 321
1694433795836 0.1195323599868679 322
1694433795902 0.020885839393726194 323
1694433795970 0.45044314061165086 324
1694433796038 0.0039002834391409958 325
1694433796107 0.06943203060989628 326
1694433796175 0.06642602962306376 327
1694433796243 0.020607049298167084 328
1694433796312 0.002761412048332678 329
1694433796380 0.0736091396802081 330
1694433796448 0.0001325290899622145 331
1694433796516 0.19436220901453177 332
1694433796584 0.16267299621270417 333
1694433796651 0.006283620389042782 334
1694433796718 0.32065953815828896 335
1694433796786 0.037993562680903654 336
1694433796854 0.0350117935497845 337
1694433796922 0.00013805586145405232 338
1694433796990 0.0831642085892468 339
1694433797059 0.018587166322788198 340
1694433797128 0.16947216114381655 341
1694433797195 0.09266969152231505 342
1694433797262 0.0016177610860886836 343
1694433797330 0.07398348205547296 344
1694433797398 0.05767586470598727 345
1694433797466 0.01092862049347765 346
1694433797533 0.00819983101927114 347
1694433797600 0.055175044678071 348
1694433797668 0.0015198287531427196 349
1694433797737 0.20436392685579532 350
1694433797807 0.06955400407398661 351
1694433797875 0.008867538145910018 352
1694433797943 0.00028634807682402557 353
1694433798011 0.12876008550767337 354
1694433798079 0.16206952468500513 355
1694433798147 0.1108658363671248 356
1694433798220 0.5018431374013989 357
1694433798288 0.037440293893195045 358
1694433798357 0.05790429011888026 359
1694433798424 0.021862867759178832 360
1694433798493 0.0013536593649853556 361
1694433798560 0.04823774259939171 362
1694433798628 0.03525151337183538 363
1694433798696 0.06773076903104891 364
1694433798764 0.2206710046498635 365
1694433798832 0.3597075816434982 366
1694433798900 0.019203350078586187 367
1694433798968 0.41896048921222634 368
1694433799036 0.18678355905762428 369
1694433799106 0.0009989650550595586 370
1694433799173 0.012430112222162412 371
1694433799240 0.030594185530124426 372
1694433799308 0.02202781040259282 373
1694433799377 0.046217672589743 374
1694433799447 0.8107016944232724 375
1694433799517 0.3731149097160998 376
1694433799586 0.35800662563842617 377
1694433799654 0.024845582557245664 378
1694433799722 0.2631574120044549 379
1694433799790 0.025092941384093893 380
1694433799858 0.014761722282844936 381
1694433799925 0.034111573615839205 382
1694433799993 0.0380282941851445 383
1694433800061 0.03318100974886547 384
1694433800128 0.06486069295865346 385
1694433800195 0.17626988044769684 386
1694433800263 0.012575251434374343 387
1694433800330 0.10046650496778613 388
1694433800399 0.12925275941100542 389
1694433800467 0.007535833750563691 390
1694433800534 0.031840923242828986 391
1694433800604 0.22587113317724292 392
1694433800672 0.005845138015083371 393
1694433800739 0.022157402031772223 394
1694433800806 0.03233145634437498 395
1694433800874 0.030790937904009327 396
1694433800942 0.012455373900312088 397
1694433801010 0.0015742587456065288 398
1694433801078 0.08213170168042822 399
1694433801146 0.3773124854698655 400
1694433801216 0.10417145725089133 401
1694433801285 0.007080121388541334 402
1694433801352 2.9856999765478223e-06 403
1694433801420 0.05759345424349109 404
1694433801488 0.38289874734691 405
1694433801555 0.000750930665153329 406
1694433801623 0.010738610192033902 407
1694433801691 0.037098645341339644 408
1694433801760 0.03380832360757758 409
1694433801827 0.04592601063146284 410
1694433801895 0.05429441138623006 411
1694433801963 0.1279368647822274 412
1694433802030 0.004016437742930717 413
1694433802098 0.0013863314656882746 414
1694433802167 0.4285643151485806 415
1694433802235 0.018106934754160108 416
1694433802305 0.021685172287981336 417
1694433802373 0.17883582740938517 418
1694433802440 0.3785756274141128 419
1694433802507 0.01386583232209315 420
1694433802576 0.05629009533443344 421
1694433802644 0.013125359370911863 422
1694433802713 0.005091199939596707 423
1694433802780 0.19232682966746403 424
1694433802848 0.10033762112467585 425
1694433802916 0.002934080992961988 426
1694433802985 0.06711879895511758 427
1694433803053 0.005721742499766266 428
1694433803120 0.07998455006357606 429
1694433803188 0.05816131964074275 430
1694433803255 0.006808469720169441 431
1694433803323 1.290979998312511 432
1694433803391 0.0053376179203640794 433
1694433803458 0.18766883779288737 434
1694433803526 0.2597745217690264 435
1694433803593 0.16750927328540527 436
1694433803660 0.2789809699137924 437
1694433803728 0.004010019595179174 438
1694433803796 0.18048197820966216 439
1694433803866 0.01686437794473143 440
1694433803934 0.03664373686003292 441
1694433804002 0.10543337730511594 442
1694433804068 0.018677854135314864 443
1694433804136 0.20604784408913313 444
1694433804204 0.017667225452936287 445
1694433804271 0.3189879315609205 446
1694433804338 0.05843078058449038 447
1694433804407 0.11481764396036447 448
1694433804475 0.222494582082565 449
1694433804542 0.009849280591525433 450
1694433804611 0.2457484310371089 451
1694433804679 0.7185720484203888 452
1694433804747 0.23329972070117552 453
1694433804814 0.031025836568624968 454
1694433804882 0.1138335064457115 455
1694433804949 0.004765678810818757 456
1694433805018 0.04177585761566167 457
1694433805084 0.006857909407903456 458
1694433805152 0.15324397155215613 459
1694433805219 0.022781947888482704 460
1694433805288 0.08253186069406303 461
1694433805357 0.12407156652973267 462
1694433805424 0.003956165853436839 463
1694433805495 0.30731452680189464 464
1694433805562 0.001565781600210937 465
1694433805630 0.0011041547714392933 466
1694433805698 0.030493606273524623 467
1694433805766 0.13649193594812392 468
1694433805834 0.0369173572191597 469
1694433805902 0.04004951158926833 470
1694433805969 0.0024272195157342322 471
1694433806036 0.08247019090173542 472
1694433806104 0.00024250653475167978 473
1694433806172 0.24472312310757374 474
1694433806239 0.009076108847901932 475
1694433806308 0.28099454904030163 476
1694433806376 0.10973178935642834 477
1694433806445 0.0230961920876694 478
1694433806512 0.04557102340724351 479
1694433806581 0.06375273168216725 480
1694433806649 0.004747270445416934 481
1694433806718 0.030936498815833317 482
1694433806786 0.007282442615410498 483
1694433806854 0.01243907135721517 484
1694433806923 0.09820053769210457 485
1694433806989 0.20930595750733522 486
1694433807057 0.00026629921815046623 487
1694433807126 0.026290899245606653 488
1694433807194 0.3184369720352665 489
1694433807263 0.015004066732589727 490
1694433807331 0.0010654133009176299 491
1694433807399 0.003989066778036199 492
1694433807467 0.15538681310668717 493
1694433807536 0.026807874155175705 494
1694433807603 0.01105810024256181 495
1694433807671 0.41929726144567725 496
1694433807739 0.15857120004035904 497
1694433807806 0.15147509120046684 498
1694433807873 0.12993952373982084 499
