1694428762768 141.5046938786877 0
1694428762836 143.98597056415767 1
1694428762904 231.69838950941815 2
1694428762983 147.09323919456438 3
1694428763051 225.46180775040264 4
1694428763120 201.80978408986232 5
1694428763188 150.3620326689574 6
1694428763257 125.70421583482813 7
1694428763330 158.06948286404088 8
1694428763405 56.89197468038052 9
1694428763473 195.16915555078256 10
1694428763541 170.05414728869616 11
1694428763609 151.67197577174045 12
1694428763676 203.53936051156114 13
1694428763743 167.9697834434465 14
1694428763811 4.951291932438472 15
1694428763881 262.95535681962974 16
1694428763949 149.68351375875727 17
1694428764017 151.60226083607452 18
1694428764085 165.7867776707354 19
1694428764152 29.614627835257505 20
1694428764221 71.31113623016203 21
1694428764290 122.55465993376995 22
1694428764360 118.4753999123985 23
1694428764427 86.69529619887199 24
1694428764495 95.98120914296655 25
1694428764563 334.1502588829146 26
1694428764630 140.66399893273476 27
1694428764698 213.90796682962653 28
1694428764768 153.00161601678985 29
1694428764836 71.20849644381754 30
1694428764903 106.6710217618444 31
1694428764971 207.5595561875732 32
1694428765039 165.4093834172378 33
1694428765107 76.91366449365921 34
1694428765175 91.95381231935093 35
1694428765242 132.625995566868 36
1694428765312 40.649721975790065 37
1694428765379 103.0143588039893 38
1694428765446 65.0735257633526 39
1694428765514 139.06563256722512 40
1694428765583 296.472303683703 41
1694428765650 84.86529628885702 42
1694428765718 123.81039363828697 43
1694428765786 42.22299491248064 44
1694428765854 184.55329063700918 45
1694428765921 187.52554384670714 46
1694428765989 245.59741997640833 47
1694428766057 141.77066967962787 48
1694428766126 96.93919457964431 49
1694428766193 114.3651739486502 50
1694428766260 104.48826618794396 51
1694428766328 151.94198387779514 52
1694428766396 32.84393107125813 53
1694428766463 85.32081493716319 54
1694428766531 161.3036867857062 55
1694428766599 182.67725660544494 56
1694428766667 153.03273605782405 57
1694428766734 155.12045989674186 58
1694428766802 171.83648057686702 59
1694428766870 164.32577718835532 60
1694428766938 128.201648009201 61
1694428767006 132.53150630810038 62
1694428767074 164.09527255931528 63
1694428767143 291.09589055337364 64
1694428767210 542.5797400220031 65
1694428767277 188.43897999451934 66
1694428767346 303.9393219198456 67
1694428767413 163.14114318437365 68
1694428767480 222.5568554414859 69
1694428767548 151.12690400844923 70
1694428767615 396.4038017745336 71
1694428767682 186.90992638969317 72
1694428767750 148.01021318450807 73
1694428767817 205.0204707990998 74
1694428767885 182.7468037590028 75
1694428767953 165.8307045588068 76
1694428768021 205.83609271472628 77
1694428768088 166.04611668620385 78
1694428768156 172.20936482200503 79
1694428768223 251.04876637063097 80
1694428768291 93.94359076448936 81
1694428768359 96.8965945578638 82
1694428768427 105.89813495034684 83
1694428768495 84.72242907025877 84
1694428768563 321.89354228802847 85
1694428768632 350.849718443265 86
1694428768699 84.06941414968577 87
1694428768768 182.1651163381855 88
1694428768835 217.40494288413694 89
1694428768902 90.59908628902839 90
1694428768969 803.7099252280299 91
1694428769037 50.8025544459924 92
1694428769104 435.08737672147265 93
1694428769172 75.99785646776681 94
1694428769240 184.5685971959844 95
1694428769309 124.29272322377163 96
1694428769375 146.1227158090296 97
1694428769443 307.7428376054554 98
1694428769510 346.97419738854086 99
1694428769578 240.3281696143779 100
1694428769646 230.53524977181007 101
1694428769713 196.30247985853939 102
1694428769780 201.91019876160533 103
1694428769849 214.91489391078446 104
1694428769915 203.92389556116146 105
1694428769983 122.91607206723728 106
1694428770051 115.91788106817198 107
1694428770121 182.5048375644449 108
1694428770189 128.4055843115315 109
1694428770257 169.10875718293457 110
1694428770326 145.83786441880298 111
1694428770394 154.3889892803869 112
1694428770461 77.14138720020098 113
1694428770529 276.61086803067343 114
1694428770597 105.37572455718907 115
1694428770665 210.70575162371335 116
1694428770732 190.95400042097026 117
1694428770800 685.1269748123564 118
1694428770869 141.29094809332935 119
1694428770936 128.93662094687267 120
1694428771003 174.45005415415048 121
1694428771072 190.04621980031612 122
1694428771140 126.46297454324007 123
1694428771208 195.08246339223913 124
1694428771276 113.22299965747894 125
1694428771345 615.8392562317842 126
1694428771412 148.129427123351 127
1694428771480 211.07774388086344 128
1694428771546 228.42038954611525 129
1694428771614 243.43718785715518 130
1694428771682 178.8429678008718 131
1694428771751 140.4554912946125 132
1694428771819 201.62616429011902 133
1694428771893 113.39903119674868 134
1694428771962 56.564751650251445 135
1694428772030 308.204460600189 136
1694428772098 46.04558770377586 137
1694428772167 176.31104040909926 138
1694428772235 164.24328228094734 139
1694428772302 39.34718797967354 140
1694428772371 155.33872961894176 141
1694428772439 156.51458107213313 142
1694428772505 187.2506580797376 143
1694428772574 139.2590352538692 144
1694428772641 251.50108307103693 145
1694428772709 58.92741810997257 146
1694428772776 65.04450698430435 147
1694428772844 32.38750077837952 148
1694428772911 218.54613640164683 149
1694428772979 778.8551165614496 150
1694428773046 386.5938801906337 151
1694428773113 55.259257503869044 152
1694428773183 362.07016190187255 153
1694428773249 292.45683324314524 154
1694428773317 195.17550926827397 155
1694428773385 149.18503448232713 156
1694428773454 117.76149490633796 157
1694428773521 240.33219404955975 158
1694428773589 303.48001173999376 159
1694428773656 277.8757477822996 160
1694428773723 248.90905192894172 161
1694428773791 361.1041918040571 162
1694428773859 202.61465344481576 163
1694428773926 146.04078251201622 164
1694428773994 227.1137211021054 165
1694428774061 223.05116714752907 166
1694428774129 82.43609783631882 167
1694428774196 219.03381561083108 168
1694428774264 278.8121242902249 169
1694428774331 410.12877742480856 170
1694428774398 163.16800559815863 171
1694428774465 79.96447957947414 172
1694428774535 1.7888984383281155 173
1694428774602 102.68684590780792 174
1694428774670 189.54291391582586 175
1694428774738 178.12308582768102 176
1694428774806 301.715592654951 177
1694428774874 185.6710681202673 178
1694428774941 140.34413036229824 179
1694428775008 179.16290806120702 180
1694428775076 2.182865972273304 181
1694428775144 236.18656252124492 182
1694428775212 217.95661382304007 183
1694428775278 124.62123003972718 184
1694428775344 97.87240512336533 185
1694428775413 214.77001187383186 186
1694428775480 141.29086844765257 187
1694428775548 113.62042515589125 188
1694428775615 133.54076180611656 189
1694428775682 126.34104796688717 190
1694428775749 210.600357023114 191
1694428775816 288.98720998649196 192
1694428775882 227.893481189504 193
1694428775951 183.6587531034358 194
1694428776018 168.07812985284258 195
1694428776085 130.3429346649492 196
1694428776153 181.69327417414195 197
1694428776220 102.82216069523902 198
1694428776288 263.88307352167567 199
1694428776355 136.250701457775 200
1694428776421 150.41856404943286 201
1694428776489 215.87973597151029 202
1694428776555 232.53479856296104 203
1694428776623 367.27176744051076 204
1694428776691 42.76377952634613 205
1694428776759 147.8669466310096 206
1694428776827 77.55089668090699 207
1694428776893 104.37685032602697 208
1694428776961 196.88338189609627 209
1694428777028 134.5821189026659 210
1694428777097 45.988714833719726 211
1694428777164 63.51625649948185 212
1694428777232 253.9310152797371 213
1694428777299 112.54501701569284 214
1694428777365 119.01871875133955 215
1694428777434 182.30157388455305 216
1694428777501 251.73837803806165 217
1694428777567 260.5420774321579 218
1694428777635 207.93098639520878 219
1694428777703 270.03767127461003 220
1694428777771 844.3556981027439 221
1694428777837 512.0195642277992 222
1694428777905 220.5756863778059 223
1694428777972 283.3595073883132 224
1694428778040 254.57775197783127 225
1694428778108 250.4585639234439 226
1694428778175 150.48303924741472 227
1694428778242 102.20767066330325 228
1694428778309 215.95032175205128 229
1694428778377 105.79416189806432 230
1694428778444 238.5059810066256 231
1694428778512 200.12373967005058 232
1694428778579 282.61255937941905 233
1694428778647 178.0251222024162 234
1694428778713 278.06077038107475 235
1694428778780 204.71161345218084 236
1694428778850 176.1590835370942 237
1694428778917 33.00409964304324 238
1694428778985 628.7499596432609 239
1694428779052 9.66999406127929 240
1694428779121 122.45492906067787 241
1694428779189 261.69161172398043 242
1694428779255 160.3698799616136 243
1694428779323 133.1315920664956 244
1694428779390 16.002418260660637 245
1694428779457 179.78984433862658 246
1694428779525 220.08471956426155 247
1694428779592 189.50501189091975 248
1694428779663 147.6768382121394 249
1694428779731 304.4629517407825 250
1694428779798 60.54796813666791 251
1694428779866 190.25117509857768 252
1694428779934 147.60510679668263 253
1694428780002 116.22177793750716 254
1694428780069 86.45270176578089 255
1694428780137 232.89937028788643 256
1694428780204 294.38662334693663 257
1694428780271 158.84240083744083 258
1694428780339 25.542732333715517 259
1694428780406 201.2086113890203 260
1694428780474 228.22949961549529 261
1694428780541 151.63002206619342 262
1694428780608 65.80983000970014 263
1694428780676 188.1916363341447 264
1694428780744 143.1085561777327 265
1694428780819 93.05914933764618 266
1694428780888 5.2526733498478855 267
1694428780955 329.68656289268773 268
1694428781024 174.9263637065835 269
1694428781093 304.6197234145593 270
1694428781160 140.86285913779187 271
1694428781227 87.06325180107788 272
1694428781295 561.3594364896359 273
1694428781361 169.8910955765216 274
1694428781429 111.57444896653831 275
1694428781496 196.98560847810631 276
1694428781564 135.60416351085962 277
1694428781631 162.10750276786865 278
1694428781699 194.12199940949958 279
1694428781766 178.37016011980478 280
1694428781833 206.3340105058481 281
1694428781900 232.5440819328882 282
1694428781968 270.3775233209855 283
1694428782034 34.103125441253134 284
1694428782103 286.36181783608583 285
1694428782171 161.60594131291634 286
1694428782237 124.68066646434407 287
1694428782305 268.9342546532004 288
1694428782373 130.09447963284447 289
1694428782441 184.0645908233286 290
1694428782509 230.1112537116388 291
1694428782579 127.10581453771121 292
1694428782648 188.3784775477829 293
1694428782714 289.20359744067986 294
1694428782781 241.90174019424936 295
1694428782848 222.63700198028005 296
1694428782916 189.2583803169079 297
1694428782983 225.29404669919003 298
1694428783051 178.10368669414024 299
1694428783118 108.5243129332464 300
1694428783186 147.77680404513634 301
1694428783255 244.52189316164782 302
1694428783322 234.65634725895723 303
1694428783393 231.29022915213784 304
1694428783468 191.09557889984498 305
1694428783547 179.73594011199046 306
1694428783633 234.4739673767078 307
1694428783718 431.7111422816341 308
1694428783787 376.2426641922541 309
1694428783858 223.87434486379698 310
1694428783926 107.7809545430049 311
1694428783995 126.89538360077366 312
1694428784065 248.03003180772058 313
1694428784144 189.90144295199332 314
1694428784218 202.59843517912515 315
1694428784290 206.92938471535712 316
1694428784359 213.32146230927793 317
1694428784428 239.59561899245026 318
1694428784497 326.58264632429456 319
1694428784566 62.019677799227395 320
1694428784634 108.28342400057103 321
1694428784707 165.12309227412211 322
1694428784776 158.42663875981296 323
1694428784845 239.32603208283624 324
1694428784913 451.96241418533947 325
1694428784982 134.17692027125636 326
1694428785055 121.51352318161773 327
1694428785125 101.15794915013524 328
1694428785192 125.83905314010852 329
1694428785260 115.93052308626291 330
1694428785330 86.4962229617928 331
1694428785409 785.8952547712868 332
1694428785477 144.70087636307173 333
1694428785545 116.07177356173264 334
1694428785613 79.95938352099301 335
1694428785687 96.74535664360259 336
1694428785755 232.62481323725217 337
1694428785823 118.5501394312544 338
1694428785892 184.428909321964 339
1694428785965 121.71003406297751 340
1694428786033 260.7379455727293 341
1694428786102 229.1827376626248 342
1694428786175 112.6921840578903 343
1694428786243 132.0918141222698 344
1694428786311 121.23346752650133 345
1694428786381 42.46846997742495 346
1694428786449 95.9469247896979 347
1694428786517 124.97181653446181 348
1694428786586 214.16280871319205 349
1694428786659 99.29723142519197 350
1694428786728 48.84342622316277 351
1694428786796 183.10874422276586 352
1694428786865 461.0701064130395 353
1694428786934 154.34311752348012 354
1694428787003 182.5145404888853 355
1694428787072 68.16771846347257 356
1694428787139 181.4227791809373 357
1694428787208 192.88462353201268 358
1694428787275 216.26200110782355 359
1694428787344 177.16487047190998 360
1694428787413 54.69690106564478 361
1694428787481 660.2257549773511 362
1694428787555 304.98387068846694 363
1694428787623 249.61230047308115 364
1694428787691 176.28260822229402 365
1694428787760 102.7285103111279 366
1694428787828 142.73371373185984 367
1694428787897 578.2104738839004 368
1694428787965 210.083882825215 369
1694428788034 135.487397491868 370
1694428788102 107.00931570373031 371
1694428788170 111.75205891631005 372
1694428788244 152.05614028690187 373
1694428788313 158.01649197119582 374
1694428788380 107.1765252183212 375
1694428788449 110.78272653239264 376
1694428788517 221.60731255081018 377
1694428788586 201.41467329993247 378
1694428788655 323.31295676146294 379
1694428788727 124.16915217006417 380
1694428788796 58.06427540215163 381
1694428788864 0.07992206210465304 382
1694428788933 93.87285959183481 383
1694428789006 261.7240505168209 384
1694428789086 210.05304388142295 385
1694428789161 275.9504597314791 386
1694428789238 122.40710192855002 387
1694428789310 151.49277215926875 388
1694428789379 150.46231509777593 389
1694428789449 83.71346092863604 390
1694428789517 159.5390399149385 391
1694428789586 196.9411277235885 392
1694428789660 48.389159379699954 393
1694428789732 255.99412320905637 394
1694428789801 238.00665887805255 395
1694428789869 391.8239305424127 396
1694428789936 70.92206719845608 397
1694428790004 126.8580198670596 398
1694428790072 183.34502996086684 399
1694428790142 243.00598579492595 400
1694428790211 1078.524099694412 401
1694428790283 255.1219031296558 402
1694428790351 179.99494370273746 403
1694428790419 113.31639686368547 404
1694428790491 407.73318216994414 405
1694428790560 120.79267122686817 406
1694428790629 292.64867633142046 407
1694428790697 235.76277856368827 408
1694428790770 113.95811924638046 409
1694428790845 175.16092622197178 410
1694428790914 102.60958740906146 411
1694428790982 210.4442404098112 412
1694428791050 196.56019703719372 413
1694428791119 149.2366867172357 414
1694428791194 86.8728296679612 415
1694428791268 30.39014628680913 416
1694428791337 223.10917487650872 417
1694428791406 106.47798467889776 418
1694428791474 157.50795869589476 419
1694428791549 236.03570719233144 420
1694428791618 78.49077343365927 421
1694428791691 71.56322125027295 422
1694428791760 124.02236483870034 423
1694428791829 128.1824537702265 424
1694428791898 146.77503676445173 425
1694428791967 185.5458614639556 426
1694428792035 116.57054722376617 427
1694428792102 142.45883599876836 428
1694428792174 228.173555959555 429
1694428792247 306.0985952865058 430
1694428792316 171.201914239536 431
1694428792387 239.00863165292697 432
1694428792461 114.9681870861957 433
1694428792530 177.84978121785068 434
1694428792603 289.203022017876 435
1694428792671 218.36588362347123 436
1694428792740 240.2520009112908 437
1694428792810 80.93117467796395 438
1694428792883 100.60561589093942 439
1694428792957 292.034443650119 440
1694428793025 225.61663751619156 441
1694428793094 140.5966652897395 442
1694428793163 328.24366620648385 443
1694428793237 100.30968954794426 444
1694428793311 345.93987894642936 445
1694428793378 177.20196935154755 446
1694428793451 117.88337655154295 447
1694428793520 129.3972266461721 448
1694428793589 262.79441118073595 449
1694428793657 161.27764820477475 450
1694428793730 217.5664113451725 451
1694428793800 171.28756227898327 452
1694428793869 94.18651033176828 453
1694428793938 162.8216544965091 454
1694428794005 183.28606746052938 455
1694428794073 164.5745545984953 456
1694428794143 130.96454697821926 457
1694428794213 117.32614062712558 458
1694428794284 165.961040345077 459
1694428794354 123.60304525776844 460
1694428794425 206.3869255453286 461
1694428794493 225.042788730103 462
1694428794563 201.18415980113758 463
1694428794631 260.13312739753735 464
1694428794699 170.36866455427443 465
1694428794767 256.15280880305414 466
1694428794835 18.540631076736908 467
1694428794903 88.50583746007509 468
1694428794971 301.511734961295 469
1694428795039 268.46779121307577 470
1694428795109 273.85121345352655 471
1694428795176 133.8386613789941 472
1694428795244 243.5395070672676 473
1694428795312 156.06228929140227 474
1694428795378 168.37789377834153 475
1694428795454 155.04030165536813 476
1694428795523 195.8647890135647 477
1694428795591 242.1686944001733 478
1694428795657 256.3390267284766 479
1694428795725 98.76309514418256 480
1694428795792 184.3355891230255 481
1694428795859 187.24167487946855 482
1694428795927 448.61152088503786 483
1694428795994 125.47102667734234 484
1694428796063 179.2523275305318 485
1694428796130 105.68630557401711 486
1694428796197 167.21108801309504 487
1694428796264 236.54710468615224 488
1694428796332 143.9542345948606 489
1694428796402 242.02326093686 490
1694428796470 249.23669896981949 491
1694428796538 190.39019225667568 492
1694428796605 170.1364588211221 493
1694428796673 353.6850385970814 494
1694428796741 261.2706742804806 495
1694428796808 87.43393058135361 496
1694428796876 224.1737409353752 497
1694428796944 133.93805921343028 498
1694428797010 153.56764799210802 499
