1694438594344 143.7167574351435 0
1694438594363 123.5121993846573 1
1694438594382 100.26038387791777 2
1694438594401 81.3674884103845 3
1694438594421 77.67755864325083 4
1694438594438 63.649629616345116 5
1694438594457 56.32368824627742 6
1694438594476 47.19575767407216 7
1694438594498 35.281454275447544 8
1694438594517 32.96867167467381 9
1694438594536 28.2886738318153 10
1694438594554 22.09335185484056 11
1694438594572 19.537454632341188 12
1694438594593 16.738687335379613 13
1694438594614 14.452927714826952 14
1694438594635 12.888964762838812 15
1694438594657 9.924172778048938 16
1694438594677 9.502916581816029 17
1694438594701 8.04336218240761 18
1694438594723 6.414820015993402 19
1694438594742 6.136493096809484 20
1694438594760 5.176303069799607 21
1694438594779 4.139527646164668 22
1694438594798 3.5934801736370674 23
1694438594817 2.4310552735949806 24
1694438594836 2.5754378451017113 25
1694438594854 1.4448965533773308 26
1694438594872 1.8245984709184735 27
1694438594892 1.6872736326951476 28
1694438594910 1.1628782155717776 29
1694438594928 0.8284065564644801 30
1694438594947 0.9949590940622332 31
1694438594965 0.7884333460952978 32
1694438594984 0.7563613720585326 33
1694438595003 0.6857468125095615 34
1694438595021 0.35362670264208435 35
1694438595040 0.5142215548099892 36
1694438595058 0.4589604918711457 37
1694438595076 0.5055240044912356 38
1694438595096 0.24180171372937606 39
1694438595115 0.20818730485643583 40
1694438595133 0.1873799620717652 41
1694438595151 0.23439428684571006 42
1694438595169 0.12598790201927115 43
1694438595187 0.1487108961507215 44
1694438595206 0.1704292998670887 45
1694438595224 0.20203406904193694 46
1694438595243 0.11959750205406805 47
1694438595261 0.12977861802835228 48
1694438595279 0.13096910065468 49
1694438595297 0.17627788635634428 50
1694438595316 0.1035947375387573 51
1694438595334 0.19930153008311818 52
1694438595352 0.16416204924880776 53
1694438595370 0.05214424174741412 54
1694438595388 0.2046790892829739 55
1694438595408 0.07918759102685237 56
1694438595427 0.06299846536638651 57
1694438595445 0.069596868278183 58
1694438595463 0.06119058814665774 59
1694438595482 0.03920123781678459 60
1694438595502 0.18766384046877943 61
1694438595522 0.15879415165819588 62
1694438595540 0.13354751193331124 63
1694438595558 0.11771158847008142 64
1694438595576 0.1892177778047699 65
1694438595595 0.0882449617767033 66
1694438595613 0.1664499348982552 67
1694438595632 0.08693289040523543 68
1694438595650 0.044421925684916985 69
1694438595668 0.05931447537593433 70
1694438595686 0.1243656448051852 71
1694438595705 0.08099533439652444 72
1694438595722 0.057912385984452655 73
1694438595741 0.07528546837076235 74
1694438595759 0.08992264928049334 75
1694438595778 0.06565814924894649 76
1694438595796 0.2958928859998794 77
1694438595817 0.052915683123981476 78
1694438595836 0.07297801888714704 79
1694438595855 0.15779854535050977 80
1694438595874 0.06490234402809228 81
1694438595892 0.16781264110130475 82
1694438595911 0.08152174260064964 83
1694438595930 0.05393410107418671 84
1694438595948 0.13973407405915647 85
1694438595966 0.07078624912651227 86
1694438595984 0.10266537065118483 87
1694438596002 0.05905818628469194 88
1694438596021 0.0869839112014004 89
1694438596039 0.07491675653735719 90
1694438596057 0.05233213724866926 91
1694438596075 0.20164455265735517 92
1694438596093 0.16252246411929888 93
1694438596112 0.06871661854987078 94
1694438596131 0.07150546073417684 95
1694438596149 0.10501811541528296 96
1694438596167 0.0635666223848816 97
1694438596184 0.06098140652058359 98
1694438596202 0.8827174494943711 99
1694438596223 0.16248385132987164 100
1694438596241 0.039500596513897666 101
1694438596258 0.04714469131123987 102
1694438596276 0.05817349721333066 103
1694438596293 0.10834030864697186 104
1694438596313 0.08856036658621962 105
1694438596332 0.1174516203462734 106
1694438596351 0.05110498227360584 107
1694438596369 0.08768713065820911 108
1694438596387 0.07404035074012791 109
1694438596405 0.1293478305921544 110
1694438596425 0.11876578012163594 111
1694438596444 0.14222952086797983 112
1694438596463 0.12090477220203215 113
1694438596481 0.1689143679360634 114
1694438596499 0.14017702677102045 115
1694438596518 0.09556023726514938 116
1694438596537 0.07146018872108283 117
1694438596555 0.058206201323925545 118
1694438596573 0.1569365572338294 119
1694438596591 0.0659030737444788 120
1694438596610 0.03801483601955572 121
1694438596628 0.1304271375020301 122
1694438596647 0.10425367816955995 123
1694438596665 0.0746199331939597 124
1694438596682 0.17445866290696746 125
1694438596700 0.0681280896033713 126
1694438596719 0.13614073031109655 127
1694438596737 0.04259018438791313 128
1694438596755 0.08379913553479926 129
1694438596773 0.10754630906895313 130
1694438596792 0.07432810619641331 131
1694438596810 0.11620213019472063 132
1694438596829 0.08924434617559242 133
1694438596847 0.10093928072257288 134
1694438596865 0.032617275883062756 135
1694438596883 0.13459180478611146 136
1694438596902 0.118326783317323 137
1694438596921 0.9048656929331917 138
1694438596939 0.08596787900748494 139
1694438596958 0.1427401341170426 140
1694438596976 0.12694441553911004 141
1694438596996 0.0631269815251834 142
1694438597015 0.07567424020090431 143
1694438597034 0.2048757446551421 144
1694438597053 0.04430997275018996 145
1694438597070 0.032463097255532355 146
1694438597089 0.09727400591028643 147
1694438597107 0.05754548354749337 148
1694438597127 0.07659989635755511 149
1694438597146 0.06290546123943663 150
1694438597164 0.08988032579245729 151
1694438597181 0.13808025407682625 152
1694438597200 0.15195274376807605 153
1694438597217 0.10584576935362859 154
1694438597236 0.07907304458527034 155
1694438597254 0.12259774510938529 156
1694438597272 0.07654710073303314 157
1694438597290 0.09660434622451629 158
1694438597308 0.06834845175395458 159
1694438597327 0.16034031774562912 160
1694438597346 0.1334104000510831 161
1694438597365 0.25760326818238966 162
1694438597383 0.0565952784634604 163
1694438597401 0.12265535065268418 164
1694438597419 0.040606243135819266 165
1694438597438 0.057653104927267204 166
1694438597456 0.11203745594709964 167
1694438597474 0.06010054178464796 168
1694438597491 0.14560790644248336 169
1694438597510 0.09405215268540472 170
1694438597529 0.09378138293300735 171
1694438597548 0.0819312332887056 172
1694438597569 0.09124903858508691 173
1694438597589 0.09378602024722489 174
1694438597607 0.08137267902284474 175
1694438597625 0.08631648952248462 176
1694438597645 0.10500164064649306 177
1694438597662 0.09575421059791009 178
1694438597681 0.07159873497313793 179
1694438597700 0.07390465674122505 180
1694438597720 0.2665851659644017 181
1694438597739 0.06456743724864082 182
1694438597757 0.09947308508959249 183
1694438597776 0.1363068404302546 184
1694438597795 0.07292119306239138 185
1694438597815 0.04583094817307565 186
1694438597833 0.1673022560209881 187
1694438597851 0.1367390221671449 188
1694438597869 0.06174482670907382 189
1694438597888 0.0761092844605374 190
1694438597906 0.08232222597916602 191
1694438597926 0.06310751497710257 192
1694438597945 0.02259648003288287 193
1694438597962 0.18239759120213245 194
1694438597982 0.05508642777543874 195
1694438598000 0.0863363932543143 196
1694438598019 0.046163628011351064 197
1694438598038 0.1416638106156222 198
1694438598056 0.06022465242996471 199
1694438598075 0.08703147425343595 200
1694438598092 0.09040444534749957 201
1694438598110 0.1187716800529901 202
1694438598130 0.14085675206717152 203
1694438598148 0.08237765976925379 204
1694438598167 0.1136811884728289 205
1694438598184 0.1957072993413996 206
1694438598203 0.2081156557240989 207
1694438598222 0.1066385473088834 208
1694438598241 0.06817291680557656 209
1694438598259 0.07161366168070558 210
1694438598278 0.12176884299364361 211
1694438598296 0.10299386434983548 212
1694438598314 0.08312314947505121 213
1694438598332 0.055848040506809984 214
1694438598351 0.045548681139313485 215
1694438598369 0.05843611514676501 216
1694438598387 0.09819565933697065 217
1694438598406 0.08019076381907385 218
1694438598424 0.03876263531681928 219
1694438598444 0.09031686952232441 220
1694438598461 0.12558846699741286 221
1694438598480 0.10630796268507277 222
1694438598498 0.09316241887997458 223
1694438598514 0.07086044095960264 224
1694438598534 0.0612371574778478 225
1694438598552 0.07994647590222302 226
1694438598570 0.05197572113975812 227
1694438598587 0.07021872185666801 228
1694438598606 0.08775612604457225 229
1694438598624 0.13450252848302235 230
1694438598644 0.10216857757032459 231
1694438598664 0.10501101797616876 232
1694438598682 0.04454201840733656 233
1694438598700 0.14249142015820196 234
1694438598717 0.08857397484999836 235
1694438598738 0.06168493652880537 236
1694438598757 0.07206208668322214 237
1694438598775 0.07816864823415329 238
1694438598794 0.029056119568184408 239
1694438598812 0.03969918732969691 240
1694438598832 0.17370268378492087 241
1694438598851 0.09289925868394097 242
1694438598868 0.1445960230217567 243
1694438598887 0.06023392907710907 244
1694438598905 0.08638880449053783 245
1694438598924 0.06772316681392378 246
1694438598942 0.09622356992715918 247
1694438598961 0.06987924216779344 248
1694438598979 0.06737155593458988 249
1694438598998 0.0667449886435505 250
1694438599016 0.05740330648696736 251
1694438599035 0.13508869872365373 252
1694438599054 0.13464822576415605 253
1694438599072 0.3041707052947447 254
1694438599089 0.06100007303587723 255
1694438599107 0.15277023983566504 256
1694438599126 0.1111409956876349 257
1694438599145 0.11967044746214832 258
1694438599163 0.09621618411096092 259
1694438599181 0.05536105708068649 260
1694438599199 0.05635612701482136 261
1694438599217 0.1550996495780726 262
1694438599235 0.06720073131185676 263
1694438599253 0.1486108392222008 264
1694438599271 0.09300823349855517 265
1694438599289 0.10247261899545 266
1694438599307 0.10937064653180949 267
1694438599327 0.09617484527568278 268
1694438599345 0.14356161531032127 269
1694438599364 0.10124278449744854 270
1694438599382 0.21464310450570445 271
1694438599402 0.9450773046954195 272
1694438599422 0.06207907824156923 273
1694438599442 0.12173597962931997 274
1694438599460 0.08932358374160702 275
1694438599479 0.05615130024314648 276
1694438599497 0.21213447953260683 277
1694438599515 0.0670810164648212 278
1694438599534 0.13937410040566575 279
1694438599553 0.05266446741117597 280
1694438599570 0.0708872496940995 281
1694438599589 0.08810106779552582 282
1694438599607 0.16846374183669457 283
1694438599625 0.061787359895173144 284
1694438599644 0.17521236970600826 285
1694438599662 0.21036286641532212 286
1694438599681 0.05896214250750325 287
1694438599699 0.1471907325025639 288
1694438599719 0.07460212124532196 289
1694438599739 0.09036814004888535 290
1694438599757 0.11186585466063319 291
1694438599777 0.06680156688383924 292
1694438599795 0.18794462335084355 293
1694438599817 0.12531764297449097 294
1694438599839 0.08640954972862848 295
1694438599858 0.17508527859904638 296
1694438599878 0.05723955803645582 297
1694438599896 0.09095885531805825 298
1694438599915 0.04871840265618184 299
1694438599934 0.10873627439783817 300
1694438599954 0.08378356122786 301
1694438599973 0.12812754701897816 302
1694438599994 0.09131393169281243 303
1694438600014 0.07118850536956177 304
1694438600034 0.06773179719999231 305
1694438600054 0.042358508869376296 306
1694438600073 0.06122255561006583 307
1694438600093 0.20841761567889958 308
1694438600113 0.06156538817762204 309
1694438600132 0.07973168634090509 310
1694438600152 0.10979656228997403 311
1694438600171 0.10865187198789315 312
1694438600190 0.045720006154710766 313
1694438600209 0.07017845729243062 314
1694438600228 0.040073620032670176 315
1694438600248 0.033341381851528566 316
1694438600267 0.1152155798385137 317
1694438600287 0.14009343426660154 318
1694438600307 0.12270708442565734 319
1694438600326 0.07360745373552956 320
1694438600345 0.06296736046034661 321
1694438600365 0.07874311837696957 322
1694438600383 0.2001878046914968 323
1694438600403 0.09971834739472073 324
1694438600421 0.09632588938507437 325
1694438600438 0.11850928810602913 326
1694438600458 0.08168025715594733 327
1694438600476 0.05029545421084376 328
1694438600494 0.06627379697860378 329
1694438600512 0.10200019071670142 330
1694438600532 0.09289591867894623 331
1694438600551 0.05240349975530301 332
1694438600569 0.058092202387939385 333
1694438600588 0.08832699512020795 334
1694438600607 0.19663225280177624 335
1694438600627 0.11678833676082731 336
1694438600647 0.14403880896941818 337
1694438600665 0.1370231430265071 338
1694438600683 0.07130679839097318 339
1694438600701 0.045958554575152154 340
1694438600719 0.0685616728182317 341
1694438600738 0.13171161591305858 342
1694438600756 0.06397603777867315 343
1694438600774 0.21639534581230674 344
1694438600792 0.09671733638665729 345
1694438600810 0.07155778845703378 346
1694438600830 0.03183544654530444 347
1694438600848 0.08242690383093176 348
1694438600867 0.08661769555934465 349
1694438600885 0.3128811400086793 350
1694438600904 0.08886967952338169 351
1694438600923 0.1532376184688574 352
1694438600942 0.08105811072309918 353
1694438600961 0.08797341567193769 354
1694438600979 0.08505361019968537 355
1694438600998 0.07043175567759187 356
1694438601015 0.05071997258742926 357
1694438601035 0.2529379008683815 358
1694438601054 0.07239374877469602 359
1694438601072 0.050741780156250145 360
1694438601092 0.02544721554680574 361
1694438601110 0.17149397399758912 362
1694438601128 0.15834904673228345 363
1694438601147 0.07132169612104249 364
1694438601166 0.057761791321453086 365
1694438601184 0.08657870650380196 366
1694438601202 0.1230601208075626 367
1694438601221 0.06734564110523876 368
1694438601241 0.0801336151925692 369
1694438601260 0.12006289198874812 370
1694438601278 0.1684492090286153 371
1694438601296 0.09530203467917416 372
1694438601314 0.11297072348908598 373
1694438601332 0.05698193462260593 374
1694438601351 0.14049320530891135 375
1694438601371 0.09820245628134372 376
1694438601390 0.0815154188469337 377
1694438601408 0.11506716935797999 378
1694438601426 0.1254443854293206 379
1694438601445 0.1621056504146639 380
1694438601463 0.1255178982247154 381
1694438601482 0.10426632683282157 382
1694438601499 0.05633833789431448 383
1694438601516 0.13009725128304644 384
1694438601535 0.10784963620507661 385
1694438601554 0.08164800125077687 386
1694438601573 0.03226453052181315 387
1694438601591 0.121748693778769 388
1694438601609 0.14627475577071872 389
1694438601629 0.14932261517861734 390
1694438601647 0.16113552777077933 391
1694438601665 0.07684875086030672 392
1694438601684 0.13422117360293315 393
1694438601702 0.11711854617459568 394
1694438601721 0.07103351673269956 395
1694438601739 0.11525996271524296 396
1694438601758 0.021139508153262546 397
1694438601776 0.05858856230080773 398
1694438601793 0.10683184877179229 399
1694438601813 0.07089568061767254 400
1694438601832 0.12431347591836546 401
1694438601851 0.06862112032392623 402
1694438601870 0.05116403049637787 403
1694438601889 0.1461439515006288 404
1694438601907 0.09304197048232002 405
1694438601925 0.16209811616398936 406
1694438601944 0.14546779031494853 407
1694438601963 0.07269867041708068 408
1694438601981 0.09725605875603247 409
1694438601999 0.097994864804653 410
1694438602018 0.15605055390145872 411
1694438602037 0.10077858025934526 412
1694438602056 0.04886954170159848 413
1694438602076 0.14556614741232804 414
1694438602095 0.10318708838209098 415
1694438602114 0.17653978799921813 416
1694438602133 0.16416534475848857 417
1694438602154 0.21622385869261418 418
1694438602174 0.1295139861823395 419
1694438602196 0.13733575044645316 420
1694438602216 0.0537266621141743 421
1694438602236 0.048802677999087274 422
1694438602256 0.08545238296237821 423
1694438602276 0.13413371625834308 424
1694438602296 0.06469642313183906 425
1694438602316 0.13701066040343884 426
1694438602335 0.10660797258097479 427
1694438602355 0.11077286668590722 428
1694438602375 0.08976928931137375 429
1694438602396 0.18074042888635103 430
1694438602415 0.11478099686962248 431
1694438602438 0.13242464429811723 432
1694438602459 0.05692777648544196 433
1694438602479 0.10792360125150928 434
1694438602499 0.03789522093132223 435
1694438602519 0.12471177654642604 436
1694438602539 0.08219527264239836 437
1694438602559 0.09656082042517919 438
1694438602583 0.03135236211583007 439
1694438602601 0.13883945642786824 440
1694438602622 0.08935683326286549 441
1694438602641 0.09182404441999736 442
1694438602660 0.18499269210536554 443
1694438602679 0.12007142607572426 444
1694438602698 0.03158551942597821 445
1694438602717 0.06921615872957781 446
1694438602736 0.09035187436721263 447
1694438602755 0.03660059960976708 448
1694438602775 0.10800337644233525 449
1694438602794 0.0849891402844147 450
1694438602813 0.0773698430853027 451
1694438602832 0.06140389586977057 452
1694438602852 0.08713652435945739 453
1694438602871 0.1475168504225682 454
1694438602890 0.04881477468755408 455
1694438602909 0.0889346026310623 456
1694438602927 0.16052538340701178 457
1694438602946 0.07237371251620713 458
1694438602964 0.09481096105528301 459
1694438602982 0.07263569319442628 460
1694438603000 0.19447937419351186 461
1694438603018 0.061938631044398174 462
1694438603036 0.09580704979003123 463
1694438603055 0.16445372557355822 464
1694438603074 0.0248028995771708 465
1694438603094 0.09773269259916165 466
1694438603112 0.07622650788020917 467
1694438603131 0.06797801780088182 468
1694438603149 0.07237769938327447 469
1694438603168 0.10231675266050676 470
1694438603186 0.1049173543948403 471
1694438603204 0.0547130184694311 472
1694438603222 0.1262565821062069 473
1694438603240 0.13952216066655979 474
1694438603258 0.05843511542533504 475
1694438603277 0.05934665168920013 476
1694438603295 0.1382055304321305 477
1694438603312 0.12551198112004863 478
1694438603331 0.20590846365502016 479
1694438603350 0.12778653846266505 480
1694438603368 0.09183446080719011 481
1694438603387 0.17005310283714956 482
1694438603405 0.0462183867614452 483
1694438603423 0.04338323755455392 484
1694438603442 0.07499388268334817 485
1694438603460 0.11645548433967715 486
1694438603478 0.04295732569629506 487
1694438603497 0.0869909440409437 488
1694438603515 0.04463920556303206 489
1694438603533 0.16791767357970522 490
1694438603551 0.1141545520119297 491
1694438603570 0.8861497578696211 492
1694438603589 0.06780591797688541 493
1694438603607 0.08577068709462134 494
1694438603625 0.10556343125843404 495
1694438603643 0.08949702098768075 496
1694438603663 0.09935776542425097 497
1694438603684 0.0780238841102264 498
1694438603702 0.11089114278968323 499
