1694428683373 176.12085769943423 0
1694428683390 166.53292324497093 1
1694428683407 167.3359762872301 2
1694428683423 165.04510199297098 3
1694428683439 167.6626416430244 4
1694428683456 164.42973236290064 5
1694428683473 165.51287837019905 6
1694428683491 162.59622919829704 7
1694428683508 165.22510873555052 8
1694428683525 163.64021837389348 9
1694428683547 165.46825909630576 10
1694428683564 173.7621697713899 11
1694428683581 176.81004664584 12
1694428683598 166.04475004820193 13
1694428683614 175.65110502260288 14
1694428683631 165.66471739481372 15
1694428683649 174.46243432945076 16
1694428683666 174.4295409640945 17
1694428683683 161.77221996702355 18
1694428683699 165.02132769192215 19
1694428683716 166.10798307119194 20
1694428683734 169.29298620220965 21
1694428683752 166.12595486874736 22
1694428683770 167.6697592069914 23
1694428683788 168.20605150658827 24
1694428683805 166.27868890649953 25
1694428683824 171.10889594295278 26
1694428683842 171.00166651818702 27
1694428683862 168.68250130520025 28
1694428683880 175.0139962526262 29
1694428683898 168.46575190264932 30
1694428683919 169.59926438615136 31
1694428683937 169.61160271435065 32
1694428683955 162.86126928548217 33
1694428683972 161.82070092548625 34
1694428683989 165.51078898049448 35
1694428684006 167.6976886809767 36
1694428684023 165.63119875854522 37
1694428684041 166.9161392959699 38
1694428684057 166.67090004260027 39
1694428684074 168.81321610919426 40
1694428684091 164.7014406110317 41
1694428684107 169.2446471519049 42
1694428684124 165.90404891817784 43
1694428684141 168.28584955815919 44
1694428684158 165.10712489871077 45
1694428684175 170.6410604275183 46
1694428684192 162.39109426245395 47
1694428684208 171.2205077407668 48
1694428684224 166.9759618934035 49
1694428684241 169.82341334637795 50
1694428684258 165.9578876688542 51
1694428684275 173.00875348751896 52
1694428684292 169.18230663351443 53
1694428684309 168.3040966762821 54
1694428684325 165.19817688345626 55
1694428684342 173.27258937105375 56
1694428684360 169.29432815200826 57
1694428684376 167.3982422511559 58
1694428684394 166.5028142328129 59
1694428684411 165.1527270326292 60
1694428684428 169.54315134820067 61
1694428684445 165.65029807298558 62
1694428684461 167.0665678886945 63
1694428684479 170.11283585464324 64
1694428684495 170.0671566959843 65
1694428684512 168.63232448060555 66
1694428684529 173.1830844637021 67
1694428684548 169.1398837075116 68
1694428684564 171.00360112702833 69
1694428684582 169.57604645557612 70
1694428684599 164.72604838086573 71
1694428684615 161.45554867248225 72
1694428684631 164.66860757769808 73
1694428684649 168.34632992055612 74
1694428684667 172.71540470677127 75
1694428684688 167.98748295088413 76
1694428684704 168.38812379946324 77
1694428684721 169.88242331290738 78
1694428684737 163.2912903196652 79
1694428684755 167.7222035252544 80
1694428684772 166.22345065136074 81
1694428684789 170.5336265128046 82
1694428684805 168.905586804337 83
1694428684822 171.1465706246718 84
1694428684839 167.32321380295707 85
1694428684856 162.82138805374166 86
1694428684873 169.73061885446447 87
1694428684891 168.1977945490633 88
1694428684908 168.8873769627028 89
1694428684924 166.8459024574136 90
1694428684941 164.82763874022638 91
1694428684959 166.7960880382898 92
1694428684977 163.46195708539219 93
1694428684995 163.48331770131017 94
1694428685011 166.2659705235914 95
1694428685028 165.39134478398745 96
1694428685045 169.09287559251138 97
1694428685062 166.6277535611054 98
1694428685079 168.82522777829604 99
1694428685096 169.3580088581114 100
1694428685113 171.00125416660876 101
1694428685129 163.60146459851907 102
1694428685147 167.5409846014724 103
1694428685164 165.03998755799645 104
1694428685180 169.3187350419066 105
1694428685197 170.397144581694 106
1694428685214 165.7903223529234 107
1694428685231 171.72767735502023 108
1694428685247 169.9614734917646 109
1694428685264 168.46408417607154 110
1694428685282 168.91483711354937 111
1694428685297 167.74910120684885 112
1694428685315 169.71680887801213 113
1694428685331 174.41744906118547 114
1694428685348 168.7751212809567 115
1694428685365 169.27133916959613 116
1694428685381 169.53377074866515 117
1694428685398 168.68049657295464 118
1694428685415 166.96888123443793 119
1694428685431 169.83915781511377 120
1694428685449 169.610574897959 121
1694428685466 166.8232816011909 122
1694428685484 164.3113075462304 123
1694428685502 166.15762098597915 124
1694428685518 170.678605814966 125
1694428685535 167.7235230297084 126
1694428685552 169.44890304784735 127
1694428685569 168.10993048413053 128
1694428685586 171.20987397886466 129
1694428685602 166.86582989573935 130
1694428685619 166.6477732366138 131
1694428685636 171.81040244305882 132
1694428685652 170.16035021614263 133
1694428685669 166.93023344844343 134
1694428685686 168.13559058959646 135
1694428685702 174.6446480952916 136
1694428685720 163.0311047126276 137
1694428685735 173.68767478006643 138
1694428685751 170.28666976596267 139
1694428685768 173.86885709198026 140
1694428685785 167.0413680840258 141
1694428685802 169.56322645604126 142
1694428685819 170.26345680951437 143
1694428685835 170.25947463106746 144
1694428685851 169.4675004922889 145
1694428685868 166.48150510958814 146
1694428685885 169.85416057278627 147
1694428685901 167.94425776968183 148
1694428685917 165.98083426467332 149
1694428685934 170.1503911887095 150
1694428685951 168.19174872386142 151
1694428685968 172.16465583324734 152
1694428685984 168.36199141799742 153
1694428686002 166.20062243315266 154
1694428686018 168.0631060685485 155
1694428686034 167.86273096186022 156
1694428686051 171.5930323016115 157
1694428686068 171.3323053363918 158
1694428686086 167.26857833879907 159
1694428686104 167.35203271999754 160
1694428686121 164.29274712706132 161
1694428686138 168.57290347072444 162
1694428686155 167.95723186987976 163
1694428686172 167.55707057490514 164
1694428686189 168.2282271822945 165
1694428686206 170.1979745968481 166
1694428686222 167.54903443435927 167
1694428686239 169.46996602210987 168
1694428686256 166.607013368358 169
1694428686273 170.5504884602669 170
1694428686290 162.78439990783272 171
1694428686307 167.8478717062806 172
1694428686323 170.32480085653694 173
1694428686339 174.2152481631201 174
1694428686355 174.1556444923874 175
1694428686374 170.7076437620769 176
1694428686390 168.20443473617223 177
1694428686407 170.8509659632786 178
1694428686424 173.87074416930025 179
1694428686441 168.83953211050638 180
1694428686457 167.06087101089133 181
1694428686474 168.24805527329232 182
1694428686491 170.58484667622656 183
1694428686507 168.09509810151965 184
1694428686524 169.14449882910776 185
1694428686540 170.85924121604623 186
1694428686558 171.39275479897591 187
1694428686575 168.73780174565556 188
1694428686591 169.32699017260092 189
1694428686609 168.34952968930443 190
1694428686625 166.38772940392718 191
1694428686644 168.18237371100636 192
1694428686663 171.43393075654436 193
1694428686682 168.01380847704664 194
1694428686698 165.36070710968895 195
1694428686714 168.03042781310552 196
1694428686731 171.65053567363273 197
1694428686748 170.9898101215861 198
1694428686765 171.5782655991861 199
1694428686782 168.26924321112114 200
1694428686798 168.96312877387274 201
1694428686816 166.59742656136527 202
1694428686832 168.216606313235 203
1694428686849 172.42551664047488 204
1694428686865 167.87385002968384 205
1694428686882 169.83252044564514 206
1694428686898 168.5263698877202 207
1694428686915 169.00258737332862 208
1694428686931 166.8741433895396 209
1694428686948 166.75329069099982 210
1694428686965 166.68896553574206 211
1694428686982 171.05070643032107 212
1694428686998 165.715568438314 213
1694428687014 169.62977803292725 214
1694428687031 166.30485863515824 215
1694428687047 168.60474089247504 216
1694428687065 172.9957521326012 217
1694428687082 173.28954328460833 218
1694428687099 168.77070555220388 219
1694428687115 172.0492358949682 220
1694428687131 168.7187333270406 221
1694428687148 171.91086141194253 222
1694428687165 171.23153828806738 223
1694428687182 167.30628843002745 224
1694428687199 168.4881666994394 225
1694428687215 167.47836049559533 226
1694428687231 165.29038648586194 227
1694428687247 169.24306200757204 228
1694428687264 168.770389584648 229
1694428687283 163.91113999301925 230
1694428687301 169.02126526919363 231
1694428687319 169.9567241489903 232
1694428687335 171.2000057240526 233
1694428687351 164.65590652967555 234
1694428687368 170.98892459119347 235
1694428687385 169.50344799159913 236
1694428687401 168.28832449249188 237
1694428687419 173.3151872369523 238
1694428687435 167.4323574803859 239
1694428687451 168.94754384135993 240
1694428687468 169.24073978506772 241
1694428687486 166.60102691509272 242
1694428687503 172.716093273762 243
1694428687519 168.57722088511784 244
1694428687536 167.65584858629387 245
1694428687552 168.84502530367678 246
1694428687569 166.35562333952365 247
1694428687586 170.92881195980803 248
1694428687602 169.51342317056543 249
1694428687619 168.4838333522712 250
1694428687636 169.24219878549505 251
1694428687653 170.84695785357096 252
1694428687670 163.30789548518032 253
1694428687687 168.02750404226464 254
1694428687703 169.78745111918397 255
1694428687719 168.019243465073 256
1694428687736 161.99762822845534 257
1694428687753 169.55545531679655 258
1694428687770 167.08197165978586 259
1694428687786 169.25968759780176 260
1694428687803 168.31746203783814 261
1694428687819 165.8216801895835 262
1694428687837 165.70976936589756 263
1694428687855 172.5577431808708 264
1694428687873 165.6851623470381 265
1694428687889 168.17918687927448 266
1694428687906 169.14959753268823 267
1694428687923 173.11926874134522 268
1694428687940 169.9201627752229 269
1694428687956 171.2237932438239 270
1694428687973 170.36052710338458 271
1694428687991 163.41111965632288 272
1694428688007 169.80221759818377 273
1694428688024 165.03770137443203 274
1694428688041 169.0351209446091 275
1694428688057 170.28853139376335 276
1694428688074 168.99053990099964 277
1694428688090 167.81610493344706 278
1694428688107 167.54933196666664 279
1694428688124 166.77121806347665 280
1694428688140 164.50982262611416 281
1694428688157 167.6719712276013 282
1694428688173 167.00087538789947 283
1694428688190 167.80555911712295 284
1694428688207 173.22632461731376 285
1694428688223 170.7786985839102 286
1694428688239 175.8978892633596 287
1694428688255 170.7999362278051 288
1694428688272 170.18568174237797 289
1694428688290 174.02445417590357 290
1694428688307 169.15182415971506 291
1694428688324 167.96049279621133 292
1694428688340 168.3368893969976 293
1694428688357 168.9137573552343 294
1694428688373 168.45929051460416 295
1694428688390 170.90573806567542 296
1694428688407 166.7968884989256 297
1694428688423 167.24112139434382 298
1694428688441 159.67327455302498 299
1694428688458 170.04195303411385 300
1694428688475 169.02163886128827 301
1694428688492 167.0275215657788 302
1694428688509 168.915840448482 303
1694428688525 170.40511506687258 304
1694428688542 170.1174737613365 305
1694428688558 169.41857389825148 306
1694428688575 166.36441621819176 307
1694428688592 167.3463848867222 308
1694428688609 167.35638446225087 309
1694428688625 169.86697295695166 310
1694428688642 167.88739953984478 311
1694428688660 165.35434357002214 312
1694428688676 168.12132818548116 313
1694428688693 170.50897012449485 314
1694428688710 169.68932739437352 315
1694428688726 166.99228315571966 316
1694428688743 164.67277530426713 317
1694428688760 169.85655000127116 318
1694428688776 166.92370086315697 319
1694428688794 167.51913118824743 320
1694428688811 167.22650812159597 321
1694428688828 168.620388872838 322
1694428688844 170.06280717508858 323
1694428688860 169.3983833570463 324
1694428688877 168.1250190626557 325
1694428688894 173.65044897217064 326
1694428688910 169.71833431491905 327
1694428688927 166.38525916802323 328
1694428688944 170.56902022052213 329
1694428688961 174.6316009532945 330
1694428688977 166.23829354971548 331
1694428688995 166.16953595734094 332
1694428689011 169.25578847777925 333
1694428689029 165.09177846244322 334
1694428689048 171.41015899547915 335
1694428689065 173.15632032443088 336
1694428689083 170.68250520867042 337
1694428689101 171.7849257200099 338
1694428689117 169.24884169063134 339
1694428689134 163.41490562441854 340
1694428689151 167.5406887698132 341
1694428689167 167.17410636377835 342
1694428689184 166.704753101478 343
1694428689201 167.2724819510454 344
1694428689218 169.50832856052094 345
1694428689234 167.89579754753868 346
1694428689250 167.26469322814168 347
1694428689267 167.47021005422008 348
1694428689284 170.73317813631664 349
1694428689300 167.7427633238959 350
1694428689317 166.6784787641225 351
1694428689334 166.11720641782534 352
1694428689351 165.95804290140626 353
1694428689367 162.92247919961054 354
1694428689384 169.74488809070093 355
1694428689401 171.79856131472312 356
1694428689416 167.17773503189807 357
1694428689433 168.6064024301558 358
1694428689449 162.95057356717635 359
1694428689466 161.62249377759343 360
1694428689483 166.72678691176046 361
1694428689500 168.1376114456143 362
1694428689517 171.1188642770745 363
1694428689534 168.23998572495444 364
1694428689550 169.0339272760218 365
1694428689567 168.804230366014 366
1694428689583 171.12075059468998 367
1694428689601 163.51160804241326 368
1694428689619 164.85025715192478 369
1694428689636 169.3596096158069 370
1694428689652 164.14653972026264 371
1694428689670 169.54591999847702 372
1694428689686 168.5220153585469 373
1694428689704 167.72708506235992 374
1694428689721 168.19805859443227 375
1694428689738 168.1792942290398 376
1694428689754 164.94327787160736 377
1694428689771 167.2118000580658 378
1694428689786 166.06004409837874 379
1694428689804 168.07134602953647 380
1694428689821 165.41362805416276 381
1694428689838 169.32362785750865 382
1694428689854 169.11883729969733 383
1694428689871 173.0664213119676 384
1694428689887 165.16025149646674 385
1694428689904 169.95877714924146 386
1694428689921 171.74886385021523 387
1694428689938 169.14548212519455 388
1694428689956 169.89252262793372 389
1694428689972 167.9851620780922 390
1694428689988 170.87142463873286 391
1694428690006 168.12314277255788 392
1694428690023 162.4515274373408 393
1694428690040 170.7606333179481 394
1694428690056 170.1727690220994 395
1694428690073 169.6922058598165 396
1694428690090 168.83940087408558 397
1694428690106 169.25193602447595 398
1694428690123 170.1038896762282 399
1694428690140 163.28433286049906 400
1694428690157 172.2139003341962 401
1694428690175 166.97459450330152 402
1694428690193 167.6068393441706 403
1694428690211 171.18200342096398 404
1694428690227 169.53090139164217 405
1694428690244 171.28621568966756 406
1694428690260 168.2540702232928 407
1694428690276 173.28520683542638 408
1694428690294 169.30558238836986 409
1694428690312 163.59785561745778 410
1694428690328 166.09800757715942 411
1694428690344 166.76778194990658 412
1694428690361 168.25963464313708 413
1694428690378 169.93304135802504 414
1694428690394 168.99722268983123 415
1694428690412 170.86937158721958 416
1694428690429 165.56849229836897 417
1694428690446 168.79881461330692 418
1694428690463 171.22331532896905 419
1694428690479 169.8652451825157 420
1694428690496 167.15576835103886 421
1694428690513 167.30071547537568 422
1694428690530 165.16021444801135 423
1694428690547 168.52618858216147 424
1694428690563 168.17843488146582 425
1694428690580 164.25474380265652 426
1694428690596 168.32190576316785 427
1694428690612 160.94488589979258 428
1694428690630 165.80665546074925 429
1694428690646 171.13768159512412 430
1694428690662 166.28457929136104 431
1694428690679 166.2068335876574 432
1694428690696 169.17702001991591 433
1694428690712 163.5852331072812 434
1694428690730 162.25200608327026 435
1694428690746 166.8349747149303 436
1694428690763 164.79111549785316 437
1694428690783 169.44355610163225 438
1694428690803 170.93076305840296 439
1694428690823 171.68852082893687 440
1694428690843 168.01641547548385 441
1694428690862 170.19712493067365 442
1694428690879 174.41347410283586 443
1694428690901 167.65177138800988 444
1694428690919 169.2398419032465 445
1694428690938 171.89521956099068 446
1694428690956 164.63789017066588 447
1694428690974 171.87121882799087 448
1694428690992 169.37228852652908 449
1694428691010 170.8551215340078 450
1694428691028 168.07135883611505 451
1694428691046 168.0844549373676 452
1694428691062 169.6672448867856 453
1694428691079 164.98285936620647 454
1694428691096 170.26516759008788 455
1694428691112 169.04370495265766 456
1694428691130 170.36677217685533 457
1694428691146 167.00559600581815 458
1694428691163 170.63084712311004 459
1694428691179 166.60097612261592 460
1694428691196 166.11559962190935 461
1694428691213 172.96738998954243 462
1694428691230 165.442252257584 463
1694428691246 171.64943926778827 464
1694428691263 170.02240304031474 465
1694428691279 167.337044551276 466
1694428691296 167.48952700015226 467
1694428691313 163.77496786049807 468
1694428691332 173.36694287715983 469
1694428691350 168.87099549840724 470
1694428691367 164.99884189196453 471
1694428691384 168.65858286020506 472
1694428691402 170.6559315125394 473
1694428691420 171.9564874479179 474
1694428691436 167.4365200823357 475
1694428691452 168.27954598934713 476
1694428691469 165.89118803403878 477
1694428691485 165.64587237962215 478
1694428691502 171.65123303776838 479
1694428691519 165.1922498792042 480
1694428691536 167.496626070334 481
1694428691552 167.7913182840978 482
1694428691569 168.36638172960897 483
1694428691585 170.9484390502543 484
1694428691602 172.09179111181928 485
1694428691619 164.1742647255333 486
1694428691635 165.06864937074337 487
1694428691652 164.6431917640936 488
1694428691668 169.44164958013184 489
1694428691685 168.37217513470776 490
1694428691701 167.00333385746038 491
1694428691718 168.8960377417674 492
1694428691735 170.05598105721575 493
1694428691752 170.54320653975577 494
1694428691767 166.61505896541408 495
1694428691784 167.42043491472398 496
1694428691802 173.33727058799693 497
1694428691819 166.7650012082534 498
1694428691836 173.5164347516042 499
