1694432661242 178.2611608617122 0
1694432661259 178.22532551971233 1
1694432661276 178.19666343697904 2
1694432661293 178.168005818401 3
1694432661309 178.13935280697288 4
1694432661325 178.1107044019499 5
1694432661341 178.08206060259036 6
1694432661357 178.05342140815262 7
1694432661374 178.0247868178952 8
1694432661391 177.9961568310768 9
1694432661409 177.96753144695614 10
1694432661426 177.93891066479208 11
1694432661443 177.9102944838437 12
1694432661460 177.88168290337003 13
1694432661477 177.85307592263032 14
1694432661494 177.82447354088401 15
1694432661513 177.79587575739046 16
1694432661532 177.7672825714094 17
1694432661550 177.7386939822004 18
1694432661569 177.71010998902344 19
1694432661588 177.68153059113837 20
1694432661609 177.65295578780535 21
1694432661626 177.62438557828457 22
1694432661642 177.59581996183627 23
1694432661657 177.56725893772096 24
1694432661673 177.53870250519915 25
1694432661690 177.51015066353156 26
1694432661708 177.48160341197894 27
1694432661724 177.4530607498023 28
1694432661741 177.42452267626254 29
1694432661756 177.39598919062092 30
1694432661773 177.36746029213867 31
1694432661789 177.3389359800772 32
1694432661807 177.310416253698 33
1694432661822 177.28190111226274 34
1694432661838 177.25339055503315 35
1694432661854 177.2248845812711 36
1694432661871 177.19638319023858 37
1694432661887 177.16788638119772 38
1694432661903 177.13939415341076 39
1694432661919 177.11090650614 40
1694432661935 177.08242343864794 41
1694432661953 177.05394495019718 42
1694432661970 177.0254710400504 43
1694432661987 176.99700170747045 44
1694432662004 176.96853695172027 45
1694432662020 176.9400767720629 46
1694432662036 176.91162116776158 47
1694432662052 176.8831701380796 48
1694432662068 176.85472368228034 49
1694432662086 176.82628179962737 50
1694432662103 176.79784448938437 51
1694432662119 176.7694117508151 52
1694432662135 176.74098358318344 53
1694432662151 176.71255998575344 54
1694432662168 176.68414095778925 55
1694432662185 176.65572649855514 56
1694432662202 176.62731660731538 57
1694432662218 176.59891128333462 58
1694432662233 176.57051052587738 59
1694432662251 176.54211433420838 60
1694432662266 176.5137227075925 61
1694432662283 176.48533564529473 62
1694432662300 176.45695314658013 63
1694432662315 176.42857521071397 64
1694432662332 176.4002018369615 65
1694432662347 176.3718330245882 66
1694432662363 176.34346877285964 67
1694432662381 176.31510908104156 68
1694432662399 176.28675394839962 69
1694432662417 176.25840337419987 70
1694432662433 176.2300573577083 71
1694432662449 176.20171589819108 72
1694432662464 176.17337899491451 73
1694432662481 176.14504664714494 74
1694432662498 176.11671885414896 75
1694432662514 176.08839561519312 76
1694432662530 176.06007692954424 77
1694432662546 176.03176279646914 78
1694432662563 176.00345321523483 79
1694432662580 175.97514818510842 80
1694432662596 175.94684770535716 81
1694432662614 175.91855177524837 82
1694432662630 175.89026039404956 83
1694432662648 175.86197356102826 84
1694432662665 175.83369127545222 85
1694432662682 175.80541353658919 86
1694432662699 175.77714034370717 87
1694432662715 175.7488716960742 88
1694432662732 175.72060759295846 89
1694432662747 175.69234803362826 90
1694432662764 175.66409301735197 91
1694432662781 175.63584254339818 92
1694432662798 175.6075966110355 93
1694432662814 175.57935521953266 94
1694432662829 175.55111836815865 95
1694432662845 175.5228860561824 96
1694432662861 175.49465828287302 97
1694432662878 175.4664350474998 98
1694432662894 175.4382163493321 99
1694432662911 175.41000218763938 100
1694432662927 175.38179256169119 101
1694432662944 175.35358747075733 102
1694432662960 175.32538691410758 103
1694432662976 175.2971908910119 104
1694432662993 175.2689994007404 105
1694432663009 175.24081244256317 106
1694432663025 175.2126300157506 107
1694432663040 175.1844521195731 108
1694432663057 175.15627875330114 109
1694432663073 175.1281099162055 110
1694432663090 175.09994560755686 111
1694432663106 175.07178582662615 112
1694432663122 175.04363057268444 113
1694432663139 175.01547984500274 114
1694432663156 174.98733364285238 115
1694432663171 174.9591919655047 116
1694432663188 174.9310548122312 117
1694432663205 174.90292218230348 118
1694432663222 174.87479407499328 119
1694432663237 174.84667048957235 120
1694432663254 174.81855142531276 121
1694432663269 174.79043688148653 122
1694432663286 174.76232685736588 123
1694432663302 174.7342213522231 124
1694432663318 174.70612036533058 125
1694432663334 174.6780238959609 126
1694432663350 174.64993194338672 127
1694432663366 174.62184450688085 128
1694432663383 174.59376158571612 129
1694432663398 174.5656831791656 130
1694432663415 174.53760928650243 131
1694432663431 174.50953990699983 132
1694432663447 174.48147503993115 133
1694432663463 174.45341468456994 134
1694432663479 174.42535884018977 135
1694432663497 174.39730750606435 136
1694432663513 174.36926068146755 137
1694432663530 174.34121836567326 138
1694432663545 174.31318055795563 139
1694432663563 174.28514725758882 140
1694432663580 174.25711846384715 141
1694432663597 174.229094176005 142
1694432663613 174.201074393337 143
1694432663629 174.1730591151177 144
1694432663647 174.14504834062194 145
1694432663663 174.1170420691246 146
1694432663679 174.08904029990077 147
1694432663696 174.06104303222548 148
1694432663713 174.03305026537402 149
1694432663729 174.00506199862173 150
1694432663746 173.97707823124412 151
1694432663764 173.94909896251679 152
1694432663782 173.92112419171542 153
1694432663799 173.8931539181159 154
1694432663815 173.8651881409941 155
1694432663830 173.83722685962616 156
1694432663846 173.80927007328827 157
1694432663862 173.7813177812567 158
1694432663878 173.7533699828078 159
1694432663895 173.72542667721822 160
1694432663911 173.6974878637646 161
1694432663927 173.6695535417237 162
1694432663944 173.64162371037233 163
1694432663960 173.61369836898757 164
1694432663976 173.58577751684658 165
1694432663993 173.55786115322644 166
1694432664008 173.52994927740468 167
1694432664025 173.5020418886587 168
1694432664041 173.47413898626604 169
1694432664057 173.4462405695045 170
1694432664072 173.41834663765187 171
1694432664089 173.39045718998605 172
1694432664106 173.36257222578513 173
1694432664122 173.33469174432724 174
1694432664139 173.30681574489077 175
1694432664155 173.27894422675405 176
1694432664171 173.25107718919557 177
1694432664187 173.22321463149407 178
1694432664204 173.19535655292825 179
1694432664220 173.16750295277697 180
1694432664237 173.13965383031925 181
1694432664252 173.11180918483416 182
1694432664268 173.083969015601 183
1694432664284 173.056133321899 184
1694432664301 173.02830210300775 185
1694432664318 173.0004753582067 186
1694432664335 172.97265308677555 187
1694432664351 172.9448352879942 188
1694432664368 172.91702196114255 189
1694432664384 172.88921310550054 190
1694432664400 172.8614087203484 191
1694432664416 172.83360880496645 192
1694432664433 172.805813358635 193
1694432664448 172.77802238063455 194
1694432664465 172.75023587024575 195
1694432664481 172.72245382674942 196
1694432664497 172.69467624942627 197
1694432664513 172.6669031375573 198
1694432664529 172.6391344904237 199
1694432664545 172.6113703073066 200
1694432664561 172.5836105874873 201
1694432664577 172.55585533024725 202
1694432664594 172.52810453486805 203
1694432664610 172.50035820063133 204
1694432664626 172.47261632681887 205
1694432664642 172.44487891271257 206
1694432664658 172.41714595759447 207
1694432664673 172.38941746074667 208
1694432664690 172.36169342145143 209
1694432664706 172.33397383899114 210
1694432664723 172.30625871264823 211
1694432664740 172.27854804170536 212
1694432664755 172.25084182544524 213
1694432664771 172.22314006315065 214
1694432664788 172.1954427541046 215
1694432664805 172.16774989759006 216
1694432664820 172.14006149289028 217
1694432664837 172.1123775392885 218
1694432664852 172.0846980360682 219
1694432664869 172.05702298251288 220
1694432664885 172.02935237790612 221
1694432664901 172.00168622153177 222
1694432664918 171.97402451267368 223
1694432664937 171.94636725061576 224
1694432664953 171.91871443464223 225
1694432664969 171.89106606403723 226
1694432664984 171.86342213808513 227
1694432665001 171.8357826560704 228
1694432665018 171.8081476172775 229
1694432665034 171.78051702099125 230
1694432665049 171.75289086649641 231
1694432665066 171.72526915307787 232
1694432665081 171.6976518800207 233
1694432665099 171.67003904661 234
1694432665115 171.642430652131 235
1694432665131 171.6148266958692 236
1694432665147 171.58722717710998 237
1694432665162 171.55963209513897 238
1694432665179 171.53204144924197 239
1694432665196 171.50445523870474 240
1694432665212 171.47687346281324 241
1694432665227 171.4492961208536 242
1694432665244 171.42172321211197 243
1694432665260 171.39415473587465 244
1694432665276 171.36659069142806 245
1694432665292 171.33903107805872 246
1694432665309 171.3114758950533 247
1694432665325 171.28392514169852 248
1694432665341 171.25637881728133 249
1694432665357 171.22883692108866 250
1694432665373 171.2012994524077 251
1694432665389 171.1737664105256 252
1694432665407 171.14623779472967 253
1694432665423 171.11871360430752 254
1694432665438 171.09119383854653 255
1694432665454 171.06367849673455 256
1694432665471 171.03616757815928 257
1694432665488 171.00866108210863 258
1694432665505 170.98115900787067 259
1694432665522 170.9536613547336 260
1694432665539 170.9261681219856 261
1694432665554 170.89867930891506 262
1694432665571 170.8711949148105 263
1694432665587 170.84371493896055 264
1694432665604 170.81623938065383 265
1694432665620 170.78876823917932 266
1694432665636 170.76130151382586 267
1694432665653 170.73383920388252 268
1694432665668 170.70638130863856 269
1694432665685 170.67892782738323 270
1694432665702 170.65147875940596 271
1694432665718 170.62403410399622 272
1694432665735 170.59659386044376 273
1694432665751 170.56915802803826 274
1694432665766 170.54172660606957 275
1694432665783 170.51429959382781 276
1694432665799 170.4868769906029 277
1694432665816 170.4594587956852 278
1694432665833 170.43204500836495 279
1694432665849 170.40463562793266 280
1694432665865 170.37723065367885 281
1694432665881 170.34983008489425 282
1694432665898 170.32243392086957 283
1694432665915 170.29504216089578 284
1694432665931 170.26765480426388 285
1694432665947 170.24027185026497 286
1694432665963 170.2128932981904 287
1694432665979 170.18551914733146 288
1694432665996 170.15814939697958 289
1694432666013 170.13078404642644 290
1694432666029 170.10342309496372 291
1694432666045 170.07606654188325 292
1694432666063 170.04871438647695 293
1694432666079 170.0213666280369 294
1694432666097 169.99402326585522 295
1694432666116 169.96668429922423 296
1694432666132 169.9393497274363 297
1694432666148 169.91201954978402 298
1694432666164 169.8846937655599 299
1694432666180 169.8573723740567 300
1694432666196 169.8300553745673 301
1694432666213 169.8027427663847 302
1694432666229 169.77543454880194 303
1694432666245 169.74813072111226 304
1694432666261 169.72083128260886 305
1694432666277 169.69353623258527 306
1694432666294 169.66624557033498 307
1694432666312 169.63895929515172 308
1694432666328 169.61167740632916 309
1694432666345 169.58439990316126 310
1694432666360 169.55712678494191 311
1694432666377 169.52985805096534 312
1694432666393 169.50259370052572 313
1694432666410 169.47533373291736 314
1694432666426 169.44807814743479 315
1694432666442 169.4208269433725 316
1694432666458 169.39358012002518 317
1694432666474 169.3663376766877 318
1694432666491 169.33909961265488 319
1694432666508 169.3118659272218 320
1694432666525 169.2846366196835 321
1694432666542 169.25741168933538 322
1694432666558 169.23019113547275 323
1694432666574 169.20297495739106 324
1694432666591 169.1757631543858 325
1694432666607 169.14855572575294 326
1694432666624 169.1213526707881 327
1694432666641 169.09415398878727 328
1694432666657 169.06695967904648 329
1694432666674 169.0397697408619 330
1694432666690 169.01258417352986 331
1694432666706 168.98540297634668 332
1694432666723 168.95822614860887 333
1694432666740 168.93105368961307 334
1694432666757 168.903885598656 335
1694432666772 168.87672187503458 336
1694432666789 168.84956251804562 337
1694432666805 168.82240752698632 338
1694432666822 168.7952569011538 339
1694432666837 168.76842197185732 340
1694432666855 168.74152906403316 341
1694432666870 168.71464046082596 342
1694432666887 168.68775616029924 343
1694432666902 168.66087616176182 344
1694432666918 168.63400046452273 345
1694432666935 168.60712906789107 346
1694432666951 168.58026197117613 347
1694432666967 168.55339917368718 348
1694432666984 168.52654067473375 349
1694432667001 168.49968647362533 350
1694432667017 168.4728365696717 351
1694432667034 168.44599096218255 352
1694432667050 168.41914965046786 353
1694432667066 168.39231263383758 354
1694432667083 168.3654799116019 355
1694432667100 168.338651483071 356
1694432667116 168.31182734755527 357
1694432667133 168.28500750436515 358
1694432667148 168.25819195281125 359
1694432667165 168.23138069220414 360
1694432667182 168.20457372185473 361
1694432667197 168.17777104107392 362
1694432667214 168.15097264917264 363
1694432667231 168.1241785454621 364
1694432667248 168.09738872925348 365
1694432667266 168.07060319985823 366
1694432667283 168.0438219565877 367
1694432667300 168.01704499875348 368
1694432667315 167.99027232566735 369
1694432667333 167.963503936641 370
1694432667348 167.9367398309864 371
1694432667364 167.9099800080155 372
1694432667381 167.88322446704052 373
1694432667397 167.85647320737363 374
1694432667413 167.8297262283272 375
1694432667430 167.80298352921372 376
1694432667446 167.77624510934572 377
1694432667462 167.74951096803593 378
1694432667479 167.72278110459712 379
1694432667496 167.6960555183422 380
1694432667511 167.66933420858416 381
1694432667529 167.64261717463617 382
1694432667546 167.61590441581149 383
1694432667562 167.58919593142343 384
1694432667578 167.5624917207854 385
1694432667594 167.5357917832111 386
1694432667610 167.50909611801413 387
1694432667628 167.48240472450829 388
1694432667644 167.4557176020075 389
1694432667660 167.42903474982577 390
1694432667677 167.40235616727725 391
1694432667693 167.37568185367616 392
1694432667708 167.34901180833683 393
1694432667726 167.32234603057373 394
1694432667742 167.29568451970144 395
1694432667758 167.26902727503466 396
1694432667775 167.2423742958882 397
1694432667791 167.21572558157686 398
1694432667806 167.18908113141572 399
1694432667826 167.16244094471992 400
1694432667843 167.13580502080467 401
1694432667859 167.10917335898532 402
1694432667876 167.08254595857733 403
1694432667892 167.05592281889628 404
1694432667908 167.0293039392578 405
1694432667925 167.00268931897773 406
1694432667942 166.9760789573719 407
1694432667958 166.94947285375645 408
1694432667973 166.92287100744733 409
1694432667990 166.8962734177609 410
1694432668006 166.86968008401342 411
1694432668023 166.84309100552142 412
1694432668040 166.8165061816014 413
1694432668057 166.78992561157008 414
1694432668072 166.76334929474413 415
1694432668089 166.73677723044062 416
1694432668104 166.71020941797636 417
1694432668122 166.68364585666862 418
1694432668138 166.65708654583455 419
1694432668154 166.63053148479148 420
1694432668170 166.60398067285686 421
1694432668187 166.5774341093483 422
1694432668203 166.55089179358336 423
1694432668220 166.5243537248799 424
1694432668237 166.49781990255576 425
1694432668253 166.47129032592895 426
1694432668269 166.4447649943176 427
1694432668285 166.4182439070399 428
1694432668302 166.3917270634142 429
1694432668318 166.36521446275887 430
1694432668335 166.33870610439251 431
1694432668350 166.3122019876338 432
1694432668366 166.28570211180144 433
1694432668383 166.25920647621436 434
1694432668400 166.23271508019153 435
1694432668417 166.20622792305204 436
1694432668435 166.17974500411506 437
1694432668452 166.15326632269998 438
1694432668467 166.1267918781262 439
1694432668483 166.10032166971322 440
1694432668500 166.07385569678073 441
1694432668516 166.04739395864846 442
1694432668532 166.02093645463628 443
1694432668549 165.9944831840642 444
1694432668565 165.96803414625225 445
1694432668582 165.94158934052066 446
1694432668598 165.91514876618973 447
1694432668613 165.88871242257983 448
1694432668631 165.86228030901157 449
1694432668647 165.83585242480555 450
1694432668664 165.8094287692825 451
1694432668679 165.78300934176326 452
1694432668696 165.75659414156885 453
1694432668713 165.73018316802026 454
1694432668729 165.70377642043877 455
1694432668746 165.6773738981456 456
1694432668762 165.6509756004622 457
1694432668777 165.62458152671002 458
1694432668794 165.59819167621072 459
1694432668809 165.5718060482861 460
1694432668826 165.5454246422579 461
1694432668843 165.5190474574481 462
1694432668858 165.49267449317875 463
1694432668876 165.46630574877202 464
1694432668891 165.43994122355025 465
1694432668907 165.41358091683577 466
1694432668924 165.3872248279511 467
1694432668941 165.36087295621883 468
1694432668957 165.33452530096167 469
1694432668973 165.30818186150248 470
1694432668994 165.28184263716417 471
1694432669011 165.2555076272698 472
1694432669029 165.22917683114255 473
1694432669045 165.20285024810556 474
1694432669061 165.17652787748236 475
1694432669077 165.15020971859636 476
1694432669093 165.12389577077118 477
1694432669110 165.0975860333305 478
1694432669125 165.0712805055981 479
1694432669143 165.04497918689796 480
1694432669159 165.01868207655403 481
1694432669174 164.99238917389053 482
1694432669190 164.96610047823168 483
1694432669205 164.93981598890184 484
1694432669221 164.91353570522546 485
1694432669239 164.8872596265271 486
1694432669255 164.8609877521315 487
1694432669272 164.83472008136337 488
1694432669288 164.80845661354772 489
1694432669304 164.7821973480095 490
1694432669321 164.75594228407383 491
1694432669338 164.7296914210659 492
1694432669353 164.7034447583111 493
1694432669371 164.67720229513486 494
1694432669387 164.65096403086275 495
1694432669402 164.62472996482046 496
1694432669419 164.5985000963337 497
1694432669436 164.5722744247284 498
1694432669451 164.54605294933052 499
