1694438509716 134.73995897244112 0
1694438509736 115.91029815352105 1
1694438509754 97.98936064204277 2
1694438509772 81.79779239289766 3
1694438509792 66.55630244417812 4
1694438509810 61.527873462663244 5
1694438509828 52.3895677928009 6
1694438509848 44.9043166710302 7
1694438509867 34.63893952414211 8
1694438509886 28.019942298164853 9
1694438509906 26.22904205876866 10
1694438509923 23.004810449087216 11
1694438509942 19.655981312859502 12
1694438509959 15.988019763241747 13
1694438509978 12.506624234828225 14
1694438509997 12.652707092763984 15
1694438510015 10.538241110020191 16
1694438510034 8.728765101220345 17
1694438510054 7.04011980878362 18
1694438510074 5.663835115044897 19
1694438510094 5.432542326409679 20
1694438510113 4.065167729970894 21
1694438510132 3.7376039604629407 22
1694438510152 3.3735236446364674 23
1694438510174 2.3078097294809234 24
1694438510196 2.171955606353646 25
1694438510218 2.003525970413279 26
1694438510238 1.6760235181314338 27
1694438510257 1.8003095068215011 28
1694438510277 1.0277470698065265 29
1694438510295 0.9647522332006127 30
1694438510313 0.9152772517491614 31
1694438510332 0.7779244138431463 32
1694438510350 0.7198858378497963 33
1694438510369 0.5032734532359383 34
1694438510388 0.5210368870933818 35
1694438510407 0.5643862175961277 36
1694438510425 0.3230457055734614 37
1694438510444 0.4856843855003948 38
1694438510462 0.2613289212289642 39
1694438510481 0.20145514775330461 40
1694438510499 0.2083236295459423 41
1694438510516 0.166678692301421 42
1694438510535 0.27586499917036994 43
1694438510553 0.2491840885508365 44
1694438510572 0.17269112378868443 45
1694438510590 0.23591835911237327 46
1694438510610 0.17514403891953326 47
1694438510628 0.1036289061037211 48
1694438510647 0.18094137457712645 49
1694438510665 0.15779090726471703 50
1694438510683 0.14450920158809438 51
1694438510701 0.11660866618267944 52
1694438510719 0.13867133931451656 53
1694438510737 0.09478878927145709 54
1694438510755 0.10107480660418207 55
1694438510773 0.33049219644547545 56
1694438510793 0.04739551963538075 57
1694438510811 0.08039997039033878 58
1694438510828 0.1167900545569412 59
1694438510847 0.07061356339749748 60
1694438510867 0.060764107374570234 61
1694438510886 0.09696290971384328 62
1694438510904 0.1724504328779471 63
1694438510922 0.08994051874096262 64
1694438510940 0.054024140686500785 65
1694438510959 0.05818327850322868 66
1694438510977 0.09347382070307426 67
1694438510996 0.11145039370925858 68
1694438511014 0.03399130589955517 69
1694438511036 0.15827901818675463 70
1694438511054 0.032407377156882786 71
1694438511073 0.08097629526296028 72
1694438511092 0.06953226651252857 73
1694438511110 0.15829065834514303 74
1694438511128 0.08091120916812566 75
1694438511147 0.06733732704583786 76
1694438511164 0.14890527254745334 77
1694438511182 0.07508537504732841 78
1694438511203 0.1417695400392951 79
1694438511221 0.0782215015163924 80
1694438511238 0.1340192764366283 81
1694438511256 0.09891077814248968 82
1694438511274 0.029749766086474443 83
1694438511293 0.08872330934384429 84
1694438511313 0.1325368864223588 85
1694438511332 0.061918942612666214 86
1694438511351 0.08644037927052776 87
1694438511369 0.10332711516300216 88
1694438511388 0.13761167972575677 89
1694438511407 0.07809097936129053 90
1694438511425 0.12819043807331887 91
1694438511443 0.1023634590485333 92
1694438511461 0.0640475922405729 93
1694438511480 0.14790714636917832 94
1694438511499 0.05032369304457376 95
1694438511517 0.12465482052201675 96
1694438511535 0.1542067101296149 97
1694438511553 0.127498191763714 98
1694438511571 0.04775768162547888 99
1694438511588 0.08499378404436782 100
1694438511608 0.09973970007782477 101
1694438511626 0.11438346741233395 102
1694438511644 0.048839293559538456 103
1694438511662 0.037206368566005045 104
1694438511680 0.05183024002161768 105
1694438511700 0.035980146094111744 106
1694438511718 0.07970387132986011 107
1694438511736 0.1938382995605541 108
1694438511754 0.11529334526581306 109
1694438511771 0.07882852974654508 110
1694438511791 0.13721485335653938 111
1694438511810 0.08594714091715683 112
1694438511827 0.14901305304471416 113
1694438511844 0.11561481029785002 114
1694438511863 0.13438354414447173 115
1694438511882 0.07460055953292456 116
1694438511901 0.07482676256339657 117
1694438511920 0.09708676026613054 118
1694438511938 0.07403757622242171 119
1694438511957 0.09556405411420525 120
1694438511975 0.028695153008856455 121
1694438511993 0.10386897737541248 122
1694438512013 0.14260857611431516 123
1694438512031 0.04303940619294538 124
1694438512048 0.07834231524937131 125
1694438512066 0.11926819167458455 126
1694438512084 0.04224924678465512 127
1694438512103 0.13880514063985983 128
1694438512122 0.07790778996886964 129
1694438512139 0.04189752615159457 130
1694438512158 0.15013319045362167 131
1694438512175 0.08451893476378468 132
1694438512193 0.056982831375323124 133
1694438512213 0.06104608129184628 134
1694438512230 0.11310444763180873 135
1694438512248 0.07665576791740543 136
1694438512265 0.16931016738891083 137
1694438512284 0.14038979904132617 138
1694438512304 0.11631951697262667 139
1694438512321 0.13091692235855387 140
1694438512340 0.11166365686562615 141
1694438512358 0.03495705149624384 142
1694438512376 0.082275401934455 143
1694438512394 0.2949866448429406 144
1694438512413 0.12512223903600697 145
1694438512432 0.13884998872974033 146
1694438512450 0.17331954722594925 147
1694438512468 0.05547332194864707 148
1694438512487 0.09018621601300121 149
1694438512505 0.035578344899017865 150
1694438512525 0.13251598194388645 151
1694438512543 0.09142771592097225 152
1694438512561 0.09285947104567156 153
1694438512580 0.07092302520804873 154
1694438512599 0.13916612840556916 155
1694438512617 0.11400002526024514 156
1694438512636 0.10138402422122854 157
1694438512654 0.0915040424513226 158
1694438512672 0.06351838870712485 159
1694438512690 0.17732302714414303 160
1694438512709 0.08368972885557227 161
1694438512727 0.07790057588838513 162
1694438512745 0.09021611051890226 163
1694438512763 0.054491846319198615 164
1694438512781 0.08008968705038484 165
1694438512801 0.07430654338635083 166
1694438512818 0.07530470932063692 167
1694438512836 0.15500177756178982 168
1694438512855 0.12922074758222937 169
1694438512873 0.10603658858353417 170
1694438512891 0.1357670363458153 171
1694438512911 0.060268608944561215 172
1694438512929 0.13313625380295102 173
1694438512948 0.05334719348238865 174
1694438512966 0.08569195670111043 175
1694438512983 0.0815463243433679 176
1694438513001 0.13331587211064258 177
1694438513020 0.9054197795379528 178
1694438513038 0.07553186189097597 179
1694438513056 0.053834361953110706 180
1694438513074 0.22399054640022326 181
1694438513092 0.10419402604639548 182
1694438513112 0.06009887618128441 183
1694438513131 0.14854841764544455 184
1694438513149 0.16506307585270805 185
1694438513166 0.12442387009685955 186
1694438513185 0.08609252464641311 187
1694438513204 0.8949149214981081 188
1694438513223 0.11641495335422603 189
1694438513241 0.126750609968949 190
1694438513258 0.28189370507989886 191
1694438513277 0.07967781907656832 192
1694438513295 0.07870201769812779 193
1694438513314 0.07202021545767985 194
1694438513333 0.04159452225814101 195
1694438513350 0.1520924347139164 196
1694438513368 0.12164025574866374 197
1694438513387 0.21270655246915932 198
1694438513406 0.08456234618225852 199
1694438513424 0.2642883941565007 200
1694438513442 0.12122137897061705 201
1694438513461 0.129615184606609 202
1694438513479 0.12588506152380124 203
1694438513498 0.06170263185243891 204
1694438513516 0.056099068494033226 205
1694438513535 0.0866304510154923 206
1694438513552 0.07930165515510397 207
1694438513572 0.02954409724025055 208
1694438513591 0.0469950586610624 209
1694438513609 0.151494672814498 210
1694438513627 0.1456411801187735 211
1694438513645 0.08463559343861357 212
1694438513664 0.1393457102556563 213
1694438513683 0.07095450496343263 214
1694438513702 0.10659130543144556 215
1694438513722 0.0667314240578802 216
1694438513740 0.15449732868070912 217
1694438513759 0.12122882013321716 218
1694438513778 0.03298335378750712 219
1694438513796 0.10601635867739226 220
1694438513815 0.07768076180998332 221
1694438513833 0.19437771309330434 222
1694438513851 0.1326627830981341 223
1694438513869 0.04655972750088606 224
1694438513887 0.13609131193155422 225
1694438513905 0.23222884540897545 226
1694438513925 0.042223923569653744 227
1694438513943 0.06388919340586818 228
1694438513962 0.03549050961078847 229
1694438513981 0.03896383656668906 230
1694438513999 0.11118946255592972 231
1694438514018 0.1516814965524215 232
1694438514036 0.09520848614130369 233
1694438514053 0.053821592980344 234
1694438514072 0.12018114648811219 235
1694438514091 0.22827273214884916 236
1694438514110 0.10372247720033942 237
1694438514129 0.10054146578976939 238
1694438514147 0.06932974485920801 239
1694438514166 0.04362825902867191 240
1694438514183 0.07619635329080131 241
1694438514202 0.07851926902808835 242
1694438514221 0.039144996251607465 243
1694438514239 0.03590641751371398 244
1694438514257 0.11720485539830391 245
1694438514275 0.1525988567095526 246
1694438514294 0.09184675493006014 247
1694438514314 0.08034852655102771 248
1694438514332 0.20755674055475887 249
1694438514352 0.03417962108879808 250
1694438514371 0.12043434270645448 251
1694438514389 0.04513495995355812 252
1694438514407 0.14830170963000874 253
1694438514426 0.08293670366915126 254
1694438514445 0.07941485901463732 255
1694438514464 0.05778309332053165 256
1694438514482 0.1071767567524906 257
1694438514500 0.12459481205868381 258
1694438514519 0.09175133243906393 259
1694438514538 0.14699940219913868 260
1694438514556 0.0628685843656137 261
1694438514575 0.09282209433121849 262
1694438514593 0.11701887481030884 263
1694438514612 0.08334112840105355 264
1694438514630 0.055249819987332985 265
1694438514649 0.1405259967174884 266
1694438514668 0.10095145400304308 267
1694438514686 0.28767673697573404 268
1694438514705 0.1995479329679308 269
1694438514723 0.102967208947055 270
1694438514742 0.11363134538968668 271
1694438514759 0.05085224259434466 272
1694438514777 0.0915632664544105 273
1694438514796 0.0910694226278769 274
1694438514814 0.07017362341159364 275
1694438514832 0.0894113338150628 276
1694438514850 0.10816608836078896 277
1694438514869 0.14532306884222818 278
1694438514887 0.06342162721672424 279
1694438514905 0.07436910878954428 280
1694438514923 0.030047308847173212 281
1694438514943 0.1476720469311809 282
1694438514962 0.12524196811284855 283
1694438514981 0.09390856869421296 284
1694438514999 0.2233569427854655 285
1694438515018 0.07760023499821123 286
1694438515036 0.15846322757318407 287
1694438515054 0.07142084016214444 288
1694438515073 0.07178272509397012 289
1694438515091 0.1608515033757855 290
1694438515109 0.05674517985126272 291
1694438515127 0.11455253370291367 292
1694438515146 0.08323555204322781 293
1694438515164 0.06001556362627876 294
1694438515182 0.22884764693738852 295
1694438515200 0.08787501036358067 296
1694438515218 0.20884537628096167 297
1694438515237 0.0532542305586726 298
1694438515255 0.06815791865241841 299
1694438515274 0.057298381350309305 300
1694438515291 0.09483919546346979 301
1694438515310 0.07711889631806261 302
1694438515328 0.09694830984962466 303
1694438515347 0.06295392262513053 304
1694438515365 0.09332822273799704 305
1694438515384 0.07633237873469252 306
1694438515402 0.11517318652203754 307
1694438515419 0.07970068133085305 308
1694438515439 0.04092823279047412 309
1694438515457 0.1713318255107133 310
1694438515474 0.0760358908303886 311
1694438515493 0.22030627026339245 312
1694438515510 0.059415858140665544 313
1694438515530 0.148521339430699 314
1694438515548 0.09660092907001458 315
1694438515568 0.1927854216536802 316
1694438515588 0.06353586291313909 317
1694438515607 0.30183694252972526 318
1694438515625 0.057314595215314915 319
1694438515644 0.12619220894466973 320
1694438515662 0.06274717692575689 321
1694438515680 0.05921290372909944 322
1694438515698 0.05037775401594279 323
1694438515716 0.05099101053756448 324
1694438515735 0.08224845855494324 325
1694438515752 0.08246147689629436 326
1694438515771 0.130204959957062 327
1694438515789 0.06208456726522007 328
1694438515807 0.06019887028329674 329
1694438515825 0.12451856412839228 330
1694438515845 0.0577397391442876 331
1694438515863 0.08700287336416712 332
1694438515881 0.11744025059638749 333
1694438515900 0.11046166901159304 334
1694438515918 0.08956362668708462 335
1694438515936 0.08952929855678986 336
1694438515955 0.09309019833969902 337
1694438515973 0.2127615036498903 338
1694438515992 0.08477016874913956 339
1694438516010 0.046807236388426494 340
1694438516028 0.03547136134035151 341
1694438516046 0.10511033020866299 342
1694438516064 0.0688749930617125 343
1694438516082 0.08218097175369114 344
1694438516101 0.06783668639041521 345
1694438516117 0.12650030117557504 346
1694438516137 0.14261626067300445 347
1694438516156 0.12683477556726727 348
1694438516174 0.06320097687188671 349
1694438516194 0.03276409637535869 350
1694438516213 0.11400949756327017 351
1694438516232 0.10030650200705793 352
1694438516250 0.1849793281955263 353
1694438516269 0.09594221812446543 354
1694438516288 0.09307332956671785 355
1694438516306 0.034790397709480184 356
1694438516325 0.08230842985156885 357
1694438516344 0.08861367812595124 358
1694438516362 0.16551213729467723 359
1694438516381 0.06951236916911036 360
1694438516398 0.1300033784673166 361
1694438516417 0.13493880720897986 362
1694438516436 0.12065226324464991 363
1694438516454 0.06967946458944432 364
1694438516472 0.11358800481607989 365
1694438516490 0.060461053787162995 366
1694438516509 0.09544656044316828 367
1694438516527 0.09123865443608127 368
1694438516546 0.11467793433903879 369
1694438516564 0.13057605409423115 370
1694438516582 0.06327635374090981 371
1694438516601 0.08703008454200119 372
1694438516619 0.12174462875292773 373
1694438516637 0.09048891725778961 374
1694438516656 0.1193974325854755 375
1694438516674 0.1626661602954351 376
1694438516692 0.06706538510731544 377
1694438516710 0.053247554960389076 378
1694438516729 0.07920729484431285 379
1694438516748 0.0501073229549148 380
1694438516767 0.09471113789901821 381
1694438516786 0.06391823572913265 382
1694438516807 0.12726845090185726 383
1694438516824 0.17751106810153144 384
1694438516844 0.0946053670325807 385
1694438516862 0.03953087601881343 386
1694438516880 0.1250978253952835 387
1694438516898 0.08236174903843228 388
1694438516917 0.04863546002705772 389
1694438516936 0.10234670728279918 390
1694438516954 0.04945094183000228 391
1694438516973 0.05236080648490628 392
1694438516991 0.05392059938434951 393
1694438517010 0.0507306403347267 394
1694438517028 0.12681825038205047 395
1694438517047 0.19309769643164656 396
1694438517065 0.12521707398282536 397
1694438517083 0.04598322952905074 398
1694438517101 0.037476266240086493 399
1694438517120 0.0499734958281402 400
1694438517138 0.047150382646485474 401
1694438517157 0.09005853017334875 402
1694438517176 0.04508794518048066 403
1694438517194 0.08939287443253076 404
1694438517212 0.13244939675027984 405
1694438517230 0.020980021434232426 406
1694438517248 0.11865042420437975 407
1694438517266 0.12180544788618879 408
1694438517285 0.07496549458274816 409
1694438517303 0.16943372250823846 410
1694438517320 0.16242240074216693 411
1694438517339 0.18420990480599747 412
1694438517358 0.13561141139481125 413
1694438517376 0.07079690529741227 414
1694438517395 0.09728607384753092 415
1694438517413 0.07373737504634399 416
1694438517432 0.08980847137203715 417
1694438517452 0.05888284388433157 418
1694438517470 0.0619721237012465 419
1694438517488 0.11136165740041935 420
1694438517506 0.09539374383707518 421
1694438517525 0.123888615423141 422
1694438517544 0.10426671717104029 423
1694438517562 0.12504641812024472 424
1694438517580 0.07726362121941613 425
1694438517598 0.1389678398450289 426
1694438517617 0.12014485746782409 427
1694438517634 0.12679314238190822 428
1694438517654 0.11536945144693736 429
1694438517672 0.11673370975527762 430
1694438517691 0.1340299284793854 431
1694438517709 0.09377050128349355 432
1694438517727 0.19921567590131417 433
1694438517747 0.10037307153425454 434
1694438517765 0.12210673905593285 435
1694438517784 0.0822095266748982 436
1694438517803 0.12010442795141245 437
1694438517821 0.09263910354446632 438
1694438517839 0.030966927002450968 439
1694438517858 0.04871138197803798 440
1694438517876 0.09784132079304131 441
1694438517895 0.13015327467271703 442
1694438517913 0.03573417273450573 443
1694438517931 0.1056359804593756 444
1694438517949 0.05473379082371606 445
1694438517968 0.05649025244822607 446
1694438517986 0.06146131886960972 447
1694438518005 0.08493245674735954 448
1694438518025 0.11117346115453063 449
1694438518044 0.0967023217610913 450
1694438518062 0.09521679687569187 451
1694438518080 0.07111853269560832 452
1694438518099 0.05946038725018036 453
1694438518117 0.12409881062124374 454
1694438518135 0.09233437771183413 455
1694438518153 0.030173646768694235 456
1694438518172 0.033561736284976044 457
1694438518190 0.09454738096470636 458
1694438518208 0.19454881313191494 459
1694438518226 0.05251005485429459 460
1694438518244 0.14969994219620197 461
1694438518262 0.8975349378080413 462
1694438518281 0.034832008426396194 463
1694438518300 0.15059667393721 464
1694438518318 0.12380214651170765 465
1694438518337 0.04078911644907185 466
1694438518357 0.1483653161131122 467
1694438518374 0.19701303556556235 468
1694438518392 0.03228520227219329 469
1694438518410 0.08643539773884754 470
1694438518429 0.11215563256149744 471
1694438518448 0.1374241614680441 472
1694438518466 0.15786155104399283 473
1694438518484 0.17752825559543808 474
1694438518502 0.09605969294227523 475
1694438518520 0.12438288599286944 476
1694438518537 0.09379884607531233 477
1694438518556 0.07759321925163457 478
1694438518574 0.09930612601181463 479
1694438518592 0.07193958432554741 480
1694438518612 0.04614011495394648 481
1694438518630 0.19688037314507736 482
1694438518650 0.15677842894634825 483
1694438518668 0.1892851468311129 484
1694438518687 0.1534735680735669 485
1694438518706 0.1390686195682856 486
1694438518723 0.09945877836197958 487
1694438518741 0.0737891548039271 488
1694438518760 0.10568129652092231 489
1694438518779 0.11425651443265906 490
1694438518797 0.05137668603798767 491
1694438518814 0.06396552969546368 492
1694438518832 0.05643385702012003 493
1694438518851 0.045074041198707025 494
1694438518869 0.09980540939205969 495
1694438518887 0.06619606371081467 496
1694438518906 0.04488306703875416 497
1694438518924 0.14206504455215938 498
1694438518942 0.08910938027290174 499
