1694438861875 83.27848015250883 0
1694438861948 28.166905182830543 1
1694438862024 16.154484057810034 2
1694438862094 12.000641470945508 3
1694438862164 4.472343519793949 4
1694438862235 0.47548753078888606 5
1694438862307 0.2916844319903277 6
1694438862378 0.06939525272584975 7
1694438862448 0.24314483766993664 8
1694438862517 0.5015268155393775 9
1694438862585 0.11609793803687873 10
1694438862656 0.12616513552726416 11
1694438862728 0.0640879942562683 12
1694438862799 0.2689204412306191 13
1694438862868 0.0012118131076852745 14
1694438862938 0.1337796378577214 15
1694438863009 0.05391911512480366 16
1694438863086 0.010563430319824301 17
1694438863159 0.3649075183032562 18
1694438863231 0.01261646376824288 19
1694438863305 0.017113781488982398 20
1694438863373 0.19475432546756583 21
1694438863442 0.041820381350738775 22
1694438863512 0.0042859227665318946 23
1694438863581 0.09230768505077584 24
1694438863652 0.019839446416698228 25
1694438863722 3.211400924589105e-06 26
1694438863791 0.04536546136607187 27
1694438863860 0.04208809972955249 28
1694438863930 1.6294273178686432e-05 29
1694438863999 0.039198897319438576 30
1694438864068 0.06065486771291243 31
1694438864138 0.19513220342611362 32
1694438864209 0.009638410887276658 33
1694438864278 0.0005470365612962317 34
1694438864347 0.4945301468766658 35
1694438864416 0.26867382236059756 36
1694438864486 0.011632095623949302 37
1694438864555 0.14895970976449774 38
1694438864624 0.1151537104501617 39
1694438864695 0.07473185238138208 40
1694438864765 0.030808330806817896 41
1694438864835 0.052569487246519074 42
1694438864905 0.19893495341243136 43
1694438864976 0.13668679617885846 44
1694438865045 0.5327884606756212 45
1694438865114 0.00041797815621003346 46
1694438865184 0.03516434926714324 47
1694438865253 0.139106806198624 48
1694438865322 0.0070601052290911 49
1694438865391 0.0007652594392784267 50
1694438865461 0.051575534434486224 51
1694438865532 0.0015765399476404573 52
1694438865604 0.06080524883026725 53
1694438865674 0.45871233831193026 54
1694438865744 0.0002136362205003668 55
1694438865813 0.0017713459626095267 56
1694438865883 0.16808384512842311 57
1694438865953 0.06175979744402414 58
1694438866022 0.1306207952882949 59
1694438866092 0.0008454723604808201 60
1694438866161 0.02622962678627262 61
1694438866231 0.17400454687420497 62
1694438866301 0.00017638626018814113 63
1694438866372 0.0015056490800643724 64
1694438866445 7.685623615918884e-05 65
1694438866514 0.0012107656721038888 66
1694438866584 8.19493974485991e-06 67
1694438866653 0.011187153923390546 68
1694438866724 0.0056595062296565714 69
1694438866794 0.002725535414976243 70
1694438866862 0.018523583619942927 71
1694438866932 0.07853990457623505 72
1694438867002 0.00042144061636055805 73
1694438867073 0.02946290859096262 74
1694438867142 0.20425537492794182 75
1694438867211 0.0012173421391772012 76
1694438867281 0.03819427580195842 77
1694438867353 0.4357453742851748 78
1694438867421 0.0028529684552575053 79
1694438867492 0.010197514916384048 80
1694438867561 0.12479273769813791 81
1694438867630 0.08648983479954046 82
1694438867701 0.040554341618525024 83
1694438867771 0.037157770031185394 84
1694438867839 0.0008914123977438749 85
1694438867910 0.20783071126317074 86
1694438867979 0.0059928874244797115 87
1694438868049 0.005598065537775539 88
1694438868119 0.01847683531167277 89
1694438868189 0.057147201291030666 90
1694438868259 0.033633247138101605 91
1694438868330 0.0845682824421588 92
1694438868400 0.01142301468836689 93
1694438868469 0.2524576074770091 94
1694438868538 0.2691539013178692 95
1694438868608 0.11728065099722638 96
1694438868679 0.02224451312136994 97
1694438868756 0.03049978618370086 98
1694438868832 0.002144291728592235 99
1694438868913 0.0681616924555974 100
1694438868985 0.019266073434185096 101
1694438869055 0.031568470600255374 102
1694438869126 0.07771927133926784 103
1694438869197 0.31576324214371865 104
1694438869267 8.569220964507222e-05 105
1694438869337 0.19888401379916215 106
1694438869406 0.05961009242085629 107
1694438869477 0.04446272732424629 108
1694438869547 1.336158561576547 109
1694438869617 0.023508634678011116 110
1694438869688 0.04501508491876161 111
1694438869760 0.3425516743331734 112
1694438869831 0.016270248819004404 113
1694438869900 0.0008418410770648417 114
1694438869971 0.008972004475996912 115
1694438870042 0.06495522427254634 116
1694438870114 0.15889635461068344 117
1694438870184 0.001916028682647907 118
1694438870255 0.01347473332529919 119
1694438870331 0.05437188973428795 120
1694438870402 0.00021227828407514393 121
1694438870471 8.665050790533687e-06 122
1694438870542 8.751258042624718e-05 123
1694438870613 0.03372891043626512 124
1694438870683 0.06544115296610725 125
1694438870753 0.24033639906549698 126
1694438870824 0.0037130549679987006 127
1694438870897 0.0007137055365957054 128
1694438870970 0.34333343580971426 129
1694438871041 0.14692910518132526 130
1694438871111 0.08535142981744784 131
1694438871185 0.006489317870252614 132
1694438871256 0.010774695000500338 133
1694438871326 0.014507167643347267 134
1694438871397 0.08780078965957873 135
1694438871467 0.0019842696518990992 136
1694438871542 0.0050220750598920115 137
1694438871621 0.07068103816736117 138
1694438871706 0.15269998358620088 139
1694438871781 0.5854830950188172 140
1694438871856 0.08073231996245316 141
1694438871929 0.011243225535485903 142
1694438872001 0.017954853768374014 143
1694438872072 0.4258628327589582 144
1694438872145 0.0017181973619216744 145
1694438872216 0.04967712388441298 146
1694438872286 0.18684603200302696 147
1694438872357 0.052763700497261624 148
1694438872428 0.019052471758876796 149
1694438872499 0.08435245306889426 150
1694438872569 0.06877496754433149 151
1694438872639 0.026955819931035307 152
1694438872711 0.1565721757714409 153
1694438872781 0.025926875566917994 154
1694438872851 0.019637042830036346 155
1694438872920 0.05935445542932031 156
1694438872990 0.023622218631492498 157
1694438873062 0.002976633575653795 158
1694438873133 0.0011290327287749708 159
1694438873204 0.0015061503304937445 160
1694438873276 0.03958642384863989 161
1694438873348 0.012549570344946416 162
1694438873417 0.46330934375401084 163
1694438873488 0.048681060974379624 164
1694438873558 0.0029650130061302225 165
1694438873628 0.022829376433766917 166
1694438873698 0.25539906004419294 167
1694438873769 0.19555560879074477 168
1694438873839 0.462271931921437 169
1694438873909 0.058006676013240804 170
1694438873979 0.08927512963583722 171
1694438874048 0.6394642215933997 172
1694438874118 0.17808955075897728 173
1694438874192 0.1352697205491873 174
1694438874263 0.005529010804267594 175
1694438874333 0.01011067264930734 176
1694438874401 0.017219985531887565 177
1694438874470 0.13718660573656824 178
1694438874541 0.00011733349167891938 179
1694438874610 0.00017362306286976953 180
1694438874680 0.009919603715232166 181
1694438874749 0.07664918794042215 182
1694438874819 0.003781943895500313 183
1694438874889 0.09586030819358146 184
1694438874959 0.03488241571172271 185
1694438875029 0.07464613809299342 186
1694438875098 0.04177599005846019 187
1694438875167 0.055710779265188956 188
1694438875237 0.04273297618449835 189
1694438875308 0.024041247727611195 190
1694438875378 0.0009448548194116397 191
1694438875449 0.046177849033246045 192
1694438875518 0.02836231643915872 193
1694438875587 0.22924162053120814 194
1694438875656 0.009773598071445996 195
1694438875726 0.024778427236281618 196
1694438875797 0.03409299751481636 197
1694438875868 0.10129314997236048 198
1694438875942 0.192131885993487 199
1694438876014 0.007220112874039159 200
1694438876085 0.0015909915294154242 201
1694438876156 0.08163495720237358 202
1694438876229 0.004239400035214465 203
1694438876299 0.09839165134198256 204
1694438876371 0.2312505300582066 205
1694438876443 0.4058165076447011 206
1694438876515 0.2546093257457044 207
1694438876586 0.005133123518434932 208
1694438876656 0.1417917289441311 209
1694438876731 0.00017873021557457167 210
1694438876809 0.028414100793642552 211
1694438876885 0.3850115798702705 212
1694438876959 0.21065485125050196 213
1694438877030 1.200596074663715 214
1694438877099 4.5926308757416587e-05 215
1694438877169 0.0035823603813685944 216
1694438877238 0.003389505022298977 217
1694438877308 0.015617848169506511 218
1694438877378 0.00312535319463729 219
1694438877447 0.035189608133887565 220
1694438877517 0.002846745183880929 221
1694438877587 0.01538738545039621 222
1694438877657 0.052924239656319406 223
1694438877727 0.001561921899403977 224
1694438877796 0.4361455078561337 225
1694438877866 0.003963365343243298 226
1694438877935 0.04776567561438676 227
1694438878006 0.00039466199165296757 228
1694438878074 0.044635830786872756 229
1694438878144 0.11714964425160454 230
1694438878214 0.36717054513536385 231
1694438878284 0.21027634882475532 232
1694438878354 0.0273959785640496 233
1694438878423 0.011223972193426041 234
1694438878492 0.03685568857740921 235
1694438878563 0.011474955992101332 236
1694438878633 0.3434274264005064 237
1694438878703 0.006422064848655411 238
1694438878772 0.11029509788649945 239
1694438878842 0.0004654199377188043 240
1694438878911 0.05734740511608574 241
1694438878980 0.2409930253258508 242
1694438879050 0.015986945541881816 243
1694438879119 0.00038772606811551607 244
1694438879188 0.2216478867214673 245
1694438879259 0.6248663708536293 246
1694438879329 0.01365519202716387 247
1694438879398 0.08618346530185321 248
1694438879468 0.34668807526205264 249
1694438879537 0.38467557787345635 250
1694438879608 0.006112948147926872 251
1694438879678 0.008120358521504013 252
1694438879748 0.0042337934747189495 253
1694438879818 0.008547580710726206 254
1694438879888 0.112798277083823 255
1694438879957 0.20199674574313403 256
1694438880028 0.06856367003314054 257
1694438880098 0.031631779123910415 258
1694438880168 0.08054677743115558 259
1694438880237 0.0004003726570927123 260
1694438880308 0.12979235180665907 261
1694438880378 0.13919015419902725 262
1694438880448 0.003341170169661788 263
1694438880518 0.09545341145491282 264
1694438880588 0.07040873184217486 265
1694438880657 0.05327284435015765 266
1694438880726 0.012128583654969789 267
1694438880795 0.002942757510075801 268
1694438880864 0.018881802126417803 269
1694438880933 0.012683438501531249 270
1694438881003 0.001743298707659897 271
1694438881073 0.022899896022638283 272
1694438881142 0.02650295468661507 273
1694438881213 0.11874311081618195 274
1694438881283 0.42611166479413143 275
1694438881353 2.4688973922775147e-06 276
1694438881422 0.005784213728987369 277
1694438881492 0.07922188324811216 278
1694438881562 0.12116339640305668 279
1694438881630 0.06760885051123619 280
1694438881701 0.00030362507050532333 281
1694438881771 0.03845049540005968 282
1694438881841 0.0691725905897262 283
1694438881920 0.013696802977602512 284
1694438881991 0.04495226718747151 285
1694438882061 0.16845797130260262 286
1694438882129 0.007856222766098354 287
1694438882200 0.023859338530796272 288
1694438882269 0.0010866938935378393 289
1694438882339 0.029846405927607643 290
1694438882409 0.028794665938339663 291
1694438882480 0.16338578658678224 292
1694438882548 0.17074452050788 293
1694438882617 0.21466377707692466 294
1694438882687 0.08375188108516224 295
1694438882759 0.2504512800658632 296
1694438882827 0.046065491537594816 297
1694438882898 0.0055837841071701725 298
1694438882967 0.057209722085509174 299
1694438883037 0.07028246269615178 300
1694438883106 0.0012779640769550868 301
1694438883175 7.198756661111621e-05 302
1694438883245 0.004942641553706269 303
1694438883315 0.003074198294681215 304
1694438883383 0.20625569513257272 305
1694438883455 0.1800190519819893 306
1694438883525 0.00019420947506717753 307
1694438883596 0.14513170594976693 308
1694438883666 0.02418489576690178 309
1694438883738 0.0007380352434974087 310
1694438883809 0.3422795416741191 311
1694438883878 0.03518670878565896 312
1694438883946 0.08492218196207893 313
1694438884017 0.02375901071985461 314
1694438884086 0.007927715214572141 315
1694438884159 0.0016499215451081914 316
1694438884228 0.14179798519548792 317
1694438884298 0.09858421472450292 318
1694438884367 0.024120992091103563 319
1694438884436 0.022771774914634512 320
1694438884505 0.0001424728995017635 321
1694438884575 0.009773117761217573 322
1694438884644 0.15134012290445623 323
1694438884713 0.04018328275427397 324
1694438884782 0.03313200938212657 325
1694438884851 0.07468462292096413 326
1694438884920 0.0114254823329433 327
1694438884992 0.0468217974108525 328
1694438885060 0.004667235251603385 329
1694438885129 0.007716615276757212 330
1694438885198 0.05160084745900918 331
1694438885266 0.07033531272810666 332
1694438885337 0.019136409801117762 333
1694438885405 0.8723492368128982 334
1694438885475 0.05754602507285002 335
1694438885543 0.05614256901078216 336
1694438885612 0.00154721064193055 337
1694438885683 0.06828773331171518 338
1694438885751 0.06453152010906314 339
1694438885820 0.019133919540391446 340
1694438885890 0.10304110264642084 341
1694438885958 7.842542342874529e-06 342
1694438886027 0.0012396628455801537 343
1694438886097 0.38456747601998653 344
1694438886167 0.003439213248543158 345
1694438886236 1.7748780419531607 346
1694438886305 0.22178669248068114 347
1694438886376 0.04683851473746359 348
1694438886445 0.00011570182691855138 349
1694438886514 0.4858798980741829 350
1694438886583 0.01681925704985359 351
1694438886653 0.06254714978936926 352
1694438886722 0.1175164323649542 353
1694438886792 0.0008426447106262602 354
1694438886860 0.5749167344726733 355
1694438886929 0.017553225151323668 356
1694438886999 0.01089869839908885 357
1694438887067 0.07082800623745104 358
1694438887135 0.04279181749139857 359
1694438887205 0.10721044750774553 360
1694438887273 0.0025491501943413868 361
1694438887342 0.04343494905317784 362
1694438887411 0.01900102123760641 363
1694438887482 0.0912731550893936 364
1694438887553 0.2829865388195271 365
1694438887622 0.6912005651520154 366
1694438887692 0.06459569712572921 367
1694438887762 0.08521842239384382 368
1694438887831 0.000934465636721769 369
1694438887900 0.2567422927883216 370
1694438887970 0.011295184925359072 371
1694438888040 0.07487868018528289 372
1694438888108 0.006107186959433273 373
1694438888176 0.0574141566181343 374
1694438888245 0.012294445251333587 375
1694438888314 0.003403871311768074 376
1694438888383 0.017383469746206835 377
1694438888452 0.20020287674367804 378
1694438888521 0.03524863692696577 379
1694438888590 0.01708133867195787 380
1694438888659 0.13399965454894872 381
1694438888728 0.8990604571848664 382
1694438888797 0.03827747319787472 383
1694438888866 0.0018814131976927278 384
1694438888935 0.012716121334292861 385
1694438889003 0.22758320679403604 386
1694438889073 0.11477418147729998 387
1694438889141 0.0008710870780103539 388
1694438889212 0.11531006245992372 389
1694438889282 0.014043531398049598 390
1694438889352 0.11033301292496846 391
1694438889420 0.0020616669689429022 392
1694438889490 0.41653159568366216 393
1694438889559 0.07958121726355694 394
1694438889627 0.06192306382633457 395
1694438889696 0.13143244643991656 396
1694438889766 0.005189330193986827 397
1694438889835 0.015846093413247622 398
1694438889907 0.2515266141190343 399
1694438889978 0.017089021397808313 400
1694438890048 0.016023952603575857 401
1694438890117 0.0012876012314822153 402
1694438890187 0.24681232017482588 403
1694438890256 0.010237563748919947 404
1694438890325 0.12231988885446254 405
1694438890393 0.09357480846599374 406
1694438890463 0.1170736140276425 407
1694438890532 0.02456856506762929 408
1694438890601 0.07808046826573767 409
1694438890670 0.2591384568057954 410
1694438890741 0.0971315712767996 411
1694438890810 0.04062992894129748 412
1694438890881 0.007076881800304454 413
1694438890949 0.008473916437108962 414
1694438891018 0.013886923729933274 415
1694438891089 0.043066631629493354 416
1694438891161 0.015138594598063052 417
1694438891230 0.08534369854844903 418
1694438891299 0.09775272951418768 419
1694438891369 0.15328997235380065 420
1694438891437 0.0003355308468325075 421
1694438891507 0.010742815172807377 422
1694438891576 0.0004868495549992057 423
1694438891643 1.053504967638656 424
1694438891713 0.13414406001374252 425
1694438891783 0.022164168656741333 426
1694438891852 0.003431814498318652 427
1694438891922 0.16768793448256267 428
1694438891992 0.10623858094978417 429
1694438892061 0.05240906151442693 430
1694438892129 0.002107158428947643 431
1694438892198 0.07007147807652486 432
1694438892267 0.06345342397823903 433
1694438892336 0.2668698786865067 434
1694438892405 0.0006541106465891728 435
1694438892473 0.08033455766435367 436
1694438892542 0.0035377431644068565 437
1694438892610 0.005409363167662299 438
1694438892679 0.07327555077620697 439
1694438892749 0.005698048226948427 440
1694438892818 0.0032544041815297073 441
1694438892886 0.09495837761543113 442
1694438892956 0.02330685579452101 443
1694438893025 0.06459688981211695 444
1694438893094 0.013684918600194823 445
1694438893162 0.5751798467382778 446
1694438893232 0.00043300865497446846 447
1694438893303 0.10636796353953702 448
1694438893372 0.1403350932732223 449
1694438893441 0.0887561402198205 450
1694438893510 0.004742448002801768 451
1694438893579 0.1171505703314012 452
1694438893647 0.08305887720021865 453
1694438893716 0.05963397495011256 454
1694438893787 0.00990204156291338 455
1694438893855 0.13048231727153867 456
1694438893924 0.0009332328079522985 457
1694438893993 0.25336118971633065 458
1694438894063 0.0006589285525074795 459
1694438894132 0.01799180585303935 460
1694438894205 0.0005390257809713673 461
1694438894274 0.22317785984761973 462
1694438894344 0.0015040589951161494 463
1694438894414 0.0195282811386951 464
1694438894487 0.05157568414526301 465
1694438894557 0.06751360560671238 466
1694438894627 0.009155370902539288 467
1694438894696 0.33573801613215487 468
1694438894768 0.04214944154467859 469
1694438894839 0.05157317754202209 470
1694438894909 0.006694488853850945 471
1694438894985 0.04526533717376352 472
1694438895061 0.03991406859144744 473
1694438895132 0.03940388395114385 474
1694438895202 0.006023060914423523 475
1694438895273 0.013813916219812955 476
1694438895342 0.08395061896867904 477
1694438895412 0.09602170383764605 478
1694438895482 0.0005603808303183755 479
1694438895553 0.017472011736627043 480
1694438895623 0.011475874007297136 481
1694438895692 0.013758152386604773 482
1694438895763 7.379714720837182e-05 483
1694438895832 0.08766924278863618 484
1694438895901 0.0341010502405858 485
1694438895971 0.05934576421817811 486
1694438896040 0.0845477915703895 487
1694438896110 1.03764620524728e-05 488
1694438896180 0.06334209288899284 489
1694438896249 0.045424805585659825 490
1694438896319 0.00011158068254044724 491
1694438896388 0.019493077457798987 492
1694438896458 0.03123108622713824 493
1694438896528 0.07584167570065786 494
1694438896598 0.0024424359590596045 495
1694438896670 0.05044547015631322 496
1694438896750 0.17190050669109028 497
1694438896819 0.0002537210307915361 498
1694438896889 0.03420911106297772 499
