1694433490958 0.5398992525765894 0
1694433491030 0.001060750008970278 1
1694433491100 0.18376841247847425 2
1694433491169 0.0007497718916890451 3
1694433491240 0.0008826384522814118 4
1694433491311 0.08271932346865504 5
1694433491385 0.21989559112699517 6
1694433491456 0.022720169923445815 7
1694433491524 0.47619768591614703 8
1694433491593 0.01933141812959386 9
1694433491663 0.2620693670331182 10
1694433491741 0.05330978163515429 11
1694433491812 0.06967127456170201 12
1694433491882 0.01245987904787157 13
1694433491952 0.0021918217782845193 14
1694433492022 0.02023607244923395 15
1694433492101 0.04091568745122444 16
1694433492173 0.9968147374655516 17
1694433492243 0.11793530485353189 18
1694433492313 1.3892694662391571 19
1694433492382 0.0331164681332489 20
1694433492452 0.20847584692953944 21
1694433492530 0.4411792233671287 22
1694433492599 0.012359031169918622 23
1694433492667 0.01550063866711512 24
1694433492738 0.0019997835580620187 25
1694433492823 0.274349852971643 26
1694433492893 0.07932169834941576 27
1694433492962 0.011070812857445943 28
1694433493030 0.024001563888333428 29
1694433493101 0.1031120489629874 30
1694433493169 0.005238187360117389 31
1694433493240 0.19338596524904872 32
1694433493310 0.027255479281356125 33
1694433493379 0.19688572958483716 34
1694433493450 0.0022891183470124233 35
1694433493521 0.1373521887687824 36
1694433493589 0.004228121668232091 37
1694433493661 0.6513216130401699 38
1694433493731 0.062227777520856016 39
1694433493803 0.04835144338537974 40
1694433493873 0.021973673015948998 41
1694433493945 0.01994532951847797 42
1694433494015 0.05675672294639895 43
1694433494083 0.07166941218200418 44
1694433494153 0.3986075888217218 45
1694433494224 0.21522727667607142 46
1694433494292 0.010448425231316668 47
1694433494380 0.022273234041258364 48
1694433494450 0.0005522174923475197 49
1694433494520 0.0002813696953515514 50
1694433494589 0.08852494596818722 51
1694433494668 0.08932079903558077 52
1694433494738 0.0001952036191713845 53
1694433494808 0.03163214879233767 54
1694433494878 0.0008268020336074484 55
1694433494948 0.01811942216478639 56
1694433495017 0.06537770835660574 57
1694433495087 0.75289738276583 58
1694433495157 0.1249944119696157 59
1694433495226 0.13558774771869295 60
1694433495294 0.22500017317070378 61
1694433495368 0.3118058761246667 62
1694433495436 0.003036929807735009 63
1694433495505 0.006710355322679682 64
1694433495587 0.1384729830871053 65
1694433495658 0.013434242168271045 66
1694433495761 0.04456250592236165 67
1694433495831 0.21340450116734153 68
1694433495901 0.037121534977315664 69
1694433495969 0.0015947631502138953 70
1694433496039 0.022295616032267377 71
1694433496109 0.01340292067121745 72
1694433496179 0.16752274295681183 73
1694433496248 0.009509785639110218 74
1694433496316 0.10974197389515046 75
1694433496385 0.046840120204091056 76
1694433496453 0.42271580819077 77
1694433496523 0.016723920844207173 78
1694433496593 0.10477515464009098 79
1694433496663 0.0008878083978804204 80
1694433496734 0.12897859924741137 81
1694433496803 0.1531519457046358 82
1694433496876 0.08837781639490365 83
1694433496946 0.06217911961486944 84
1694433497023 0.5122665776489465 85
1694433497093 0.04107190576726622 86
1694433497164 0.07871117370121163 87
1694433497231 0.06879872580736067 88
1694433497301 0.0017573539649277862 89
1694433497369 0.04637862998362356 90
1694433497437 0.04265416165201184 91
1694433497509 0.0029397752909649743 92
1694433497578 0.006441382703720647 93
1694433497646 0.005969877054034766 94
1694433497715 0.0004722471601793369 95
1694433497784 0.05490694792629861 96
1694433497852 0.0591165627012164 97
1694433497922 0.175873866583361 98
1694433497997 0.5666307628437314 99
1694433498067 0.1945835022322438 100
1694433498135 0.0100250655458742 101
1694433498205 0.12886811892740105 102
1694433498275 0.012916615838029954 103
1694433498344 0.021559852074222532 104
1694433498415 0.00019478368665815882 105
1694433498484 0.027544680437271082 106
1694433498552 0.02015114937204851 107
1694433498622 0.008324742077861306 108
1694433498691 0.018624298397148898 109
1694433498760 0.11411247136188864 110
1694433498830 0.18344522722101203 111
1694433498900 0.12102309045672077 112
1694433498970 0.0501240689431961 113
1694433499038 0.12302053926489713 114
1694433499109 0.07055107508173719 115
1694433499179 0.1954457777224218 116
1694433499248 0.052417027903370335 117
1694433499317 0.029503157924575665 118
1694433499387 0.002396918698200358 119
1694433499456 0.04432624458673329 120
1694433499524 0.031917397814156805 121
1694433499591 0.2182364812801748 122
1694433499659 0.34026190465580386 123
1694433499727 0.03346135499513504 124
1694433499795 0.005633024183249598 125
1694433499863 0.05797574089854914 126
1694433499932 0.06681221856776354 127
1694433499999 0.048346169737764455 128
1694433500066 0.17153613452669775 129
1694433500134 0.23939897366267807 130
1694433500203 0.2492451816380059 131
1694433500271 0.11925687782257344 132
1694433500339 0.23069877374535352 133
1694433500406 0.002214613018740155 134
1694433500475 0.11633717632121625 135
1694433500542 0.13706792040517432 136
1694433500611 0.11272893521476932 137
1694433500679 0.0022884221950335674 138
1694433500746 0.015432195546018893 139
1694433500814 0.16823015186458526 140
1694433500881 0.09065649965051659 141
1694433500952 0.16046235465183092 142
1694433501020 0.00017115001492639694 143
1694433501087 0.02449670970687213 144
1694433501155 0.03800112066621751 145
1694433501226 0.00019173937217419027 146
1694433501293 3.747764131042028e-05 147
1694433501363 0.018452653695554575 148
1694433501429 0.06710468014942593 149
1694433501499 0.11028004011777953 150
1694433501564 0.03630263874873448 151
1694433501633 0.011368788793410101 152
1694433501701 0.1269243448716895 153
1694433501768 0.007617651646885544 154
1694433501837 0.004966888770410078 155
1694433501903 0.00559518668275142 156
1694433501970 0.0858349630296576 157
1694433502039 0.11470613392567315 158
1694433502109 0.010190477588852366 159
1694433502177 0.019922738854948035 160
1694433502253 0.004641189994700125 161
1694433502320 0.7254601908798991 162
1694433502387 0.5267283188131728 163
1694433502454 0.011178775772215592 164
1694433502522 0.23736671315141006 165
1694433502590 0.108439130803103 166
1694433502658 0.024837750785611002 167
1694433502727 0.06932927216592838 168
1694433502794 0.006227515118297027 169
1694433502865 0.025326057678098948 170
1694433502933 0.18483879472137993 171
1694433503001 0.006489190244877172 172
1694433503074 0.2675876502443377 173
1694433503142 0.017156706418608312 174
1694433503210 0.2401389369260413 175
1694433503278 0.07262817871672551 176
1694433503346 0.0062585056231409236 177
1694433503414 0.028364702389501485 178
1694433503481 0.018880018167403766 179
1694433503550 0.14422498248270646 180
1694433503618 0.07201268844739779 181
1694433503686 0.013842165345947339 182
1694433503754 0.296397887742042 183
1694433503822 0.027302582505823174 184
1694433503889 0.0019129073672047392 185
1694433503956 0.0059169323100896915 186
1694433504024 0.018156635685216027 187
1694433504092 0.0005653010465247194 188
1694433504159 0.08326045307140177 189
1694433504228 0.003941993449200259 190
1694433504297 0.8394700110759602 191
1694433504365 0.019062782502705225 192
1694433504432 0.33159508665168097 193
1694433504499 0.0006451570218669451 194
1694433504568 0.10195198616125394 195
1694433504635 0.023613408884418513 196
1694433504703 0.059439341831181505 197
1694433504771 0.1999472339681536 198
1694433504840 0.11261773373873443 199
1694433504908 0.07577344101775423 200
1694433504977 0.004737971507022254 201
1694433505044 0.08700815007263236 202
1694433505112 0.038739881912898164 203
1694433505181 0.005350375416821691 204
1694433505255 0.18271567254132204 205
1694433505324 0.012975978062704237 206
1694433505391 0.13679136475294404 207
1694433505459 0.023312091503955606 208
1694433505526 0.21764313415270342 209
1694433505594 0.006438964621479573 210
1694433505662 0.010069952420593904 211
1694433505730 0.09272038990421719 212
1694433505798 0.0010871330040298558 213
1694433505865 0.04810108169095776 214
1694433505931 0.00011001003935744098 215
1694433505999 0.1626331574412496 216
1694433506066 0.0008929459394904095 217
1694433506133 0.08647538097968009 218
1694433506202 0.01959632501390027 219
1694433506269 0.0999735848385236 220
1694433506337 0.008155896138021906 221
1694433506404 0.13822278232600546 222
1694433506472 0.0008310671277661902 223
1694433506540 0.010367147513297441 224
1694433506609 0.04147663087749309 225
1694433506677 0.22816268422049246 226
1694433506745 0.022519687017628503 227
1694433506813 0.14311594247977766 228
1694433506881 0.005925614846649285 229
1694433506950 0.002881699151789817 230
1694433507017 0.23216924577296028 231
1694433507089 0.4148057083333949 232
1694433507158 0.04864935519464474 233
1694433507225 3.254709617175995e-05 234
1694433507294 0.03738981626378774 235
1694433507363 0.001439248971617963 236
1694433507432 0.004315814137253677 237
1694433507506 0.0069232910659514256 238
1694433507574 0.028561337678995866 239
1694433507641 0.031089829129519863 240
1694433507710 0.03675246937278905 241
1694433507778 0.2083948366638185 242
1694433507844 0.15239111347552564 243
1694433507914 0.1427452917349725 244
1694433507981 0.13962897524815424 245
1694433508048 0.018021054258507807 246
1694433508117 0.3586165909454946 247
1694433508185 0.00013347760416243336 248
1694433508251 0.008928829870243446 249
1694433508320 0.035575965333211376 250
1694433508388 1.244545713789792e-05 251
1694433508454 0.038163022802678935 252
1694433508521 0.03525292750709103 253
1694433508589 0.04757011541103658 254
1694433508659 0.06398658328669567 255
1694433508726 0.04512792474422069 256
1694433508794 0.03507519755124752 257
1694433508862 0.009008547970945007 258
1694433508929 0.037178898515217336 259
1694433508995 0.02107577276128438 260
1694433509063 0.05502431389456659 261
1694433509131 0.03558981204057579 262
1694433509200 0.03945958838385488 263
1694433509268 0.012723513365247605 264
1694433509356 0.005935164629803297 265
1694433509426 0.07184020254487239 266
1694433509502 0.2728027803608487 267
1694433509577 0.007696370342820846 268
1694433509647 0.019455631855214636 269
1694433509717 6.094837832512114e-05 270
1694433509785 0.058713981201816895 271
1694433509852 0.0004785048310230476 272
1694433509920 0.0045458656530384285 273
1694433509987 0.051863365421254526 274
1694433510055 0.052881217081929964 275
1694433510123 0.137551552665544 276
1694433510194 0.012344261827147032 277
1694433510269 0.15616582764082984 278
1694433510347 0.030808829122524497 279
1694433510421 0.0035158109598590523 280
1694433510496 0.04384246767834135 281
1694433510567 0.46760714483373617 282
1694433510636 0.026275715074753868 283
1694433510704 0.1473788977805868 284
1694433510771 0.2203337129813262 285
1694433510839 0.1402906193089794 286
1694433510908 0.0058201774397335536 287
1694433510975 0.1257097643019285 288
1694433511043 0.03399555723123668 289
1694433511112 0.004663223674765052 290
1694433511182 0.4928708224847736 291
1694433511250 0.03680777792099264 292
1694433511318 0.0020115451847052524 293
1694433511387 0.12622170190639634 294
1694433511453 0.04257953318266111 295
1694433511522 0.08908960488174815 296
1694433511590 0.04396708115522932 297
1694433511657 0.08798190095725393 298
1694433511726 0.05702731853939104 299
1694433511793 0.4096642114894434 300
1694433511861 0.1757159411736412 301
1694433511929 1.723680371876779e-06 302
1694433511997 0.011954726947804592 303
1694433512066 0.0019602628474061487 304
1694433512135 0.29531605349996043 305
1694433512203 0.0028001285970918003 306
1694433512270 0.009445222971558228 307
1694433512338 0.08393144997994165 308
1694433512407 4.1340771021256346e-06 309
1694433512475 0.002287865126494265 310
1694433512543 0.06823312386759536 311
1694433512611 0.10923078336428688 312
1694433512681 0.00029153802508757534 313
1694433512750 0.2324982471518959 314
1694433512819 0.07924578447640682 315
1694433512887 0.02129401021965905 316
1694433512957 0.14478456142662408 317
1694433513025 0.033296966912443646 318
1694433513093 0.00010084258028815876 319
1694433513161 0.03750668278737791 320
1694433513230 0.06942528453234181 321
1694433513298 0.4112109219147368 322
1694433513365 0.5438995426709369 323
1694433513434 1.7680733078763653 324
1694433513502 0.2462817859263588 325
1694433513569 0.06198503436714076 326
1694433513638 0.09772614544375036 327
1694433513706 0.002403663017079137 328
1694433513774 0.0008199122108401056 329
1694433513842 0.047361703300569206 330
1694433513910 0.033972429688044 331
1694433513977 0.12325517615228247 332
1694433514047 0.014919867603451483 333
1694433514116 0.24325645795840692 334
1694433514183 0.0061448808041474155 335
1694433514252 0.18074244395876593 336
1694433514318 0.024463275010310197 337
1694433514386 0.008233634145363065 338
1694433514454 0.09758867727374163 339
1694433514521 0.07722448375113182 340
1694433514588 0.004643083491135302 341
1694433514657 0.030156652034723497 342
1694433514725 0.47269245747004207 343
1694433514792 0.0009697761232393197 344
1694433514860 0.008628673080633201 345
1694433514929 0.04787222412705298 346
1694433514997 0.00046756360416687803 347
1694433515064 0.004854546369371107 348
1694433515132 0.022716320056873355 349
1694433515201 0.40070286282278905 350
1694433515269 0.24356294571995069 351
1694433515336 0.016854337926833746 352
1694433515404 0.032599981762957655 353
1694433515471 0.1763756613158343 354
1694433515540 0.004799021496935749 355
1694433515607 0.036291683306324 356
1694433515675 0.008145735102585708 357
1694433515743 0.30117623900050766 358
1694433515811 0.07970476226034756 359
1694433515880 0.01984626659980895 360
1694433515947 0.45547844766793555 361
1694433516015 0.1549921883193712 362
1694433516083 0.04835153938247035 363
1694433516151 0.005995475376307874 364
1694433516218 0.0066690533161435596 365
1694433516285 0.009452215980265723 366
1694433516353 0.29481286277254365 367
1694433516422 0.03713975778935175 368
1694433516489 1.6916022675166807e-05 369
1694433516558 0.009332300222938393 370
1694433516628 0.0036803107119772593 371
1694433516696 0.0033448466947723155 372
1694433516764 0.0035764125281573926 373
1694433516831 0.07564376688101011 374
1694433516898 0.06945668420442018 375
1694433516966 0.0035789802575432604 376
1694433517033 0.2128694935278396 377
1694433517101 0.29544136715570085 378
1694433517169 0.06602415562133698 379
1694433517238 0.11196457562534841 380
1694433517305 0.06683523559340077 381
1694433517375 0.04274584123116533 382
1694433517443 0.02095548878176452 383
1694433517511 0.03121769978134693 384
1694433517579 0.019321469962438723 385
1694433517649 0.001179118019878635 386
1694433517717 0.2663575574786903 387
1694433517785 0.004064924068404163 388
1694433517853 0.009124580411384484 389
1694433517921 0.7757139105067943 390
1694433517988 0.015906301897815403 391
1694433518057 0.0006441834603168148 392
1694433518124 0.0883780980221992 393
1694433518192 0.0010706452158436154 394
1694433518259 0.021840498962812458 395
1694433518327 0.38026926565618213 396
1694433518394 0.1545292839936489 397
1694433518461 0.04575065254432305 398
1694433518529 0.015967621696021707 399
1694433518595 0.015062081252319504 400
1694433518664 0.16196978636574547 401
1694433518733 0.02864573654530997 402
1694433518805 0.02843755148229384 403
1694433518876 0.03625870891976571 404
1694433518944 0.030390494580606678 405
1694433519013 0.0009854293116454752 406
1694433519080 0.07614689612795195 407
1694433519149 0.07605562847680578 408
1694433519216 0.02149094222022491 409
1694433519285 0.1261302508867174 410
1694433519353 0.10252386320726152 411
1694433519420 0.00013487048728999835 412
1694433519489 0.16273825596531433 413
1694433519557 0.010037179104872614 414
1694433519624 0.054364350827235175 415
1694433519692 0.0958524837123381 416
1694433519761 0.05635690317248724 417
1694433519828 0.008044352092059663 418
1694433519898 0.0012378909389387455 419
1694433519965 0.002499646980753211 420
1694433520033 0.27139350251363376 421
1694433520101 0.006535316179643196 422
1694433520169 0.08327720135374338 423
1694433520236 0.2428342147665076 424
1694433520304 0.10257186740638241 425
1694433520371 0.4449219354770259 426
1694433520439 9.654643297226353e-05 427
1694433520507 0.06976343876104653 428
1694433520575 0.024737999513079974 429
1694433520646 0.06645277703919607 430
1694433520714 0.0015725919457015972 431
1694433520782 0.011010601760665876 432
1694433520850 0.003865442851517845 433
1694433520917 0.059575521739268174 434
1694433520985 0.04967318770737862 435
1694433521052 0.01096550990253515 436
1694433521120 1.8676163039813343 437
1694433521186 0.12970487163918865 438
1694433521254 0.049786858759603925 439
1694433521322 0.012132104215115872 440
1694433521390 0.07443132421896838 441
1694433521458 0.9752250334636868 442
1694433521526 0.007996250421459386 443
1694433521593 0.04960570709784998 444
1694433521660 0.005143424388455558 445
1694433521728 2.5264497529720216e-05 446
1694433521795 0.0007428791958871366 447
1694433521862 0.08224370528698957 448
1694433521929 0.002339679095430699 449
1694433521997 0.006326985107284283 450
1694433522065 0.08347253545036155 451
1694433522132 0.006503399560955631 452
1694433522202 0.4892030849862068 453
1694433522271 0.06127796973759533 454
1694433522340 0.012574518679214086 455
1694433522407 0.015471032536361135 456
1694433522475 0.08940621555965156 457
1694433522544 0.04287942028622805 458
1694433522612 0.0011517369995841587 459
1694433522681 0.04314541299889805 460
1694433522748 0.09352912797022574 461
1694433522817 0.03181108329248801 462
1694433522885 0.12931626356560583 463
1694433522954 0.1181825920600483 464
1694433523022 0.0021524298471073925 465
1694433523088 0.06473895137787779 466
1694433523163 0.00020129678746511244 467
1694433523231 0.2742675463126014 468
1694433523298 0.0006718350897048269 469
1694433523366 0.029782209973932286 470
1694433523434 0.010277656160554557 471
1694433523501 0.014178324349206316 472
1694433523568 0.027432195461744958 473
1694433523635 0.21030516852948683 474
1694433523705 0.05352073413415212 475
1694433523782 0.2204494574375364 476
1694433523849 0.033002692546538 477
1694433523923 0.05338616763504616 478
1694433523991 0.005463767009425328 479
1694433524062 0.09253195693840043 480
1694433524130 0.45146772361488374 481
1694433524198 0.03954376412293127 482
1694433524266 0.00028677751268512016 483
1694433524333 0.0031889293561690236 484
1694433524401 0.17034698941460766 485
1694433524469 0.06074846750537136 486
1694433524538 0.009147673018364716 487
1694433524606 0.0014812747614047941 488
1694433524674 0.008778969513272216 489
1694433524744 0.12555134232950949 490
1694433524813 0.0200605134956843 491
1694433524880 0.12179238041984568 492
1694433524948 0.0007513730791435831 493
1694433525016 0.7459281148740361 494
1694433525083 0.0018495036047741868 495
1694433525151 0.16634027192780462 496
1694433525220 0.18054823952492327 497
1694433525288 0.0015651857264863977 498
1694433525356 0.00044365966167515114 499
