1694429450237 169.03908926289097 0
1694429450255 168.7008215550424 1
1694429450272 168.430802614644 2
1694429450289 168.1612102955244 3
1694429450307 167.8920579590178 4
1694429450323 167.62334487662577 5
1694429450343 167.3550703239883 6
1694429450359 167.0872335779485 7
1694429450375 166.81983391655152 8
1694429450392 166.5528706190421 9
1694429450408 166.28634296586299 10
1694429450425 166.02025023865258 11
1694429450439 165.75459172024318 12
1694429450455 165.48936669465894 13
1694429450471 165.2245744471137 14
1694429450487 164.96021426400912 15
1694429450502 164.69628543293277 16
1694429450518 164.43278724265593 17
1694429450535 164.16971898313187 18
1694429450551 163.90707994549354 19
1694429450567 163.64486942205198 20
1694429450583 163.3830867062939 21
1694429450599 163.12173109288025 22
1694429450614 162.86080187764367 23
1694429450630 162.60029835758698 24
1694429450645 162.34021983088095 25
1694429450661 162.0805655968625 26
1694429450677 161.82133495603273 27
1694429450694 161.5625272100548 28
1694429450713 161.3041416617522 29
1694429450727 161.04617761510667 30
1694429450743 160.78863437525632 31
1694429450759 160.53151124849364 32
1694429450775 160.27480754226366 33
1694429450791 160.01852256516187 34
1694429450807 159.76265562693249 35
1694429450822 159.50720603846634 36
1694429450838 159.25217311179907 37
1694429450854 158.99755616010913 38
1694429450870 158.74335449771598 39
1694429450886 158.48956744007802 40
1694429450901 158.23619430379088 41
1694429450916 157.9832344065853 42
1694429450931 157.7306870673254 43
1694429450947 157.4785516060067 44
1694429450963 157.2268273437542 45
1694429450978 156.9755136028206 46
1694429450995 156.72460970658423 47
1694429451010 156.4741149795474 48
1694429451025 156.2240287473343 49
1694429451041 155.9743503366892 50
1694429451056 155.72507907547467 51
1694429451072 155.47621429266957 52
1694429451087 155.2277553183672 53
1694429451103 154.9797014837735 54
1694429451118 154.7320521212051 55
1694429451134 154.48480656408762 56
1694429451151 154.23796414695357 57
1694429451170 153.99152420544073 58
1694429451188 153.74548607629015 59
1694429451204 153.49984909734437 60
1694429451219 153.2546126075455 61
1694429451234 153.0097759469335 62
1694429451251 152.7653384566443 63
1694429451269 152.5212994789078 64
1694429451287 152.2776583570463 65
1694429451304 152.03441443547254 66
1694429451320 151.79156705968794 67
1694429451337 151.54911557628043 68
1694429451352 151.30705933292333 69
1694429451369 151.0653976783728 70
1694429451386 150.82412996246651 71
1694429451404 150.58325553612164 72
1694429451420 150.34277375133308 73
1694429451437 150.1026839611717 74
1694429451454 149.8629855197824 75
1694429451470 149.6236777823825 76
1694429451485 149.38476010525974 77
1694429451500 149.14623184577084 78
1694429451515 148.90809236233918 79
1694429451530 148.67034101445347 80
1694429451546 148.43297716266574 81
1694429451562 148.19600016858973 82
1694429451578 147.95940939489878 83
1694429451593 147.72320420532458 84
1694429451608 147.48738396465484 85
1694429451623 147.25194803873194 86
1694429451640 147.01689579445096 87
1694429451655 146.7822265997579 88
1694429451671 146.5479398236481 89
1694429451686 146.3140348361643 90
1694429451702 146.08051100839498 91
1694429451717 145.84736771247256 92
1694429451732 145.61460432157173 93
1694429451747 145.38222020990762 94
1694429451763 145.15021475273403 95
1694429451778 144.9185873263419 96
1694429451794 144.68733730805735 97
1694429451809 144.45646407624002 98
1694429451824 144.2259670102814 99
1694429451838 143.99584549060293 100
1694429451855 143.76609889865455 101
1694429451871 143.53672661691277 102
1694429451887 143.30772802887896 103
1694429451905 143.0791025190778 104
1694429451922 142.8508494730553 105
1694429451937 142.62296827737737 106
1694429451952 142.39545831962798 107
1694429451968 142.16831898840735 108
1694429451983 141.94154967333054 109
1694429452000 141.71514976502542 110
1694429452015 141.48911865513122 111
1694429452030 141.26345573629672 112
1694429452045 141.0381604021786 113
1694429452061 140.81323204743978 114
1694429452077 140.58867006774761 115
1694429452093 140.3644738597724 116
1694429452107 140.14064282118557 117
1694429452123 139.91717635065797 118
1694429452138 139.6940738478584 119
1694429452153 139.47133471345165 120
1694429452169 139.2489583490972 121
1694429452184 139.0269441574471 122
1694429452200 138.80529154214483 123
1694429452215 138.58399990782314 124
1694429452230 138.36306866010275 125
1694429452245 138.14249720559053 126
1694429452261 137.92228495187794 127
1694429452277 137.70243130753934 128
1694429452293 137.4829356821303 129
1694429452308 137.26379748618595 130
1694429452323 137.04501613121954 131
1694429452339 136.82659102972062 132
1694429452355 136.60852159515338 133
1694429452372 136.39080724195512 134
1694429452387 136.17344738553467 135
1694429452403 135.95644144227055 136
1694429452419 135.7397888295096 137
1694429452435 135.52348896556515 138
1694429452451 135.30754126971559 139
1694429452467 135.09194516220265 140
1694429452483 134.87670006422977 141
1694429452500 134.66180539796062 142
1694429452515 134.4472605865172 143
1694429452530 134.23306505397866 144
1694429452545 134.01921822537938 145
1694429452561 133.8057195267075 146
1694429452577 133.5925683849033 147
1694429452593 133.37976422785758 148
1694429452607 133.16730648441015 149
1694429452624 132.9551945843481 150
1694429452640 132.74342795840445 151
1694429452656 132.5320060382563 152
1694429452672 132.32092825652347 153
1694429452688 132.1101940467668 154
1694429452704 131.89980284348658 155
1694429452719 131.68975408212108 156
1694429452735 131.48004719904483 157
1694429452749 131.27068163156721 158
1694429452765 131.06165681793084 159
1694429452781 130.8529721973099 160
1694429452797 130.6446272098087 161
1694429452813 130.4366212964602 162
1694429452828 130.2289538992242 163
1694429452843 130.02162446098606 164
1694429452859 129.814632425555 165
1694429452875 129.60797723766254 166
1694429452890 129.4016583429611 167
1694429452906 129.1956751880223 168
1694429452922 128.99002722033563 169
1694429452937 128.78471388830664 170
1694429452953 128.57973464125558 171
1694429452967 128.3750889294159 172
1694429452984 128.17077620393266 173
1694429453000 127.96679591686096 174
1694429453016 127.76314752116454 175
1694429453032 127.5598304707142 176
1694429453048 127.35684422028622 177
1694429453063 127.15418822556094 178
1694429453079 126.95186194312127 179
1694429453095 126.74986483045107 180
1694429453110 126.5481963459337 181
1694429453126 126.3468559488506 182
1694429453142 126.14584309937963 183
1694429453157 125.94515725859371 184
1694429453174 125.74479788845925 185
1694429453189 125.54476445183465 186
1694429453205 125.34505641246889 187
1694429453221 125.14567323499999 188
1694429453237 124.94661438495348 189
1694429453251 124.747879328741 190
1694429453267 124.54946753365877 191
1694429453284 124.35137846788611 192
1694429453300 124.15361160048404 193
1694429453314 123.95616640139369 194
1694429453329 123.75904234143489 195
1694429453344 123.56223889230472 196
1694429453360 123.36575552657605 197
1694429453375 123.16959171769601 198
1694429453391 122.97374693998457 199
1694429453406 122.77822066863313 200
1694429453422 122.58301237970298 201
1694429453437 122.38812155012393 202
1694429453452 122.19354765769276 203
1694429453467 121.99929018107186 204
1694429453482 121.80534859978776 205
1694429453498 121.61172239422969 206
1694429453514 121.41841104564809 207
1694429453530 121.22541403615324 208
1694429453545 121.03273084871378 209
1694429453561 120.84036096715535 210
1694429453577 120.64830387615903 211
1694429453595 120.45655906126 212
1694429453610 120.26512600884612 213
1694429453625 120.0740042061565 214
1694429453640 119.88319314128 215
1694429453657 119.69269230315392 216
1694429453672 119.50250118156256 217
1694429453688 119.31261926713572 218
1694429453704 119.12304605134742 219
1694429453720 118.93378102651438 220
1694429453735 118.74482368579466 221
1694429453751 118.55617352318626 222
1694429453767 118.36783003352572 223
1694429453783 118.17979271248669 224
1694429453799 117.99206105657856 225
1694429453815 117.80463456314507 226
1694429453829 117.61751273036289 227
1694429453845 117.43069505724024 228
1694429453859 117.24418104361553 229
1694429453876 117.05797019015591 230
1694429453892 116.87206199835599 231
1694429453907 116.68645597053633 232
1694429453922 116.50115160984218 233
1694429453938 116.31614842024203 234
1694429453953 116.13144590652625 235
1694429453968 115.94704357430572 236
1694429453985 115.76294093001049 237
1694429454001 115.57913748088838 238
1694429454017 115.39563273500363 239
1694429454032 115.21242620123552 240
1694429454047 115.02951738927703 241
1694429454062 114.84690580963348 242
1694429454078 114.66459097362116 243
1694429454094 114.48257239336597 244
1694429454108 114.30084958180211 245
1694429454124 114.1194220526707 246
1694429454139 113.93828932051846 247
1694429454155 113.75745090069628 248
1694429454171 113.57690630935801 249
1694429454187 113.39665506345904 250
1694429454203 113.21669668075491 251
1694429454218 113.03703067980013 252
1694429454234 112.8576565799467 253
1694429454249 112.6785739013429 254
1694429454265 112.49978216493183 255
1694429454280 112.32128089245019 256
1694429454296 112.14306960642689 257
1694429454312 111.96514783018179 258
1694429454327 111.78751508782435 259
1694429454342 111.61017090425227 260
1694429454357 111.43311480515024 261
1694429454372 111.25634631698861 262
1694429454388 111.07986496702206 263
1694429454404 110.90367028328833 264
1694429454419 110.72776179460682 265
1694429454435 110.55213903057741 266
1694429454450 110.3768015215791 267
1694429454466 110.2017487987687 268
1694429454481 110.02698039407953 269
1694429454497 109.85249584022017 270
1694429454511 109.67829467067313 271
1694429454527 109.50437641969351 272
1694429454541 109.33074062230786 273
1694429454557 109.15738681431272 274
1694429454573 108.98431453227344 275
1694429454589 108.81152331352291 276
1694429454603 108.6390126961602 277
1694429454618 108.46678221904935 278
1694429454635 108.29483142181802 279
1694429454649 108.12315984485633 280
1694429454665 107.95176702931552 281
1694429454681 107.78065251710663 282
1694429454697 107.60981585089937 283
1694429454714 107.43925657412065 284
1694429454729 107.26897423095359 285
1694429454745 107.09896836633598 286
1694429454760 106.92923852595926 287
1694429454776 106.75978425626705 288
1694429454792 106.59060510445411 289
1694429454806 106.42170061846487 290
1694429454823 106.25307034699236 291
1694429454839 106.08471383947685 292
1694429454854 105.91663064610466 293
1694429454869 105.74882031780692 294
1694429454885 105.58128240625827 295
1694429454902 105.41401646387568 296
1694429454917 105.24702204381718 297
1694429454932 105.08029869998064 298
1694429454947 104.91384598700253 299
1694429454962 104.74766346025669 300
1694429454978 104.58175067585313 301
1694429454993 104.41610719063671 302
1694429455009 104.25073256218603 303
1694429455024 104.08562634881211 304
1694429455040 103.92078810955732 305
1694429455056 103.7562174041939 306
1694429455071 103.59191379322301 307
1694429455087 103.42787683787337 308
1694429455102 103.26410610010008 309
1694429455119 103.10060114258339 310
1694429455133 102.93736152872758 311
1694429455149 102.77438682265958 312
1694429455164 102.61167658922794 313
1694429455179 102.44923039400157 314
1694429455196 102.28704780326846 315
1694429455211 102.1251283840346 316
1694429455227 101.96347170402275 317
1694429455242 101.80207733167114 318
1694429455257 101.64094483613242 319
1694429455273 101.48007378727246 320
1694429455289 101.319463755669 321
1694429455308 101.15911431261071 322
1694429455323 100.99902503009574 323
1694429455339 100.83919548083075 324
1694429455354 100.67962523822965 325
1694429455369 100.52031387641239 326
1694429455385 100.36126097020386 327
1694429455402 100.20246609513262 328
1694429455417 100.0439288274298 329
1694429455432 99.88564874402789 330
1694429455448 99.72762542255964 331
1694429455462 99.56985844135677 332
1694429455476 99.41234737944895 333
1694429455492 99.25509181656247 334
1694429455509 99.09809133311927 335
1694429455523 98.94134551023562 336
1694429455539 98.78485392972107 337
1694429455555 98.62861617407721 338
1694429455569 98.47263182649657 339
1694429455586 98.31690047086147 340
1694429455602 98.16142169174283 341
1694429455617 98.0061950743991 342
1694429455633 97.85122020477506 343
1694429455648 97.69649666950062 344
1694429455663 97.54202405588977 345
1694429455678 97.38780195193945 346
1694429455694 97.23382994632836 347
1694429455710 97.08010762841576 348
1694429455725 96.92663458824052 349
1694429455740 96.77341041651981 350
1694429455755 96.62043470464809 351
1694429455770 96.4677070446959 352
1694429455786 96.31522702940877 353
1694429455803 96.16299425220609 354
1694429455817 96.01100830718 355
1694429455833 95.85926878909427 356
1694429455849 95.70777529338318 357
1694429455866 95.5565274161503 358
1694429455881 95.40552475416759 359
1694429455897 95.25476690487413 360
1694429455912 95.10425346637497 361
1694429455927 94.95398403744021 362
1694429455943 94.80395821750369 363
1694429455958 94.65417560666202 364
1694429455973 94.50463580567342 365
1694429455989 94.3553384159566 366
1694429456005 94.2062830395897 367
1694429456020 94.05746927930919 368
1694429456036 93.90889673850876 369
1694429456051 93.76056502123822 370
1694429456066 93.6124737322024 371
1694429456083 93.46462247676008 372
1694429456099 93.31701086092293 373
1694429456115 93.16963849135436 374
1694429456131 93.02250497536843 375
1694429456145 92.87560992092888 376
1694429456160 92.72895293664787 377
1694429456175 92.58253363178504 378
1694429456191 92.43635161624643 379
1694429456206 92.2904065005833 380
1694429456222 92.14469789599113 381
1694429456238 91.99922541430855 382
1694429456253 91.85398866801627 383
1694429456268 91.70898727023597 384
1694429456284 91.56422083472926 385
1694429456300 91.41968897589659 386
1694429456316 91.27539130877626 387
1694429456332 91.1313274490433 388
1694429456347 90.98749701300832 389
1694429456362 90.84389961761671 390
1694429456378 90.70053488044731 391
1694429456393 90.55740241971148 392
1694429456409 90.41450185425204 393
1694429456425 90.27183280354224 394
1694429456442 90.12939488768467 395
1694429456458 89.98718772741022 396
1694429456473 89.845210944077 397
1694429456489 89.7034641596694 398
1694429456505 89.56194699679695 399
1694429456520 89.4206590786933 400
1694429456535 89.27960002921526 401
1694429456551 89.13876947284162 402
1694429456566 88.99816703467218 403
1694429456582 88.85779234042681 404
1694429456598 88.7176450164443 405
1694429456614 88.57772468968129 406
1694429456630 88.4380309877114 407
1694429456646 88.29856353872414 408
1694429456660 88.15932197152374 409
1694429456676 88.0203059155284 410
1694429456692 87.88151500076903 411
1694429456709 87.74294885788834 412
1694429456725 87.60460711813975 413
1694429456739 87.46648941338654 414
1694429456756 87.32859537610062 415
1694429456771 87.19092463936164 416
1694429456786 87.05347683685598 417
1694429456803 86.91625160287568 418
1694429456819 86.77924857231748 419
1694429456835 86.64246738068184 420
1694429456850 86.50590766407183 421
1694429456865 86.3695690591922 422
1694429456881 86.23345120334845 423
1694429456897 86.09755373444565 424
1694429456913 85.96187629098763 425
1694429456928 85.82641851207585 426
1694429456944 85.69118003740843 427
1694429456959 85.55616050727923 428
1694429456975 85.42135956257678 429
1694429456992 85.28677684478336 430
1694429457009 85.15241199597394 431
1694429457024 85.01826465881521 432
1694429457040 84.88433447656463 433
1694429457055 84.75062109306943 434
1694429457070 84.61712415276563 435
1694429457085 84.48384330067704 436
1694429457100 84.35077818241432 437
1694429457117 84.21792844417396 438
1694429457132 84.08529373273734 439
1694429457148 83.95287369546975 440
1694429457164 83.82066798031941 441
1694429457179 83.6886762358165 442
1694429457194 83.55689811107219 443
1694429457211 83.42533325577767 444
1694429457225 83.29398132020324 445
1694429457242 83.16284195519725 446
1694429457258 83.03191481218519 447
1694429457273 82.90119954316876 448
1694429457289 82.7706958007249 449
1694429457305 82.6404032380047 450
1694429457321 82.51032150873267 451
1694429457336 82.38045026720567 452
1694429457351 82.2507891682919 453
1694429457366 82.12133786743003 454
1694429457382 81.99209602062828 455
1694429457398 81.86306328446337 456
1694429457414 81.73423931607962 457
1694429457429 81.60562377318809 458
1694429457446 81.47721631406549 459
1694429457460 81.34901659755333 460
1694429457475 81.22102428305702 461
1694429457491 81.09323903054474 462
1694429457506 80.96566050054679 463
1694429457522 80.83828835415439 464
1694429457537 80.71112225301894 465
1694429457553 80.58416185935098 466
1694429457569 80.45740683591926 467
1694429457586 80.33085684604985 468
1694429457602 80.20451155362527 469
1694429457618 80.07837062308336 470
1694429457634 79.95243371941666 471
1694429457650 79.82670050817119 472
1694429457665 79.70117065544574 473
1694429457680 79.57584382789084 474
1694429457696 79.45071969270788 475
1694429457712 79.32579791764816 476
1694429457728 79.20107817101206 477
1694429457743 79.07656012164804 478
1694429457759 78.95224343895174 479
1694429457774 78.82812779286516 480
1694429457789 78.70421285387556 481
1694429457806 78.5804982930148 482
1694429457821 78.45698378185824 483
1694429457837 78.33366899252391 484
1694429457854 78.21055359767165 485
1694429457869 78.08763727050209 486
1694429457884 77.96491968475587 487
1694429457901 77.84240051471266 488
1694429457917 77.72007943519036 489
1694429457932 77.5979561215441 490
1694429457948 77.47603024966534 491
1694429457963 77.35430149598115 492
1694429457979 77.23276953745308 493
1694429457995 77.11143405157647 494
1694429458011 76.99029471637945 495
1694429458027 76.86935121042208 496
1694429458043 76.74860321279547 497
1694429458058 76.62805040312094 498
1694429458073 76.50769246154906 499
