1694429637389 163.92434069374937 0
1694429637407 157.0040368740694 1
1694429637424 162.50631191185872 2
1694429637441 155.114427368832 3
1694429637457 162.93315959677017 4
1694429637473 144.3812488175656 5
1694429637491 150.3490714196337 6
1694429637506 158.73644377639857 7
1694429637523 156.39208061059097 8
1694429637541 156.99237417786455 9
1694429637559 137.7947111023023 10
1694429637576 144.49056399121346 11
1694429637592 143.7949348135348 12
1694429637609 137.12843853799657 13
1694429637626 139.47469786932132 14
1694429637642 130.4917841210475 15
1694429637660 133.11750405131014 16
1694429637676 130.6610108848317 17
1694429637692 126.82513920267037 18
1694429637708 137.3562622434729 19
1694429637726 126.60183217293356 20
1694429637743 130.09132293938856 21
1694429637761 122.96990729386823 22
1694429637777 124.89315211942973 23
1694429637793 120.55378078564978 24
1694429637810 116.89047203725558 25
1694429637827 117.40447344585755 26
1694429637844 113.48610036739322 27
1694429637859 112.57842709378681 28
1694429637875 108.5108406659376 29
1694429637893 109.35278727523898 30
1694429637909 111.47022488640773 31
1694429637927 106.13255353627729 32
1694429637945 108.7267155110967 33
1694429637965 108.36093642077681 34
1694429637983 101.44169197415054 35
1694429638001 104.06803705523423 36
1694429638019 99.4547537957947 37
1694429638040 103.40917249617038 38
1694429638057 104.37711558951469 39
1694429638073 102.20094665341817 40
1694429638090 98.22656276404905 41
1694429638106 96.60474171573966 42
1694429638123 91.50143726618121 43
1694429638140 94.70562625417519 44
1694429638158 98.99238285884837 45
1694429638174 85.27163398346325 46
1694429638190 93.7185383783523 47
1694429638207 91.63572842805284 48
1694429638223 89.21613622310527 49
1694429638240 83.23805661203234 50
1694429638255 85.78021849347424 51
1694429638272 84.68689491538427 52
1694429638288 85.55347585844008 53
1694429638305 83.96828138615989 54
1694429638322 85.38372296917727 55
1694429638339 77.41640304358614 56
1694429638355 79.28260005137848 57
1694429638373 77.3481005674863 58
1694429638390 81.48147190415328 59
1694429638407 77.37075396708963 60
1694429638425 79.3698487214573 61
1694429638442 68.96488912510284 62
1694429638458 71.30529290624953 63
1694429638474 71.38803152287561 64
1694429638490 71.54687829948918 65
1694429638505 68.72314035140404 66
1694429638522 69.88813738758104 67
1694429638540 70.72384760319918 68
1694429638558 69.35830311655691 69
1694429638576 71.76302108866156 70
1694429638592 66.02291616408937 71
1694429638608 65.25017351435069 72
1694429638626 59.23995659073389 73
1694429638642 70.11727943538186 74
1694429638660 62.396813383272736 75
1694429638676 64.19421728766999 76
1694429638694 59.743382153443044 77
1694429638710 61.642942121158335 78
1694429638727 65.51292574349 79
1694429638744 62.034175567679846 80
1694429638760 58.23948070124167 81
1694429638777 56.710182986144886 82
1694429638793 53.96560713603201 83
1694429638809 55.31093753019004 84
1694429638826 56.24905032124491 85
1694429638844 53.52585848606019 86
1694429638859 50.54755420674048 87
1694429638876 54.152082596117374 88
1694429638893 53.06773959616017 89
1694429638909 51.57644782144738 90
1694429638927 54.402684298692684 91
1694429638943 46.39755681513001 92
1694429638960 50.408794822837464 93
1694429638976 50.24846827122392 94
1694429638993 50.33104983520285 95
1694429639009 49.86974398147418 96
1694429639025 45.72746323305643 97
1694429639042 50.927421140490836 98
1694429639059 44.768267886995474 99
1694429639076 44.70872921954861 100
1694429639095 44.87521515959845 101
1694429639112 46.06449286704383 102
1694429639128 47.34868786263693 103
1694429639145 44.19312399297151 104
1694429639161 42.77533306148062 105
1694429639177 43.60068535963567 106
1694429639193 39.90368512415211 107
1694429639210 40.96003780988171 108
1694429639225 40.43608348798066 109
1694429639242 41.28372550861027 110
1694429639259 40.8108889891545 111
1694429639275 39.43020190694218 112
1694429639291 38.32852020075354 113
1694429639308 38.853309487310185 114
1694429639324 38.76209698098227 115
1694429639341 36.91653338860134 116
1694429639358 35.36623897453987 117
1694429639373 37.331788192512384 118
1694429639390 33.647639537848164 119
1694429639407 34.75608317101056 120
1694429639423 36.01447349024617 121
1694429639440 33.37716657877339 122
1694429639457 33.744906091298894 123
1694429639473 34.11778814700239 124
1694429639490 34.236094323813425 125
1694429639505 33.10104191585335 126
1694429639520 33.018401675930356 127
1694429639538 30.936362087302566 128
1694429639555 29.26973751414497 129
1694429639571 30.68967742879252 130
1694429639589 29.074121870911636 131
1694429639606 30.276373319521166 132
1694429639622 31.783181808191745 133
1694429639638 30.40433419437295 134
1694429639656 28.945449413521633 135
1694429639672 31.2852752248527 136
1694429639689 29.58401076723516 137
1694429639705 30.345024690312222 138
1694429639721 29.323267604857644 139
1694429639738 27.46122272199089 140
1694429639756 26.82176602366727 141
1694429639772 27.482613129533537 142
1694429639788 28.405134647629552 143
1694429639805 27.60988366663759 144
1694429639823 25.648878363643398 145
1694429639839 22.794214418013155 146
1694429639855 26.589620910673634 147
1694429639872 23.321817802069297 148
1694429639888 24.252742360855013 149
1694429639905 24.875909345221707 150
1694429639921 23.03129687389741 151
1694429639938 23.412313177212692 152
1694429639955 23.820437011133805 153
1694429639971 25.009084264891577 154
1694429639988 23.142704708567372 155
1694429640005 21.595258151883247 156
1694429640025 23.278646528059138 157
1694429640043 21.145562833880682 158
1694429640059 21.995506891735936 159
1694429640077 20.300331576362506 160
1694429640094 19.936079476680927 161
1694429640110 21.779569915976584 162
1694429640126 20.21060813326514 163
1694429640143 21.396164374577694 164
1694429640160 21.296201910986547 165
1694429640177 19.162635186616455 166
1694429640193 19.01041028311568 167
1694429640211 18.964320408863166 168
1694429640228 17.627095043765816 169
1694429640245 19.75428408706087 170
1694429640262 18.75129912321891 171
1694429640279 19.04599107184729 172
1694429640295 18.68965095166946 173
1694429640312 17.509049690972695 174
1694429640328 17.527223445831712 175
1694429640344 17.934239642906345 176
1694429640361 17.250048182420464 177
1694429640378 16.34728150966365 178
1694429640395 17.432771363135352 179
1694429640411 16.642354181889218 180
1694429640427 16.500633965013375 181
1694429640444 17.301271253128217 182
1694429640461 17.572886468736954 183
1694429640477 16.138560278398966 184
1694429640493 15.774759200713174 185
1694429640510 16.490556235492434 186
1694429640527 15.346372451043878 187
1694429640543 16.27221956364789 188
1694429640560 15.238843499357927 189
1694429640576 15.250614230932623 190
1694429640593 13.973869590214216 191
1694429640610 15.882692130891618 192
1694429640625 15.205467028269114 193
1694429640643 14.896574926483229 194
1694429640659 14.343393693383604 195
1694429640675 14.755208354025141 196
1694429640692 12.908771491543552 197
1694429640709 13.773301679862692 198
1694429640725 14.422013451104368 199
1694429640742 14.97615157006031 200
1694429640760 13.509253323343327 201
1694429640777 11.754606547351148 202
1694429640797 14.191866757899719 203
1694429640813 13.81383928670032 204
1694429640830 12.648229343700836 205
1694429640847 12.67455930238095 206
1694429640863 12.797346768937151 207
1694429640879 10.77355674918692 208
1694429640896 11.83598609306412 209
1694429640912 11.069401882656395 210
1694429640928 11.767447039736487 211
1694429640945 11.15229257526448 212
1694429640962 10.16366788433969 213
1694429640979 12.373649584850256 214
1694429640995 11.054298470459898 215
1694429641012 9.634994325834784 216
1694429641028 9.831543746736855 217
1694429641044 10.50790369128915 218
1694429641061 10.778063422876619 219
1694429641077 9.84749768348553 220
1694429641094 10.331942165825195 221
1694429641111 10.89361684277141 222
1694429641127 10.35408797987165 223
1694429641144 10.605423343082387 224
1694429641161 9.329529515815548 225
1694429641177 9.831391839136613 226
1694429641194 10.14005311034963 227
1694429641211 8.987474386707436 228
1694429641227 9.804003354269623 229
1694429641244 9.76084460330831 230
1694429641262 9.18444419650055 231
1694429641278 9.071940378276897 232
1694429641294 9.868921558368386 233
1694429641311 8.669409478564232 234
1694429641327 8.820098538701988 235
1694429641343 8.712776722238207 236
1694429641360 8.754018867203815 237
1694429641377 8.320279897051865 238
1694429641394 9.319308341215216 239
1694429641411 8.84935618178413 240
1694429641427 8.740038558086768 241
1694429641443 8.41026718384177 242
1694429641460 7.686886618470559 243
1694429641477 7.928395299880442 244
1694429641493 7.400075483467963 245
1694429641510 7.82161684070622 246
1694429641526 7.7313915415552765 247
1694429641543 7.917264225765 248
1694429641560 7.366921162316468 249
1694429641577 8.594746542304335 250
1694429641594 8.33407080733973 251
1694429641610 8.181012567976733 252
1694429641627 7.21266121263361 253
1694429641643 6.633466515264066 254
1694429641660 8.019171159177763 255
1694429641676 7.646500628301722 256
1694429641693 7.026849607484257 257
1694429641710 6.601519383591866 258
1694429641726 6.1248787202741735 259
1694429641743 6.411379783289946 260
1694429641760 7.311124995136134 261
1694429641775 6.750063507966701 262
1694429641792 6.689296359890418 263
1694429641810 6.44291940386871 264
1694429641826 6.6041649938409535 265
1694429641843 5.74317267859653 266
1694429641860 6.900471079376699 267
1694429641876 6.278644709725185 268
1694429641891 6.377514686040027 269
1694429641908 6.0697599213409825 270
1694429641924 5.911970961060155 271
1694429641942 5.922082973389727 272
1694429641959 5.814597756247716 273
1694429641977 5.871722327986359 274
1694429641994 5.780417449648667 275
1694429642010 5.56869754504646 276
1694429642027 5.24390160705972 277
1694429642042 5.247696184303941 278
1694429642060 5.362973788296941 279
1694429642077 5.913425163068081 280
1694429642094 5.47539296597718 281
1694429642109 5.184801145846154 282
1694429642125 5.101982567381585 283
1694429642142 5.954853115789456 284
1694429642159 5.6519039120454995 285
1694429642177 4.455533173924666 286
1694429642193 4.366182919414572 287
1694429642210 4.573225468018004 288
1694429642226 5.022676781743656 289
1694429642243 5.935713256387209 290
1694429642259 4.520514562830745 291
1694429642276 4.780463759039954 292
1694429642292 4.68875772957271 293
1694429642309 4.437611766698803 294
1694429642325 4.702339840070926 295
1694429642341 4.281562482195872 296
1694429642358 4.351272557081669 297
1694429642375 4.03348116914958 298
1694429642393 5.125766816130043 299
1694429642409 4.662557503587242 300
1694429642425 4.129724419097166 301
1694429642441 4.478419847825307 302
1694429642458 3.6051464347164695 303
1694429642475 4.205974281458107 304
1694429642492 4.3499359441744 305
1694429642507 4.274366251269597 306
1694429642524 3.837925956500186 307
1694429642542 4.016246616865836 308
1694429642558 3.3914658197971064 309
1694429642576 4.324080200698696 310
1694429642592 3.224834108545788 311
1694429642608 3.706768477515889 312
1694429642625 4.330037391538107 313
1694429642641 3.9766247879785057 314
1694429642659 3.8303931330447654 315
1694429642674 3.642972469871496 316
1694429642691 3.9632485646361326 317
1694429642707 3.800208212568243 318
1694429642723 4.0365299267302515 319
1694429642740 3.586157252645564 320
1694429642757 3.753728118262274 321
1694429642774 4.094052489847144 322
1694429642791 3.083240262230947 323
1694429642808 3.366227920217082 324
1694429642825 3.9089278975476796 325
1694429642842 3.58259984906542 326
1694429642859 2.9979319676475784 327
1694429642875 3.597711205960832 328
1694429642892 3.1716789034091195 329
1694429642908 3.7231647431070845 330
1694429642923 3.5906854856436765 331
1694429642940 2.957158283287288 332
1694429642959 3.2390851219450743 333
1694429642976 3.324223689184769 334
1694429642992 3.0721367031778124 335
1694429643007 3.158421389548948 336
1694429643025 3.1390165908316434 337
1694429643041 2.3874028089143544 338
1694429643057 2.7512252269105906 339
1694429643074 2.8053650581971277 340
1694429643090 2.912588346817341 341
1694429643106 2.7826267208471767 342
1694429643123 2.649305235172735 343
1694429643141 3.412606448131856 344
1694429643158 2.8153834304409844 345
1694429643176 2.6697709707032584 346
1694429643193 2.9973625984929417 347
1694429643210 2.6818076557497044 348
1694429643226 2.827273149005825 349
1694429643242 2.966663952917482 350
1694429643258 2.769596898880035 351
1694429643275 2.574136201986899 352
1694429643292 2.491360136109054 353
1694429643308 3.237198499250861 354
1694429643325 2.704754624002078 355
1694429643342 2.695470455471883 356
1694429643358 2.234045520688224 357
1694429643374 2.7391483516300013 358
1694429643392 2.8324194466310786 359
1694429643409 2.6171203486616093 360
1694429643425 2.290507484590653 361
1694429643441 2.782492409956629 362
1694429643458 2.110937409117655 363
1694429643474 2.23248316100579 364
1694429643492 2.2491424729081038 365
1694429643508 2.2079123155548057 366
1694429643524 2.183850550439822 367
1694429643541 2.1606882511287595 368
1694429643557 2.113210310131447 369
1694429643574 2.2494867364127393 370
1694429643590 2.0407539555864953 371
1694429643607 1.90787053737863 372
1694429643624 2.024852988673545 373
1694429643640 2.3983119666856645 374
1694429643657 2.3333536100458505 375
1694429643675 2.057234123885314 376
1694429643692 2.3960780661661167 377
1694429643708 2.001550601869586 378
1694429643723 2.1997374629061612 379
1694429643742 1.7304055780570848 380
1694429643759 1.959929924329344 381
1694429643777 1.7913013174745094 382
1694429643793 1.803250725501701 383
1694429643809 2.1457030498383447 384
1694429643826 1.812112377018028 385
1694429643841 2.0693246688017526 386
1694429643858 1.6729698731694609 387
1694429643875 2.0536757661198393 388
1694429643892 1.3625112690074495 389
1694429643908 1.6433025186034789 390
1694429643924 2.2298731263228193 391
1694429643941 1.6713760187833382 392
1694429643957 1.458934122296346 393
1694429643974 1.8735306286790492 394
1694429643991 1.9056714324516884 395
1694429644007 1.346291796011404 396
1694429644023 1.8344441332006745 397
1694429644040 1.6510057040973733 398
1694429644056 2.1226754090329245 399
1694429644072 1.7047410398873546 400
1694429644089 1.769057279741787 401
1694429644105 2.0015205024819616 402
1694429644121 1.4047863717366948 403
1694429644137 1.6623546952581008 404
1694429644153 1.6582124958471678 405
1694429644170 1.4548831228245003 406
1694429644186 1.7963719141186691 407
1694429644203 1.6943264353483325 408
1694429644220 1.7794581656837514 409
1694429644236 1.6294294523344492 410
1694429644253 1.4441700064627325 411
1694429644269 1.570929764007822 412
1694429644286 1.4990245981660988 413
1694429644302 1.4462731704221579 414
1694429644320 1.347133210949909 415
1694429644337 1.5250668838774026 416
1694429644353 1.6338537311744468 417
1694429644370 1.5831477603760458 418
1694429644387 1.4801795095352237 419
1694429644403 1.6535896012486138 420
1694429644419 1.4999819197571593 421
1694429644436 1.4693211675362325 422
1694429644453 1.5147770654451844 423
1694429644469 0.9849068612359355 424
1694429644486 1.7576342380660976 425
1694429644503 0.8978035710629725 426
1694429644519 1.2459871850520854 427
1694429644537 1.2065980253269504 428
1694429644553 1.150716481716039 429
1694429644569 1.2022888889636403 430
1694429644585 1.4491396337736382 431
1694429644602 1.1579114846187843 432
1694429644618 1.586141668290965 433
1694429644634 1.3621281576054725 434
1694429644650 1.2307584095729196 435
1694429644666 1.1708964053823883 436
1694429644683 1.5427403164304831 437
1694429644700 0.8932383412686674 438
1694429644717 1.5386365765621004 439
1694429644733 1.828298513947615 440
1694429644750 1.4298769748949163 441
1694429644766 1.278547354007578 442
1694429644784 1.1371891131223164 443
1694429644801 1.5153189007247116 444
1694429644816 1.3888684728154899 445
1694429644832 1.275850273371449 446
1694429644849 0.95230209717149 447
1694429644865 1.0595334380760753 448
1694429644883 1.2004358948536438 449
1694429644900 1.4572754951226519 450
1694429644918 1.3489969928698688 451
1694429644934 1.5437078740725165 452
1694429644950 0.9984515111406057 453
1694429644966 1.0382835871266722 454
1694429644983 1.2724254383420208 455
1694429645000 1.2816897517688333 456
1694429645016 1.3395509786899997 457
1694429645032 0.9554706972431487 458
1694429645048 1.2091617432936406 459
1694429645064 1.1481380844429219 460
1694429645081 1.3125693028792818 461
1694429645098 1.0793178017736083 462
1694429645114 1.1323277453269063 463
1694429645130 1.0221744648228326 464
1694429645146 1.303994017541243 465
1694429645162 1.3694025633939055 466
1694429645179 1.1209795105202496 467
1694429645196 1.0911409566813646 468
1694429645212 0.9325319909726576 469
1694429645228 0.8424827812254438 470
1694429645244 1.3108938855837373 471
1694429645261 0.8582164165954274 472
1694429645277 0.885706554698986 473
1694429645294 0.7602407832560235 474
1694429645310 0.9002126648636039 475
1694429645326 0.9148440691304832 476
1694429645343 0.7729134129230049 477
1694429645359 1.2623781875499502 478
1694429645375 0.9936118305538502 479
1694429645392 1.3175290318031005 480
1694429645409 1.1171767121567389 481
1694429645424 0.9955135383891872 482
1694429645440 0.7263070333780475 483
1694429645457 0.8001330109689012 484
1694429645473 1.0471763716178186 485
1694429645492 0.7666152715707729 486
1694429645508 1.0490402820347542 487
1694429645525 0.9304052102483882 488
1694429645541 0.9795225358553107 489
1694429645557 0.9959680475169433 490
1694429645574 0.9784100860134195 491
1694429645591 1.0571723529537012 492
1694429645608 1.0046048903835503 493
1694429645624 0.7057504909855687 494
1694429645640 0.9084619225461237 495
1694429645657 1.0117547951152048 496
1694429645672 0.838346135126082 497
1694429645690 0.7253517143308587 498
1694429645707 0.6284516053020329 499
