1694436591506 134.5257384394507 0
1694436591530 126.85653722930489 1
1694436591552 106.5995721619011 2
1694436591577 97.47632108883519 3
1694436591600 85.74877214397553 4
1694436591625 73.75453716670232 5
1694436591650 65.51914660721984 6
1694436591673 60.3432257529369 7
1694436591697 48.33001725172347 8
1694436591716 44.804337095765334 9
1694436591733 38.08056272492093 10
1694436591751 35.451224979788506 11
1694436591769 30.32848304270368 12
1694436591788 26.283141007544234 13
1694436591805 24.496673010127573 14
1694436591823 22.01379410080884 15
1694436591841 17.194095349004872 16
1694436591858 16.410883301519544 17
1694436591880 14.803147755035127 18
1694436591898 12.840649063238462 19
1694436591916 9.716956649014895 20
1694436591937 8.40460999314512 21
1694436591954 7.128437550694626 22
1694436591975 7.285157814184407 23
1694436591993 7.230550947044305 24
1694436592011 5.667230119000192 25
1694436592029 5.23320136208414 26
1694436592047 4.521805111906903 27
1694436592066 3.6380064479615757 28
1694436592086 3.2930919955996463 29
1694436592103 2.821288597963289 30
1694436592121 2.754894520413277 31
1694436592138 2.0791973770932373 32
1694436592155 2.2531047298554094 33
1694436592173 1.5691801671247811 34
1694436592191 1.5484659558717304 35
1694436592209 1.2454414998208734 36
1694436592226 1.2107051083518134 37
1694436592243 1.1028291273262276 38
1694436592261 0.8007386431825141 39
1694436592280 0.7115891000442117 40
1694436592297 0.5774518584993492 41
1694436592315 0.6475262777480363 42
1694436592333 0.5315352869993053 43
1694436592350 0.355256645675639 44
1694436592368 0.36651437156069705 45
1694436592388 0.37048945346087814 46
1694436592406 0.395102902036498 47
1694436592425 0.5554842774018649 48
1694436592444 0.36360007693228663 49
1694436592469 0.24208765614996805 50
1694436592492 0.1973590539631575 51
1694436592512 0.18053533961388352 52
1694436592529 0.3151319747756318 53
1694436592547 0.21317965269416986 54
1694436592564 0.294737474215436 55
1694436592583 0.3381738372044266 56
1694436592601 0.15775538142069193 57
1694436592618 0.1613257424384497 58
1694436592643 0.2649686377768285 59
1694436592666 0.12768404079155005 60
1694436592686 0.08290489850804243 61
1694436592704 0.17857221163509143 62
1694436592722 0.0874158313144576 63
1694436592739 0.1892170324090099 64
1694436592757 0.23382050225882048 65
1694436592775 0.1445127855145632 66
1694436592794 0.1153162087994615 67
1694436592812 0.07357837104346214 68
1694436592829 0.16303309120605228 69
1694436592846 0.07295896075585519 70
1694436592864 0.13113552768564468 71
1694436592882 0.11832679592000507 72
1694436592899 0.06735410600913772 73
1694436592917 0.10151932561189905 74
1694436592937 0.027992057891778502 75
1694436592954 0.07414173490409556 76
1694436592971 0.06997687026303061 77
1694436592990 0.1583559177219485 78
1694436593007 0.05736348846862014 79
1694436593025 0.143247418540796 80
1694436593043 0.07200996353893604 81
1694436593061 0.08082494158459351 82
1694436593078 0.1517055396326603 83
1694436593097 0.19474001262670856 84
1694436593114 0.18584691300964482 85
1694436593131 0.10702170119767217 86
1694436593149 0.049019142036392314 87
1694436593166 0.08012693882415892 88
1694436593191 0.03962063962144013 89
1694436593220 0.16793900357805594 90
1694436593238 0.06614966642202312 91
1694436593262 0.05869063245389831 92
1694436593282 0.07488641421813833 93
1694436593300 0.0987834359702985 94
1694436593317 0.09048618620404827 95
1694436593335 0.06314753400241156 96
1694436593352 0.277296049029614 97
1694436593369 0.03675294968780531 98
1694436593388 0.0715907500182366 99
1694436593405 0.11116131019808222 100
1694436593423 0.07199084863465002 101
1694436593442 0.10551166709887468 102
1694436593459 0.052485111528224555 103
1694436593476 0.0901086486496911 104
1694436593496 0.07601375822046681 105
1694436593514 0.05355206231073008 106
1694436593531 0.04140081906243054 107
1694436593548 0.05443759465748112 108
1694436593564 0.1183066138152392 109
1694436593582 0.10856901234083008 110
1694436593601 0.05677310302924865 111
1694436593619 0.12109771782527574 112
1694436593637 0.05038724266416295 113
1694436593655 0.07307072919471148 114
1694436593673 0.06848340554147687 115
1694436593692 0.12613427738704544 116
1694436593710 0.0471036324545227 117
1694436593728 0.17807644918271912 118
1694436593745 0.10582939344189975 119
1694436593763 0.020084099812742704 120
1694436593780 0.16785836875744856 121
1694436593799 0.13899001874887734 122
1694436593817 0.09938666112795526 123
1694436593834 0.06134523142734582 124
1694436593856 0.1293720165456368 125
1694436593879 0.19482033995151132 126
1694436593897 0.058883361199013294 127
1694436593915 0.16124505107410622 128
1694436593935 0.06115866198477362 129
1694436593954 0.10717863051543933 130
1694436593971 0.032916743221854346 131
1694436593989 0.09748396332913878 132
1694436594008 0.1102934137058673 133
1694436594026 0.17944112770472534 134
1694436594043 0.11147478439683638 135
1694436594060 0.20970830208054436 136
1694436594078 0.07358426850819834 137
1694436594097 0.13259626740262614 138
1694436594115 0.11217162804874616 139
1694436594132 0.1166947584859906 140
1694436594150 0.126157587736679 141
1694436594167 0.0246768330928749 142
1694436594186 0.0782644025892837 143
1694436594205 0.05516105510948579 144
1694436594224 0.049801325214327265 145
1694436594241 0.04804140544300966 146
1694436594258 0.05945264814997666 147
1694436594275 0.09518703383047075 148
1694436594295 0.08304855321065856 149
1694436594313 0.09414829653347669 150
1694436594330 0.0736339774408532 151
1694436594347 0.05577916110041365 152
1694436594364 0.0547068059640029 153
1694436594382 0.057508617141613615 154
1694436594402 0.084133701208169 155
1694436594420 0.06363177451780773 156
1694436594437 0.07349871835140807 157
1694436594461 0.08484082607904254 158
1694436594485 0.1375193368533864 159
1694436594506 0.10548705491491471 160
1694436594523 0.0867552666002165 161
1694436594541 0.07012229064624921 162
1694436594558 0.1381073613696753 163
1694436594575 0.07233095626070885 164
1694436594594 0.09387266225795998 165
1694436594613 0.139939369432376 166
1694436594631 0.14757464642184812 167
1694436594648 0.09222275694235427 168
1694436594665 0.08388519879444666 169
1694436594683 0.1311023386903321 170
1694436594703 0.08755896681145733 171
1694436594722 0.057798362105568546 172
1694436594738 0.11141516314551282 173
1694436594755 0.11914370019857642 174
1694436594773 0.2538929787778802 175
1694436594791 0.12889355705327374 176
1694436594810 0.044692146691555315 177
1694436594828 0.0740480812836299 178
1694436594845 0.08277560959289113 179
1694436594863 0.033192864336073234 180
1694436594880 0.06080109753057439 181
1694436594900 0.052580221336748 182
1694436594919 0.1212429420829899 183
1694436594936 0.09735481436673357 184
1694436594954 0.17716598267441894 185
1694436594972 0.10290009391862541 186
1694436594990 0.2087669339617461 187
1694436595008 0.12528357187725356 188
1694436595026 0.07825083191692513 189
1694436595044 0.07465645540833239 190
1694436595061 0.11308212746652299 191
1694436595083 0.07438160060224148 192
1694436595105 0.07326463292679757 193
1694436595125 0.12768243893538125 194
1694436595142 0.07916412977192526 195
1694436595160 0.061255539783734256 196
1694436595177 0.07861412845282081 197
1694436595196 0.11343195075141374 198
1694436595215 0.1367767520838042 199
1694436595233 0.13189354236229273 200
1694436595251 0.17249098447168312 201
1694436595269 0.23015482040603288 202
1694436595287 0.17208382888766513 203
1694436595306 0.13321374275436376 204
1694436595325 0.07686128674229864 205
1694436595342 0.05478434630378292 206
1694436595359 0.20222019244232023 207
1694436595377 0.13161271129001537 208
1694436595394 0.06512348412528082 209
1694436595415 0.10405869554482908 210
1694436595432 0.1680320995879077 211
1694436595450 0.08842882126011628 212
1694436595468 0.13201815872676878 213
1694436595486 0.030061896125952826 214
1694436595504 0.07152387102312444 215
1694436595522 0.04933905777634164 216
1694436595540 0.1871505306951927 217
1694436595557 0.20915988582781225 218
1694436595574 0.1300465962548559 219
1694436595591 0.08973954950152704 220
1694436595610 0.16793265576113406 221
1694436595628 0.11094782665386485 222
1694436595646 0.15540342371929566 223
1694436595663 0.24866051632572095 224
1694436595686 0.08292658863743044 225
1694436595705 0.08916114693363751 226
1694436595725 0.058621861528805275 227
1694436595742 0.07364988427750077 228
1694436595759 0.03500643181489934 229
1694436595776 0.10869469898752894 230
1694436595794 0.04633308764158054 231
1694436595813 0.034250037030746194 232
1694436595831 0.08724135769220118 233
1694436595849 0.1492009081606898 234
1694436595866 0.04813653051554072 235
1694436595883 0.1682605143791269 236
1694436595901 0.06910834172886135 237
1694436595921 0.11970153228564763 238
1694436595939 0.10585699472907352 239
1694436595956 0.10717965701014705 240
1694436595974 0.1130170726804246 241
1694436595991 0.05044808510220155 242
1694436596011 0.03913079785705984 243
1694436596029 0.1959255840625107 244
1694436596046 0.04918016135973927 245
1694436596065 0.04050909481876359 246
1694436596082 0.16242762472763608 247
1694436596099 0.05899043564967854 248
1694436596118 0.04874210762031889 249
1694436596137 0.088435116362744 250
1694436596154 0.08797785977007422 251
1694436596171 0.24541548696257312 252
1694436596188 0.11563112974258705 253
1694436596205 0.10973993714724424 254
1694436596224 0.136197066943428 255
1694436596241 0.06887725749858267 256
1694436596258 0.13042413142568518 257
1694436596276 0.10615712531910627 258
1694436596296 0.04723465728957909 259
1694436596318 0.07746802001213697 260
1694436596335 0.13085931619931807 261
1694436596353 0.066467764860958 262
1694436596371 0.0472701175507444 263
1694436596388 0.16376700408292708 264
1694436596406 0.20198540984259955 265
1694436596426 0.09412795804944017 266
1694436596444 0.12861068356122402 267
1694436596462 0.13726048122808424 268
1694436596480 0.061780067814545335 269
1694436596498 0.14376895982963858 270
1694436596518 0.07673075332283952 271
1694436596535 0.12564978355987053 272
1694436596553 0.13077148554741674 273
1694436596570 0.09056107250850934 274
1694436596587 0.03885764183534846 275
1694436596605 0.11416773887376987 276
1694436596626 0.13670540041741508 277
1694436596643 0.09032062922617712 278
1694436596660 0.15763977540602964 279
1694436596677 0.17806530637423987 280
1694436596695 0.1139715623923913 281
1694436596714 0.0703810653286104 282
1694436596732 0.21449217647045532 283
1694436596749 0.02959860000622035 284
1694436596767 0.14527340230310895 285
1694436596784 0.06555803758099575 286
1694436596802 0.04479499157678862 287
1694436596821 0.097830065987764 288
1694436596839 0.07053632529323405 289
1694436596856 0.04695730422871404 290
1694436596874 0.10331259844599568 291
1694436596892 0.06060499350167957 292
1694436596912 0.09495493073969215 293
1694436596932 0.07412705346791615 294
1694436596949 0.06186253648858614 295
1694436596967 0.09642237555227381 296
1694436596984 0.17847247526713847 297
1694436597002 0.07716503613328506 298
1694436597022 0.0666992362482605 299
1694436597040 0.20331260531294834 300
1694436597058 0.1381030145845795 301
1694436597074 0.1584364302867712 302
1694436597092 0.06918653812344809 303
1694436597109 0.2260026870342116 304
1694436597128 0.07375311347199566 305
1694436597145 0.11475539024624345 306
1694436597163 0.07696793724876518 307
1694436597179 0.07503951251392439 308
1694436597197 0.07424206010569843 309
1694436597215 0.04502437528504034 310
1694436597233 0.06381515284156561 311
1694436597251 0.23011865153693578 312
1694436597268 0.18094381958217953 313
1694436597286 0.1543864083751743 314
1694436597303 0.28277932015347157 315
1694436597321 0.13716227673307332 316
1694436597339 0.13369997441605574 317
1694436597357 0.0890732950879911 318
1694436597374 0.057200800300578135 319
1694436597391 0.09812348697619451 320
1694436597409 0.11179994185993467 321
1694436597428 0.037569852448073406 322
1694436597446 0.22386808186255594 323
1694436597465 0.05504876515479593 324
1694436597483 0.09369879267641844 325
1694436597502 0.06975366185311012 326
1694436597528 0.053216949121088916 327
1694436597549 0.06666934624426564 328
1694436597566 0.08842623254007632 329
1694436597583 0.09578971908726808 330
1694436597601 0.2574038576455074 331
1694436597621 0.1876422680671864 332
1694436597638 0.06182995416653635 333
1694436597657 0.06993821009476671 334
1694436597674 0.13445404458461935 335
1694436597691 0.06934107395688248 336
1694436597709 0.15528136264054523 337
1694436597729 0.03215284407669134 338
1694436597746 0.1846346006517188 339
1694436597764 0.21392651516017014 340
1694436597781 0.06472752689264123 341
1694436597799 0.07987646261423173 342
1694436597817 0.06785587901080113 343
1694436597837 0.059103272170817074 344
1694436597856 0.0692284096088729 345
1694436597874 0.057178738154520584 346
1694436597891 0.17747018659889996 347
1694436597909 0.15877124074268797 348
1694436597927 0.10701613837997172 349
1694436597945 0.05984475408594248 350
1694436597962 0.09647813573632877 351
1694436597981 0.0803337360886494 352
1694436597997 0.08332935935945598 353
1694436598015 0.17695811252127142 354
1694436598035 0.08793594214575441 355
1694436598052 0.049553527246129526 356
1694436598070 0.08420675285733421 357
1694436598088 0.10641198248251324 358
1694436598108 0.2090845206718623 359
1694436598133 0.10301089867827515 360
1694436598152 0.07831819912985376 361
1694436598169 0.07494465089778292 362
1694436598187 0.13008910059975104 363
1694436598204 0.10785212782980312 364
1694436598222 0.028877631380298457 365
1694436598240 0.05103892753004501 366
1694436598257 0.05541510918952419 367
1694436598274 0.05248988654339338 368
1694436598292 0.15760597123919082 369
1694436598309 0.1081944691569532 370
1694436598328 0.04243178436626362 371
1694436598346 0.10748879188280458 372
1694436598362 0.08503280889119987 373
1694436598380 0.19395204321404735 374
1694436598396 0.06491301657846447 375
1694436598414 0.08690238951622774 376
1694436598433 0.1421891804166977 377
1694436598451 0.14718591057562366 378
1694436598468 0.06800929357350526 379
1694436598486 0.08747724865823904 380
1694436598503 0.1310437164924001 381
1694436598521 0.02598954459723043 382
1694436598539 0.0815830032628885 383
1694436598556 0.04391793503395508 384
1694436598573 0.12914464124321942 385
1694436598591 0.046176907800901265 386
1694436598609 0.07848265963722548 387
1694436598627 0.12503178253417857 388
1694436598647 0.12725851266593402 389
1694436598667 0.09117129408439517 390
1694436598684 0.11520097616173641 391
1694436598700 0.1623721532988441 392
1694436598721 0.0763777442146346 393
1694436598740 0.09190941064327217 394
1694436598760 0.050849124761377935 395
1694436598777 0.13173327308432417 396
1694436598795 0.07672134540509777 397
1694436598812 0.08084157446456189 398
1694436598831 0.06529296042475184 399
1694436598849 0.07463434333672578 400
1694436598866 0.06839792322140943 401
1694436598884 0.060867395233098844 402
1694436598902 0.11354938065906406 403
1694436598919 0.16428893300055747 404
1694436598941 0.09451105293412203 405
1694436598958 0.1343121813705243 406
1694436598976 0.052907271608977784 407
1694436598993 0.059384994056481 408
1694436599011 0.062281792814460876 409
1694436599030 0.14655434945709175 410
1694436599048 0.05406998666444092 411
1694436599068 0.06500779333239567 412
1694436599084 0.08199058397296048 413
1694436599102 0.04721481278538734 414
1694436599120 0.08743044449885294 415
1694436599138 0.16776386787729244 416
1694436599156 0.0735046155625536 417
1694436599174 0.09778340898626582 418
1694436599191 0.06958211537858808 419
1694436599209 0.08521475393127735 420
1694436599230 0.15561408648377678 421
1694436599249 0.23002760801281313 422
1694436599267 0.06683499219079096 423
1694436599284 0.11049850451703044 424
1694436599301 0.12614549021563629 425
1694436599321 0.13691480165477313 426
1694436599342 0.13801788265423245 427
1694436599362 0.13531323196756154 428
1694436599380 0.10187475365137125 429
1694436599397 0.0622126489619807 430
1694436599415 0.1295220459279582 431
1694436599433 0.10603233149611495 432
1694436599451 0.08835816371939624 433
1694436599468 0.13763905974813606 434
1694436599488 0.10933301293377494 435
1694436599504 0.1847750218462292 436
1694436599522 0.23606812206240238 437
1694436599541 0.0583318349715724 438
1694436599560 0.21489092859404743 439
1694436599577 0.24102425154378643 440
1694436599594 0.028086118209337686 441
1694436599612 0.07158751801430618 442
1694436599630 0.1195389695249562 443
1694436599649 0.05219899805323534 444
1694436599666 0.16801095329032908 445
1694436599683 0.17892765042740083 446
1694436599701 0.04931664615023533 447
1694436599719 0.12464869412545398 448
1694436599737 0.0755038204242905 449
1694436599756 0.05030634797624268 450
1694436599775 0.13535659023225313 451
1694436599792 0.15997244605656946 452
1694436599809 0.0982185142007188 453
1694436599827 0.06334967209412737 454
1694436599846 0.08039325227410099 455
1694436599864 0.20333054242175283 456
1694436599882 0.06218655898203936 457
1694436599899 0.056422050120962096 458
1694436599917 0.06579275564591554 459
1694436599937 0.07664956209890161 460
1694436599957 0.09190401748633914 461
1694436599976 0.04575318227049567 462
1694436599994 0.1069722719911514 463
1694436600015 0.11494546516652503 464
1694436600037 0.0718015015825827 465
1694436600058 0.11604221366934453 466
1694436600081 0.13885503501242735 467
1694436600102 0.032488830347044945 468
1694436600120 0.06821979076296467 469
1694436600139 0.05778417378583452 470
1694436600158 0.043043875779287574 471
1694436600175 0.08939581013084749 472
1694436600193 0.11623611853425331 473
1694436600210 0.08634843446072413 474
1694436600229 0.07535787849359078 475
1694436600247 0.08108321998657193 476
1694436600265 0.039389459525881146 477
1694436600282 0.14706544622962556 478
1694436600299 0.05073139297913342 479
1694436600319 0.07919705715683112 480
1694436600336 0.12062896405960524 481
1694436600354 0.08969964690363484 482
1694436600372 0.20320527241411418 483
1694436600390 0.10620692767256867 484
1694436600407 0.07375831707854631 485
1694436600425 0.08368358274944789 486
1694436600444 0.07197807179558238 487
1694436600465 0.0853502856882897 488
1694436600484 0.12015975285607708 489
1694436600501 0.08449078933595973 490
1694436600519 0.07148707147996215 491
1694436600537 0.09745834569006959 492
1694436600562 0.10967064068612586 493
1694436600584 0.061201155741680016 494
1694436600602 0.04973705807185258 495
1694436600620 0.12373718293578663 496
1694436600638 0.09433563520563736 497
1694436600657 0.1013296701899771 498
1694436600674 0.07703699530682764 499
