1694432551542 80.84326446048566 0
1694432551612 32.401282925150156 1
1694432551687 10.9537813898552 2
1694432551755 5.126770262589394 3
1694432551824 3.212238765970723 4
1694432551892 1.507448673891102 5
1694432551961 1.2075197830101763 6
1694432552030 0.4172656974242019 7
1694432552099 0.3633660642479833 8
1694432552167 0.1341597616252647 9
1694432552237 0.4953073790554839 10
1694432552307 0.15430191878106916 11
1694432552375 0.41687113728731623 12
1694432552444 0.4718160303317073 13
1694432552512 0.021761919880476335 14
1694432552580 0.2792928021395065 15
1694432552649 0.47804432557325044 16
1694432552720 0.06851332104807135 17
1694432552789 0.6390941678788734 18
1694432552857 0.35896472675838587 19
1694432552926 0.15867660201771552 20
1694432552996 0.027635729287229256 21
1694432553063 0.026649428569355208 22
1694432553133 0.39560462796880674 23
1694432553200 0.023369719663456884 24
1694432553268 0.005933852309235633 25
1694432553338 0.4740192327242946 26
1694432553405 0.10979380765074098 27
1694432553472 0.0795402938696581 28
1694432553541 0.039179063836411385 29
1694432553609 0.37688656473199383 30
1694432553677 0.2931652285033165 31
1694432553746 0.5773289936724548 32
1694432553814 0.1202018096395946 33
1694432553883 2.234245585591632 34
1694432553952 0.44638922610374954 35
1694432554020 0.1947140777068775 36
1694432554088 0.22763159478916284 37
1694432554157 0.4265929912048766 38
1694432554225 0.5903778698107736 39
1694432554293 0.5208457354188437 40
1694432554361 0.26936017578800864 41
1694432554431 0.005247170574151551 42
1694432554498 0.4900466784321262 43
1694432554566 0.11669750184829236 44
1694432554635 0.00648010732910453 45
1694432554703 0.24295935391339366 46
1694432554772 0.2465870305651223 47
1694432554841 0.23509783590424202 48
1694432554908 0.5274252749721269 49
1694432554977 0.7328934460845252 50
1694432555047 0.017501053113542577 51
1694432555114 0.3227375058734542 52
1694432555181 0.42926584979504495 53
1694432555250 0.6058939369321267 54
1694432555318 0.053433197947726746 55
1694432555387 0.04548209199267404 56
1694432555455 0.00031620660483055644 57
1694432555523 0.727219205040301 58
1694432555592 0.727269198851398 59
1694432555660 0.3814898169142793 60
1694432555728 0.13544043262575667 61
1694432555796 0.11377263088468949 62
1694432555864 0.12196171910321932 63
1694432555933 0.10179323176398021 64
1694432556001 0.2519844062886402 65
1694432556070 0.0617103438322173 66
1694432556138 0.4207446963424135 67
1694432556206 0.43693145771781255 68
1694432556275 0.11844332512982278 69
1694432556344 0.006049076048008566 70
1694432556412 1.5105695220677855 71
1694432556482 0.03572467804062589 72
1694432556550 0.0008882059830200877 73
1694432556618 0.33263321440359717 74
1694432556687 0.4290562281965202 75
1694432556755 0.21452927135705682 76
1694432556822 0.40848086174886405 77
1694432556891 0.3157461365848589 78
1694432556959 0.26897993409298426 79
1694432557028 0.04279754200080135 80
1694432557098 0.0715836946724304 81
1694432557167 0.00027991987831995334 82
1694432557235 0.06344077066669433 83
1694432557304 0.42089769138580774 84
1694432557371 0.5119412537150714 85
1694432557440 0.3426969375218036 86
1694432557508 0.0967496877919549 87
1694432557577 0.03342709083169066 88
1694432557645 0.6960295570502809 89
1694432557714 0.614477119229473 90
1694432557782 0.10321197508374996 91
1694432557851 0.6239733031703442 92
1694432557920 0.4684483924778083 93
1694432557988 0.42333337880374877 94
1694432558056 0.22844146910094948 95
1694432558125 0.7363202917759466 96
1694432558192 0.008040241861585223 97
1694432558262 1.48863585876914 98
1694432558330 0.01660415215317662 99
1694432558399 0.4568691447576692 100
1694432558468 0.1686634047440152 101
1694432558537 0.8925620958785281 102
1694432558604 0.13574402760211496 103
1694432558675 0.05726050330606257 104
1694432558743 0.47723794562954786 105
1694432558812 0.2927430020044518 106
1694432558881 0.7911799356172416 107
1694432558949 0.5595003833445937 108
1694432559018 0.2496399956022137 109
1694432559087 0.6648913680537586 110
1694432559155 0.02742573197655585 111
1694432559222 0.4281653511644512 112
1694432559291 0.6145362007801112 113
1694432559359 0.07772755873050194 114
1694432559427 0.6472183869623902 115
1694432559495 0.6202153332707924 116
1694432559563 0.351526719336868 117
1694432559632 0.07034306029902446 118
1694432559703 0.008371312833938624 119
1694432559772 0.4827448591077538 120
1694432559840 0.0877142521347156 121
1694432559908 0.1819049485933979 122
1694432559977 0.22977033504134953 123
1694432560046 0.37188695947476225 124
1694432560114 0.007620395042379093 125
1694432560183 0.03523151079468377 126
1694432560251 0.2519544698541943 127
1694432560319 0.1219824774812149 128
1694432560387 0.8690604008878203 129
1694432560456 0.436071361513082 130
1694432560525 0.858765564600868 131
1694432560594 0.2763602557222343 132
1694432560661 0.307281347259669 133
1694432560730 0.07849074188391196 134
1694432560799 0.005272640232873253 135
1694432560867 0.0029746751724209377 136
1694432560935 0.2097788669414734 137
1694432561003 0.0530137039169217 138
1694432561073 0.5383250491366427 139
1694432561141 0.07145932526319428 140
1694432561210 0.6576125668037075 141
1694432561278 0.8649758042005129 142
1694432561347 0.18015849244238705 143
1694432561415 0.10058111383258479 144
1694432561483 0.28630910463279224 145
1694432561551 5.229807737178833e-05 146
1694432561620 0.16381688334873962 147
1694432561689 0.32570992072170457 148
1694432561757 0.5137595455478192 149
1694432561825 0.06167536105079084 150
1694432561894 0.22455733202948294 151
1694432561961 0.18744541988580454 152
1694432562030 2.916381197203178 153
1694432562098 0.08912640398251753 154
1694432562165 0.046996062829332115 155
1694432562234 0.16671612771009622 156
1694432562303 0.08187015575559341 157
1694432562371 0.6023567874654088 158
1694432562442 0.18453301024196825 159
1694432562510 0.025908571074345698 160
1694432562578 0.34752777563497106 161
1694432562647 0.14258242930643675 162
1694432562717 0.036711148729944354 163
1694432562786 0.0001669205217328977 164
1694432562855 0.003975872063331641 165
1694432562923 0.2514554123841703 166
1694432562991 0.08165115239198914 167
1694432563061 0.06000643391098569 168
1694432563130 0.4227339877637825 169
1694432563198 0.6143166697946073 170
1694432563268 0.0896670701774147 171
1694432563336 0.06776119185628866 172
1694432563406 0.18264483493089895 173
1694432563474 0.4061489508442195 174
1694432563543 0.2609618189058407 175
1694432563613 0.11523608795924374 176
1694432563682 0.1557973064895363 177
1694432563750 0.043290837267528325 178
1694432563819 0.7880699302835659 179
1694432563889 0.3067950140814549 180
1694432563958 0.00017324681364716297 181
1694432564028 1.1094987070799154 182
1694432564097 0.036555308217810674 183
1694432564167 0.2298690466982385 184
1694432564236 0.22279986529043638 185
1694432564304 1.3506115475048377 186
1694432564373 0.09865475576036978 187
1694432564443 0.24219915451695853 188
1694432564517 0.6034322027408655 189
1694432564587 0.6564111198090775 190
1694432564655 0.0405029535766992 191
1694432564723 0.5381576617487575 192
1694432564792 0.12725609063749993 193
1694432564860 0.49672160577799224 194
1694432564927 0.6224939796151249 195
1694432564997 0.05239218720848109 196
1694432565064 0.4659400212181996 197
1694432565133 0.12194388019518153 198
1694432565200 0.05132010736792301 199
1694432565268 0.4446957090951951 200
1694432565337 0.10432215199129735 201
1694432565404 0.15771797090332307 202
1694432565473 0.3215501487827245 203
1694432565541 0.5454913276702057 204
1694432565609 0.4544900141201365 205
1694432565677 0.15340804059310945 206
1694432565746 1.015279510817794 207
1694432565815 0.029811176539653404 208
1694432565883 0.5348341235217083 209
1694432565951 0.1967794998039487 210
1694432566019 0.10109845592434316 211
1694432566088 1.2929739538210716 212
1694432566156 0.10205328425488384 213
1694432566225 0.32144613051103943 214
1694432566294 0.4510230013327065 215
1694432566361 0.008647378674294593 216
1694432566430 0.18599287311983 217
1694432566498 0.9660939037742976 218
1694432566566 0.3111510918726472 219
1694432566635 1.8403823981065732 220
1694432566703 0.15493178871802984 221
1694432566772 0.932210987549005 222
1694432566840 1.5800614018328882 223
1694432566908 0.06106619990613372 224
1694432566976 0.6198730673469489 225
1694432567044 0.3258131928663559 226
1694432567114 0.19997866248065688 227
1694432567183 0.23474018415212672 228
1694432567251 0.33060125921346195 229
1694432567321 3.0889570462265925 230
1694432567389 0.0872248495664247 231
1694432567457 0.32559362589204677 232
1694432567525 0.1675522453728468 233
1694432567595 0.24491827003620698 234
1694432567662 0.28832471961688805 235
1694432567731 0.26182290677141995 236
1694432567799 0.19728197547882728 237
1694432567867 0.00836781721642039 238
1694432567936 0.05891660772287597 239
1694432568005 0.08806470063001073 240
1694432568073 1.2892443022775275 241
1694432568143 0.18054128283152904 242
1694432568211 0.016460958626976503 243
1694432568280 0.2299554865843441 244
1694432568348 0.012258721551551747 245
1694432568416 0.0005280120195463828 246
1694432568483 0.20608979321385243 247
1694432568553 0.23439858845617895 248
1694432568622 0.0021661788546643948 249
1694432568690 0.42552181141728396 250
1694432568758 0.20206535463443048 251
1694432568828 0.5455296885428301 252
1694432568895 0.40065284286574016 253
1694432568963 0.19768618766508939 254
1694432569032 0.11615405646589683 255
1694432569099 0.1057804813465997 256
1694432569169 0.7970013253398376 257
1694432569238 0.0010143713647780908 258
1694432569306 0.015122670402937959 259
1694432569375 0.23624860000203324 260
1694432569443 0.20290694126222195 261
1694432569511 0.05985081880205726 262
1694432569579 0.39464735852214083 263
1694432569647 0.03955307918109264 264
1694432569715 0.034208724127229466 265
1694432569783 1.3193492452884055 266
1694432569852 0.21195376200537916 267
1694432569921 0.17097811365671317 268
1694432569989 0.15787587749149296 269
1694432570058 0.01942046849564775 270
1694432570125 0.41395936225483543 271
1694432570194 0.06686554039446854 272
1694432570262 0.18039671149698605 273
1694432570331 0.2833449071036523 274
1694432570399 0.5208142503428222 275
1694432570468 0.2874022487604455 276
1694432570536 0.02486203599136913 277
1694432570604 0.016969368554080533 278
1694432570674 0.3530746203776872 279
1694432570744 0.4089277391882879 280
1694432570814 0.5563212579863975 281
1694432570883 0.04322295156526675 282
1694432570951 0.07300368313541263 283
1694432571019 0.16131843268210155 284
1694432571089 0.8169752290806125 285
1694432571157 0.15984824493522126 286
1694432571225 0.1771864994377216 287
1694432571293 0.00012320809841947627 288
1694432571361 0.09813668503973612 289
1694432571428 0.397571810918904 290
1694432571498 0.10088123432577722 291
1694432571567 0.020422675460565563 292
1694432571635 0.3928779934428112 293
1694432571704 0.3268867138562813 294
1694432571771 0.008191031205795682 295
1694432571839 0.012685463705824343 296
1694432571907 0.8297231880143616 297
1694432571976 0.302151125101952 298
1694432572045 0.002405488966613986 299
1694432572113 0.03878850761136712 300
1694432572181 0.1932710128706426 301
1694432572250 1.5325220328327718 302
1694432572318 0.15861188525833667 303
1694432572386 1.2184646301803184 304
1694432572455 0.028210193016910207 305
1694432572523 0.17758076417118818 306
1694432572592 0.5161575139054474 307
1694432572660 0.34720674104513854 308
1694432572729 0.22094470702169522 309
1694432572797 0.4968159676481073 310
1694432572865 0.05541944428999569 311
1694432572934 0.07429203673484551 312
1694432573002 0.26651234063425716 313
1694432573071 0.003969404686716171 314
1694432573140 0.6195210034939106 315
1694432573208 0.04391193490777606 316
1694432573279 2.6673441038998464 317
1694432573349 0.1763015011149251 318
1694432573416 0.2649690175219791 319
1694432573484 1.3594160339952255 320
1694432573553 0.4553103880205021 321
1694432573620 0.01833133216279334 322
1694432573689 0.4690961714391171 323
1694432573758 0.23403760164164325 324
1694432573826 0.552168014479305 325
1694432573896 2.2090433142886563 326
1694432573964 1.3747438969147465 327
1694432574033 0.46563409787800353 328
1694432574100 0.06453424207797046 329
1694432574169 0.42157869461984787 330
1694432574237 0.5973722957652726 331
1694432574305 0.44251068348970096 332
1694432574374 0.9003731032686795 333
1694432574441 0.3007978184628482 334
1694432574509 0.3925265634067302 335
1694432574577 0.08409099804685378 336
1694432574645 0.3952899678865102 337
1694432574714 1.352140077791156 338
1694432574781 0.017941497805691504 339
1694432574849 0.23107107390276632 340
1694432574917 0.0809786676587154 341
1694432574986 0.467221657834542 342
1694432575055 0.6626242048023506 343
1694432575123 0.47781188634434096 344
1694432575191 0.3092410599953698 345
1694432575259 0.0031652140925073637 346
1694432575328 0.029596054510809287 347
1694432575396 0.2593437583288251 348
1694432575465 0.00981988528987744 349
1694432575534 0.16240557429304103 350
1694432575603 0.45483123139894815 351
1694432575671 0.46761645086829046 352
1694432575739 0.4367547492254607 353
1694432575808 0.21266474126159032 354
1694432575876 0.22093303194058322 355
1694432575944 0.12143814912357939 356
1694432576013 0.07982592890383469 357
1694432576081 1.459709021638644 358
1694432576149 0.33269964302203886 359
1694432576217 0.3902545271996366 360
1694432576286 0.5645018431774578 361
1694432576354 0.08209403043614523 362
1694432576421 0.0313139132890983 363
1694432576489 0.10058850809358866 364
1694432576556 0.3269587342925358 365
1694432576625 0.34659180871369183 366
1694432576694 0.004615256366296116 367
1694432576762 0.05280280281302441 368
1694432576831 1.1993392036687036 369
1694432576898 0.17400124992833627 370
1694432576966 0.4667227319052988 371
1694432577035 0.4698005708766414 372
1694432577103 0.3120608254177974 373
1694432577170 0.564154151951146 374
1694432577239 0.3309496481747799 375
1694432577309 0.9013500950836622 376
1694432577376 0.04623268398583019 377
1694432577444 0.3429735868564003 378
1694432577517 0.3865186031837752 379
1694432577585 0.14821690432273588 380
1694432577654 0.3477808959965308 381
1694432577722 0.3788001758996225 382
1694432577794 0.2104589993176969 383
1694432577863 0.3533735274571216 384
1694432577933 0.027710077068344618 385
1694432578001 0.31570210711412494 386
1694432578068 0.6046243414926894 387
1694432578137 0.20737530704776208 388
1694432578206 0.22457123129505094 389
1694432578273 0.3213998682096404 390
1694432578341 0.5441702232687932 391
1694432578410 0.9819932011937149 392
1694432578477 0.1001060545672139 393
1694432578546 1.3477546611196198 394
1694432578614 0.40707661285709335 395
1694432578683 0.3860311513640882 396
1694432578752 0.016487442778561272 397
1694432578819 0.5457377315521674 398
1694432578889 0.33877897716862204 399
1694432578957 0.0812992620514744 400
1694432579025 0.09647235309632791 401
1694432579093 0.012570434233419091 402
1694432579161 0.6140399641720325 403
1694432579229 0.5539194329630438 404
1694432579298 0.27863469204142804 405
1694432579367 0.3832740314048593 406
1694432579435 0.1530700682405013 407
1694432579503 0.4315691520786857 408
1694432579572 0.0036954310125485623 409
1694432579642 0.3520926595192899 410
1694432579710 0.2330796290671246 411
1694432579779 0.22703724653181406 412
1694432579848 0.2978326217269061 413
1694432579916 0.3879007490847584 414
1694432579985 0.517329286384028 415
1694432580054 0.02534135358597932 416
1694432580123 0.30719371680063495 417
1694432580192 0.32175627272368407 418
1694432580260 0.6410119085914772 419
1694432580330 0.07067333781083349 420
1694432580397 0.30099261221505585 421
1694432580465 0.036218171086739824 422
1694432580534 0.007326837762165156 423
1694432580602 0.11294385644142038 424
1694432580670 0.2071760531086041 425
1694432580738 0.3716693259495588 426
1694432580807 0.09264487352362817 427
1694432580875 0.3457745230569251 428
1694432580944 0.1856885716406948 429
1694432581011 0.2805095722805483 430
1694432581080 0.5226135847129343 431
1694432581149 0.23320852413549675 432
1694432581216 0.15561608875330887 433
1694432581285 0.19742186266881714 434
1694432581355 0.10471405572107008 435
1694432581422 0.6501791335634044 436
1694432581491 0.05795994604868156 437
1694432581560 0.1262843954775366 438
1694432581628 0.11161250413042768 439
1694432581695 0.26603259299877197 440
1694432581763 0.6672856012279197 441
1694432581832 1.3351700999204292 442
1694432581899 0.2968340642389173 443
1694432581968 0.03880755500742108 444
1694432582036 0.23753068452555212 445
1694432582105 0.4372854774785846 446
1694432582172 0.006129746785403081 447
1694432582241 0.12138919797961562 448
1694432582309 0.6088382343639711 449
1694432582377 0.4762482372373981 450
1694432582444 0.9588308231409083 451
1694432582512 0.10330517336928642 452
1694432582580 1.0302285577236132 453
1694432582658 0.9075131669811698 454
1694432582726 0.15922687914077843 455
1694432582795 0.22520065034698125 456
1694432582864 0.0023979538815050673 457
1694432582933 0.2028344725134638 458
1694432583001 0.004820653229422171 459
1694432583070 0.08831265869141376 460
1694432583138 0.06258721142114292 461
1694432583207 0.14220103246059815 462
1694432583275 0.43975980399707787 463
1694432583344 0.43025295135083386 464
1694432583411 0.9342978238279895 465
1694432583480 0.44116610128082134 466
1694432583549 0.4264639016166971 467
1694432583616 0.10971321843717731 468
1694432583684 0.11566758465185681 469
1694432583753 0.13935493642812108 470
1694432583821 0.3471652496313219 471
1694432583890 0.05448163095441292 472
1694432583958 0.1136096091999501 473
1694432584026 0.026030474468181165 474
1694432584094 0.16800521126906107 475
1694432584162 0.06673064462450182 476
1694432584230 0.00038286726656673657 477
1694432584299 0.4359489097326244 478
1694432584367 0.26229431856663943 479
1694432584436 0.1876457709258792 480
1694432584504 0.06171965300911606 481
1694432584574 0.07443464069074973 482
1694432584642 0.0008857458293909308 483
1694432584712 0.3703499278852941 484
1694432584781 0.02894466318485307 485
1694432584849 1.1995843944139306 486
1694432584917 0.1557552201710833 487
1694432584986 0.3006268276490658 488
1694432585054 0.115692077896042 489
1694432585122 0.5868086606465553 490
1694432585190 0.220135504485448 491
1694432585258 0.1356554695855921 492
1694432585328 0.3162159239713097 493
1694432585397 0.18612204839569652 494
1694432585466 0.16277310816854365 495
1694432585536 0.36083498500840955 496
1694432585603 0.018902628178141388 497
1694432585672 0.02710247013253107 498
1694432585741 0.15038499357164953 499
