1694432445424 0.556339656891404 0
1694432445493 0.015046049579851884 1
1694432445563 0.358211985413568 2
1694432445632 0.25291052361532496 3
1694432445700 0.0709523616759662 4
1694432445769 0.3912794099306787 5
1694432445838 0.04902317747693859 6
1694432445906 0.2746256626281793 7
1694432445978 0.1203384043255977 8
1694432446059 0.0014089112710923412 9
1694432446128 0.03786000462974589 10
1694432446196 1.9144408334448149 11
1694432446264 0.6385194388114174 12
1694432446334 0.010644623730867867 13
1694432446402 0.22366751748727107 14
1694432446470 0.45167774966749485 15
1694432446539 0.5323595598190011 16
1694432446608 0.015465958802187312 17
1694432446678 0.5100279981196639 18
1694432446746 0.03185061454181541 19
1694432446815 0.7104507878641607 20
1694432446884 0.1653461345654909 21
1694432446953 0.17856501299673522 22
1694432447021 0.4094102636495403 23
1694432447090 0.5857357560403269 24
1694432447158 0.10423189730957262 25
1694432447225 0.2498417830812483 26
1694432447294 0.6968723614250495 27
1694432447362 0.45324924637511627 28
1694432447431 1.3664008044901619 29
1694432447498 0.043326847351017064 30
1694432447567 0.27728619288246553 31
1694432447636 0.31539519684161815 32
1694432447705 0.4376776189046055 33
1694432447774 0.2185092290988032 34
1694432447844 1.4160589415453348 35
1694432447912 0.3706882972989495 36
1694432447981 0.16762993803680432 37
1694432448050 0.4905587826745957 38
1694432448117 8.118481054159829e-05 39
1694432448186 0.02845349354239209 40
1694432448254 0.4221143671469683 41
1694432448322 0.0241930739464023 42
1694432448394 1.3452782148362221 43
1694432448463 0.7251879935092438 44
1694432448532 0.10702072077972495 45
1694432448599 0.23069813077153625 46
1694432448668 0.2082765695557493 47
1694432448737 0.06131442028062329 48
1694432448806 0.1449038795503976 49
1694432448873 0.07246486417735495 50
1694432448941 0.39499400880657637 51
1694432449009 0.00020285454039516826 52
1694432449078 0.3770604374577872 53
1694432449146 0.05279025714172363 54
1694432449214 1.132597990326055 55
1694432449282 0.27798538797386235 56
1694432449352 0.06779827834509926 57
1694432449420 0.17698989543314625 58
1694432449488 0.37563250899771705 59
1694432449556 0.23595435499433803 60
1694432449624 0.23360513235287708 61
1694432449693 0.6521682230088419 62
1694432449761 0.08780976300456393 63
1694432449830 0.00341616150194858 64
1694432449897 0.20482741872237556 65
1694432449966 0.7329804687018356 66
1694432450034 0.20373648872682354 67
1694432450102 0.14717789628685496 68
1694432450171 0.0059282396991809485 69
1694432450240 0.07446633980112811 70
1694432450310 0.5017251374589639 71
1694432450380 0.17293900515537428 72
1694432450448 0.28283534950722455 73
1694432450516 0.46164015419948456 74
1694432450583 3.814936348547468e-09 75
1694432450651 0.05562273960409941 76
1694432450720 0.4079679338836864 77
1694432450789 0.5312978128076081 78
1694432450859 0.09870709332506007 79
1694432450928 0.19908182853035655 80
1694432450998 0.04381413594668754 81
1694432451067 0.6025918119528146 82
1694432451136 0.35766710340965974 83
1694432451206 0.11310535329162019 84
1694432451274 0.08750803536990963 85
1694432451342 0.2997993389234985 86
1694432451411 0.37158466696786646 87
1694432451480 0.1865819689162237 88
1694432451551 0.049320839428252855 89
1694432451619 0.04576288608570361 90
1694432451689 0.07771338568563081 91
1694432451758 0.0001066927796121342 92
1694432451827 0.09652261317083391 93
1694432451895 0.21447396863553542 94
1694432451963 0.11933477263978604 95
1694432452032 0.1130609956174702 96
1694432452101 0.5754812805440708 97
1694432452169 0.13640896596018318 98
1694432452238 0.05720558616094081 99
1694432452306 0.0001367800133806908 100
1694432452377 0.3068727973435511 101
1694432452446 0.5952830793253275 102
1694432452515 0.2202364899472848 103
1694432452584 0.2859492959779856 104
1694432452653 0.6540936344549765 105
1694432452722 0.17725093352964288 106
1694432452790 0.15867783429230609 107
1694432452858 0.6343307072183597 108
1694432452928 0.5085783479244607 109
1694432452997 0.050960226306062645 110
1694432453065 0.0022814987531552624 111
1694432453134 0.37491510227068453 112
1694432453202 0.06586260810198079 113
1694432453270 0.025202705408382785 114
1694432453339 0.09300569777442419 115
1694432453407 0.042355559115363116 116
1694432453476 0.27573333154271606 117
1694432453545 0.7334387630760314 118
1694432453613 0.6133467572811301 119
1694432453682 0.24771644460289047 120
1694432453751 0.4238556279249036 121
1694432453819 0.03947496689615974 122
1694432453887 0.7063046741462912 123
1694432453954 0.041410142675196 124
1694432454022 0.0844132216885355 125
1694432454091 0.32185283863003233 126
1694432454158 0.18248382598279936 127
1694432454226 0.3903493360699388 128
1694432454295 0.24990761308412165 129
1694432454362 0.31657496254725775 130
1694432454430 0.10832429211923807 131
1694432454499 0.05378224941202824 132
1694432454567 1.4970589357282766 133
1694432454636 0.6655982313113348 134
1694432454704 0.22646623708292635 135
1694432454772 0.35340629247231464 136
1694432454841 0.25553673550614747 137
1694432454911 1.0921515117525642 138
1694432454980 0.3167315238598894 139
1694432455048 0.29447617299337764 140
1694432455116 1.109241212569187e-06 141
1694432455184 1.0176197619061882 142
1694432455252 0.19128374720542185 143
1694432455321 0.12518073887847064 144
1694432455389 0.36646651289656335 145
1694432455457 0.39816999794972685 146
1694432455525 0.5168693232965191 147
1694432455594 0.29686269622116157 148
1694432455662 0.11591852226110348 149
1694432455730 0.1132771333922185 150
1694432455797 0.39921341730692483 151
1694432455865 0.38754678096166706 152
1694432455936 0.27346804282694626 153
1694432456004 0.07707610218384062 154
1694432456082 0.4112230184179392 155
1694432456150 0.02281238300683543 156
1694432456219 0.181154067695251 157
1694432456287 0.05566954049260585 158
1694432456356 0.18255857129297834 159
1694432456424 0.010092805559489769 160
1694432456493 0.30776066491340537 161
1694432456561 0.5388030441922594 162
1694432456629 0.0585307093224993 163
1694432456697 0.21785564092278992 164
1694432456767 0.17047628866592196 165
1694432456836 0.18518387618020796 166
1694432456905 0.31965661571247 167
1694432456975 0.06883237306374403 168
1694432457043 0.07622886108133443 169
1694432457110 0.3036100478231389 170
1694432457179 0.013977349431597869 171
1694432457247 0.23453633080418362 172
1694432457315 0.19199468318353163 173
1694432457384 1.3705152885958898 174
1694432457452 0.1240173067835711 175
1694432457520 0.1234382883947157 176
1694432457588 0.055926901387356384 177
1694432457659 0.19948801833511 178
1694432457727 0.21572404735476192 179
1694432457796 1.2841679699522937 180
1694432457864 0.33686449656314954 181
1694432457932 0.017924319387762823 182
1694432458001 1.158347236295803 183
1694432458069 0.001057371038407464 184
1694432458138 0.11791688889650136 185
1694432458207 0.6719264206415425 186
1694432458275 0.013027953966425043 187
1694432458343 0.4593406683010386 188
1694432458411 0.4706616041116355 189
1694432458480 0.2533064540518158 190
1694432458549 0.05862640042752364 191
1694432458618 0.1463302747623856 192
1694432458688 0.6071086335979887 193
1694432458757 0.2454460374242713 194
1694432458825 0.2815221238424188 195
1694432458894 0.001383644889606891 196
1694432458963 0.549034512626879 197
1694432459031 0.23853636615658658 198
1694432459099 0.47959901205353284 199
1694432459167 0.09877722975232542 200
1694432459237 0.12805465808922656 201
1694432459306 0.6728682498663083 202
1694432459378 0.2564733245770438 203
1694432459446 0.5183065800129728 204
1694432459515 0.059760789124196426 205
1694432459583 0.265396258924218 206
1694432459652 0.15694869952337223 207
1694432459719 0.19007474727133633 208
1694432459789 0.2121677769354158 209
1694432459857 0.4411821802870806 210
1694432459926 0.461321208096244 211
1694432459994 0.20146232062069053 212
1694432460074 0.1011781950978348 213
1694432460144 0.36384192230988865 214
1694432460213 1.168051836164735 215
1694432460282 0.6408776533432936 216
1694432460351 0.33014255442328455 217
1694432460418 0.6123377123361264 218
1694432460487 0.20743390462074202 219
1694432460555 0.051752790675628914 220
1694432460624 0.4499019895949718 221
1694432460692 0.34887847187568183 222
1694432460759 0.1010222796295323 223
1694432460829 0.07319411728355804 224
1694432460897 0.3237970107395923 225
1694432460965 1.2815890408231498 226
1694432461033 1.1592655760424693 227
1694432461102 0.08846002728190874 228
1694432461170 0.031226274881217608 229
1694432461239 0.6975073983060837 230
1694432461306 0.6567819600482875 231
1694432461376 0.15182583285500614 232
1694432461443 0.25191200013826415 233
1694432461511 0.4483831448683857 234
1694432461579 0.6240201077252627 235
1694432461648 0.2373351399101292 236
1694432461717 0.38492394675826797 237
1694432461786 0.14374943410816324 238
1694432461854 0.32749676174237835 239
1694432461924 0.043689767495631686 240
1694432461994 0.10940693398206694 241
1694432462062 0.21412871403499995 242
1694432462130 0.2826979380912496 243
1694432462198 0.005838558306917279 244
1694432462266 0.2992982471108774 245
1694432462334 0.04730723974499814 246
1694432462401 0.20525068864967547 247
1694432462470 1.3765385621930601 248
1694432462538 0.4661703707610221 249
1694432462607 0.2888517532900751 250
1694432462675 0.10893685264098392 251
1694432462743 0.1297755999679129 252
1694432462812 0.12801918369429238 253
1694432462880 0.04090947419979839 254
1694432462949 0.3670666748110976 255
1694432463018 0.36681367841190876 256
1694432463087 0.29668403744517274 257
1694432463155 0.001314116533041347 258
1694432463223 0.2566519269789487 259
1694432463292 0.1050418462359468 260
1694432463360 0.4216532990031571 261
1694432463428 0.14632658573764173 262
1694432463496 0.18911284727667457 263
1694432463564 0.25942737526655746 264
1694432463635 0.08419292802288392 265
1694432463704 0.19414025622285544 266
1694432463773 0.007241104392238223 267
1694432463841 0.2500960966110765 268
1694432463910 0.19168578789632973 269
1694432463979 0.01679420476656057 270
1694432464047 0.08704668570947996 271
1694432464116 0.052502019644376965 272
1694432464185 0.07284253313892365 273
1694432464253 0.2259858845465375 274
1694432464322 0.0001157190742043157 275
1694432464390 0.314797795356228 276
1694432464459 0.08072085119106323 277
1694432464528 0.3507634343761782 278
1694432464597 0.346739108951989 279
1694432464665 0.022212046241231367 280
1694432464734 0.33673308971428656 281
1694432464802 0.21133082251981242 282
1694432464870 0.14569480523588016 283
1694432464938 0.02644164704621451 284
1694432465006 0.01885424767917592 285
1694432465074 0.42477376835999153 286
1694432465143 0.005489018743549446 287
1694432465211 0.34629048682533786 288
1694432465279 0.7284912976520057 289
1694432465347 0.45824283389677134 290
1694432465416 0.17267052338679206 291
1694432465483 0.2865155220584074 292
1694432465551 0.13601195822090378 293
1694432465620 0.42279037490834415 294
1694432465688 0.9692409114654656 295
1694432465756 0.4500888232141604 296
1694432465825 0.2762610331227371 297
1694432465893 0.00915725646198379 298
1694432465960 0.07143296033471065 299
1694432466030 0.3078385514346392 300
1694432466098 0.08107923626506335 301
1694432466165 5.2658694264586545e-06 302
1694432466235 0.4602093338026983 303
1694432466302 0.012472615678312189 304
1694432466372 0.06636776043486206 305
1694432466441 0.010701773529772569 306
1694432466508 1.2907351370479769e-05 307
1694432466578 0.10887478365407091 308
1694432466646 0.008851260238967484 309
1694432466714 0.10762964943076278 310
1694432466783 1.1716593525455858 311
1694432466852 0.535668415710364 312
1694432466920 0.10662181467834057 313
1694432466989 0.1222499842182262 314
1694432467068 0.8666118691550795 315
1694432467137 0.14542331730724314 316
1694432467205 0.015732843840224674 317
1694432467273 0.01273318826362849 318
1694432467342 0.14565170887352782 319
1694432467409 0.22409763648799624 320
1694432467478 3.2200454758679036e-07 321
1694432467546 0.3870635856528821 322
1694432467614 0.18141205082526696 323
1694432467683 0.04619294611949863 324
1694432467751 0.0784940069311702 325
1694432467820 0.3949973526525275 326
1694432467888 0.4345753663748869 327
1694432467957 0.18740023132792988 328
1694432468025 0.5155270391960183 329
1694432468094 0.18697002864870899 330
1694432468162 4.038660243625382e-06 331
1694432468231 0.21487369581107318 332
1694432468300 0.4803542572871989 333
1694432468369 0.5316210635203226 334
1694432468437 0.45813767969448105 335
1694432468504 0.45123184571563135 336
1694432468572 0.37929770719113415 337
1694432468641 0.021264641871808584 338
1694432468712 0.9817584182334911 339
1694432468780 0.4537835009359396 340
1694432468849 0.10983243805043513 341
1694432468917 0.07870949561917513 342
1694432468985 0.09187804373943234 343
1694432469054 0.3275012676537382 344
1694432469122 0.0032272678768931118 345
1694432469191 0.11679816607696956 346
1694432469259 0.7330248616163997 347
1694432469326 0.3351102168041529 348
1694432469395 0.10773285881342094 349
1694432469463 0.5630584494704767 350
1694432469532 0.2086797399249048 351
1694432469604 0.436199113954418 352
1694432469673 0.1831844151665502 353
1694432469741 3.6281904805169604e-05 354
1694432469810 0.010550101119668953 355
1694432469880 0.4759386366053271 356
1694432469949 0.09207027602251083 357
1694432470018 0.20315705440618378 358
1694432470087 0.28473056900944804 359
1694432470154 0.0780437032233069 360
1694432470222 0.7219187019481849 361
1694432470291 0.05667814662022224 362
1694432470362 0.006192610114202998 363
1694432470431 0.14172894793730076 364
1694432470500 0.18489687340144537 365
1694432470569 0.5556243915056688 366
1694432470638 0.176662879730348 367
1694432470707 0.6314563060925716 368
1694432470775 1.4164541742446706 369
1694432470844 0.3519326669691766 370
1694432470911 0.49713390562715915 371
1694432470981 0.0022222912699171463 372
1694432471049 0.15898605800385113 373
1694432471117 1.3759618192862821 374
1694432471186 0.18746144657957833 375
1694432471253 0.1165554224075415 376
1694432471323 0.03426979740721888 377
1694432471391 0.43225201401032537 378
1694432471459 0.022064483545851048 379
1694432471526 0.3594188361467349 380
1694432471595 0.0037500078582471436 381
1694432471662 0.8430522093186448 382
1694432471731 0.13912912538426475 383
1694432471799 0.2032221550888537 384
1694432471867 0.06876273287079497 385
1694432471936 0.15668784295942495 386
1694432472004 0.36294709598176084 387
1694432472073 0.013871276474327853 388
1694432472142 0.012242679270652075 389
1694432472211 0.3502896680136204 390
1694432472279 0.410382116869317 391
1694432472346 0.7985058706867476 392
1694432472414 0.63333548458485 393
1694432472483 0.23322885878437688 394
1694432472551 0.19963165802845997 395
1694432472619 0.1665456120793515 396
1694432472687 0.060108570192079866 397
1694432472755 0.017845091896683717 398
1694432472823 0.0019875276669743085 399
1694432472892 0.06012780771391305 400
1694432472959 1.2021606465087338 401
1694432473030 0.6917145480740278 402
1694432473098 0.8330351394877662 403
1694432473166 0.3194394738333501 404
1694432473234 0.31959429470882844 405
1694432473302 0.24101170298801963 406
1694432473371 1.1482125314988134 407
1694432473440 0.037336626244174734 408
1694432473508 0.12483051052140097 409
1694432473576 0.134841100561158 410
1694432473646 0.04165731166057458 411
1694432473714 0.014262770453320998 412
1694432473784 0.11459640863963383 413
1694432473853 0.3490431277669142 414
1694432473921 0.17280677873069422 415
1694432473989 0.25945978709457396 416
1694432474058 0.6617449059902323 417
1694432474127 0.45374712656158556 418
1694432474197 0.1354557004374271 419
1694432474264 0.5527334745848121 420
1694432474334 0.16508163272109203 421
1694432474403 0.7351447492146698 422
1694432474472 0.004606940949046714 423
1694432474541 0.21116640400835862 424
1694432474610 0.5671073176362633 425
1694432474679 0.09827839196473337 426
1694432474748 1.527655366723706 427
1694432474818 0.016181149301982632 428
1694432474886 0.3144474740170445 429
1694432474956 0.03226521844516797 430
1694432475024 0.35101122668673534 431
1694432475093 0.012981972183000194 432
1694432475161 0.07993879369590107 433
1694432475230 0.13993486908789862 434
1694432475299 0.04275310839573836 435
1694432475367 0.4879103919759145 436
1694432475436 6.105240292484786e-05 437
1694432475506 0.8394180769305848 438
1694432475575 0.002205693471104474 439
1694432475643 0.4048792147858173 440
1694432475712 0.08362559649694512 441
1694432475781 0.11468991457431173 442
1694432475850 0.11054649660222265 443
1694432475919 0.13797216491330735 444
1694432475988 0.06809971291236654 445
1694432476056 0.03272903464883284 446
1694432476127 0.16487988928929145 447
1694432476195 0.43938770451141435 448
1694432476263 1.0375467556782851 449
1694432476333 0.23130960286251187 450
1694432476401 0.43881456497543514 451
1694432476469 0.40841098983739393 452
1694432476539 0.2484271630089364 453
1694432476607 0.4793836606557072 454
1694432476675 0.04966831887837247 455
1694432476743 0.15627060545253096 456
1694432476811 0.36726097762571375 457
1694432476879 0.0018057985483956526 458
1694432476947 0.3834724583607184 459
1694432477015 0.0023720409174779436 460
1694432477083 0.01871090234410685 461
1694432477153 0.2700470668950382 462
1694432477221 0.1807887624657297 463
1694432477299 0.16928633024717638 464
1694432477366 0.2092271321127174 465
1694432477436 0.004681683818034766 466
1694432477503 0.08182700774009542 467
1694432477572 0.5531010871193451 468
1694432477641 0.3348104015444108 469
1694432477709 0.0029258133958589556 470
1694432477778 0.5987353281831413 471
1694432477846 0.1882271561249578 472
1694432477914 0.46978979871341897 473
1694432477982 0.02269928322730511 474
1694432478050 0.07978052655126003 475
1694432478118 0.053790165398020194 476
1694432478186 0.3817796516231016 477
1694432478254 0.04972546727656222 478
1694432478322 0.2682331133349588 479
1694432478390 0.003280352543811273 480
1694432478458 0.12128989653977615 481
1694432478526 0.08160461282691081 482
1694432478594 0.04209909379431032 483
1694432478662 0.00532987648872276 484
1694432478731 0.11617257823867097 485
1694432478799 0.22422372078459923 486
1694432478867 0.25462235078980555 487
1694432478936 0.1931274430522563 488
1694432479005 0.2398134127320444 489
1694432479074 0.6297276689231955 490
1694432479142 0.11484433078566184 491
1694432479210 0.5220376854918929 492
1694432479278 0.07917689017741579 493
1694432479347 0.019572274702030868 494
1694432479414 0.03619879854620551 495
1694432479482 6.37962462698118e-05 496
1694432479550 0.30349041333661586 497
1694432479618 0.5815167242853839 498
1694432479686 0.417005209156507 499
