1694432588681 169.42534077197135 0
1694432588701 166.04996480953625 1
1694432588717 163.42284589734513 2
1694432588733 160.8330674589527 3
1694432588750 158.28449341087287 4
1694432588766 155.77645798613688 5
1694432588783 153.30831499802267 6
1694432588801 150.88119194445122 7
1694432588818 148.49228960531778 8
1694432588834 146.14135953794582 9
1694432588851 143.82779590207346 10
1694432588867 141.55100350055355 11
1694432588884 139.3103966323565 12
1694432588900 137.10539894320345 13
1694432588916 134.93544327606617 14
1694432588932 132.7999715240722 15
1694432588949 130.69843448577058 16
1694432588966 128.6302917227202 17
1694432588983 126.59501141936278 18
1694432589001 124.59207024514397 19
1694432589018 122.6209532188463 20
1694432589037 120.68115357509818 21
1694432589055 118.77217263302387 22
1694432589074 116.89351966700018 23
1694432589091 115.04471177948513 24
1694432589113 113.22527377588658 25
1694432589131 111.4347380414363 26
1694432589151 109.67264442003857 27
1694432589169 107.93854009506043 28
1694432589187 106.23197947203336 29
1694432589206 104.5525240632343 30
1694432589223 102.8997423741171 31
1694432589241 101.27320979156364 32
1694432589259 99.67250847392563 33
1694432589277 98.09722724282848 34
1694432589296 96.54696147670855 35
1694432589312 95.02131300605599 36
1694432589328 93.51989001033573 37
1694432589345 92.04230691655991 38
1694432589362 90.58818429948447 39
1694432589378 89.15714878340455 40
1694432589395 87.74883294552248 41
1694432589411 86.36287522086336 42
1694432589427 84.99891980871308 43
1694432589444 83.6566165805546 44
1694432589461 82.33562098947807 45
1694432589478 81.03559398104152 46
1694432589493 79.75620190555821 47
1694432589510 78.49711643178848 48
1694432589526 77.25801446201285 49
1694432589543 76.03857804846442 50
1694432589559 74.83849431109894 51
1694432589575 73.65745535668076 52
1694432589592 72.49515819916373 53
1694432589608 71.35130468134588 54
1694432589624 70.22560139777826 55
1694432589641 69.11775961890665 56
1694432589660 68.02749521642733 57
1694432589677 66.95452858983694 58
1694432589694 65.89858459415733 59
1694432589710 64.85939246881652 60
1694432589727 63.83668576766752 61
1694432589744 62.830202290126024 62
1694432589759 61.839684013409986 63
1694432589776 60.86487702586262 64
1694432589794 59.905531461341795 65
1694432589812 58.96140143465866 66
1694432589830 58.032244978048624 67
1694432589846 57.11782397865821 68
1694432589863 56.21790411703147 69
1694432589880 55.332254806579805 70
1694432589897 54.460649134019626 71
1694432589912 53.60286380076218 72
1694432589928 52.758679065240344 73
1694432589946 51.92787868615737 74
1694432589962 51.11024986664273 75
1694432589979 50.30558319930067 76
1694432589997 49.513672612136936 77
1694432590012 48.73431531534988 78
1694432590028 47.96731174897182 79
1694432590044 47.21246553134718 80
1694432590059 46.469583408434076 81
1694432590077 45.73847520391591 82
1694432590097 45.018953770110244 83
1694432590113 44.31083493966202 84
1694432590130 43.61393747800859 85
1694432590146 42.92808303660433 86
1694432590163 42.25309610689251 87
1694432590180 41.588803975012425 88
1694432590197 40.93503667723024 89
1694432590212 40.291626956081664 90
1694432590228 39.65841021721533 91
1694432590245 39.03522448692545 92
1694432590261 38.42191037036283 93
1694432590277 37.81831101041336 94
1694432590295 37.22427204723323 95
1694432590310 36.63964157843045 96
1694432590327 36.06427011988235 97
1694432590342 35.49801056717868 98
1694432590358 34.94071815768055 99
1694432590376 34.39225043318521 100
1694432590392 33.85246720318702 101
1694432590408 33.321230508725 102
1694432590424 32.79840458680771 103
1694432590441 32.28385583540613 104
1694432590458 31.777990727958333 105
1694432590474 31.28002291910353 106
1694432590492 30.7899356742182 107
1694432590508 30.307603666440407 108
1694432590524 29.83290377322579 109
1694432590540 29.365714829837646 110
1694432590557 28.90591759869557 111
1694432590574 28.453394738684846 112
1694432590590 28.00803077495635 113
1694432590607 27.569712069208 114
1694432590624 27.138326790439766 115
1694432590641 26.713764886174964 116
1694432590656 26.29591805414018 117
1694432590672 25.884679714396608 118
1694432590689 25.479944981915594 119
1694432590706 25.08161063959126 120
1694432590721 24.68957511168334 121
1694432590738 24.303738437683137 122
1694432590755 23.924002246596196 123
1694432590771 23.550269731634597 124
1694432590787 23.18244562531289 125
1694432590803 22.82043617494065 126
1694432590820 22.464149118505752 127
1694432590836 22.113493660941955 128
1694432590851 21.768380450774696 129
1694432590869 21.428721557139013 130
1694432590886 21.094430447163784 131
1694432590902 20.765421963716268 132
1694432590919 20.441612303501376 133
1694432590936 20.122918995509917 134
1694432590952 19.809260879810203 135
1694432590968 19.50055808667768 136
1694432590986 19.196732016057098 137
1694432591002 18.897705317351868 138
1694432591019 18.603401869535524 139
1694432591035 18.313746761580095 140
1694432591051 18.028666273196226 141
1694432591067 17.748087855880243 142
1694432591085 17.471940114263237 143
1694432591101 17.20015278775714 144
1694432591118 16.9326567324934 145
1694432591134 16.669383903549345 146
1694432591151 16.41026733745769 147
1694432591167 16.155241134994704 148
1694432591183 15.904240444242669 149
1694432591201 15.657201443922013 150
1694432591217 15.414061326989177 151
1694432591233 15.174758284495612 152
1694432591251 14.939231489704 153
1694432591265 14.707421082457456 154
1694432591283 14.479268153797815 155
1694432591299 14.254714730828864 156
1694432591315 14.033703761820698 157
1694432591331 13.816179101551445 158
1694432591348 13.602085496882353 159
1694432591363 13.391368572562751 160
1694432591380 13.183974817261085 161
1694432591396 12.979851569818447 162
1694432591413 12.778947005721106 163
1694432591429 12.581210123788399 164
1694432591445 12.386590733072797 165
1694432591461 12.19503943996852 166
1694432591477 12.006507635525487 167
1694432591494 11.820947482965336 168
1694432591509 11.63831190539633 169
1694432591526 11.458554573723804 170
1694432591542 11.281629894753241 171
1694432591558 11.107492999482801 172
1694432591574 10.93609973158228 173
1694432591591 10.76740663605559 174
1694432591607 10.601370948083746 175
1694432591624 10.437950582045591 176
1694432591640 10.27710412071329 177
1694432591655 10.118790804619945 178
1694432591671 9.962970521596528 179
1694432591689 9.809603796475377 180
1694432591706 9.658651780957685 181
1694432591723 9.510076243642361 182
1694432591740 9.363839560213632 183
1694432591756 9.2199047037849 184
1694432591773 9.078235235396367 185
1694432591790 8.93879529466399 186
1694432591806 8.80154959057724 187
1694432591823 8.6664633924435 188
1694432591839 8.533502520976558 189
1694432591855 8.402633339527016 190
1694432591871 8.273822745452375 191
1694432591887 8.147038161624469 192
1694432591903 8.022247528072088 193
1694432591920 7.899419293756735 194
1694432591936 7.778522408479267 195
1694432591952 7.65952631491542 196
1694432591968 7.542400940778084 197
1694432591985 7.427116691104401 198
1694432592002 7.313644440665651 199
1694432592018 7.201955526497955 200
1694432592033 7.092021740551866 201
1694432592049 6.983815322459008 202
1694432592065 6.877308952413876 203
1694432592082 6.7724757441688785 204
1694432592099 6.669289238140989 205
1694432592116 6.5677233946280165 206
1694432592132 6.467752587132983 207
1694432592147 6.369351595794627 208
1694432592164 6.272495600922616 209
1694432592180 6.177160176635561 210
1694432592196 6.083321284600346 211
1694432592212 5.99095526787108 212
1694432592228 5.900038844826139 213
1694432592244 5.810549103201696 214
1694432592261 5.722463494220209 215
1694432592277 5.635759826812371 216
1694432592294 5.550416261931036 217
1694432592311 5.466411306955597 218
1694432592327 5.383723810185459 219
1694432592344 5.302332955421168 220
1694432592363 5.222218256631708 221
1694432592379 5.143359552706731 222
1694432592395 5.065737002292285 223
1694432592412 4.989331078708722 224
1694432592427 4.914122564949477 225
1694432592443 4.840092548759453 226
1694432592459 4.767222417791703 227
1694432592475 4.695493854841206 228
1694432592492 4.624888833154481 229
1694432592507 4.55538961181383 230
1694432592523 4.486978731195034 231
1694432592540 4.419639008497333 232
1694432592556 4.35335353334453 233
1694432592572 4.288105663456104 234
1694432592588 4.223879020387148 235
1694432592605 4.1606574853361655 236
1694432592621 4.098425195019521 237
1694432592638 4.037166537611536 238
1694432592655 3.976866148749215 239
1694432592670 3.9175089076004874 240
1694432592687 3.8590799329950234 241
1694432592703 3.8015645796166306 242
1694432592719 3.744948434256213 243
1694432592735 3.6892173121243355 244
1694432592752 3.6343572532224355 245
1694432592767 3.580354518771822 246
1694432592784 3.527195587699438 247
1694432592801 3.4748671531795132 248
1694432592817 3.423356119230301 249
1694432592833 3.372649597364889 250
1694432592849 3.3227349032953115 251
1694432592865 3.2735995536891025 252
1694432592884 3.2252312629774185 253
1694432592903 3.177617940213943 254
1694432592920 3.1307476859837795 255
1694432592936 3.0846087893614698 256
1694432592952 3.039189724917432 257
1694432592967 2.994479149772 258
1694432592985 2.9504659006963236 259
1694432593001 2.9071389912593792 260
1694432593017 2.86448760902035 261
1694432593032 2.822501112765677 262
1694432593049 2.781169029790051 263
1694432593065 2.740481053220627 264
1694432593081 2.7004270393838192 265
1694432593097 2.6609970052139698 266
1694432593114 2.622181125703203 267
1694432593130 2.58396973139188 268
1694432593146 2.5463533058989283 269
1694432593163 2.509322483491453 270
1694432593178 2.4728680466930117 271
1694432593195 2.4369809239299083 272
1694432593210 2.4016521872149066 273
1694432593227 2.36687304986781 274
1694432593243 2.332634864272241 275
1694432593259 2.2989291196681565 276
1694432593275 2.2657474399793704 277
1694432593291 2.233081581675721 278
1694432593308 2.200923431669141 279
1694432593324 2.1692650052432723 280
1694432593340 2.138098444015888 281
1694432593356 2.1074160139338223 282
1694432593371 2.077210103299701 283
1694432593388 2.047473220830078 284
1694432593404 2.0181979937444536 285
1694432593421 1.9893771658846346 286
1694432593437 1.961003595864041 287
1694432593453 1.9330702552463945 288
1694432593468 1.905570226753395 289
1694432593485 1.878496702500863 290
1694432593503 1.8518429822629283 291
1694432593519 1.825602471763836 292
1694432593536 1.7997686809968654 293
1694432593552 1.774335222570007 294
1694432593568 1.7492958100779146 295
1694432593584 1.724644256499749 296
1694432593600 1.7003744726224903 297
1694432593617 1.6764804654892802 298
1694432593633 1.6529563368724802 299
1694432593650 1.6297962817709475 300
1694432593666 1.606994586931228 301
1694432593682 1.584545629392248 302
1694432593699 1.5624438750531224 303
1694432593715 1.5406838772637412 304
1694432593731 1.5192602754377316 305
1694432593747 1.4981677936875004 306
1694432593763 1.4774012394809297 307
1694432593779 1.4569555023194531 308
1694432593796 1.436825552437112 309
1694432593812 1.4170064395203013 310
1694432593829 1.3974932914478568 311
1694432593845 1.378281313051166 312
1694432593861 1.3593657848939666 313
1694432593877 1.340742062071553 314
1694432593894 1.3224055730290567 315
1694432593911 1.3043518183984886 316
1694432593926 1.2865763698542843 317
1694432593943 1.2690748689870253 318
1694432593959 1.251843026195023 319
1694432593975 1.23487661959358 320
1694432593991 1.2181714939415067 321
1694432594008 1.2017235595847484 322
1694432594024 1.1855287914167654 323
1694432594039 1.1695832278554377 324
1694432594056 1.1538829698362292 325
1694432594074 1.1384241798213273 326
1694432594091 1.1232030808245532 327
1694432594108 1.1082159554517248 328
1694432594125 1.093459144956299 329
1694432594141 1.0789290483099918 330
1694432594157 1.0646221212881621 331
1694432594173 1.0505348755697406 332
1694432594189 1.0366638778514334 333
1694432594206 1.0230057489760047 334
1694432594222 1.009557163074419 335
1694432594239 0.9963148467215701 336
1694432594255 0.9832755781054622 337
1694432594271 0.9704361862095509 338
1694432594288 0.9577935500080981 339
1694432594305 0.9453445976742892 340
1694432594321 0.9330863058009241 341
1694432594339 0.9210156986334853 342
1694432594354 0.9091298473154091 343
1694432594370 0.8974258691452944 344
1694432594385 0.8859009268459479 345
1694432594402 0.8745522278450173 346
1694432594419 0.8633770235670527 347
1694432594435 0.8523726087367987 348
1694432594451 0.841536320693565 349
1694432594467 0.8308655387164676 350
1694432594483 0.8203576833603915 351
1694432594499 0.8100102158024982 352
1694432594515 0.7998206371990967 353
1694432594532 0.7897864880527361 354
1694432594548 0.7799053475893369 355
1694432594564 0.770174833145214 356
1694432594579 0.7605925995638446 357
1694432594596 0.7511563386021783 358
1694432594613 0.741863778346404 359
1694432594629 0.7327126826369768 360
1694432594647 0.7237008505027643 361
1694432594664 0.714826115604187 362
1694432594680 0.7060863456851965 363
1694432594696 0.6974794420339364 364
1694432594713 0.6890033389519898 365
1694432594730 0.6806560032320143 366
1694432594747 0.6724354336437048 367
1694432594762 0.6643396604278887 368
1694432594778 0.6563667447986606 369
1694432594795 0.6485147784534091 370
1694432594811 0.6407818830906236 371
1694432594829 0.6331662099353597 372
1694432594845 0.6256659392722277 373
1694432594861 0.6182792799857793 374
1694432594876 0.6110044691082156 375
1694432594892 0.6038397713742322 376
1694432594909 0.5967834787829726 377
1694432594925 0.5898339101668977 378
1694432594942 0.582989410767495 379
1694432594957 0.5762483518177507 380
1694432594974 0.5696091301312021 381
1694432594991 0.5630701676975508 382
1694432595007 0.5566299112846567 383
1694432595023 0.5502868320468673 384
1694432595040 0.5440394251395437 385
1694432595055 0.5378862093397194 386
1694432595071 0.5318257266727603 387
1694432595087 0.5258565420449497 388
1694432595103 0.5199772428819083 389
1694432595120 0.5141864387727337 390
1694432595137 0.5084827611198 391
1694432595153 0.5028648627941058 392
1694432595169 0.49733141779607154 393
1694432595186 0.4918811209217462 394
1694432595202 0.48651268743428316 395
1694432595222 0.4812248527406284 396
1694432595241 0.4760163720733517 397
1694432595257 0.47088602017749576 398
1694432595272 0.4658325910024182 399
1694432595289 0.46085489739849467 400
1694432595306 0.45595177081864985 401
1694432595322 0.4511220610246121 402
1694432595339 0.4463646357978192 403
1694432595355 0.441678380654912 404
1694432595372 0.4370621985677496 405
1694432595388 0.4325150096878394 406
1694432595404 0.4280357510751549 407
1694432595422 0.4236233764312384 408
1694432595438 0.41927685583654395 409
1694432595454 0.41499517549193965 410
1694432595470 0.41077733746430317 411
1694432595487 0.4066223594361505 412
1694432595504 0.4025292744592385 413
1694432595521 0.3984971307120664 414
1694432595537 0.39452499126121954 415
1694432595553 0.3906119338264962 416
1694432595570 0.3867570505497525 417
1694432595586 0.382959447767424 418
1694432595602 0.37921824578662466 419
1694432595619 0.37553257866482703 420
1694432595636 0.37190159399300016 421
1694432595651 0.368324452682207 422
1694432595667 0.36480032875356644 423
1694432595683 0.3613284091315562 424
1694432595700 0.3579078934405768 425
1694432595715 0.35453799380474976 426
1694432595733 0.35121793465087436 427
1694432595749 0.3479469525145176 428
1694432595765 0.3447242958491659 429
1694432595782 0.3415492248384068 430
1694432595801 0.3384210112110733 431
1694432595820 0.33533893805933185 432
1694432595837 0.3323022996596378 433
1694432595854 0.32931040129653083 434
1694432595870 0.32636255908922196 435
1694432595888 0.3234580998209197 436
1694432595905 0.3205963607708645 437
1694432595922 0.3177766895490242 438
1694432595939 0.3149984439334001 439
1694432595956 0.3122609917099083 440
1694432595972 0.3095637105148041 441
1694432595988 0.30690598767959104 442
1694432596005 0.30428722007839115 443
1694432596021 0.3017068139777265 444
1694432596037 0.29916418488868335 445
1694432596054 0.2966587574214092 446
1694432596071 0.2941899651419185 447
1694432596090 0.2917572504311615 448
1694432596109 0.2893600643463218 449
1694432596129 0.28699786648431597 450
1694432596148 0.2846701248474411 451
1694432596166 0.28237631571115673 452
1694432596185 0.2801159234939565 453
1694432596204 0.2778884406292984 454
1694432596223 0.2756933674395603 455
1694432596242 0.2735302120119873 456
1694432596261 0.2713984900766082 457
1694432596280 0.269297724886075 458
1694432596300 0.267227447097407 459
1694432596320 0.2651871946556055 460
1694432596341 0.26317651267910736 461
1694432596359 0.26119495334705073 462
1694432596374 0.2592420757883238 463
1694432596392 0.25731744597236417 464
1694432596408 0.25542063660169373 465
1694432596426 0.25355122700614285 466
1694432596442 0.25170880303875176 467
1694432596458 0.2498929569733181 468
1694432596474 0.24810328740356352 469
1694432596491 0.24633939914388894 470
1694432596507 0.24460090313170677 471
1694432596524 0.24288741633131353 472
1694432596541 0.24119856163927944 473
1694432596556 0.23953396779133185 474
1694432596572 0.2378932692707181 475
1694432596588 0.2362761062180141 476
1694432596604 0.2346821243423432 477
1694432596621 0.2331109748340267 478
1694432596638 0.2315623142785825 479
1694432596654 0.23003580457210843 480
1694432596670 0.22853111283798383 481
1694432596687 0.2270479113449009 482
1694432596703 0.22558587742618064 483
1694432596719 0.22414469340036688 484
1694432596736 0.22272404649307953 485
1694432596752 0.22132362876008888 486
1694432596767 0.21994313701161816 487
1694432596783 0.21858227273783662 488
1694432596799 0.21724074203552363 489
1694432596815 0.21591825553590127 490
1694432596832 0.21461452833359454 491
1694432596848 0.21332927991672598 492
1694432596864 0.21206223409810004 493
1694432596880 0.2108131189474824 494
1694432596896 0.20958166672494968 495
1694432596912 0.2083676138152815 496
1694432596929 0.20717070066339952 497
1694432596946 0.20599067171081614 498
1694432596962 0.20482727533309078 499
