1694429581205 46.9242701587394 0
1694429581222 13.337408821866088 1
1694429581239 4.451378753420092 2
1694429581255 2.238995526931017 3
1694429581272 0.9497393754035887 4
1694429581289 0.43962227153531785 5
1694429581305 0.28325886468646877 6
1694429581321 0.45188799223303794 7
1694429581337 0.4055157356000961 8
1694429581355 0.35201597128500905 9
1694429581374 0.3739005001640264 10
1694429581389 0.2482480962335937 11
1694429581407 0.3685178058413459 12
1694429581423 0.33621200632061726 13
1694429581440 0.18721316238270208 14
1694429581457 0.23312919595761566 15
1694429581473 0.1985089118699212 16
1694429581491 0.3079998354997278 17
1694429581507 0.2391268197210388 18
1694429581523 0.39133370925643846 19
1694429581541 0.448136741499144 20
1694429581557 0.3522879218250584 21
1694429581573 0.2905960409753553 22
1694429581589 0.29863709664228866 23
1694429581605 0.37536194754796826 24
1694429581622 0.21277486265910325 25
1694429581639 0.37209982179260964 26
1694429581656 0.5387453365716286 27
1694429581673 0.355988340180899 28
1694429581689 0.13900827254938414 29
1694429581706 0.25903265856630237 30
1694429581723 0.2521332268887662 31
1694429581741 0.34242170050124743 32
1694429581759 0.3126264983035753 33
1694429581776 0.12597427624501772 34
1694429581797 0.3055037844631211 35
1694429581816 0.4028897289301601 36
1694429581833 0.42304253667772146 37
1694429581849 0.20559211142321687 38
1694429581865 0.24934749591901048 39
1694429581882 0.28936580652289967 40
1694429581899 0.4212809021154749 41
1694429581915 0.3957613117494572 42
1694429581930 0.24436422956953713 43
1694429581948 0.32499564715219326 44
1694429581963 0.42542979555960286 45
1694429581980 0.23397411296931778 46
1694429581996 0.15509659355069397 47
1694429582012 0.22997529972172018 48
1694429582028 0.24384509640678048 49
1694429582046 0.3309904970958328 50
1694429582062 0.34877674808635256 51
1694429582077 0.2471940507017969 52
1694429582095 0.211360782814293 53
1694429582113 0.39068604555429476 54
1694429582130 0.3429586710084231 55
1694429582147 0.2685675363144738 56
1694429582163 0.4129480968163626 57
1694429582179 0.3221937633843283 58
1694429582196 0.30923537972886983 59
1694429582211 0.2472114445912865 60
1694429582227 0.2287331410676882 61
1694429582245 0.30956874464460826 62
1694429582260 0.18061464248727785 63
1694429582277 0.2900323659425883 64
1694429582293 0.28930414354744555 65
1694429582310 0.2008210105597311 66
1694429582326 0.36205047849759875 67
1694429582343 0.3693761748678223 68
1694429582360 0.3769486024656894 69
1694429582379 0.4596176705284174 70
1694429582396 0.21321160340757525 71
1694429582412 0.3192573967396278 72
1694429582431 0.3297553459996311 73
1694429582450 0.28113851379710325 74
1694429582467 0.2013835569883165 75
1694429582486 0.26203959017458933 76
1694429582503 0.3420270684807223 77
1694429582519 0.2129090078756933 78
1694429582536 0.26641993427603766 79
1694429582555 0.2834922149430579 80
1694429582575 0.3135175589840715 81
1694429582594 0.294709500663975 82
1694429582612 0.43550893526312073 83
1694429582629 0.2430336276900731 84
1694429582647 0.3528663869161576 85
1694429582664 0.2883483023355482 86
1694429582682 0.2581568269492038 87
1694429582699 0.30320073477662096 88
1694429582716 0.28050675468658215 89
1694429582733 0.23861004943905978 90
1694429582751 0.19178775322797367 91
1694429582767 0.2649746114739579 92
1694429582784 0.34860724090597334 93
1694429582802 0.26885236776328275 94
1694429582819 0.27010856633713437 95
1694429582838 0.29679460664887564 96
1694429582855 0.26366407517622614 97
1694429582871 0.2958806355081668 98
1694429582888 0.24198914340622837 99
1694429582904 0.24461508678952293 100
1694429582920 0.2461122033706445 101
1694429582936 0.34479593953274096 102
1694429582954 0.3270370522337805 103
1694429582970 0.3859073706475725 104
1694429582986 0.24973770650719224 105
1694429583002 0.2829221126415298 106
1694429583019 0.39349008824940146 107
1694429583035 0.287746578684457 108
1694429583053 0.3384574306727754 109
1694429583070 0.31483662721383177 110
1694429583086 0.2235137826286358 111
1694429583102 0.3202194753864583 112
1694429583119 0.2416817787400322 113
1694429583135 0.3580880650757579 114
1694429583153 0.3681558140688801 115
1694429583169 0.2981743308238537 116
1694429583186 0.2906693558689299 117
1694429583203 0.28008512321957857 118
1694429583218 0.2782535353642893 119
1694429583235 0.3322969445851061 120
1694429583251 0.2869573625808904 121
1694429583267 0.26202979963049733 122
1694429583285 0.5109091698456154 123
1694429583304 0.3567185473190929 124
1694429583321 0.23870087378203936 125
1694429583336 0.3648827950392643 126
1694429583353 0.1984179504641371 127
1694429583370 0.2721018586248716 128
1694429583387 0.2899658309315572 129
1694429583404 0.23429164976536104 130
1694429583421 0.49525798771549745 131
1694429583437 0.25283406526676094 132
1694429583454 0.45614987484856595 133
1694429583471 0.32062724400296627 134
1694429583487 0.24308435367672207 135
1694429583505 0.15269155767082476 136
1694429583521 0.3205809334087647 137
1694429583537 0.24600909467868107 138
1694429583553 0.22603266177521908 139
1694429583570 0.3754434821220521 140
1694429583586 0.4437954345821487 141
1694429583603 0.25056215943512544 142
1694429583619 0.2505120036436643 143
1694429583634 0.1647012652810191 144
1694429583652 0.27211570271061436 145
1694429583668 0.27660626778861674 146
1694429583686 0.30267715398380846 147
1694429583702 0.38523391171358495 148
1694429583718 0.14500564528065737 149
1694429583734 0.2614174729335225 150
1694429583750 0.2613571227311907 151
1694429583767 0.35792437051330905 152
1694429583784 0.33125482120072247 153
1694429583800 0.5272983134526364 154
1694429583816 0.3366954206008771 155
1694429583832 0.3767091640863694 156
1694429583850 0.1961461196142586 157
1694429583866 0.1908285605888556 158
1694429583883 0.2521928855853968 159
1694429583900 0.3167409444230939 160
1694429583918 0.302610070080537 161
1694429583933 0.3415780346774078 162
1694429583950 0.3681303294641963 163
1694429583967 0.2641827809900856 164
1694429583984 0.3332276890447234 165
1694429584000 0.35343380564574517 166
1694429584017 0.3044385068949577 167
1694429584032 0.3470675969470616 168
1694429584049 0.3033683908129617 169
1694429584066 0.21046986410423815 170
1694429584083 0.4629524201698522 171
1694429584099 0.2721836333110327 172
1694429584116 0.2984944087968339 173
1694429584131 0.26426086661292864 174
1694429584148 0.23488694773291036 175
1694429584165 0.3444014234022892 176
1694429584181 0.29689608635621 177
1694429584197 0.28923836655113433 178
1694429584213 0.41912039362267384 179
1694429584230 0.30050523095549014 180
1694429584245 0.4213625153521164 181
1694429584262 0.22247172301839768 182
1694429584278 0.24552911435887753 183
1694429584295 0.42469490090839274 184
1694429584311 0.4180802879114678 185
1694429584327 0.25236617850914056 186
1694429584343 0.5232201521495029 187
1694429584360 0.3710466407770895 188
1694429584376 0.26211130981190167 189
1694429584394 0.24004684234748666 190
1694429584410 0.21935170863099837 191
1694429584426 0.30637232754157845 192
1694429584442 0.14192623622420308 193
1694429584460 0.3234935611255464 194
1694429584478 0.48710546734072185 195
1694429584494 0.1897078228113029 196
1694429584512 0.3086200183952102 197
1694429584528 0.4589865506055003 198
1694429584544 0.3311857941685525 199
1694429584562 0.30208479375166614 200
1694429584578 0.15065234840750819 201
1694429584595 0.44066122786484635 202
1694429584611 0.4054042624507933 203
1694429584628 0.35385386096275456 204
1694429584644 0.2277470820673671 205
1694429584661 0.2771208491017042 206
1694429584676 0.5062820282543123 207
1694429584693 0.2991061262086764 208
1694429584709 0.22990888383675614 209
1694429584725 0.25431149745900294 210
1694429584741 0.34879349238882434 211
1694429584757 0.3761563943711172 212
1694429584775 0.3722546329103519 213
1694429584791 0.23978752250342655 214
1694429584807 0.20041661991555135 215
1694429584824 0.3270610880441892 216
1694429584840 0.31614733772582243 217
1694429584857 0.1394994101089084 218
1694429584873 0.16624018324541687 219
1694429584890 0.34925705000008106 220
1694429584907 0.5072104984488373 221
1694429584923 0.4105087384189608 222
1694429584939 0.36368564236643364 223
1694429584956 0.20876566501736946 224
1694429584973 0.2941341541750198 225
1694429584989 0.22595063375263333 226
1694429585005 0.31951221958542225 227
1694429585022 0.5199914910099471 228
1694429585038 0.3041868571316485 229
1694429585057 0.33325753415872017 230
1694429585076 0.3939311628434536 231
1694429585092 0.25866060851575773 232
1694429585109 0.28002512017575437 233
1694429585125 0.4164608623397178 234
1694429585141 0.33729186885169143 235
1694429585158 0.2775647778048593 236
1694429585175 0.3987332740597959 237
1694429585191 0.22340889269282058 238
1694429585207 0.2809274932923728 239
1694429585223 0.23305160389168514 240
1694429585239 0.3489611545447758 241
1694429585256 0.3685631172444614 242
1694429585273 0.3638286286362842 243
1694429585290 0.28190048129463186 244
1694429585307 0.43919961304257255 245
1694429585323 0.19046295976064284 246
1694429585339 0.35536796199133536 247
1694429585356 0.33972418840947066 248
1694429585373 0.3084893280449926 249
1694429585390 0.37440157265907203 250
1694429585406 0.400239166659715 251
1694429585422 0.33395802532869406 252
1694429585439 0.3031877059646103 253
1694429585455 0.5187975604620145 254
1694429585472 0.22651781401345547 255
1694429585488 0.3939016874363238 256
1694429585504 0.3508215432786926 257
1694429585520 0.2250916352784355 258
1694429585536 0.31099059481757363 259
1694429585553 0.38383722789695707 260
1694429585570 0.4563847404430028 261
1694429585586 0.35201539915901664 262
1694429585603 0.37704582275639725 263
1694429585620 0.34810825045531507 264
1694429585636 0.3845428653725638 265
1694429585653 0.3319447179185148 266
1694429585671 0.3803331237027986 267
1694429585688 0.3509585567437608 268
1694429585704 0.35120816511980946 269
1694429585721 0.2382463751883812 270
1694429585737 0.2582157947941396 271
1694429585753 0.38360668997667213 272
1694429585771 0.32567420624121535 273
1694429585787 0.2824832540501899 274
1694429585804 0.27317203862261075 275
1694429585820 0.29486044608227663 276
1694429585836 0.2819437200739823 277
1694429585853 0.3530448096369632 278
1694429585870 0.3434736238479955 279
1694429585886 0.3673330674238279 280
1694429585903 0.16086047588566413 281
1694429585920 0.33141206094853626 282
1694429585936 0.3664933861349408 283
1694429585952 0.21150485756523296 284
1694429585969 0.36807772261192373 285
1694429585986 0.24661259590116247 286
1694429586003 0.3702064582918091 287
1694429586019 0.3694796257871901 288
1694429586035 0.23476091477821343 289
1694429586052 0.48606643096048513 290
1694429586070 0.10278015964430864 291
1694429586086 0.30446058426132633 292
1694429586103 0.27354305016868186 293
1694429586119 0.3434894466779897 294
1694429586135 0.34849802665200824 295
1694429586152 0.5147341018925411 296
1694429586169 0.47782938570206257 297
1694429586186 0.2824971590677996 298
1694429586203 0.2580810315435165 299
1694429586220 0.49153208938301207 300
1694429586237 0.37285006002288795 301
1694429586254 0.18513606556933598 302
1694429586271 0.24745596209761264 303
1694429586288 0.2813986766529882 304
1694429586304 0.18571109786604187 305
1694429586321 0.2934638178632762 306
1694429586338 0.2190207635090416 307
1694429586354 0.2754910816219556 308
1694429586371 0.2486274831456241 309
1694429586388 0.4370542061236315 310
1694429586405 0.25680586085317475 311
1694429586420 0.2114117135579762 312
1694429586437 0.29619112700437855 313
1694429586453 0.40854194772881913 314
1694429586471 0.3985497254663964 315
1694429586488 0.372076582873292 316
1694429586504 0.2486474758867956 317
1694429586520 0.3717689114444063 318
1694429586536 0.407614810983767 319
1694429586553 0.237321164848421 320
1694429586569 0.3543831946645919 321
1694429586585 0.47659794640121805 322
1694429586602 0.3974375281518795 323
1694429586618 0.36878052188909954 324
1694429586634 0.28637753058304255 325
1694429586651 0.2428795016108199 326
1694429586668 0.30963816560912105 327
1694429586684 0.29945224534272624 328
1694429586700 0.4008360577740802 329
1694429586716 0.39378235449677 330
1694429586733 0.3140548501842505 331
1694429586750 0.28545903024553326 332
1694429586766 0.37784468377612485 333
1694429586783 0.3653051986957191 334
1694429586801 0.3208073492894235 335
1694429586818 0.2685923345179014 336
1694429586834 0.24811435237140983 337
1694429586851 0.4503677752777947 338
1694429586867 0.31678343374054874 339
1694429586884 0.2819455122898051 340
1694429586901 0.32953504498057884 341
1694429586917 0.25113198345508375 342
1694429586933 0.24370328471543212 343
1694429586950 0.3218889833420155 344
1694429586965 0.3294416697292328 345
1694429586983 0.36557716928707024 346
1694429586999 0.3803924953044934 347
1694429587015 0.2635562831068764 348
1694429587030 0.27407372864501517 349
1694429587047 0.27661408848826563 350
1694429587063 0.3739353049842039 351
1694429587080 0.21241743712994568 352
1694429587096 0.3133112617182883 353
1694429587113 0.3392492884291251 354
1694429587129 0.29220636914685 355
1694429587145 0.28942486168964293 356
1694429587161 0.3655540474098839 357
1694429587177 0.3458919611770547 358
1694429587194 0.27929722602352636 359
1694429587210 0.21439804400657234 360
1694429587226 0.3483707790066843 361
1694429587243 0.2956541018906909 362
1694429587260 0.22297048720135598 363
1694429587276 0.2667892033923075 364
1694429587292 0.3286583375007943 365
1694429587309 0.20681034952558303 366
1694429587325 0.40025636467532827 367
1694429587341 0.3710691652207462 368
1694429587358 0.30326308003481167 369
1694429587373 0.32399140488334705 370
1694429587392 0.287232774384778 371
1694429587409 0.24610588660094668 372
1694429587426 0.25049395512922984 373
1694429587443 0.4354875907411122 374
1694429587460 0.3957783359851445 375
1694429587477 0.31221704168920933 376
1694429587494 0.2039698428518413 377
1694429587509 0.3842605257088819 378
1694429587525 0.257650553257642 379
1694429587541 0.32768291796326104 380
1694429587558 0.1581177770290904 381
1694429587575 0.3162650249457579 382
1694429587592 0.3393038686134041 383
1694429587608 0.18632778465759367 384
1694429587625 0.3999194625498999 385
1694429587641 0.30421265210718085 386
1694429587658 0.4145746479572979 387
1694429587674 0.2803542681720511 388
1694429587691 0.35474946850113837 389
1694429587707 0.2451568980647015 390
1694429587723 0.3304434168168212 391
1694429587740 0.18629747356756762 392
1694429587757 0.37537119162678595 393
1694429587774 0.4399674597406075 394
1694429587790 0.36469071941325765 395
1694429587808 0.21444033441735585 396
1694429587824 0.25475854938991943 397
1694429587840 0.29287174209472183 398
1694429587858 0.2839111398164957 399
1694429587873 0.3511654598787532 400
1694429587891 0.336501019020543 401
1694429587908 0.43925635266309143 402
1694429587924 0.3531919523060069 403
1694429587941 0.2957485193938658 404
1694429587957 0.17529764152266186 405
1694429587975 0.2612521082926848 406
1694429587992 0.2757627285095373 407
1694429588009 0.220026825155298 408
1694429588025 0.37828250168028343 409
1694429588041 0.36027124161342605 410
1694429588058 0.4143619736590281 411
1694429588074 0.25236362028937853 412
1694429588091 0.33625319994620434 413
1694429588109 0.30810230946557915 414
1694429588124 0.33797859093571153 415
1694429588141 0.29027719111104 416
1694429588157 0.2979458245555138 417
1694429588173 0.29397317086721503 418
1694429588190 0.20859935575253918 419
1694429588206 0.22560817575173867 420
1694429588222 0.32666858923322933 421
1694429588239 0.3298854953567676 422
1694429588255 0.34593092286592714 423
1694429588271 0.25699372147046756 424
1694429588288 0.2938096331463026 425
1694429588305 0.24272542478488093 426
1694429588322 0.3508563287779411 427
1694429588337 0.29917132924447903 428
1694429588354 0.31384373915749597 429
1694429588371 0.2772949886234147 430
1694429588388 0.3559039318030037 431
1694429588406 0.4492750363235044 432
1694429588422 0.3692760414934803 433
1694429588438 0.18893540550099067 434
1694429588455 0.2980474223626675 435
1694429588471 0.3065572026874925 436
1694429588488 0.340955721064151 437
1694429588504 0.4449097807614146 438
1694429588521 0.29979656546975947 439
1694429588537 0.2425350903757051 440
1694429588554 0.3759195041483122 441
1694429588572 0.3669186875714656 442
1694429588589 0.28967883576922454 443
1694429588606 0.27358866239254054 444
1694429588622 0.49492133425890766 445
1694429588638 0.3824902915118174 446
1694429588655 0.2678286554655402 447
1694429588672 0.41106441781210445 448
1694429588688 0.27039146743904047 449
1694429588706 0.2839686096945277 450
1694429588722 0.1896454394465015 451
1694429588738 0.3268593573594865 452
1694429588754 0.33782568905773147 453
1694429588769 0.3497162433315144 454
1694429588787 0.18255430491771824 455
1694429588804 0.319246215183368 456
1694429588821 0.38591598888138595 457
1694429588836 0.25579021682937314 458
1694429588853 0.2579349452921295 459
1694429588870 0.21368522724427313 460
1694429588887 0.27381099969997474 461
1694429588903 0.21602818278778316 462
1694429588919 0.3146730580002445 463
1694429588936 0.22704895389538324 464
1694429588953 0.2626673910509065 465
1694429588970 0.49435137790126277 466
1694429588986 0.2567374399402539 467
1694429589002 0.33321900609434 468
1694429589019 0.26738469678379717 469
1694429589036 0.3897702654099978 470
1694429589051 0.21442127110183534 471
1694429589068 0.27752651739765133 472
1694429589085 0.23677229978406775 473
1694429589102 0.2393616551689919 474
1694429589119 0.24067127364417468 475
1694429589135 0.2091095957486466 476
1694429589153 0.3277171494917028 477
1694429589171 0.4661567617947007 478
1694429589188 0.2635484730092513 479
1694429589205 0.2363812340514131 480
1694429589222 0.33347009655873744 481
1694429589238 0.5922758074566982 482
1694429589255 0.1916892917793805 483
1694429589272 0.3719651665416458 484
1694429589288 0.29299962432926857 485
1694429589306 0.24764002995634024 486
1694429589323 0.20714076012643906 487
1694429589338 0.3945371115547633 488
1694429589356 0.28811870765021524 489
1694429589371 0.3968279463992653 490
1694429589389 0.2705278361183348 491
1694429589406 0.26908566195545347 492
1694429589423 0.32405503558827764 493
1694429589439 0.2803030696206952 494
1694429589456 0.34190244934527464 495
1694429589473 0.3691353042431201 496
1694429589488 0.2787783786233383 497
1694429589505 0.19324918878462408 498
1694429589521 0.2156501924852843 499
