1694428654668 168.46089747033716 0
1694428654686 165.08797346850716 1
1694428654702 172.4530484391826 2
1694428654721 165.91519950268736 3
1694428654739 166.13098330508635 4
1694428654756 168.8997204187887 5
1694428654774 171.96235206523323 6
1694428654793 166.27035130116798 7
1694428654812 172.56891720439606 8
1694428654833 162.05620598196919 9
1694428654853 168.46881776771917 10
1694428654874 169.00842860899135 11
1694428654892 167.31445999604082 12
1694428654908 168.22621627462416 13
1694428654925 166.58922354224015 14
1694428654943 166.4076985559847 15
1694428654959 169.87889614982416 16
1694428654976 164.9164135744274 17
1694428654995 172.80667114262673 18
1694428655012 169.5271868095958 19
1694428655029 169.95359184765405 20
1694428655048 167.62008293358076 21
1694428655066 171.0999027331204 22
1694428655083 168.536415670724 23
1694428655101 166.99642760250828 24
1694428655117 168.3902086185645 25
1694428655135 168.02833279969508 26
1694428655153 165.1180779964773 27
1694428655171 174.988549571297 28
1694428655187 165.4223232192268 29
1694428655204 172.35725208924956 30
1694428655220 167.2981929111615 31
1694428655238 170.0217627159901 32
1694428655255 166.9447788126542 33
1694428655271 167.16408845600023 34
1694428655288 166.126096242569 35
1694428655305 169.98027535871375 36
1694428655322 171.48405709878486 37
1694428655339 168.10410541931537 38
1694428655356 169.98232458653064 39
1694428655372 166.82666109210354 40
1694428655389 165.44760872462277 41
1694428655406 168.4133867841044 42
1694428655422 168.23734065525247 43
1694428655440 166.04872846129913 44
1694428655456 170.0512108314792 45
1694428655473 170.7588831614575 46
1694428655490 171.46151508429816 47
1694428655506 171.08430652458514 48
1694428655523 171.4708375500908 49
1694428655540 169.26290246416573 50
1694428655557 166.91184826657806 51
1694428655574 169.99930806272434 52
1694428655590 165.79114865646991 53
1694428655609 169.9099125984731 54
1694428655626 167.3729851845931 55
1694428655644 166.12962067531106 56
1694428655661 166.27155200916982 57
1694428655677 169.16774867199447 58
1694428655694 165.62841993559508 59
1694428655711 169.22842713922066 60
1694428655728 169.88587404444135 61
1694428655743 169.3411797274671 62
1694428655761 170.18971808217685 63
1694428655776 169.10592260604716 64
1694428655794 168.12095793918584 65
1694428655811 166.3880447829059 66
1694428655829 166.3128775308 67
1694428655848 164.45575053134084 68
1694428655864 169.88093853153435 69
1694428655881 165.80956943118875 70
1694428655898 171.50713198238603 71
1694428655915 165.3510196913637 72
1694428655932 167.49387872598922 73
1694428655948 166.22821908300062 74
1694428655966 165.38640208945853 75
1694428655983 168.5850114331626 76
1694428655999 172.34486951715266 77
1694428656015 165.38328276654815 78
1694428656031 168.81629047849097 79
1694428656049 171.3418829508096 80
1694428656065 168.3151428303976 81
1694428656082 168.7432934445466 82
1694428656099 160.53836140714105 83
1694428656116 167.46878703858692 84
1694428656132 170.46584728626127 85
1694428656148 163.22256178938838 86
1694428656165 167.58066788895277 87
1694428656182 166.16937978154857 88
1694428656198 164.94157024695068 89
1694428656214 171.86209866585128 90
1694428656231 168.83939493148935 91
1694428656248 168.57630513203034 92
1694428656265 170.16769193664638 93
1694428656282 170.62447179816635 94
1694428656299 168.1033124603996 95
1694428656316 166.83213078088534 96
1694428656333 164.52583727202278 97
1694428656350 167.79043088155498 98
1694428656366 167.47198242559688 99
1694428656382 170.76299519828424 100
1694428656400 169.41833290234885 101
1694428656416 170.5505989836885 102
1694428656435 174.63579405403848 103
1694428656451 172.8454608341042 104
1694428656468 171.64118135134137 105
1694428656484 171.9310580729506 106
1694428656502 171.50179877170243 107
1694428656518 169.93926808385723 108
1694428656535 167.23143047174668 109
1694428656552 164.88945740763103 110
1694428656568 169.12052943504384 111
1694428656585 166.39668681618187 112
1694428656602 167.39963705542587 113
1694428656620 173.02912119730993 114
1694428656636 170.14932810758347 115
1694428656653 169.41686356275477 116
1694428656670 169.63096382788234 117
1694428656686 172.39208632386885 118
1694428656705 175.43384213427188 119
1694428656726 169.43704449848912 120
1694428656747 172.0581373215434 121
1694428656763 169.68992002601945 122
1694428656780 167.565552589122 123
1694428656797 170.2426273858226 124
1694428656814 170.51235607314024 125
1694428656831 171.52444936858416 126
1694428656847 170.7353427946061 127
1694428656864 166.33389536817688 128
1694428656881 169.51175994264537 129
1694428656897 166.86727001687055 130
1694428656915 165.53949023321005 131
1694428656932 168.7329872853823 132
1694428656948 169.2644584556743 133
1694428656965 168.10048360592347 134
1694428656982 165.86780414393778 135
1694428656999 165.9579697638275 136
1694428657016 167.98249476237623 137
1694428657034 162.77942269691067 138
1694428657052 171.81607911436998 139
1694428657069 174.25019003537028 140
1694428657086 165.58999458144237 141
1694428657103 168.90352551861028 142
1694428657120 168.7348510944932 143
1694428657137 164.01843731965553 144
1694428657153 164.92039603510628 145
1694428657169 171.13220272048585 146
1694428657187 173.83956265566215 147
1694428657204 165.21773685885515 148
1694428657220 168.20371254386137 149
1694428657239 167.86454134295897 150
1694428657255 164.4203560592825 151
1694428657271 165.25450714404107 152
1694428657288 171.484343037742 153
1694428657305 165.66973579914105 154
1694428657322 164.98237257976896 155
1694428657339 176.10093949944877 156
1694428657355 166.78982508658387 157
1694428657371 169.1599163244674 158
1694428657388 169.0375874919376 159
1694428657404 165.88739707453072 160
1694428657421 169.92110606635606 161
1694428657438 163.52173504322326 162
1694428657454 161.5577664320344 163
1694428657472 163.07058135011076 164
1694428657489 167.34006864659676 165
1694428657506 168.56705771805355 166
1694428657522 169.9012787486503 167
1694428657539 169.81707274791847 168
1694428657555 169.95744171661036 169
1694428657573 169.1991175061417 170
1694428657589 171.74978627088998 171
1694428657606 169.7487939840791 172
1694428657624 168.57580273131276 173
1694428657642 169.4606315906211 174
1694428657659 167.56849984332217 175
1694428657676 169.84481845951456 176
1694428657693 164.83971610882827 177
1694428657710 165.01901075713914 178
1694428657726 163.26702604214725 179
1694428657743 170.17066725803514 180
1694428657760 169.26824818189053 181
1694428657776 166.0980129730041 182
1694428657793 166.2354604233028 183
1694428657811 166.14925627790853 184
1694428657826 169.24211363839882 185
1694428657843 169.10113754045418 186
1694428657860 171.29140067153733 187
1694428657876 171.89500859303504 188
1694428657892 164.57397186094627 189
1694428657910 172.37833770169874 190
1694428657926 168.32785129174195 191
1694428657942 165.4026258661175 192
1694428657959 171.5845525337293 193
1694428657977 162.8667546538166 194
1694428657994 171.62733713311545 195
1694428658010 168.23816881023666 196
1694428658026 165.06170902380023 197
1694428658044 169.7354153117849 198
1694428658060 166.44179307246614 199
1694428658076 158.9671486736432 200
1694428658092 171.17658923893518 201
1694428658110 168.96182201186252 202
1694428658126 172.90910924414916 203
1694428658143 164.4504112102517 204
1694428658160 169.3598230723434 205
1694428658176 168.61528754115187 206
1694428658193 166.65941580180552 207
1694428658210 166.19707153270818 208
1694428658227 172.14095307408698 209
1694428658245 166.75664655055698 210
1694428658261 168.55531440244985 211
1694428658278 165.39346841340918 212
1694428658294 169.53040532990158 213
1694428658311 170.887467892039 214
1694428658329 170.6199172823814 215
1694428658346 168.06005031599827 216
1694428658363 169.28047758388166 217
1694428658379 165.04024615292698 218
1694428658395 173.89637031130033 219
1694428658413 170.5206551709969 220
1694428658429 170.0005955419652 221
1694428658446 165.20301203998363 222
1694428658464 163.48764831679506 223
1694428658480 171.78197425443403 224
1694428658497 169.0095381371675 225
1694428658515 167.59316720025222 226
1694428658531 167.01594797461092 227
1694428658547 171.12770002594692 228
1694428658564 167.99076252172156 229
1694428658581 169.8393282625396 230
1694428658598 166.3961676224085 231
1694428658616 169.1563760810581 232
1694428658632 171.7155390793484 233
1694428658650 162.8414588746015 234
1694428658667 168.84319950193967 235
1694428658683 170.5593655947968 236
1694428658700 168.14829372949242 237
1694428658717 163.72304023406383 238
1694428658735 170.18843808062644 239
1694428658752 172.88618514714327 240
1694428658768 173.24727227566206 241
1694428658786 167.127847224553 242
1694428658804 166.56257380183112 243
1694428658822 169.34213802109042 244
1694428658838 168.85151708666027 245
1694428658855 168.40692504932352 246
1694428658873 165.70418540477542 247
1694428658889 169.28066157768407 248
1694428658905 173.07067166209433 249
1694428658923 171.81108118009007 250
1694428658940 173.90530828578153 251
1694428658957 168.15713666741559 252
1694428658974 174.5125903447544 253
1694428658990 169.9660230144054 254
1694428659007 170.41071139900282 255
1694428659024 173.69996881151513 256
1694428659040 171.97076293932068 257
1694428659057 170.82727925437607 258
1694428659076 166.42893588412971 259
1694428659093 167.57858551012322 260
1694428659110 167.53632048554365 261
1694428659127 167.85707438683588 262
1694428659143 166.05562409889328 263
1694428659160 170.21797981221903 264
1694428659176 165.21368364325957 265
1694428659193 168.9195148893685 266
1694428659209 167.7073101185215 267
1694428659227 172.58418847646058 268
1694428659243 172.1881682253706 269
1694428659260 161.32095072755308 270
1694428659276 168.2972359757281 271
1694428659293 170.0722693934367 272
1694428659311 166.65249340956126 273
1694428659329 166.04236205464818 274
1694428659345 166.52175841687227 275
1694428659362 172.47411314092605 276
1694428659380 167.4736017494224 277
1694428659396 165.997968585543 278
1694428659414 166.41043114683288 279
1694428659431 170.280624494666 280
1694428659447 171.1381013749621 281
1694428659465 170.01673234696688 282
1694428659482 165.83153022061964 283
1694428659498 169.63177983484925 284
1694428659515 172.82097131242458 285
1694428659532 168.4727824114115 286
1694428659548 172.9236078934709 287
1694428659565 166.94988581957605 288
1694428659582 175.21126785776804 289
1694428659598 165.0134979915174 290
1694428659614 166.34775231704427 291
1694428659631 170.3773120925018 292
1694428659648 167.39381248342758 293
1694428659664 166.02897082574538 294
1694428659681 165.79274376232306 295
1694428659697 163.71478720772308 296
1694428659714 166.16266305216612 297
1694428659731 171.98404528924667 298
1694428659747 163.40515290954468 299
1694428659764 165.79966140935343 300
1694428659779 171.42623469481256 301
1694428659796 168.57060800576477 302
1694428659813 169.69677026412003 303
1694428659831 174.457193069095 304
1694428659847 168.35574579244596 305
1694428659864 167.9680629238556 306
1694428659881 167.9239364640558 307
1694428659896 172.9746717503326 308
1694428659914 173.10605949192495 309
1694428659930 169.02174860920985 310
1694428659947 168.16247091041697 311
1694428659965 170.69872361734048 312
1694428659983 167.25476253670885 313
1694428659999 165.23507150738092 314
1694428660015 162.86747600223322 315
1694428660033 166.72153490037275 316
1694428660050 164.44827610683072 317
1694428660068 166.7176901867029 318
1694428660086 169.1136986781333 319
1694428660102 168.3231339791053 320
1694428660120 163.2280648757916 321
1694428660137 172.16526932686128 322
1694428660155 167.6413299594863 323
1694428660172 174.59429336724392 324
1694428660187 170.2488788327025 325
1694428660205 167.46686031345777 326
1694428660221 168.44521968018466 327
1694428660240 167.28562457485444 328
1694428660255 170.43582576654268 329
1694428660272 169.7276230729565 330
1694428660289 172.5869945237686 331
1694428660305 164.82801999625616 332
1694428660323 166.23489086594645 333
1694428660340 164.060062350344 334
1694428660356 169.87868304021745 335
1694428660373 165.5748449335089 336
1694428660390 171.41706446565675 337
1694428660407 170.1509705440049 338
1694428660424 165.55197066530096 339
1694428660443 167.30471527710375 340
1694428660460 165.41970478365937 341
1694428660477 170.95558941727526 342
1694428660495 163.58954368505402 343
1694428660512 165.93221096658792 344
1694428660529 166.7635310413521 345
1694428660548 169.0738025291941 346
1694428660566 170.56135085437586 347
1694428660585 169.70149490901767 348
1694428660603 163.88249240026656 349
1694428660620 165.0230398685363 350
1694428660638 169.0555152295014 351
1694428660655 170.54474763277295 352
1694428660673 164.6328629450298 353
1694428660691 165.6430798251545 354
1694428660709 164.8900311575927 355
1694428660728 173.73646957430125 356
1694428660745 168.91740395403986 357
1694428660762 167.23011502750134 358
1694428660780 169.7406415864343 359
1694428660797 167.81944048612212 360
1694428660814 165.61003132577798 361
1694428660833 169.21206630386237 362
1694428660849 171.44065277143682 363
1694428660867 169.48510666666013 364
1694428660883 168.02430605878425 365
1694428660901 171.48246732365803 366
1694428660917 167.1004032377391 367
1694428660935 175.34898441894566 368
1694428660952 171.88093536861726 369
1694428660969 164.1693099085419 370
1694428660986 167.2215188413743 371
1694428661003 166.04356140651984 372
1694428661020 172.88322707967015 373
1694428661037 169.35259734315383 374
1694428661053 167.13318322451633 375
1694428661071 169.23562327117014 376
1694428661089 168.08677576520222 377
1694428661107 164.92573424244395 378
1694428661123 174.60303387524664 379
1694428661140 167.1963200388634 380
1694428661156 164.76446582619675 381
1694428661173 166.82180443910988 382
1694428661190 173.0762919174438 383
1694428661206 170.85882585045712 384
1694428661223 174.58890437440772 385
1694428661240 168.59174255142918 386
1694428661257 168.96733642104786 387
1694428661273 172.73031603746634 388
1694428661290 169.24922858869985 389
1694428661306 168.44825016313305 390
1694428661324 165.62940770103472 391
1694428661341 164.9328664338702 392
1694428661357 173.84775852866693 393
1694428661374 166.79801693465012 394
1694428661390 170.11087413679107 395
1694428661407 166.86855098976534 396
1694428661423 167.13510107455264 397
1694428661440 171.3992372061048 398
1694428661457 169.89560609486807 399
1694428661474 169.0368555614551 400
1694428661491 169.22013011416053 401
1694428661508 172.08002832983078 402
1694428661525 169.1131283224908 403
1694428661542 170.47857095476465 404
1694428661559 170.24694955065857 405
1694428661575 169.42264026504043 406
1694428661592 170.24129191647785 407
1694428661609 168.16162083873067 408
1694428661625 165.06553982156217 409
1694428661643 164.55075842895138 410
1694428661660 167.1777901788918 411
1694428661676 173.04353423570504 412
1694428661693 171.31622719979654 413
1694428661711 170.76994225053528 414
1694428661731 164.74561925499626 415
1694428661748 163.89318674091507 416
1694428661766 165.0936670985804 417
1694428661782 167.47549314194208 418
1694428661799 165.09467559990668 419
1694428661816 167.32292304857197 420
1694428661833 171.4448034703456 421
1694428661849 167.162303285687 422
1694428661866 169.9715574069426 423
1694428661883 164.59746070528288 424
1694428661901 172.58536311613656 425
1694428661916 169.51926629877036 426
1694428661933 168.43508100865284 427
1694428661950 167.92533343872557 428
1694428661967 172.84109213097517 429
1694428661983 167.04150549083786 430
1694428662000 169.25787762114757 431
1694428662017 165.36066852297577 432
1694428662033 169.3239074536502 433
1694428662050 172.2147579499019 434
1694428662067 166.154156412654 435
1694428662083 172.12507958380652 436
1694428662100 170.4831870017528 437
1694428662116 166.5607877264961 438
1694428662134 167.9799569377131 439
1694428662150 165.0358404992136 440
1694428662168 164.5293389455009 441
1694428662185 162.39661878817694 442
1694428662201 167.85852256177006 443
1694428662218 165.5453224162764 444
1694428662235 174.34915560629005 445
1694428662252 169.42827950784744 446
1694428662269 167.76880885539393 447
1694428662286 168.5729390759855 448
1694428662304 168.20510965364156 449
1694428662321 167.61447196767264 450
1694428662338 165.64741430457983 451
1694428662354 161.22464312759806 452
1694428662371 170.9181364314518 453
1694428662388 169.95115275037412 454
1694428662404 170.07942811126563 455
1694428662421 165.12093971954073 456
1694428662438 167.28778502134995 457
1694428662454 169.48741524260768 458
1694428662471 170.33537093548185 459
1694428662487 168.87757308301363 460
1694428662504 171.62537510126086 461
1694428662520 167.13279869664524 462
1694428662537 168.65818990562866 463
1694428662554 167.80240783594505 464
1694428662571 169.78780765529967 465
1694428662588 170.62857497772205 466
1694428662604 166.3769966086447 467
1694428662622 159.22029730702724 468
1694428662638 170.85050622879615 469
1694428662656 175.26098462470034 470
1694428662672 165.29748776034398 471
1694428662689 168.3707947457726 472
1694428662705 171.24069033928316 473
1694428662722 166.72791456716547 474
1694428662739 172.20771737404266 475
1694428662757 172.14210999501285 476
1694428662773 170.35170320932198 477
1694428662790 168.77026972139691 478
1694428662806 159.5429447254289 479
1694428662824 167.72394708637876 480
1694428662841 171.11320531540133 481
1694428662858 169.0927805116799 482
1694428662874 171.36580852602552 483
1694428662892 166.9363156221279 484
1694428662910 166.7543995359317 485
1694428662927 169.44907850076714 486
1694428662944 168.09352213948824 487
1694428662960 170.2391352670348 488
1694428662978 169.51242904308643 489
1694428662994 166.10269271204993 490
1694428663011 163.36585165014563 491
1694428663027 161.28089053353798 492
1694428663045 172.88776653041765 493
1694428663062 167.2272758024425 494
1694428663078 168.84292144177874 495
1694428663096 167.93079063076473 496
1694428663112 173.20612268864554 497
1694428663128 162.02657217460637 498
1694428663145 169.81531042193384 499
