1694428800102 163.7494571641501 0
1694428800172 172.66813439614003 1
1694428800242 163.76864321839824 2
1694428800311 140.45983007599762 3
1694428800378 75.55416966161019 4
1694428800447 171.6847155105287 5
1694428800515 206.77787145345445 6
1694428800582 155.03757899172916 7
1694428800651 189.95454355336997 8
1694428800719 168.45133855861502 9
1694428800787 263.4311687104737 10
1694428800856 176.23268462456193 11
1694428800925 172.75513302509995 12
1694428800997 125.16930437830354 13
1694428801065 194.2722621736148 14
1694428801134 209.57905502673032 15
1694428801202 130.58010676960245 16
1694428801269 158.4706758861645 17
1694428801339 196.85848531277472 18
1694428801407 171.14832835099784 19
1694428801476 169.07423270816005 20
1694428801546 183.0293793708969 21
1694428801613 135.66578896605597 22
1694428801681 269.67050620446065 23
1694428801749 124.83591356662258 24
1694428801816 165.23747493135656 25
1694428801884 164.81024560220328 26
1694428801952 208.1488477160485 27
1694428802019 174.55744973137368 28
1694428802087 160.21391402279454 29
1694428802155 258.22232249987303 30
1694428802223 168.3892873690626 31
1694428802291 155.69696493174655 32
1694428802359 165.7606681855698 33
1694428802426 225.43894112264832 34
1694428802495 200.97866166447645 35
1694428802564 268.13300130241987 36
1694428802632 166.83799228296454 37
1694428802700 161.72865419332388 38
1694428802767 136.2378817016116 39
1694428802836 148.187885322157 40
1694428802904 161.7644596772278 41
1694428802973 166.92012445304536 42
1694428803040 146.31465503965813 43
1694428803110 176.38293577508244 44
1694428803178 163.91498266411804 45
1694428803246 165.2375400290316 46
1694428803314 127.5304510220409 47
1694428803382 154.79851023738559 48
1694428803451 170.74588911423078 49
1694428803519 202.58121551384514 50
1694428803587 152.39634108296903 51
1694428803656 121.08199178238996 52
1694428803723 137.9868774248579 53
1694428803791 126.83517994773398 54
1694428803858 174.06227139704333 55
1694428803927 198.62527216644543 56
1694428803994 178.3101509381516 57
1694428804062 186.39636712635567 58
1694428804130 172.11711977912668 59
1694428804199 196.52485536690364 60
1694428804266 157.58162471440983 61
1694428804335 157.22560712244308 62
1694428804402 169.8951571462526 63
1694428804471 164.80957174727152 64
1694428804539 219.75927366386512 65
1694428804607 193.10805057862348 66
1694428804675 160.46902599571575 67
1694428804743 159.30739228198317 68
1694428804811 193.6976598268881 69
1694428804880 147.30657427770893 70
1694428804948 166.0923219631467 71
1694428805015 247.86061671978786 72
1694428805083 164.64153079589877 73
1694428805151 168.3232258655499 74
1694428805218 165.69110060624382 75
1694428805288 105.18175344122264 76
1694428805355 138.75781726811624 77
1694428805424 157.61823620016122 78
1694428805495 168.02439899004992 79
1694428805568 163.7317983426535 80
1694428805648 153.48613464635667 81
1694428805725 159.24717889609803 82
1694428805794 162.3762843140049 83
1694428805862 246.46337672611983 84
1694428805929 164.53920208309842 85
1694428805998 159.1483032749729 86
1694428806065 242.17370902423687 87
1694428806134 163.8755919126436 88
1694428806201 148.9787864808981 89
1694428806271 149.52869644245686 90
1694428806339 158.09502663269913 91
1694428806408 192.17529305576744 92
1694428806476 204.3400706429818 93
1694428806543 177.5439071905767 94
1694428806611 157.43022512825786 95
1694428806678 171.0706542189404 96
1694428806746 163.39762142006614 97
1694428806815 174.12719273815665 98
1694428806882 177.45445151061546 99
1694428806950 157.9314133630399 100
1694428807018 208.4925314069549 101
1694428807086 158.11478329920757 102
1694428807154 185.19247920338597 103
1694428807222 142.32836072823173 104
1694428807290 171.0987204085841 105
1694428807358 160.04804477911804 106
1694428807426 178.5735993608479 107
1694428807496 116.03242779863382 108
1694428807563 189.42404543797724 109
1694428807630 151.68749625614979 110
1694428807699 151.79496490112086 111
1694428807767 165.24417855548668 112
1694428807836 187.10552378838523 113
1694428807904 143.81262435724818 114
1694428807973 295.0576582664616 115
1694428808041 172.18799009333588 116
1694428808109 116.57264316853336 117
1694428808176 158.91739582778962 118
1694428808245 138.1002904087488 119
1694428808313 202.73173250359608 120
1694428808381 164.07263692450783 121
1694428808448 172.00381682623868 122
1694428808516 216.25482491446857 123
1694428808584 170.45090124498327 124
1694428808652 145.73040980571923 125
1694428808720 153.4600471335325 126
1694428808787 167.66135362755605 127
1694428808855 165.8543851117335 128
1694428808930 275.4171663564337 129
1694428808999 172.30738910992656 130
1694428809067 167.9836656084902 131
1694428809135 177.13931187721082 132
1694428809203 164.84330842557569 133
1694428809271 172.68097706339196 134
1694428809338 179.74037090654977 135
1694428809406 188.9251255163124 136
1694428809475 226.5291220039646 137
1694428809543 156.00227209814778 138
1694428809609 144.57704320319579 139
1694428809677 199.51174897484267 140
1694428809746 179.70647767584984 141
1694428809815 171.68538673515422 142
1694428809882 178.90510655691867 143
1694428809950 217.49636511917 144
1694428810019 213.15531650957914 145
1694428810087 150.67562789774612 146
1694428810155 117.07556493969595 147
1694428810223 197.15127959148606 148
1694428810291 168.07552525858242 149
1694428810360 173.0270729021271 150
1694428810428 166.9497962563722 151
1694428810496 176.7403387409179 152
1694428810564 181.22708694290458 153
1694428810632 175.34044421885906 154
1694428810700 171.8911913630348 155
1694428810767 207.92186097489537 156
1694428810835 188.5703647775596 157
1694428810903 167.39177713517404 158
1694428810970 151.31943033753146 159
1694428811038 176.4063024448973 160
1694428811106 130.21952454512297 161
1694428811173 266.0560034135658 162
1694428811241 147.59441939560733 163
1694428811308 190.28023938908058 164
1694428811375 163.47462806579722 165
1694428811443 148.28326039971967 166
1694428811510 168.24415824643197 167
1694428811578 144.0362697012643 168
1694428811645 174.18098975843216 169
1694428811711 201.0168602611948 170
1694428811777 175.0221814822511 171
1694428811846 173.18210478874877 172
1694428811912 132.50497489511517 173
1694428811979 185.69194655631378 174
1694428812046 154.29087467788173 175
1694428812113 151.0363569748163 176
1694428812180 166.7728455250081 177
1694428812247 193.57639489218363 178
1694428812313 162.0903495876728 179
1694428812383 142.4877476206971 180
1694428812450 146.14787338381888 181
1694428812517 158.24320782650676 182
1694428812586 175.14955613409512 183
1694428812654 159.0438911650404 184
1694428812721 153.60682866703738 185
1694428812789 177.57142423246572 186
1694428812857 156.47624016126107 187
1694428812923 155.13182506895697 188
1694428812991 129.83483366549518 189
1694428813059 146.74812621829858 190
1694428813125 143.93134361878475 191
1694428813192 156.37864785652133 192
1694428813259 169.285024089365 193
1694428813328 178.70848599121769 194
1694428813394 177.4167042913587 195
1694428813462 165.42168609738061 196
1694428813529 146.6466459716436 197
1694428813597 125.04786046585983 198
1694428813664 149.8541780843719 199
1694428813731 153.80730935085953 200
1694428813798 204.63970248468036 201
1694428813866 182.30612537094706 202
1694428813932 156.20402634188855 203
1694428814000 225.44433999728952 204
1694428814070 137.12555253034571 205
1694428814138 160.74401965833195 206
1694428814204 151.7854406137053 207
1694428814271 164.66288567133188 208
1694428814338 153.15394463486624 209
1694428814406 155.81716283168376 210
1694428814473 188.88463041200686 211
1694428814541 162.68644053240516 212
1694428814608 175.22414710899224 213
1694428814675 173.07339533214454 214
1694428814742 135.1457980782154 215
1694428814809 164.41637794649014 216
1694428814877 161.25267089332766 217
1694428814945 152.74736056277058 218
1694428815013 152.69142604929021 219
1694428815079 144.71108998332878 220
1694428815148 201.32274436181982 221
1694428815215 152.19020279573414 222
1694428815282 205.59205972858246 223
1694428815349 154.65307092538575 224
1694428815415 169.28786663293673 225
1694428815483 247.06427700108117 226
1694428815550 158.92666172160585 227
1694428815618 155.54816552979642 228
1694428815684 146.75142053295366 229
1694428815752 171.467551959769 230
1694428815818 202.1489595706269 231
1694428815886 205.11487444325022 232
1694428815953 181.37096475638788 233
1694428816021 132.61639116925534 234
1694428816088 138.0101373662956 235
1694428816155 168.41579833512523 236
1694428816223 144.31521598131877 237
1694428816290 150.90377697643126 238
1694428816357 176.6045688933044 239
1694428816424 160.23394300757067 240
1694428816491 153.75217075166532 241
1694428816559 189.04897764630556 242
1694428816627 146.87789999121193 243
1694428816695 220.49646497377725 244
1694428816762 247.99877342840563 245
1694428816830 165.38924453581353 246
1694428816897 188.5337786558225 247
1694428816964 173.10533843046392 248
1694428817031 150.39283673363911 249
1694428817097 153.29051500251137 250
1694428817164 173.81429697199135 251
1694428817232 137.69755063568337 252
1694428817299 163.54768658024057 253
1694428817366 158.30681437024967 254
1694428817433 177.95706084942844 255
1694428817501 152.67410393685392 256
1694428817567 183.34292387921573 257
1694428817635 173.05583583130726 258
1694428817703 167.3449435964172 259
1694428817770 158.22390055266447 260
1694428817837 156.99583671108417 261
1694428817903 138.34366361051195 262
1694428817971 151.293066761883 263
1694428818037 148.43210724984485 264
1694428818105 162.88554430227376 265
1694428818173 156.2333130988208 266
1694428818239 159.858102914411 267
1694428818307 183.8548454025249 268
1694428818374 128.91262203455068 269
1694428818441 154.07283200015834 270
1694428818509 131.97756312230098 271
1694428818576 164.09168666403178 272
1694428818643 203.87599099125964 273
1694428818710 133.72550748168285 274
1694428818776 136.4498386699642 275
1694428818843 154.55473635470608 276
1694428818910 148.65061251164457 277
1694428818978 155.069814512177 278
1694428819045 185.14937183800814 279
1694428819112 241.01760331924785 280
1694428819180 165.25040874520718 281
1694428819247 210.71971579394187 282
1694428819314 191.47360220592876 283
1694428819381 173.71452769975474 284
1694428819449 154.27425429637782 285
1694428819517 118.83582320819457 286
1694428819585 166.7364061867306 287
1694428819655 135.45198018079563 288
1694428819725 142.427447106539 289
1694428819798 141.99174378200195 290
1694428819868 189.76231613370834 291
1694428819936 179.18255778574058 292
1694428820004 152.47310087225276 293
1694428820073 146.4751015040567 294
1694428820140 200.4103499298642 295
1694428820208 191.53612371881147 296
1694428820275 176.45879691981682 297
1694428820343 164.73083469834683 298
1694428820412 163.8102759343203 299
1694428820479 149.09366019335206 300
1694428820546 105.92858306748212 301
1694428820614 156.91166242131342 302
1694428820681 141.25726502288904 303
1694428820749 197.55178229023323 304
1694428820818 146.8785391217602 305
1694428820886 174.16898361281716 306
1694428820955 147.60985915008104 307
1694428821022 174.1673553941942 308
1694428821090 176.70733963229918 309
1694428821158 129.9990575833487 310
1694428821226 224.6452727724566 311
1694428821295 145.26756623020432 312
1694428821362 167.50292084922012 313
1694428821430 155.47274586826356 314
1694428821498 159.25501275554672 315
1694428821565 215.07917840473857 316
1694428821633 160.72252637968742 317
1694428821702 143.65941683298652 318
1694428821768 309.5646733650319 319
1694428821836 191.84904206597298 320
1694428821904 154.52705147555795 321
1694428821970 144.35258918981629 322
1694428822038 158.8299590175317 323
1694428822105 121.3781258511617 324
1694428822172 177.96464878031412 325
1694428822240 211.84751155228756 326
1694428822308 186.06160820694356 327
1694428822375 149.87832971212407 328
1694428822441 216.84911192265005 329
1694428822517 141.72565018171758 330
1694428822586 172.24542751558667 331
1694428822654 174.9335299578236 332
1694428822721 167.6092523779613 333
1694428822790 139.70248263561973 334
1694428822858 178.39303860012052 335
1694428822926 163.90644777260786 336
1694428822993 179.09246855451656 337
1694428823061 252.62281024891874 338
1694428823128 191.51418280270465 339
1694428823195 203.3999898059375 340
1694428823262 153.390404524385 341
1694428823331 154.65632752581524 342
1694428823400 122.98723867644597 343
1694428823467 132.9321018014523 344
1694428823536 140.85554924305558 345
1694428823603 160.96793957691818 346
1694428823671 279.6095183776791 347
1694428823740 175.12966629518405 348
1694428823808 157.75162208794308 349
1694428823875 182.12679874491286 350
1694428823943 267.38148263498243 351
1694428824012 190.5691880266562 352
1694428824078 153.92165842101056 353
1694428824147 163.9261580999688 354
1694428824215 218.07060765013364 355
1694428824282 161.23549554142096 356
1694428824349 164.73727450224513 357
1694428824417 137.64610973235241 358
1694428824485 169.14040718186027 359
1694428824552 139.71500295358715 360
1694428824619 208.1062009856821 361
1694428824686 156.09873072269798 362
1694428824754 179.3832228555537 363
1694428824820 149.57805481085933 364
1694428824889 145.93769527851254 365
1694428824956 161.80895725706068 366
1694428825023 194.48249505392653 367
1694428825091 145.14763547258283 368
1694428825158 195.72425583968268 369
1694428825226 126.55169901542493 370
1694428825294 130.52031014262826 371
1694428825361 244.1395072363652 372
1694428825428 168.74739638726217 373
1694428825495 183.3706687444389 374
1694428825562 179.35823299681925 375
1694428825630 151.3029130374889 376
1694428825697 176.84241512508225 377
1694428825765 212.3877547581991 378
1694428825832 146.29937226772594 379
1694428825899 156.96862712142877 380
1694428825969 162.21826663692596 381
1694428826038 190.73843902828753 382
1694428826105 167.20223433669167 383
1694428826171 233.34431695136152 384
1694428826240 178.9647904367582 385
1694428826308 308.95342082284003 386
1694428826374 176.631741476519 387
1694428826441 166.70097744038765 388
1694428826509 187.79729104074565 389
1694428826577 175.60137833097042 390
1694428826644 177.15922402845746 391
1694428826712 135.40329129312897 392
1694428826778 162.75086006140435 393
1694428826846 144.0742523695276 394
1694428826913 150.54406019319356 395
1694428826979 177.67968341441818 396
1694428827046 132.43019730400712 397
1694428827113 150.3258147739769 398
1694428827181 158.26583880176787 399
1694428827248 174.99328737501455 400
1694428827315 161.104844220788 401
1694428827382 139.87600652916313 402
1694428827450 156.15234551461134 403
1694428827517 157.3591852220736 404
1694428827586 158.65429675239295 405
1694428827654 200.63194495250843 406
1694428827721 159.4130182176321 407
1694428827787 167.38656829568944 408
1694428827855 166.80819871575147 409
1694428827921 144.0529874701493 410
1694428827990 146.96153907158376 411
1694428828057 173.21530249273536 412
1694428828124 172.0527219813315 413
1694428828192 249.781487209606 414
1694428828259 183.25447729930497 415
1694428828326 168.25279224223144 416
1694428828393 168.19418601686738 417
1694428828464 155.07770438543898 418
1694428828532 155.0355304224803 419
1694428828599 153.5915264105802 420
1694428828666 179.2737095915811 421
1694428828735 195.10437199538268 422
1694428828802 166.74188660460393 423
1694428828870 177.86485845416377 424
1694428828938 185.92363693601723 425
1694428829004 136.26658896839507 426
1694428829072 190.5906265600333 427
1694428829139 194.0256555363124 428
1694428829207 194.5259371472275 429
1694428829274 143.69573653956292 430
1694428829340 148.85447729370426 431
1694428829407 157.12382345754474 432
1694428829475 134.88544862178682 433
1694428829542 130.302069298681 434
1694428829609 200.47185761013492 435
1694428829676 150.70260602185576 436
1694428829743 223.95303730370065 437
1694428829810 149.76494689044702 438
1694428829877 227.6002091432083 439
1694428829945 158.01012007207353 440
1694428830012 190.60854387877706 441
1694428830079 215.4833282656041 442
1694428830146 121.34360490336378 443
1694428830213 176.67682365181665 444
1694428830280 188.75809746250232 445
1694428830348 144.2570804087777 446
1694428830415 215.80275324936497 447
1694428830482 128.56694290468533 448
1694428830549 176.95698928989378 449
1694428830618 172.62751126883802 450
1694428830685 210.89687024501282 451
1694428830752 183.51534501268318 452
1694428830819 164.3391399026876 453
1694428830885 159.56479449158286 454
1694428830952 145.54432096984993 455
1694428831020 240.47928166892726 456
1694428831087 147.83307119257344 457
1694428831155 158.56570294332263 458
1694428831222 158.10279854042943 459
1694428831291 157.70656850764985 460
1694428831357 188.6694638318417 461
1694428831424 121.90802698382109 462
1694428831493 168.3020330186111 463
1694428831560 171.96637875503612 464
1694428831628 167.442501900958 465
1694428831694 164.59092483236458 466
1694428831761 160.08212846928117 467
1694428831829 168.72264634065584 468
1694428831896 174.4114875026426 469
1694428831963 184.6549818476025 470
1694428832030 165.76031839359774 471
1694428832098 137.17585552698452 472
1694428832164 172.15894332386335 473
1694428832231 149.69421091685206 474
1694428832299 171.57374773996094 475
1694428832365 165.06680679961002 476
1694428832432 153.58449468462635 477
1694428832500 165.39886488343186 478
1694428832566 238.18024174116334 479
1694428832634 185.9840149028605 480
1694428832701 183.87394541109848 481
1694428832769 150.46094957780917 482
1694428832836 149.79756952402153 483
1694428832903 171.82007334663965 484
1694428832970 161.39087066807525 485
1694428833038 174.99615111492562 486
1694428833105 210.74135059025238 487
1694428833173 190.97755713838268 488
1694428833239 159.7193871420396 489
1694428833307 132.05928375831346 490
1694428833374 170.04146543807428 491
1694428833441 203.82655228592 492
1694428833508 153.4423103281814 493
1694428833575 221.2300062377765 494
1694428833642 186.65622224269006 495
1694428833710 170.75931285237118 496
1694428833782 167.1878504350807 497
1694428833855 187.08011272410764 498
1694428833925 157.44814607799952 499
