1694438572471 34.39971734005831 0
1694438572491 6.35160746559444 1
1694438572510 1.799472409180702 2
1694438572529 0.4693021291324732 3
1694438572548 0.276681012389416 4
1694438572566 0.11656279583049647 5
1694438572584 0.07782689966433869 6
1694438572603 0.051704098255694164 7
1694438572623 0.33900860400298855 8
1694438572641 0.19848010440579958 9
1694438572659 0.10291243340380529 10
1694438572678 0.2711714255866882 11
1694438572696 0.05568991815546909 12
1694438572715 0.14422892887982813 13
1694438572732 0.19800303494389374 14
1694438572751 0.07243645701618959 15
1694438572769 0.1170734562597793 16
1694438572790 0.07197961953552667 17
1694438572809 0.05536754458535346 18
1694438572828 0.04913476990507278 19
1694438572846 0.24526124091381932 20
1694438572866 0.04380682349400068 21
1694438572885 0.0628276207125178 22
1694438572906 0.07486142531628064 23
1694438572926 0.3236306015861832 24
1694438572950 0.07475351670053555 25
1694438572971 0.11909911333491005 26
1694438572990 0.13263004566925113 27
1694438573009 0.16692444734013825 28
1694438573027 0.16183340816149422 29
1694438573045 0.11343018206620911 30
1694438573063 0.08496039774367466 31
1694438573081 0.11263738176674207 32
1694438573099 0.05420137684368771 33
1694438573118 0.06306414802421707 34
1694438573136 0.11367399580873608 35
1694438573154 0.10187062954049286 36
1694438573173 0.2491437363378102 37
1694438573191 0.11796807080903968 38
1694438573211 0.03725088414429737 39
1694438573229 0.10301290479893746 40
1694438573246 0.05772278282876035 41
1694438573265 0.09927474353264354 42
1694438573284 0.07776925807909421 43
1694438573302 0.08219774520824577 44
1694438573321 0.10530600066684294 45
1694438573339 0.1495196562700449 46
1694438573358 0.10016276662258318 47
1694438573378 0.08813847451339482 48
1694438573398 0.07569375530959628 49
1694438573421 0.05744512566178835 50
1694438573442 0.12582195920846515 51
1694438573463 0.11914657314084351 52
1694438573481 0.09176674387466319 53
1694438573499 0.035693326576691456 54
1694438573518 0.10329246009152125 55
1694438573537 0.1058702561557591 56
1694438573555 0.047558798825340025 57
1694438573573 0.06671978884428391 58
1694438573591 0.12147601293489736 59
1694438573609 0.10473243589927776 60
1694438573630 0.030115130451836225 61
1694438573649 0.15498863874803542 62
1694438573667 0.07942993603107533 63
1694438573685 0.07260605482917529 64
1694438573704 0.02276796511076956 65
1694438573723 0.15450381431043492 66
1694438573740 0.0779745927756692 67
1694438573759 0.05075943372089452 68
1694438573777 0.07015130254474199 69
1694438573795 0.10104765769425876 70
1694438573813 0.06759197534852539 71
1694438573832 0.07832834446162594 72
1694438573850 0.05443136877251791 73
1694438573869 0.09403776135142564 74
1694438573888 0.15568582037438392 75
1694438573905 0.16108752029162635 76
1694438573924 0.11362455761898294 77
1694438573942 0.079214780670518 78
1694438573961 0.11900289714632607 79
1694438573979 0.13778522596539794 80
1694438573997 0.11404884050353416 81
1694438574015 0.10987522784674804 82
1694438574035 0.14193470618240858 83
1694438574052 0.05167210253690861 84
1694438574072 0.16018994704236236 85
1694438574092 0.0951358608007594 86
1694438574111 0.16722611780765187 87
1694438574135 0.06129949293644448 88
1694438574159 0.14229702405825062 89
1694438574177 0.06678259154163763 90
1694438574195 0.1483222423007799 91
1694438574213 0.11080060347041527 92
1694438574231 0.0705321507986251 93
1694438574249 0.14854214390403483 94
1694438574268 0.08579921760121355 95
1694438574286 0.10812100230915922 96
1694438574304 0.07457601125667213 97
1694438574322 0.142716349311331 98
1694438574343 0.13343581419678435 99
1694438574360 0.12172189547159347 100
1694438574379 0.10572562433316245 101
1694438574397 0.05678676603650605 102
1694438574416 0.09979547990511785 103
1694438574435 0.14177784124300094 104
1694438574453 0.06318003000820445 105
1694438574472 0.12346127472481508 106
1694438574490 0.04899065494079135 107
1694438574508 0.062247400947906026 108
1694438574527 0.20169805361984866 109
1694438574545 0.20366983544724057 110
1694438574563 0.050516329459951013 111
1694438574581 0.08611741652417645 112
1694438574599 0.0362538555346489 113
1694438574620 0.07551227660669582 114
1694438574639 0.08635271666964076 115
1694438574657 0.21437000834044517 116
1694438574675 0.10121509565020463 117
1694438574694 0.09594173872121813 118
1694438574712 0.2925327720350729 119
1694438574730 0.083712083076309 120
1694438574748 0.12402276568673727 121
1694438574767 0.08573578408378628 122
1694438574784 0.12482703751474991 123
1694438574802 0.06414299308722254 124
1694438574821 0.06376589502073628 125
1694438574840 0.10857456765754206 126
1694438574858 0.16477007227124424 127
1694438574876 0.047889688762973094 128
1694438574893 0.10908167030506945 129
1694438574911 0.1218061766991022 130
1694438574930 0.11585639521986839 131
1694438574948 0.09918212332101721 132
1694438574966 0.22406425886182282 133
1694438574984 0.06908897110094782 134
1694438575002 0.16363752151407443 135
1694438575020 0.08755334516406164 136
1694438575039 0.16021912240767175 137
1694438575057 0.029450966993945005 138
1694438575075 0.11770427873630974 139
1694438575093 0.039606585400220676 140
1694438575110 0.08194680729223085 141
1694438575129 0.08019761341390572 142
1694438575147 0.137985288788189 143
1694438575166 0.07492022136647516 144
1694438575185 0.17978556663038706 145
1694438575202 0.09322824688038445 146
1694438575221 0.20722787864687423 147
1694438575239 0.16467363485031083 148
1694438575259 0.06539716552629479 149
1694438575278 0.15099597415650637 150
1694438575297 0.10387061467419756 151
1694438575315 0.2692317349813953 152
1694438575334 0.1622826176487266 153
1694438575352 0.10281497864015862 154
1694438575371 0.03714250694648526 155
1694438575389 0.05199633880017571 156
1694438575408 0.07024446622166965 157
1694438575427 0.09329267735259406 158
1694438575446 0.167401526927112 159
1694438575465 0.0673684557750206 160
1694438575484 0.0945328468744598 161
1694438575502 0.10610140917771649 162
1694438575520 0.09761005438697716 163
1694438575539 0.053814401230972204 164
1694438575556 0.03470143693083295 165
1694438575576 0.10659552042310341 166
1694438575594 0.13853631119993853 167
1694438575610 0.0324994548954276 168
1694438575629 0.16166356541816804 169
1694438575648 0.09095413552386719 170
1694438575666 0.11559716148759311 171
1694438575684 0.16215726773819086 172
1694438575702 0.0839647413311051 173
1694438575720 0.18158360737467888 174
1694438575738 0.042084542675893635 175
1694438575756 0.05626851651575613 176
1694438575774 0.09469171642728835 177
1694438575792 0.098500882720145 178
1694438575810 0.052280119633471824 179
1694438575829 0.10819475242062969 180
1694438575849 0.060669612851012356 181
1694438575868 0.09278216986081185 182
1694438575886 0.2091917629329773 183
1694438575905 0.18238450309931525 184
1694438575924 0.06501803071608639 185
1694438575942 0.09807848538348829 186
1694438575960 0.08512795556887598 187
1694438575978 0.2050342229331361 188
1694438575997 0.08448682889230764 189
1694438576014 0.16240092934713676 190
1694438576033 0.08735250146250002 191
1694438576052 0.07981144855402156 192
1694438576070 0.06582500991384237 193
1694438576088 0.18821348939697022 194
1694438576106 0.15290852053194964 195
1694438576124 0.1468015768459232 196
1694438576143 0.1601044299839058 197
1694438576161 0.07766053906531709 198
1694438576180 0.04628490937218931 199
1694438576197 0.052548360281201585 200
1694438576215 0.1269992514890275 201
1694438576234 0.05443921388070483 202
1694438576251 0.047325474099410424 203
1694438576270 0.12936180635846656 204
1694438576288 0.16528922603318916 205
1694438576306 0.10948576057475005 206
1694438576324 0.05737175350720992 207
1694438576343 0.16652853738014836 208
1694438576360 0.08720948727350533 209
1694438576378 0.10883551561031005 210
1694438576396 0.0861747666136137 211
1694438576414 0.034479458750036864 212
1694438576432 0.1024618168863598 213
1694438576450 0.10350620752720316 214
1694438576471 0.07824931273380052 215
1694438576489 0.013668549152893197 216
1694438576508 0.14637881383450657 217
1694438576527 0.07821201468679725 218
1694438576546 0.09916900953091319 219
1694438576564 0.12902415307272036 220
1694438576582 0.15109952082987732 221
1694438576600 0.08825498007616538 222
1694438576618 0.043259163096647395 223
1694438576636 0.11643701644524393 224
1694438576654 0.0874966428964848 225
1694438576673 0.1482872709574994 226
1694438576692 0.0955572361531374 227
1694438576710 0.03169010793980892 228
1694438576728 0.11367490648722305 229
1694438576746 0.1521564020898091 230
1694438576765 0.29511710117285944 231
1694438576784 0.03740005144417592 232
1694438576802 0.07774755320836911 233
1694438576820 0.0686304548513863 234
1694438576839 0.06027591993713055 235
1694438576858 0.04580417390048475 236
1694438576875 0.03975622415098123 237
1694438576894 0.18615119652143175 238
1694438576913 0.11217585795604443 239
1694438576932 0.08937751501942112 240
1694438576951 0.1972746055217948 241
1694438576969 0.07079104405999934 242
1694438576988 0.07295279715056144 243
1694438577006 0.08049374640866132 244
1694438577024 0.13154550241246582 245
1694438577042 0.13160061975545237 246
1694438577061 0.07914661300534556 247
1694438577082 0.045919944708069795 248
1694438577100 0.08089868413968816 249
1694438577119 0.06061976213683521 250
1694438577137 0.09337296455274521 251
1694438577156 0.13609808697702555 252
1694438577174 0.0747752249192023 253
1694438577193 0.08268863406015284 254
1694438577212 0.030400819409496783 255
1694438577229 0.04102164598014189 256
1694438577248 0.049630147961151276 257
1694438577267 0.1292765140373405 258
1694438577285 0.10660920336741209 259
1694438577303 0.08368677082056189 260
1694438577321 0.11251521643753175 261
1694438577339 0.04727211506165648 262
1694438577357 0.13708604736957558 263
1694438577376 0.06275588010245924 264
1694438577395 0.06629517518061907 265
1694438577412 0.16349261934217646 266
1694438577431 0.055305850675988144 267
1694438577450 0.029511370480255567 268
1694438577469 0.12148977307592967 269
1694438577488 0.0966809939978303 270
1694438577506 0.11605051330663355 271
1694438577524 0.032809928125562694 272
1694438577542 0.07954519455367719 273
1694438577562 0.18413336707830116 274
1694438577579 0.11857538426238012 275
1694438577597 0.3581147009322739 276
1694438577615 0.11170417227357624 277
1694438577633 0.048904087876130285 278
1694438577652 0.20499820551072742 279
1694438577670 0.052744100215338534 280
1694438577688 0.09529652499730945 281
1694438577708 0.13238336892894667 282
1694438577726 0.12065808607140178 283
1694438577745 0.0949038465791877 284
1694438577765 0.14918374422478514 285
1694438577783 0.0605864024453189 286
1694438577802 0.15583715278935495 287
1694438577819 0.11911974972777882 288
1694438577839 0.09637656344467038 289
1694438577858 0.05150732448507217 290
1694438577876 0.09103940075403907 291
1694438577895 0.056541442882287456 292
1694438577913 0.05700093682602044 293
1694438577932 0.049120306210593156 294
1694438577950 0.4115061572467281 295
1694438577969 0.16278361990798038 296
1694438577988 0.03489865839873492 297
1694438578006 0.17020806655685902 298
1694438578024 0.09611325325404217 299
1694438578042 0.13404881407309585 300
1694438578062 0.21775121885274912 301
1694438578080 0.10235574206383617 302
1694438578098 0.1286068077434457 303
1694438578116 0.08353988490186823 304
1694438578135 0.12619942307785856 305
1694438578153 0.11557931163504034 306
1694438578172 0.08349144290838274 307
1694438578192 0.10598686643032486 308
1694438578209 0.11032303201093739 309
1694438578226 0.34631759025728653 310
1694438578245 0.1214655508945949 311
1694438578263 0.17697129493795807 312
1694438578281 0.04258229945872982 313
1694438578301 0.09539044238141112 314
1694438578319 0.10076403641599449 315
1694438578338 0.07044316587614775 316
1694438578357 0.062329289978095635 317
1694438578376 0.056870684401104446 318
1694438578394 0.1725043852513746 319
1694438578412 0.17318538307520007 320
1694438578430 0.10898625753425231 321
1694438578450 0.11586313776460667 322
1694438578468 0.07877343144654261 323
1694438578486 0.12231847088159972 324
1694438578505 0.12397406498691729 325
1694438578524 0.13491688010241054 326
1694438578542 0.07478915853087045 327
1694438578560 0.06521213857425143 328
1694438578579 0.08926022726457641 329
1694438578596 0.0690937585094013 330
1694438578615 0.04242574141223547 331
1694438578633 0.0666527511671539 332
1694438578652 0.08754585055061627 333
1694438578671 0.05736402988993032 334
1694438578689 0.019659638055103897 335
1694438578708 0.1073512926010803 336
1694438578726 0.05839021432326786 337
1694438578745 0.09209877187311118 338
1694438578764 0.0861553186601279 339
1694438578782 0.11843226329866399 340
1694438578801 0.03728417133450639 341
1694438578818 0.10497023747354299 342
1694438578837 0.09104149730703863 343
1694438578855 0.20833262381590328 344
1694438578873 0.05165459215174582 345
1694438578892 0.09007573425419572 346
1694438578909 0.032265615778854 347
1694438578928 0.16700971757969435 348
1694438578948 0.08825385750941953 349
1694438578967 0.17052871564365746 350
1694438578985 0.20859051341904555 351
1694438579002 0.06691269788612854 352
1694438579021 0.08553614728912351 353
1694438579039 0.2699705601292311 354
1694438579059 0.16777150438595761 355
1694438579077 0.06755479691104502 356
1694438579095 0.1455251894631079 357
1694438579113 0.1197087115917299 358
1694438579132 0.059083588454836945 359
1694438579151 0.07484310009557962 360
1694438579170 0.24289500657616683 361
1694438579188 0.07855683224580509 362
1694438579205 0.20899579620013786 363
1694438579223 0.027496049316257588 364
1694438579242 0.12299973188623252 365
1694438579259 0.05432212207743436 366
1694438579278 0.18580056016991972 367
1694438579296 0.042266348880918556 368
1694438579314 0.07929973829250794 369
1694438579332 0.12691329976522553 370
1694438579351 0.07934045080186942 371
1694438579369 0.06438778322006966 372
1694438579387 0.12160778831614613 373
1694438579405 0.12109643645933547 374
1694438579423 0.05575152785365393 375
1694438579441 0.15195314027580567 376
1694438579460 0.07684811086632055 377
1694438579478 0.027418093359696315 378
1694438579496 0.11200630903035592 379
1694438579514 0.03919317969644842 380
1694438579532 0.05617883852046086 381
1694438579551 0.0934946334238524 382
1694438579570 0.06895781858720622 383
1694438579589 0.24530965714482308 384
1694438579607 0.31174155540804305 385
1694438579625 0.060383808496832725 386
1694438579643 0.1176983151632957 387
1694438579661 0.08785108944549339 388
1694438579680 0.06994551987769505 389
1694438579698 0.061471326019079155 390
1694438579716 0.1177561553328167 391
1694438579734 0.09262860898389083 392
1694438579752 0.12429524291027438 393
1694438579771 0.05197514119954164 394
1694438579788 0.10063010027022325 395
1694438579807 0.07823273831150092 396
1694438579826 0.08336127081135146 397
1694438579844 0.051811679489183415 398
1694438579861 0.13241099785381524 399
1694438579880 0.10493401816367898 400
1694438579899 0.09121414582324325 401
1694438579916 0.10981456706305785 402
1694438579934 0.08140255611995684 403
1694438579952 0.0659220264090619 404
1694438579971 0.09618324296550583 405
1694438579989 0.10229845244845205 406
1694438580009 0.18666166585255733 407
1694438580030 0.07133400270300971 408
1694438580049 0.06634367264427854 409
1694438580068 0.10162784155214706 410
1694438580088 0.10886810985740134 411
1694438580107 0.11174476094797348 412
1694438580124 0.1818742169745011 413
1694438580144 0.07951294247859787 414
1694438580163 0.07968079837058197 415
1694438580183 0.08808420215690826 416
1694438580201 0.14527112047260854 417
1694438580219 0.12522861282458883 418
1694438580237 0.08139306773181217 419
1694438580255 0.14080852917229597 420
1694438580275 0.08979402329665873 421
1694438580293 0.04299186169856402 422
1694438580310 0.09432780895091102 423
1694438580330 0.10129411437471557 424
1694438580348 0.029177030646195985 425
1694438580366 0.0725517243250077 426
1694438580385 0.1505728262187544 427
1694438580403 0.0679156513321485 428
1694438580422 0.2288101547920742 429
1694438580441 0.0639591739187065 430
1694438580459 0.07010242980591404 431
1694438580478 0.11949490683167922 432
1694438580496 0.17121449999373975 433
1694438580514 0.07084348538376564 434
1694438580532 0.0796011494386308 435
1694438580551 0.02690323743267214 436
1694438580570 0.08142471348299617 437
1694438580588 0.08290951977700711 438
1694438580607 0.06015947134411078 439
1694438580625 0.07725886930179227 440
1694438580643 0.1380852346298012 441
1694438580661 0.0496136918828005 442
1694438580680 0.03128063761729271 443
1694438580698 0.1008581632813417 444
1694438580716 0.13134516626700166 445
1694438580734 0.059501248619186486 446
1694438580751 0.1531488229854203 447
1694438580770 0.06331561624377444 448
1694438580789 0.158187682229636 449
1694438580807 0.07407736450666057 450
1694438580827 0.08124886328813556 451
1694438580845 0.02529591570491568 452
1694438580863 0.08258835131680764 453
1694438580883 0.0813532026090074 454
1694438580901 0.17153748662655097 455
1694438580920 0.060825589767984314 456
1694438580939 0.08243195068736565 457
1694438580957 0.07381724880731978 458
1694438580977 0.1212193934497643 459
1694438580994 0.14482095687312507 460
1694438581013 0.06799487598167608 461
1694438581031 0.053552163807783666 462
1694438581050 0.08599886842291785 463
1694438581068 0.07162411518291847 464
1694438581087 0.06895706412267626 465
1694438581106 0.07155465991491047 466
1694438581124 0.05867542515432133 467
1694438581142 0.16173130470622393 468
1694438581160 0.2562405647715739 469
1694438581179 0.0741854425034407 470
1694438581197 0.06496040748929548 471
1694438581215 0.11593935069569107 472
1694438581235 0.10575373908399063 473
1694438581253 0.06219031425329335 474
1694438581271 0.08405696138731046 475
1694438581290 0.1989926512581913 476
1694438581307 0.07541727734658277 477
1694438581326 0.1541903780168413 478
1694438581345 0.1380315865391843 479
1694438581363 0.04987949073740024 480
1694438581382 0.052619770878419306 481
1694438581402 0.12111625034037408 482
1694438581420 0.12367720376831072 483
1694438581438 0.13805637776063953 484
1694438581456 0.11244500051843634 485
1694438581475 0.11686405306108892 486
1694438581494 0.10313524235774978 487
1694438581513 0.07186378067143488 488
1694438581531 0.1452662824802526 489
1694438581550 0.10128573179150292 490
1694438581568 0.19206780136838073 491
1694438581587 0.08521244515692948 492
1694438581606 0.04794338610450862 493
1694438581624 0.06629471315590411 494
1694438581643 0.11311406553410083 495
1694438581661 0.1199190663609732 496
1694438581679 0.05034785406631247 497
1694438581698 0.05460760152460777 498
1694438581716 0.08426286049966482 499
