1694430030116 0.06498778567496116 0
1694430030183 0.045642649843235 1
1694430030250 0.20654791401198397 2
1694430030316 0.13433523746814938 3
1694430030383 0.6994508813719111 4
1694430030450 0.018615368155318283 5
1694430030515 0.055747538335425256 6
1694430030582 0.2238088303008235 7
1694430030652 0.00902578473788262 8
1694430030718 0.024616256237689 9
1694430030784 0.4979792209077389 10
1694430030851 0.3684771307861307 11
1694430030916 0.25288794068231457 12
1694430030982 0.17833158177381636 13
1694430031049 0.31785608490726086 14
1694430031114 0.12286265950719923 15
1694430031180 0.6394260887013591 16
1694430031253 2.572881305050487 17
1694430031319 0.28331256830664053 18
1694430031385 0.00462211394543787 19
1694430031452 0.20686552490978868 20
1694430031518 0.6350834194526087 21
1694430031584 0.45710361894480867 22
1694430031650 0.4698868051366582 23
1694430031716 0.008166871208791867 24
1694430031783 0.17629446114711936 25
1694430031849 0.12228835262591575 26
1694430031915 0.541773989548481 27
1694430031982 0.6170445958748204 28
1694430032048 0.17472242769949908 29
1694430032113 0.08225405576876774 30
1694430032181 0.6657759767831447 31
1694430032248 0.04265763694142527 32
1694430032313 0.09953401811181467 33
1694430032380 0.23926728645990555 34
1694430032446 0.05588782484985379 35
1694430032511 0.008883060704619845 36
1694430032577 0.04106126830295162 37
1694430032642 0.009382797477461603 38
1694430032709 0.48870202421769093 39
1694430032775 0.692575972847224 40
1694430032841 0.0059646065573552886 41
1694430032908 0.36201679663504743 42
1694430032974 0.9121564872514516 43
1694430033041 1.2506465756996616 44
1694430033107 0.254442413156418 45
1694430033173 0.8185255152120408 46
1694430033239 0.04923629223730347 47
1694430033306 0.5765771959809047 48
1694430033372 0.2363254407942113 49
1694430033439 0.8275696697956991 50
1694430033505 0.0048127864934616295 51
1694430033571 0.10360165958463587 52
1694430033637 0.4917931139790789 53
1694430033703 0.5391105745254255 54
1694430033771 0.31766910405777576 55
1694430033836 0.5013019059720106 56
1694430033903 0.3871800755544626 57
1694430033969 1.723424335418246 58
1694430034034 0.01693789768857395 59
1694430034101 0.37938694421504326 60
1694430034167 0.3557288428519524 61
1694430034233 0.01854622048282293 62
1694430034299 0.05263251634583188 63
1694430034365 0.45664676054744474 64
1694430034431 0.13023756896606947 65
1694430034498 0.3587875054857581 66
1694430034563 0.2655730092916116 67
1694430034630 0.3235847288791537 68
1694430034697 0.41268078785932466 69
1694430034764 0.26603947233817143 70
1694430034830 0.5626417210595603 71
1694430034897 0.04549080265006833 72
1694430034963 0.5256417966333233 73
1694430035029 0.7342809522333764 74
1694430035095 0.7135442159826498 75
1694430035162 0.4253446892831189 76
1694430035228 0.18302587435025194 77
1694430035294 0.3025676528311804 78
1694430035359 0.4049122268768454 79
1694430035425 0.29362699824611016 80
1694430035491 0.2028250752611308 81
1694430035558 0.4086688322416522 82
1694430035624 0.0012421645534772298 83
1694430035690 0.9274273873599219 84
1694430035756 0.061886603743596044 85
1694430035821 0.2036141695161564 86
1694430035887 0.015303326763070797 87
1694430035953 0.33099975728811143 88
1694430036018 0.35332097291107417 89
1694430036085 0.40646811926605253 90
1694430036150 0.022703886324033813 91
1694430036214 0.4673148790880822 92
1694430036280 0.030964096491167842 93
1694430036346 0.1279888964647554 94
1694430036411 0.17032229064494198 95
1694430036477 0.16529696029860957 96
1694430036543 0.09884584370359331 97
1694430036608 0.15685645936134665 98
1694430036673 0.13878978985817148 99
1694430036739 0.08588840899263062 100
1694430036806 0.14587473297556958 101
1694430036871 0.3588908033975476 102
1694430036938 0.5645835432625541 103
1694430037003 0.10128949517255972 104
1694430037070 0.3203316140586042 105
1694430037138 0.260586041708299 106
1694430037207 0.10518085798573047 107
1694430037273 0.14691686999329517 108
1694430037339 0.03716326348468531 109
1694430037404 0.21507889509257305 110
1694430037470 0.035300187033698964 111
1694430037537 0.31079822495438214 112
1694430037602 0.126199093004452 113
1694430037668 0.2161003684772652 114
1694430037734 0.050782668983675595 115
1694430037801 0.16219878883767455 116
1694430037866 0.00011915203006599868 117
1694430037932 0.5890928875652958 118
1694430037998 0.0347934717240567 119
1694430038064 0.9867407037542715 120
1694430038130 0.08390451311364425 121
1694430038197 0.018575154541878754 122
1694430038262 0.6571242599051266 123
1694430038329 0.11761081428126277 124
1694430038395 0.1640969222174528 125
1694430038460 0.06302040976614473 126
1694430038527 1.0485515257653388 127
1694430038591 0.7957557126027933 128
1694430038657 0.6829348189564355 129
1694430038722 0.3379730229509019 130
1694430038788 0.05451776015566484 131
1694430038854 1.923491423521899e-07 132
1694430038922 0.012837909967746721 133
1694430038988 0.23708737864543178 134
1694430039054 0.001980938169985852 135
1694430039120 0.008067583050147847 136
1694430039185 1.8497257862887082 137
1694430039252 0.23438351018123052 138
1694430039317 0.03665710523203588 139
1694430039383 0.24167615765164316 140
1694430039448 0.8747877044137331 141
1694430039514 0.25106175970587336 142
1694430039580 0.09764590203654117 143
1694430039646 0.42175538179597555 144
1694430039712 0.546979661474334 145
1694430039778 1.0142467210578967 146
1694430039844 0.08455006489492832 147
1694430039910 0.4823046217417719 148
1694430039977 0.2784926296822652 149
1694430040043 0.015155653742796062 150
1694430040110 0.37591257636706177 151
1694430040175 0.1499415424087326 152
1694430040240 0.34152529452205493 153
1694430040306 0.052609916742354906 154
1694430040371 0.34484690295287407 155
1694430040437 0.6144902985320406 156
1694430040503 0.05212771140347128 157
1694430040569 0.917078556103705 158
1694430040635 0.00012150366266611575 159
1694430040702 0.734043167244281 160
1694430040768 0.04199663136358311 161
1694430040833 0.0027377836607675237 162
1694430040899 0.5073039570338055 163
1694430040964 1.245886886032109 164
1694430041031 0.020066743488713696 165
1694430041097 1.3805720462927926 166
1694430041164 0.766762695776772 167
1694430041231 0.22933352142732563 168
1694430041297 0.08100090827739104 169
1694430041363 0.01782472526802911 170
1694430041429 0.1595783817343118 171
1694430041495 0.385894006321021 172
1694430041561 0.1803392804693685 173
1694430041628 0.08444087027190314 174
1694430041694 0.2134275051879827 175
1694430041759 0.27833025701320563 176
1694430041826 0.3900401024607479 177
1694430041891 0.5943786968221326 178
1694430041958 0.122112986997068 179
1694430042023 0.00012347006347551034 180
1694430042090 0.0527985504726542 181
1694430042155 0.06350532740191232 182
1694430042221 0.44030047921167825 183
1694430042288 0.06265019055479801 184
1694430042355 0.005505680535506107 185
1694430042420 0.271883323984608 186
1694430042488 0.230421047949402 187
1694430042554 0.18103207907287983 188
1694430042619 0.3894603108117258 189
1694430042686 1.5920423079638268 190
1694430042752 0.6685402314863599 191
1694430042817 0.22045393933494337 192
1694430042883 0.007456217482482809 193
1694430042949 0.43868740474361245 194
1694430043015 0.2810436191339645 195
1694430043081 0.2574780927285707 196
1694430043147 0.27348020610545504 197
1694430043213 0.17270602797004753 198
1694430043278 0.5007498226813218 199
1694430043345 0.3907257735273907 200
1694430043410 0.1673213185198539 201
1694430043476 0.41166698115039113 202
1694430043543 0.36214034999990863 203
1694430043608 0.24089130560192462 204
1694430043675 0.39073193565123304 205
1694430043740 0.20471002035181537 206
1694430043807 0.5270725100564182 207
1694430043873 0.4418961263401322 208
1694430043939 0.0312313235949907 209
1694430044006 0.44624993296803195 210
1694430044071 0.08116034823535544 211
1694430044138 0.08734863999174582 212
1694430044203 0.9114718323880625 213
1694430044268 0.47458167446222804 214
1694430044334 0.20529437842102216 215
1694430044400 0.014035324288933447 216
1694430044466 0.1266268171818081 217
1694430044531 0.06478411032429199 218
1694430044598 0.24981192508298314 219
1694430044663 0.4491401257977601 220
1694430044729 0.4364102546256725 221
1694430044794 0.0193778210088111 222
1694430044861 0.02711524922848027 223
1694430044927 0.04843418859917894 224
1694430044993 0.2174135204804259 225
1694430045059 0.18137765342541443 226
1694430045125 0.3586597174811767 227
1694430045191 0.5221774903489094 228
1694430045256 0.25288503979794946 229
1694430045323 0.06134949485340517 230
1694430045390 0.42169201340249807 231
1694430045456 0.2758310558961889 232
1694430045522 0.36023401041386316 233
1694430045587 1.7509295856549045 234
1694430045654 0.011739011005929362 235
1694430045721 0.4137166748450462 236
1694430045788 0.4228451866879325 237
1694430045853 0.9146685696550221 238
1694430045919 0.060901614998259745 239
1694430045986 0.3105081560544525 240
1694430046052 0.04959035586203139 241
1694430046118 0.30719493294540723 242
1694430046183 0.17569643905098117 243
1694430046249 0.10858690211887904 244
1694430046314 0.8814961507222512 245
1694430046379 0.16444247361614267 246
1694430046446 0.2872822245171064 247
1694430046511 0.35660189483715204 248
1694430046576 0.8096578701208272 249
1694430046642 0.031134044358510506 250
1694430046709 1.0051608382534165 251
1694430046775 0.15990443387328157 252
1694430046841 0.05368683212599249 253
1694430046907 0.39664287089406186 254
1694430046974 0.1357934801338118 255
1694430047039 0.2351001419243981 256
1694430047106 1.0727374217678314 257
1694430047172 0.04636838593845921 258
1694430047238 0.0331495944770041 259
1694430047304 0.26300571650451193 260
1694430047371 0.8106229402651728 261
1694430047438 0.3290167209501811 262
1694430047503 0.1887274226163296 263
1694430047573 0.3620312948025303 264
1694430047639 0.2925394505609585 265
1694430047705 0.5356823498630254 266
1694430047772 0.0034966377044824536 267
1694430047838 0.9670715645746852 268
1694430047904 0.4755871464714081 269
1694430047973 0.30963364622533296 270
1694430048040 0.17567881755322767 271
1694430048108 0.31394116212418227 272
1694430048173 0.2662983578768426 273
1694430048240 0.011113989345963499 274
1694430048306 0.5511102561599095 275
1694430048372 0.11111798304863464 276
1694430048439 0.41746100754016896 277
1694430048505 0.507496554743793 278
1694430048571 0.0448179787718545 279
1694430048636 0.16329631775810688 280
1694430048703 0.10538144731623131 281
1694430048769 0.12595537414017358 282
1694430048835 0.39349336981724775 283
1694430048901 1.2080481261359415 284
1694430048969 0.1198444394960493 285
1694430049034 0.38307721569959396 286
1694430049100 0.005121069877731637 287
1694430049166 0.5491706937265737 288
1694430049233 0.02557452773358413 289
1694430049299 0.09466092847059192 290
1694430049365 1.0720498583264906 291
1694430049431 0.0003643885282012177 292
1694430049497 0.2570768099029786 293
1694430049564 0.005018673307994465 294
1694430049629 0.9503618880883693 295
1694430049696 0.08937566597497208 296
1694430049762 0.03727161073760511 297
1694430049827 0.08877616837833655 298
1694430049894 0.02674752602214457 299
1694430049961 0.03155150667004957 300
1694430050027 0.35714549892057934 301
1694430050093 0.11934525485951188 302
1694430050158 0.46490977539345335 303
1694430050224 0.38594554609949566 304
1694430050288 0.013201637912427228 305
1694430050356 0.18340036593781703 306
1694430050420 0.36892215997712924 307
1694430050486 0.20103761432642425 308
1694430050554 0.6831618176763615 309
1694430050619 0.005026644495938951 310
1694430050684 0.3387396517625466 311
1694430050752 0.04455243682456776 312
1694430050818 0.2558206638490579 313
1694430050886 0.08565680786326857 314
1694430050952 0.28197390605723927 315
1694430051018 0.2180098635986924 316
1694430051085 0.4467236831988933 317
1694430051150 0.4050727929067006 318
1694430051217 0.12646308984468013 319
1694430051282 0.2280783653391916 320
1694430051348 0.29235838145170545 321
1694430051414 0.5041633740908078 322
1694430051480 0.20541169497045872 323
1694430051546 0.1305793156851886 324
1694430051612 0.02279966460992401 325
1694430051680 0.6451187919297494 326
1694430051745 0.8880750967630748 327
1694430051812 0.22639254405329975 328
1694430051877 0.006353441797296787 329
1694430051943 0.09912551656326331 330
1694430052010 0.413627804335721 331
1694430052077 0.2605337480004006 332
1694430052143 0.1861411897400913 333
1694430052209 0.922712717676362 334
1694430052274 0.04979440769358387 335
1694430052340 0.12924703406713442 336
1694430052405 1.0229447335377448 337
1694430052471 0.5009191570946536 338
1694430052537 0.7233867199389847 339
1694430052604 2.3034386205873485 340
1694430052669 0.2163593595656146 341
1694430052736 0.07989369544753898 342
1694430052802 0.004169340670427011 343
1694430052867 0.02301471361203572 344
1694430052933 0.018582920316469347 345
1694430053000 0.4228593600006395 346
1694430053068 0.005943493370401289 347
1694430053141 1.1430169338129894 348
1694430053207 0.16557663947835405 349
1694430053276 1.0829238188899735 350
1694430053343 0.12293097172234975 351
1694430053409 0.3139835163146437 352
1694430053475 0.18926141925311077 353
1694430053540 0.3098038864014202 354
1694430053606 0.4230057899088157 355
1694430053672 0.0027718913357471383 356
1694430053738 0.00269115794213391 357
1694430053805 0.5115266394229314 358
1694430053870 0.34516927342787157 359
1694430053937 0.3260791254382803 360
1694430054003 0.5340577410953121 361
1694430054069 0.5938483038092319 362
1694430054136 0.3966315400523236 363
1694430054202 0.12754032719901331 364
1694430054267 0.17097539560305125 365
1694430054334 0.17089230996368726 366
1694430054400 0.018402904195737396 367
1694430054467 0.39044667886695583 368
1694430054533 0.13225634692572355 369
1694430054599 0.17321965138917628 370
1694430054666 0.2928682929112198 371
1694430054732 0.09385949758014478 372
1694430054797 0.4085175475862184 373
1694430054863 0.21858559891917284 374
1694430054929 0.48041781454005955 375
1694430054997 0.6087543673586495 376
1694430055063 0.0721410150915887 377
1694430055128 0.3780044130461095 378
1694430055194 0.06020541756128484 379
1694430055260 0.28687691522186304 380
1694430055326 0.008276206572346761 381
1694430055391 0.4470061852547747 382
1694430055457 0.23659428257258558 383
1694430055523 0.4980915363073962 384
1694430055589 0.09746676613908103 385
1694430055654 0.35611401859551356 386
1694430055720 0.0402823235872385 387
1694430055786 0.16258534028931654 388
1694430055852 0.6731062242254279 389
1694430055917 0.6068054502786462 390
1694430055984 0.6875791082714855 391
1694430056051 0.0020782287165556357 392
1694430056117 1.2316080148990511 393
1694430056183 0.1416226261575349 394
1694430056250 0.25203126236407314 395
1694430056316 0.1670316921112408 396
1694430056380 0.18487006878023876 397
1694430056447 0.2807885230690368 398
1694430056513 0.29111671008056333 399
1694430056579 0.18774073992363277 400
1694430056645 0.1337588864638251 401
1694430056711 0.392327845583124 402
1694430056777 0.9896814073394616 403
1694430056842 0.25705145360913373 404
1694430056908 0.26183813407076023 405
1694430056973 0.1643319005101503 406
1694430057039 0.13287196776830548 407
1694430057105 0.35666572263555807 408
1694430057171 0.7723379950166662 409
1694430057237 0.14101427036077324 410
1694430057304 1.0526138807021779 411
1694430057368 0.09228349200545907 412
1694430057434 0.5276269251914174 413
1694430057500 0.054166590748713356 414
1694430057566 0.33243673375819893 415
1694430057633 1.159163334159117 416
1694430057698 0.2028519096931193 417
1694430057764 1.1064538481990518 418
1694430057830 0.4027456061971763 419
1694430057896 0.3499830663296967 420
1694430057963 0.3086601378298344 421
1694430058029 0.2544456531817134 422
1694430058095 0.39101453778995837 423
1694430058162 0.4027158463835627 424
1694430058228 0.18720744581151158 425
1694430058292 0.27695849579080956 426
1694430058358 0.17729102597283444 427
1694430058424 0.9728866872015214 428
1694430058491 0.06241535443727806 429
1694430058556 0.0014655666474949623 430
1694430058622 0.45470591921059855 431
1694430058689 7.299656625975706e-06 432
1694430058755 0.32199231711715054 433
1694430058822 0.5158915480095575 434
1694430058888 0.1299325833111253 435
1694430058953 0.49491241764619376 436
1694430059021 0.18154321862321693 437
1694430059087 0.06466735141264564 438
1694430059152 0.09706361574027492 439
1694430059219 0.12554915158851454 440
1694430059286 0.27630323437593424 441
1694430059353 0.021360886425053245 442
1694430059418 0.2772381621742057 443
1694430059485 0.21507232492015527 444
1694430059550 0.14872461827060576 445
1694430059615 0.18783127953991377 446
1694430059682 0.1730171582030633 447
1694430059748 0.0007644894207740448 448
1694430059814 0.041992670600031416 449
1694430059880 0.16482478365496106 450
1694430059946 0.015555021269144906 451
1694430060012 0.28527554386000176 452
1694430060079 0.020486840331071562 453
1694430060145 0.09178874169264394 454
1694430060211 0.06357249902068779 455
1694430060277 0.19554605925406615 456
1694430060344 0.5749579008426839 457
1694430060410 0.8037937563900479 458
1694430060475 3.5731206041181047 459
1694430060542 0.1560750046339163 460
1694430060608 0.3510861781658757 461
1694430060674 0.11412259638375373 462
1694430060740 0.13677770686553659 463
1694430060807 0.18996289047248027 464
1694430060872 0.000736427123298588 465
1694430060938 0.38959540511900154 466
1694430061004 0.28228451238549346 467
1694430061071 0.4482419614631235 468
1694430061138 0.06565573006361718 469
1694430061203 0.5100712792092756 470
1694430061269 0.39559387266 471
1694430061335 0.13518668277385895 472
1694430061404 0.17696426203554536 473
1694430061471 0.3009278913763785 474
1694430061537 0.3176925780967487 475
1694430061605 0.2174731560022753 476
1694430061670 0.363270609212587 477
1694430061742 0.21982709668658681 478
1694430061810 0.7844064635415255 479
1694430061876 0.05495471284945747 480
1694430061943 1.3273108326252965 481
1694430062010 0.09985405777673774 482
1694430062081 0.012895521512639842 483
1694430062148 0.725808693320735 484
1694430062215 1.646714087026513 485
1694430062281 0.32776286333026833 486
1694430062346 0.39802295421827444 487
1694430062412 0.010473351905595174 488
1694430062478 0.2461936355634329 489
1694430062544 0.017690220389165238 490
1694430062612 0.9028421644627237 491
1694430062678 0.3277652741992732 492
1694430062745 0.22033858052212915 493
1694430062813 0.1710159553413967 494
1694430062880 0.030184593042875633 495
1694430062946 0.37397022196738144 496
1694430063012 0.1746058922402608 497
1694430063079 0.30315897204259845 498
1694430063144 0.028637085507722208 499
