1694435473105 168.89967544445548 0
1694435473124 168.86580825469008 1
1694435473140 168.83212782297412 2
1694435473156 168.79845415660955 3
1694435473173 168.76478725422382 4
1694435473189 168.73112711444477 5
1694435473208 168.69747373590027 6
1694435473225 168.66382711721874 7
1694435473244 168.63018725702878 8
1694435473262 168.59655415395918 9
1694435473278 168.56292780663918 10
1694435473295 168.5293082136982 11
1694435473313 168.49569537376593 12
1694435473330 168.4620892854724 13
1694435473346 168.4284899474479 14
1694435473362 168.39489735832305 15
1694435473379 168.36131151672865 16
1694435473397 168.3277324212959 17
1694435473417 168.29416007065615 18
1694435473434 168.26059446344118 19
1694435473450 168.22703559828295 20
1694435473468 168.19348347381373 21
1694435473485 168.1599380886661 22
1694435473508 168.1263994414729 23
1694435473526 168.0928675308672 24
1694435473543 168.05934235548244 25
1694435473559 168.0258239139523 26
1694435473575 167.99231220491083 27
1694435473592 167.95880722699218 28
1694435473612 167.9253089788309 29
1694435473632 167.89181745906185 30
1694435473653 167.85833266632008 31
1694435473669 167.82485459924104 32
1694435473686 167.79138325646028 33
1694435473705 167.75791863661385 34
1694435473722 167.72446073833797 35
1694435473739 167.69100956026912 36
1694435473757 167.65756510104407 37
1694435473774 167.62412735929993 38
1694435473790 167.5906963336741 39
1694435473808 167.5572720228041 40
1694435473826 167.5238544253279 41
1694435473842 167.49044353988378 42
1694435473858 167.45703936511012 43
1694435473875 167.42364189964573 44
1694435473891 167.39025114212967 45
1694435473911 167.3568670912012 46
1694435473928 167.32348974549998 47
1694435473945 167.2901191036659 48
1694435473961 167.25675516433913 49
1694435473977 167.2233979261601 50
1694435473994 167.19004738776948 51
1694435474014 167.15670354780843 52
1694435474030 167.1233664049182 53
1694435474051 167.09003595774024 54
1694435474072 167.05671220491658 55
1694435474096 167.02339514508924 56
1694435474118 166.9900847769007 57
1694435474138 166.95678109899356 58
1694435474156 166.92348411001097 59
1694435474176 166.890193808596 60
1694435474193 166.85691019339234 61
1694435474212 166.82363326304372 62
1694435474229 166.79036301619428 63
1694435474249 166.7570994514884 64
1694435474273 166.7238425675707 65
1694435474297 166.69059236308615 66
1694435474319 166.65734883668 67
1694435474336 166.62411198699772 68
1694435474352 166.59088181268504 69
1694435474370 166.55765831238816 70
1694435474386 166.5244414847533 71
1694435474403 166.4912313284271 72
1694435474423 166.4580278420565 73
1694435474439 166.4248310242886 74
1694435474455 166.39164087377097 75
1694435474472 166.3584573891513 76
1694435474488 166.32528056907762 77
1694435474506 166.29211041219816 78
1694435474526 166.25894691716152 79
1694435474543 166.22579008261664 80
1694435474559 166.1926399072126 81
1694435474574 166.15949638959881 82
1694435474591 166.12635952842498 83
1694435474608 166.09322932234105 84
1694435474627 166.06010576999728 85
1694435474644 166.02698887004428 86
1694435474660 165.99387862113272 87
1694435474676 165.9607750219138 88
1694435474692 165.92767807103886 89
1694435474709 165.89458776715955 90
1694435474727 165.86150410892776 91
1694435474745 165.82842709499573 92
1694435474761 165.79535672401593 93
1694435474777 165.76229299464114 94
1694435474794 165.72923590552435 95
1694435474813 165.6961854553189 96
1694435474831 165.66314164267843 97
1694435474854 165.63010446625677 98
1694435474871 165.5970739247081 99
1694435474889 165.56405001668676 100
1694435474905 165.5310327408476 101
1694435474924 165.4980220958455 102
1694435474942 165.46501808033577 103
1694435474957 165.4320206929739 104
1694435474974 165.3990299324158 105
1694435474990 165.3660457973175 106
1694435475007 165.33306828633542 107
1694435475026 165.30009739812618 108
1694435475042 165.26713313134672 109
1694435475058 165.23417548465423 110
1694435475073 165.2012244567062 111
1694435475090 165.16828004616045 112
1694435475107 165.13534225167493 113
1694435475125 165.10241107190802 114
1694435475141 165.0694865055183 115
1694435475158 165.03656855116463 116
1694435475174 165.0036572075062 117
1694435475191 164.9707524732024 118
1694435475207 164.9378543469129 119
1694435475227 164.90496282729774 120
1694435475244 164.87207791301714 121
1694435475259 164.83919960273167 122
1694435475275 164.8063278951021 123
1694435475291 164.77346278878957 124
1694435475308 164.74060428245537 125
1694435475328 164.7077523747612 126
1694435475346 164.67490706436897 127
1694435475366 164.64206834994084 128
1694435475385 164.60923623013932 129
1694435475402 164.57641070362712 130
1694435475420 164.54359176906726 131
1694435475437 164.5107794251231 132
1694435475455 164.47797367045814 133
1694435475474 164.4451745037363 134
1694435475491 164.41238192362164 135
1694435475512 164.37959592877857 136
1694435475531 164.34681651787184 137
1694435475547 164.31404368956635 138
1694435475564 164.28127744252728 139
1694435475580 164.24851777542025 140
1694435475596 164.21576468691097 141
1694435475613 164.18301817566552 142
1694435475631 164.15027824035022 143
1694435475647 164.11754487963165 144
1694435475665 164.08481809217673 145
1694435475681 164.05209787665265 146
1694435475699 164.0193842317268 147
1694435475715 163.9866771560669 148
1694435475734 163.9539766483409 149
1694435475752 163.92128270721713 150
1694435475768 163.88859533136412 151
1694435475785 163.8559145194506 152
1694435475800 163.82324027014573 153
1694435475817 163.7905725821188 154
1694435475836 163.75791145403954 155
1694435475852 163.72525688457782 156
1694435475869 163.69260887240378 157
1694435475886 163.65996741618795 158
1694435475902 163.62733251460102 159
1694435475918 163.59470416631402 160
1694435475938 163.5620823699982 161
1694435475954 163.52946712432515 162
1694435475974 163.49685842796669 163
1694435475994 163.4642562795949 164
1694435476016 163.43166067788218 165
1694435476035 163.3990716215012 166
1694435476051 163.36648910912493 167
1694435476068 163.3339131394265 168
1694435476085 163.30134371107937 169
1694435476102 163.26878082275738 170
1694435476119 163.23622447313448 171
1694435476138 163.203674660885 172
1694435476155 163.1711313846835 173
1694435476170 163.13859464320484 174
1694435476187 163.1060644351241 175
1694435476203 163.07354075911675 176
1694435476220 163.0410236138584 177
1694435476240 163.008512998025 178
1694435476256 162.97600891029276 179
1694435476273 162.9435113493382 180
1694435476290 162.911020313838 181
1694435476306 162.8785358024693 182
1694435476323 162.84605781390934 183
1694435476341 162.8135863468357 184
1694435476359 162.7811213999263 185
1694435476375 162.74866297185915 186
1694435476392 162.71621106131278 187
1694435476409 162.68376566696577 188
1694435476427 162.65132678749708 189
1694435476445 162.61889442158596 190
1694435476460 162.58646856791182 191
1694435476477 162.55404922515456 192
1694435476498 162.52163639199412 193
1694435476518 162.4892300671108 194
1694435476538 162.45683024918526 195
1694435476554 162.42443693689827 196
1694435476573 162.39205012893103 197
1694435476589 162.35966982396485 198
1694435476605 162.32729602068144 199
1694435476622 162.2949287177628 200
1694435476642 162.26256791389108 201
1694435476658 162.2302136077488 202
1694435476674 162.19786579801865 203
1694435476691 162.1655244833838 204
1694435476707 162.13318966252737 205
1694435476725 162.10086133413307 206
1694435476743 162.0685394968847 207
1694435476760 162.03622414946642 208
1694435476777 162.00391529056256 209
1694435476793 161.97161291885777 210
1694435476809 161.93931703303707 211
1694435476826 161.90702763178564 212
1694435476846 161.87474471378889 213
1694435476863 161.84246827773262 214
1694435476880 161.81019832230285 215
1694435476896 161.77793484618584 216
1694435476913 161.7456778480682 217
1694435476930 161.71342732663672 218
1694435476949 161.6811832805785 219
1694435476968 161.64894570858095 220
1694435476983 161.6167146093317 221
1694435476999 161.5844899815187 222
1694435477018 161.55227182383004 223
1694435477035 161.5200601349542 224
1694435477052 161.48785491358004 225
1694435477068 161.45565615839647 226
1694435477085 161.4234638680927 227
1694435477101 161.39127804135842 228
1694435477117 161.35909867688326 229
1694435477135 161.32692577335746 230
1694435477153 161.29475932947128 231
1694435477173 161.26259934391538 232
1694435477194 161.23044581538065 233
1694435477212 161.19829874255822 234
1694435477229 161.16615812413957 235
1694435477247 161.1340239588164 236
1694435477263 161.10189624528067 237
1694435477280 161.06977498222463 238
1694435477296 161.03766016834075 239
1694435477313 161.0055518023219 240
1694435477330 160.97344988286105 241
1694435477347 160.94135440865156 242
1694435477363 160.90926537838703 243
1694435477381 160.87718279076134 244
1694435477397 160.84510664446856 245
1694435477414 160.8130369382031 246
1694435477430 160.78097367065973 247
1694435477448 160.74891684053327 248
1694435477465 160.71686644651902 249
1694435477482 160.6848224873124 250
1694435477498 160.6527849616092 251
1694435477514 160.6207538681054 252
1694435477532 160.5887292054973 253
1694435477549 160.55671097248143 254
1694435477565 160.5246991677547 255
1694435477582 160.49269379001416 256
1694435477598 160.46069483795713 257
1694435477615 160.42870231028124 258
1694435477630 160.3967162056845 259
1694435477651 160.36473652286497 260
1694435477667 160.33276326052115 261
1694435477683 160.30079641735168 262
1694435477706 160.26883599205556 263
1694435477727 160.2368819833321 264
1694435477748 160.20493438988075 265
1694435477765 160.17299321040133 266
1694435477783 160.1410584435938 267
1694435477799 160.1091300881586 268
1694435477816 160.07720814279625 269
1694435477833 160.04529260620754 270
1694435477852 160.01338347709373 271
1694435477869 159.98148075415614 272
1694435477885 159.9495844360964 273
1694435477902 159.9176945216165 274
1694435477919 159.88581100941857 275
1694435477935 159.8539338982051 276
1694435477954 159.82206318667883 277
1694435477970 159.79019887354275 278
1694435477987 159.75834095750014 279
1694435478004 159.72648943725446 280
1694435478021 159.6946443115096 281
1694435478039 159.6628055789696 282
1694435478056 159.63097323833875 283
1694435478073 159.59914728832175 284
1694435478089 159.5673277276233 285
1694435478105 159.53551455494875 286
1694435478121 159.50370776900337 287
1694435478138 159.47190736849288 288
1694435478157 159.44011335212318 289
1694435478172 159.40832571860045 290
1694435478190 159.37654446663126 291
1694435478205 159.34476959492227 292
1694435478223 159.31300110218055 293
1694435478240 159.2812389871133 294
1694435478259 159.24948324842805 295
1694435478274 159.21773388483274 296
1694435478292 159.18599089503527 297
1694435478309 159.1542542777441 298
1694435478331 159.12252403166778 299
1694435478351 159.09080015551518 300
1694435478368 159.05908264799552 301
1694435478385 159.02737150781806 302
1694435478401 158.99566673369262 303
1694435478418 158.96396832432904 304
1694435478434 158.93227627843754 305
1694435478452 158.90059059472864 306
1694435478469 158.86891127191305 307
1694435478485 158.83723830870173 308
1694435478501 158.80557170380595 309
1694435478519 158.77391145593734 310
1694435478536 158.7422575638076 311
1694435478555 158.71061002612885 312
1694435478571 158.67896884161337 313
1694435478588 158.6473340089738 314
1694435478605 158.61570552692294 315
1694435478621 158.58408339417403 316
1694435478637 158.55246760944036 317
1694435478658 158.52085817143566 318
1694435478675 158.4892550788738 319
1694435478690 158.457658330469 320
1694435478706 158.42606792493567 321
1694435478724 158.39448386098863 322
1694435478740 158.36290613734275 323
1694435478758 158.33133475271336 324
1694435478775 158.2997697058159 325
1694435478792 158.26821099536625 326
1694435478809 158.2366586200804 327
1694435478826 158.2051125786746 328
1694435478842 158.17357286986552 329
1694435478861 158.14203949236995 330
1694435478879 158.11051244490503 331
1694435478897 158.07899172618806 332
1694435478916 158.0474773349368 333
1694435478935 158.01596926986903 334
1694435478952 157.98446752970293 335
1694435478969 157.95297211315696 336
1694435478985 157.92148301894977 337
1694435479001 157.8900002458004 338
1694435479019 157.85852379242797 339
1694435479035 157.82705365755203 340
1694435479054 157.79558983989233 341
1694435479071 157.7641323381688 342
1694435479087 157.73268115110181 343
1694435479103 157.70123627741185 344
1694435479120 157.6697977158197 345
1694435479136 157.63836546504652 346
1694435479154 157.60693952381357 347
1694435479171 157.57551989084246 348
1694435479187 157.54410656485504 349
1694435479204 157.51269954457342 350
1694435479221 157.48129882872004 351
1694435479238 157.44990441601755 352
1694435479256 157.41851630518877 353
1694435479274 157.38713449495697 354
1694435479290 157.3557589840455 355
1694435479306 157.32438977117823 356
1694435479323 157.2930268550789 357
1694435479339 157.26167023447192 358
1694435479359 157.23031990808173 359
1694435479377 157.19897587463302 360
1694435479394 157.1676381328509 361
1694435479410 157.1363066814606 362
1694435479427 157.1049815191877 363
1694435479443 157.07366264475795 364
1694435479462 157.04235005689748 365
1694435479478 157.0110437543326 366
1694435479499 156.9797437357899 367
1694435479521 156.94844999999623 368
1694435479537 156.91716254567876 369
1694435479556 156.88588137156478 370
1694435479573 156.85460647638203 371
1694435479590 156.82333785885837 372
1694435479606 156.79207551772197 373
1694435479622 156.76081945170128 374
1694435479639 156.729569659525 375
1694435479658 156.69832613992205 376
1694435479675 156.6670888916217 377
1694435479691 156.63585791335333 378
1694435479707 156.60463320384684 379
1694435479725 156.57341476183214 380
1694435479742 156.54220258603948 381
1694435479760 156.51099667519944 382
1694435479777 156.47979702804275 383
1694435479793 156.44860364330054 384
1694435479810 156.41741651970406 385
1694435479827 156.38623565598493 386
1694435479844 156.35506105087495 387
1694435479864 156.32389270310622 388
1694435479881 156.29273061141114 389
1694435479897 156.26157477452227 390
1694435479913 156.2304251911726 391
1694435479930 156.19928186009514 392
1694435479947 156.16814478002337 393
1694435479964 156.13701394969095 394
1694435479981 156.1058893678318 395
1694435479997 156.0747710331801 396
1694435480014 156.0436589444703 397
1694435480031 156.01255310043712 398
1694435480047 155.98145349981556 399
1694435480066 155.95036014134078 400
1694435480086 155.91927302374836 401
1694435480102 155.88819214577396 402
1694435480122 155.85711750615368 403
1694435480138 155.82604910362375 404
1694435480156 155.7949869369207 405
1694435480174 155.76393100478134 406
1694435480193 155.73288130594273 407
1694435480210 155.70183783914212 408
1694435480228 155.67080060311721 409
1694435480244 155.63976959660576 410
1694435480263 155.60874481834588 411
1694435480278 155.57772626707592 412
1694435480294 155.5467139415345 413
1694435480312 155.51570784046055 414
1694435480329 155.48470796259312 415
1694435480346 155.45371430667163 416
1694435480365 155.4227268714358 417
1694435480382 155.3917456556255 418
1694435480398 155.3607706579809 419
1694435480415 155.32980187724243 420
1694435480432 155.29883931215082 421
1694435480448 155.26788296144701 422
1694435480465 155.23693282387217 423
1694435480481 155.20598889816787 424
1694435480497 155.1750511830758 425
1694435480515 155.14411967733793 426
1694435480531 155.11319437969652 427
1694435480549 155.08227528889407 428
1694435480567 155.05136240367338 429
1694435480584 155.0204557227775 430
1694435480600 154.9895552449497 431
1694435480617 154.95866096893351 432
1694435480633 154.9277728934728 433
1694435480650 154.8968910173115 434
1694435480667 154.8660153391941 435
1694435480686 154.83514585786506 436
1694435480706 154.80428257206927 437
1694435480724 154.77342548055185 438
1694435480740 154.74257458205815 439
1694435480757 154.71172987533376 440
1694435480777 154.6808913591246 441
1694435480793 154.6500590321768 442
1694435480810 154.6192328932367 443
1694435480826 154.58841294105102 444
1694435480842 154.55759917436666 445
1694435480859 154.52679159193076 446
1694435480877 154.49599019249078 447
1694435480893 154.46519497479431 448
1694435480909 154.43440593758945 449
1694435480926 154.4036230796243 450
1694435480943 154.3728463996474 451
1694435480959 154.34207589640732 452
1694435480977 154.31131156865322 453
1694435480994 154.2805534151342 454
1694435481011 154.24980143459976 455
1694435481028 154.21905562579974 456
1694435481044 154.1883159874841 457
1694435481061 154.15758251840305 458
1694435481079 154.12685521730714 459
1694435481095 154.09613408294723 460
1694435481112 154.06541911407427 461
1694435481129 154.03471030943956 462
1694435481148 154.0040076677947 463
1694435481165 153.97331118789148 464
1694435481182 153.94262086848192 465
1694435481198 153.9119367083184 466
1694435481215 153.88125870615346 467
1694435481232 153.85058686073995 468
1694435481250 153.819921170831 469
1694435481269 153.78926163517994 470
1694435481290 153.75860825254037 471
1694435481307 153.72796102166615 472
1694435481323 153.69731994131143 473
1694435481339 153.66668501023054 474
1694435481356 153.63605622717816 475
1694435481375 153.60543359090917 476
1694435481393 153.5748171001787 477
1694435481409 153.54420675374215 478
1694435481426 153.51360255035527 479
1694435481443 153.48300448877384 480
1694435481459 153.45241256775415 481
1694435481478 153.42182678605258 482
1694435481495 153.3912471424258 483
1694435481512 153.3606736356308 484
1694435481529 153.33010626442476 485
1694435481546 153.29954502756513 486
1694435481562 153.2689899238096 487
1694435481581 153.23844095191617 488
1694435481598 153.20789811064304 489
1694435481614 153.17736139874876 490
1694435481630 153.14683081499197 491
1694435481647 153.11630635813168 492
1694435481663 153.08578802692716 493
1694435481682 153.0552758201379 494
1694435481699 153.02476973652367 495
1694435481716 152.99426977484447 496
1694435481732 152.96377593386063 497
1694435481749 152.93328821233254 498
1694435481766 152.90280660902113 499
