1694429628958 172.27168136041607 0
1694429628976 165.05131705816552 1
1694429628993 174.86906907330436 2
1694429629009 159.02080268130717 3
1694429629025 161.42794208671123 4
1694429629041 160.2715072708709 5
1694429629058 153.3990271976824 6
1694429629075 154.12601952912837 7
1694429629092 154.9388759893515 8
1694429629109 150.32300080876627 9
1694429629125 145.30000783273732 10
1694429629141 146.17532383327168 11
1694429629158 145.32356673347797 12
1694429629174 148.98875534596118 13
1694429629191 142.70027776931943 14
1694429629207 132.12714970808503 15
1694429629223 130.50721132434 16
1694429629240 135.31736248221955 17
1694429629257 133.4441717550728 18
1694429629274 133.34335686379794 19
1694429629291 130.28994863228652 20
1694429629309 126.25339084281624 21
1694429629327 126.51937534807226 22
1694429629347 125.19078263956261 23
1694429629366 121.22904203443476 24
1694429629384 113.13821323151114 25
1694429629403 112.41218795268477 26
1694429629420 118.36653141623741 27
1694429629438 119.95009679564002 28
1694429629457 117.86343174791152 29
1694429629477 120.38719241938568 30
1694429629496 108.08511617615632 31
1694429629516 108.7274547286934 32
1694429629536 110.44933160146105 33
1694429629556 111.99789891417628 34
1694429629573 107.1877712828655 35
1694429629592 113.15635465462508 36
1694429629608 103.08519213894786 37
1694429629625 101.83578443504338 38
1694429629643 100.45899954279415 39
1694429629660 101.18293725581202 40
1694429629676 97.93337861900669 41
1694429629693 91.84722398343108 42
1694429629710 97.68884648131355 43
1694429629727 87.97010823230026 44
1694429629742 97.6485098285002 45
1694429629759 92.09221145021765 46
1694429629777 90.82062960036895 47
1694429629793 90.2175935019354 48
1694429629810 89.3737541348677 49
1694429629826 88.49377823128455 50
1694429629843 84.78339647912723 51
1694429629860 87.1706971248589 52
1694429629876 79.82344936219629 53
1694429629893 79.9319227237232 54
1694429629909 83.07186011825522 55
1694429629924 84.41481098964228 56
1694429629941 76.2424146806869 57
1694429629959 78.70998536375158 58
1694429629976 80.66479813045773 59
1694429629992 79.04426721832611 60
1694429630008 70.80830700595469 61
1694429630024 74.92902372010076 62
1694429630040 76.44262309441952 63
1694429630057 74.13124528619714 64
1694429630074 71.62516139719934 65
1694429630092 67.83050375351972 66
1694429630116 69.66338990456242 67
1694429630136 72.58523510733083 68
1694429630152 68.76860450954507 69
1694429630170 70.22823954254628 70
1694429630187 65.74041599005098 71
1694429630202 64.34289700865922 72
1694429630218 67.11035371273574 73
1694429630234 58.93029173089209 74
1694429630251 63.29907933219594 75
1694429630268 61.234834234124904 76
1694429630284 58.179506870350224 77
1694429630302 60.22483120728288 78
1694429630319 56.40523163340684 79
1694429630334 59.889147248473876 80
1694429630351 60.41836090718375 81
1694429630367 60.570786537316145 82
1694429630386 54.802952811802065 83
1694429630404 56.13340025154217 84
1694429630422 54.47835933013748 85
1694429630438 53.85810582110566 86
1694429630455 51.98544616750822 87
1694429630471 52.792269480231475 88
1694429630487 53.0666072263229 89
1694429630503 53.08637204088449 90
1694429630519 53.0724613696927 91
1694429630536 54.27292848468476 92
1694429630552 49.00921537343222 93
1694429630570 48.41572876365285 94
1694429630586 49.2773711711754 95
1694429630602 49.7824476152998 96
1694429630618 49.682887521746515 97
1694429630635 48.209210475046476 98
1694429630651 46.52007698205151 99
1694429630668 45.70010871547443 100
1694429630685 46.71270933096537 101
1694429630702 44.01459150262938 102
1694429630718 45.30782218061977 103
1694429630735 43.47399218139916 104
1694429630752 44.23134756920977 105
1694429630769 40.392266107045245 106
1694429630786 43.36199576360213 107
1694429630803 39.651458170378895 108
1694429630819 40.63578112895476 109
1694429630835 39.56156684574854 110
1694429630852 41.24894294241881 111
1694429630868 37.46597467706729 112
1694429630886 38.59375488713577 113
1694429630902 37.221158781183284 114
1694429630918 39.44654914252464 115
1694429630935 35.997337069535334 116
1694429630951 36.542674913102424 117
1694429630969 35.80480394040078 118
1694429630987 34.69640490520866 119
1694429631003 35.39966605017641 120
1694429631019 34.61342353184636 121
1694429631035 33.91870053643679 122
1694429631051 34.41455796624661 123
1694429631068 33.37891269552088 124
1694429631084 31.368901126405984 125
1694429631101 32.602164619055046 126
1694429631117 33.65881702081975 127
1694429631134 30.983246998829536 128
1694429631150 30.548506065028853 129
1694429631167 30.295875797516153 130
1694429631184 30.93515286204954 131
1694429631203 33.838606134211446 132
1694429631219 27.976666961065668 133
1694429631236 29.971897170272346 134
1694429631252 31.099523359419816 135
1694429631269 30.745654254210823 136
1694429631285 30.814047306680312 137
1694429631302 28.54710547941024 138
1694429631318 27.79655048853042 139
1694429631334 27.559854587184372 140
1694429631350 26.993745722868006 141
1694429631367 28.20505556508366 142
1694429631384 27.16115064732361 143
1694429631401 27.733510589326215 144
1694429631417 23.4601384067326 145
1694429631434 24.75204309910891 146
1694429631450 25.047185820879953 147
1694429631467 23.553792187875302 148
1694429631484 26.366395321143408 149
1694429631500 24.730043571563844 150
1694429631517 24.13407427060255 151
1694429631534 23.02591082880877 152
1694429631552 21.977994680324258 153
1694429631569 23.280279405880613 154
1694429631585 24.077519450685774 155
1694429631603 23.149035934595087 156
1694429631619 22.93328781974819 157
1694429631637 21.22635403659529 158
1694429631653 22.981306894160774 159
1694429631670 20.38554909795017 160
1694429631687 21.542639298619626 161
1694429631703 21.138625938015593 162
1694429631720 21.07457347141073 163
1694429631736 21.010003890631584 164
1694429631753 21.53966575488148 165
1694429631770 19.45705983041904 166
1694429631787 20.155227797717163 167
1694429631804 20.140287212081954 168
1694429631821 19.841542849632788 169
1694429631837 18.43186680164314 170
1694429631855 19.214874461042605 171
1694429631873 19.944168738899087 172
1694429631893 18.53021769126841 173
1694429631911 17.934256427651885 174
1694429631927 18.51779807080283 175
1694429631944 18.414736266779528 176
1694429631961 16.46867041659659 177
1694429631979 17.29244571224427 178
1694429631996 18.87785829203721 179
1694429632016 17.508068836985064 180
1694429632034 16.111063167800136 181
1694429632050 16.668527485328845 182
1694429632067 16.317443165549562 183
1694429632083 16.878257992866242 184
1694429632101 15.116856434668394 185
1694429632118 15.056697934958574 186
1694429632134 16.67264124969706 187
1694429632150 14.12403781496862 188
1694429632167 14.977116285577097 189
1694429632185 15.335770549369569 190
1694429632202 15.338306925606148 191
1694429632217 14.88967851943067 192
1694429632234 13.289565869244447 193
1694429632250 14.284740954655817 194
1694429632266 16.10209438474407 195
1694429632283 13.454294855119938 196
1694429632300 13.544572216284694 197
1694429632316 13.704856399316004 198
1694429632332 13.918828305785196 199
1694429632348 13.051503259212494 200
1694429632365 13.889629727220482 201
1694429632382 12.90761179981641 202
1694429632399 13.489919573516783 203
1694429632416 13.14099021921937 204
1694429632432 12.424212291560371 205
1694429632449 13.311635711993286 206
1694429632464 12.045321319876013 207
1694429632481 11.821231145392511 208
1694429632498 13.064112773443432 209
1694429632515 11.371866506904555 210
1694429632531 11.58272220235373 211
1694429632547 12.064779891578139 212
1694429632562 13.014380318357343 213
1694429632579 10.196633425120893 214
1694429632595 11.900395561715921 215
1694429632612 11.926984326465444 216
1694429632628 10.563549868328538 217
1694429632645 11.431754453770491 218
1694429632663 11.496298929518435 219
1694429632680 10.517551607704096 220
1694429632698 10.623025646389323 221
1694429632715 10.718268790153457 222
1694429632732 10.204026987217317 223
1694429632748 8.74946064296184 224
1694429632764 9.811024657266941 225
1694429632781 9.94111990495067 226
1694429632798 8.933247323432763 227
1694429632815 8.609597184018394 228
1694429632831 9.461102479965733 229
1694429632848 10.234692061229762 230
1694429632864 7.846839653824184 231
1694429632882 8.75549950147152 232
1694429632899 9.656171444897312 233
1694429632916 8.931062684391906 234
1694429632932 8.860487862975035 235
1694429632948 9.13631333277875 236
1694429632964 9.156632719398052 237
1694429632981 8.692759721605242 238
1694429632999 7.946219455313394 239
1694429633015 8.153717116002897 240
1694429633032 8.315929799389975 241
1694429633048 8.600714370645319 242
1694429633064 8.145746277286431 243
1694429633080 8.746944590121302 244
1694429633098 7.992870526738685 245
1694429633115 7.487084654496316 246
1694429633132 7.4884726169463836 247
1694429633148 9.161349654969518 248
1694429633164 7.6473562113167945 249
1694429633183 7.402957803261105 250
1694429633202 7.5605486924359155 251
1694429633220 6.669723461010579 252
1694429633236 7.449766492419475 253
1694429633252 7.432671351436114 254
1694429633269 7.525143309331102 255
1694429633285 7.095829266581363 256
1694429633303 6.431342608616972 257
1694429633318 6.035830655391364 258
1694429633335 6.8051668078640555 259
1694429633351 6.354236672058309 260
1694429633367 6.697412717505708 261
1694429633384 7.041754157326106 262
1694429633401 6.71709355708279 263
1694429633418 6.687400126045418 264
1694429633434 6.201987922151675 265
1694429633451 6.239909772866244 266
1694429633466 6.407392023889862 267
1694429633483 6.030145178315455 268
1694429633500 5.86530514643789 269
1694429633516 6.878230200091451 270
1694429633533 5.512011202238874 271
1694429633548 5.3661852758857576 272
1694429633564 6.429372395421001 273
1694429633580 5.729765802310367 274
1694429633598 6.832138847071893 275
1694429633614 5.680844447083237 276
1694429633630 5.8897435320867 277
1694429633646 6.025495975266545 278
1694429633663 5.417518562357766 279
1694429633680 5.819450803288596 280
1694429633697 5.503473489868523 281
1694429633714 6.091122967669747 282
1694429633731 5.693396252869541 283
1694429633747 4.244183498368185 284
1694429633763 4.715837932258345 285
1694429633780 5.2185666843920515 286
1694429633797 5.182011982876579 287
1694429633815 4.63816096778622 288
1694429633831 4.899059175072817 289
1694429633849 6.120453463014565 290
1694429633866 4.885386823718185 291
1694429633883 4.7757072796434334 292
1694429633900 4.156777910579946 293
1694429633917 4.259598672638008 294
1694429633933 5.071435139653358 295
1694429633950 4.383862104830979 296
1694429633965 3.972482061930266 297
1694429633982 3.787000416369673 298
1694429633999 4.2203755828272245 299
1694429634015 4.243847251781633 300
1694429634032 4.493999887267379 301
1694429634047 4.619920959106167 302
1694429634063 4.296355622857407 303
1694429634080 3.355090145660457 304
1694429634097 4.513466980295263 305
1694429634114 4.537118460271029 306
1694429634131 3.8146905085624248 307
1694429634147 3.838355685864493 308
1694429634163 3.6239056042025304 309
1694429634180 4.220372193113321 310
1694429634198 4.3277708901755405 311
1694429634214 4.432264680779745 312
1694429634230 3.799651251071382 313
1694429634246 3.5333480208664274 314
1694429634262 4.2952465201556365 315
1694429634278 3.7830588990992164 316
1694429634296 3.7043172324131866 317
1694429634313 3.6916193030733004 318
1694429634329 3.8419846329517595 319
1694429634345 3.8738755571484917 320
1694429634362 3.7688400800110307 321
1694429634379 3.531599688660678 322
1694429634397 3.368399160856014 323
1694429634414 3.2190563614617496 324
1694429634430 3.4240582464403633 325
1694429634447 3.063536909528468 326
1694429634462 3.764693518470399 327
1694429634479 3.552335244132596 328
1694429634496 3.159570242275877 329
1694429634513 3.4922978362734978 330
1694429634529 3.3520180507131316 331
1694429634544 3.0984526604092766 332
1694429634560 3.1747303625380603 333
1694429634577 3.381085412659722 334
1694429634594 2.8881932160560946 335
1694429634611 2.602641458530777 336
1694429634627 3.1884682094468917 337
1694429634643 3.269664265352142 338
1694429634660 2.954975502856754 339
1694429634677 2.8717866333912707 340
1694429634694 2.8394594847879113 341
1694429634711 2.7102843631389533 342
1694429634727 2.7173665894555827 343
1694429634743 3.417826997924118 344
1694429634760 2.7817261774690594 345
1694429634776 2.607541320497769 346
1694429634793 3.0207031752713 347
1694429634810 2.4822341186349273 348
1694429634826 2.3937221417290195 349
1694429634842 2.399480698443217 350
1694429634859 2.5673844258058347 351
1694429634875 2.0377692940794496 352
1694429634894 2.5360001819905458 353
1694429634911 2.747646082531808 354
1694429634927 2.3030642777288617 355
1694429634943 2.4790842025901396 356
1694429634960 2.191202526546622 357
1694429634977 2.4485287618491123 358
1694429634993 2.6358445562135198 359
1694429635010 2.9135423141241383 360
1694429635027 1.9880790711920062 361
1694429635044 2.518412053723361 362
1694429635059 2.2375023942404106 363
1694429635076 1.961077700937308 364
1694429635093 2.3208661588012545 365
1694429635110 2.2495919055999902 366
1694429635126 2.220814503917256 367
1694429635142 1.9912618596435847 368
1694429635159 2.3815420502640565 369
1694429635176 2.8120658356579304 370
1694429635193 2.0927097044270395 371
1694429635210 2.2117247320835824 372
1694429635226 2.7079086320657764 373
1694429635242 2.153199193169151 374
1694429635259 2.107014899425149 375
1694429635275 2.3464130510793733 376
1694429635291 2.830523309049603 377
1694429635308 2.0544135082688793 378
1694429635324 1.6621032606469437 379
1694429635340 1.8781045927067725 380
1694429635358 1.8201199131643115 381
1694429635373 1.7113671504785954 382
1694429635390 1.9002932655409868 383
1694429635407 1.954449964378097 384
1694429635423 1.8618896235299456 385
1694429635440 2.048336084827373 386
1694429635457 1.8379670372159869 387
1694429635473 1.8571865758438135 388
1694429635490 2.221516306898121 389
1694429635506 1.70754220242356 390
1694429635523 1.8958464034653206 391
1694429635539 1.8017913832853119 392
1694429635556 1.6438402281906732 393
1694429635573 1.8142634849625616 394
1694429635591 1.6495972298350352 395
1694429635608 2.0437265573853662 396
1694429635623 1.7007086957543538 397
1694429635640 2.0650641053514676 398
1694429635656 1.9078939636136822 399
1694429635672 1.698133876842523 400
1694429635689 2.0260885579403287 401
1694429635706 1.527396834093526 402
1694429635723 2.0594691218327323 403
1694429635739 1.2569810994087405 404
1694429635756 1.6509313027008232 405
1694429635773 1.622086834237806 406
1694429635789 1.5296826116594249 407
1694429635805 1.720853783923516 408
1694429635823 1.2818996346631824 409
1694429635839 1.1629111245183643 410
1694429635855 1.6994705783367456 411
1694429635872 1.2117285962556 412
1694429635888 1.3679361654039233 413
1694429635905 1.4765855921177422 414
1694429635922 1.3720751995475469 415
1694429635939 1.5782641284327907 416
1694429635956 1.9137233761457266 417
1694429635972 1.3244966751757377 418
1694429635988 1.3669044475813543 419
1694429636006 1.4647912673240737 420
1694429636022 1.3612285125680046 421
1694429636038 1.0903267304582844 422
1694429636054 1.4233205923519674 423
1694429636070 1.3895054121880663 424
1694429636086 1.4774389694049401 425
1694429636104 1.4818144626158358 426
1694429636120 1.3168551631334287 427
1694429636137 1.2964858794821221 428
1694429636154 1.4626369360040705 429
1694429636171 1.5300498448306397 430
1694429636187 1.247706958922976 431
1694429636203 1.2760275616495826 432
1694429636220 1.128046888611086 433
1694429636236 1.3170724648148633 434
1694429636253 1.5392398457769638 435
1694429636269 1.3495602895779364 436
1694429636285 1.2374162118723382 437
1694429636302 1.270988270922675 438
1694429636320 0.8850906551824915 439
1694429636336 1.5553927052608387 440
1694429636353 1.4801104062957389 441
1694429636369 1.2288785158122235 442
1694429636386 1.1410516754906619 443
1694429636403 1.0387946783406334 444
1694429636420 1.3291772060133884 445
1694429636436 1.1689253963678834 446
1694429636452 1.2570315337109947 447
1694429636468 1.5114214680925886 448
1694429636485 1.2935408317327115 449
1694429636501 0.9139385181095614 450
1694429636518 1.4944782182607228 451
1694429636535 1.147985306988607 452
1694429636551 1.0898292999279282 453
1694429636567 1.556146179838531 454
1694429636583 1.07474648186385 455
1694429636600 0.9842710994581745 456
1694429636617 1.0754072198956452 457
1694429636633 1.116988814691442 458
1694429636649 1.2058655876632085 459
1694429636666 0.9698016537465948 460
1694429636684 0.755180092417716 461
1694429636700 1.1685412610303836 462
1694429636718 1.1590966447292785 463
1694429636734 1.2670051158801667 464
1694429636751 1.6754728816394822 465
1694429636767 1.1312470000137502 466
1694429636784 0.9243029282660868 467
1694429636800 0.8799719392564772 468
1694429636818 0.9219306989067233 469
1694429636834 1.0025726809068753 470
1694429636850 1.0067384364990744 471
1694429636866 1.235722869042278 472
1694429636883 1.1258200980046105 473
1694429636898 1.072507550883532 474
1694429636915 1.183261126756868 475
1694429636933 1.0553873271342955 476
1694429636949 0.7933074889200445 477
1694429636965 0.9753593721381184 478
1694429636981 0.8999170835028476 479
1694429636997 0.91061699863529 480
1694429637013 1.0499738041518676 481
1694429637030 0.6953194653676603 482
1694429637046 0.8542932905687041 483
1694429637062 0.8010449605442658 484
1694429637078 0.6658911924504257 485
1694429637095 0.7439854996440057 486
1694429637111 1.0686524814894554 487
1694429637128 0.8846154649435475 488
1694429637145 0.912688012116949 489
1694429637161 0.7349258203267687 490
1694429637177 0.7360487482135261 491
1694429637194 1.0501777662349534 492
1694429637210 0.8753416758587454 493
1694429637228 1.2166413467655874 494
1694429637243 0.6007952345592102 495
1694429637260 1.0257866207362167 496
1694429637276 0.9525268520639106 497
1694429637292 1.1005328225823174 498
1694429637308 0.9480104604821157 499
