1694432597054 168.04251114547273 0
1694432597071 164.702821305239 1
1694432597087 162.08863967401285 2
1694432597104 159.5149696826076 3
1694432597120 156.9825130204934 4
1694432597137 154.490598605297 5
1694432597153 152.03856928939769 6
1694432597170 149.62577882795588 7
1694432597186 147.25159169526756 8
1694432597205 144.91538289871437 9
1694432597222 142.61653779622824 10
1694432597238 140.3544519171815 11
1694432597254 138.1285307866303 12
1694432597269 135.93818975284066 13
1694432597285 133.78285381802792 14
1694432597302 131.6619574722419 15
1694432597319 129.57494453033274 16
1694432597335 127.52126797193193 17
1694432597353 125.50038978438758 18
1694432597368 123.51178080859108 19
1694432597385 121.55492058763687 20
1694432597401 119.62929721825608 21
1694432597419 117.7344072049679 22
1694432597435 115.86975531689242 23
1694432597451 114.03485444717145 24
1694432597467 112.22922547494409 25
1694432597484 110.45239712982489 26
1694432597501 108.70390585883501 27
1694432597517 106.98329569573639 28
1694432597533 105.29011813272082 29
1694432597549 103.62393199440712 30
1694432597566 101.98430331410029 31
1694432597582 100.37080521226753 32
1694432597600 98.78301777718758 33
1694432597617 97.22052794773005 34
1694432597635 95.68292939822328 35
1694432597655 94.1698224253693 36
1694432597673 92.68081383716594 37
1694432597691 91.21551684379723 38
1694432597707 89.77355095045326 39
1694432597723 88.35454185204252 40
1694432597740 86.95812132975979 41
1694432597757 85.58392714947404 42
1694432597773 84.231602961901 43
1694432597789 82.90079820452635 44
1694432597805 81.59116800524619 45
1694432597821 80.30237308769154 46
1694432597837 79.03407967820527 47
1694432597853 77.78595941443977 48
1694432597870 76.55768925554501 49
1694432597885 75.3489513939164 50
1694432597903 74.15943316847368 51
1694432597919 72.98882697944173 52
1694432597937 71.83683020460502 53
1694432597953 70.70314511700849 54
1694432597970 69.58747880407766 55
1694432597987 68.48954308813151 56
1694432598002 67.40905444826252 57
1694432598018 66.34573394355817 58
1694432598035 65.2993071376395 59
1694432598051 64.27014239363926 60
1694432598069 63.257176934144674 61
1694432598086 62.26028582003367 62
1694432598101 61.279212228035405 63
1694432598117 60.31370404850384 64
1694432598134 59.36351321376419 65
1694432598151 58.428395635166126 66
1694432598167 57.50811113847393 67
1694432598184 56.60242340034321 68
1694432598201 55.711099885853315 69
1694432598222 54.83391178707699 70
1694432598245 53.97063396266926 71
1694432598263 53.12104487845783 72
1694432598279 52.28492654901772 73
1694432598297 51.46206448021304 74
1694432598312 50.65224761268921 75
1694432598329 49.855268266299284 76
1694432598346 49.0709220854482 77
1694432598361 48.299007985339124 78
1694432598377 47.53932809910661 79
1694432598394 46.79168772582102 80
1694432598411 46.05589527934968 81
1694432598426 45.331762238059696 82
1694432598442 44.61910309534832 83
1694432598458 43.91773531098664 84
1694432598474 43.22747926326277 85
1694432598491 42.54815820191083 86
1694432598508 41.87959820181244 87
1694432598525 41.22162811745762 88
1694432598542 40.57407953815208 89
1694432598557 39.93678674395844 90
1694432598573 39.30958666235867 91
1694432598590 38.692318825625975 92
1694432598606 38.08482532889367 93
1694432598623 37.486950788909574 94
1694432598640 36.89854230346437 95
1694432598658 36.31944941148235 96
1694432598673 35.74952405376374 97
1694432598690 35.18862053436733 98
1694432598708 34.636595482622766 99
1694432598726 34.093307815762195 100
1694432598744 33.558618702160345 101
1694432598761 33.03239152517345 102
1694432598776 32.514491847566525 103
1694432598793 32.00478737651945 104
1694432598809 31.50314792920208 105
1694432598825 31.00944539890889 106
1694432598842 30.5235537217439 107
1694432598858 30.045348843846565 108
1694432598874 29.574708689149872 109
1694432598890 29.11151312766147 110
1694432598907 28.65564394425949 111
1694432598923 28.206984807994235 112
1694432598939 27.765421241887516 113
1694432598957 27.330840593221282 114
1694432598974 26.903132004307537 115
1694432598990 26.482186383731474 116
1694432599006 26.067896378060126 117
1694432599023 25.660156344008666 118
1694432599040 25.258862321057023 119
1694432599057 24.86391200450913 120
1694432599072 24.475204718987772 121
1694432599089 24.09264139235764 122
1694432599104 23.716124530069568 123
1694432599121 23.345558189919203 124
1694432599138 22.980847957213086 125
1694432599155 22.62190092033548 126
1694432599170 22.268625646709452 127
1694432599188 21.9209321591457 128
1694432599204 21.578731912572717 129
1694432599220 21.241937771142112 130
1694432599236 20.91046398570275 131
1694432599255 20.584226171638072 132
1694432599271 20.263141287060204 133
1694432599288 19.947127611355178 134
1694432599304 19.63610472407377 135
1694432599321 19.329993484161836 136
1694432599337 19.02871600952505 137
1694432599353 18.732195656922237 138
1694432599369 18.440357002182214 139
1694432599385 18.153125820738637 140
1694432599401 17.870429068477836 141
1694432599417 17.59219486289442 142
1694432599434 17.31835246454973 143
1694432599451 17.048832258828135 144
1694432599467 16.783565737986393 145
1694432599483 16.52248548349122 146
1694432599499 16.265525148640478 147
1694432599515 16.012619441463315 148
1694432599532 15.76370410789476 149
1694432599548 15.518715915220227 150
1694432599564 15.277592635785723 151
1694432599580 15.040273030969189 152
1694432599596 14.806696835409046 153
1694432599613 14.576804741485548 154
1694432599629 14.350538384050884 155
1694432599645 14.127840325404055 156
1694432599662 13.908654040506557 157
1694432599678 13.692923902434957 158
1694432599696 13.480595168066472 159
1694432599712 13.271613963993842 160
1694432599728 13.065927272665826 161
1694432599744 12.863482918749598 162
1694432599760 12.664229555711424 163
1694432599777 12.468116652612226 164
1694432599794 12.275094481114495 165
1694432599810 12.085114102697037 166
1694432599825 11.89812735607441 167
1694432599842 11.714086844817553 168
1694432599859 11.532945925172427 169
1694432599876 11.354658694073581 170
1694432599892 11.17917997734927 171
1694432599909 11.006465318115316 172
1694432599924 10.836470965354398 173
1694432599941 10.669153862677993 174
1694432599958 10.504471637267917 175
1694432599974 10.342382588994575 176
1694432599991 10.182845679709153 177
1694432600007 10.025820522706859 178
1694432600022 9.87126737235852 179
1694432600039 9.719147113907836 180
1694432600055 9.569421253431527 181
1694432600071 9.422051907959858 182
1694432600088 9.277001795755016 183
1694432600104 9.134234226744535 184
1694432600120 8.99371309310764 185
1694432600137 8.855402860011797 186
1694432600153 8.719268556497111 187
1694432600170 8.585275766506225 188
1694432600185 8.453390620057439 189
1694432600202 8.323579784558612 190
1694432600218 8.195810456259712 191
1694432600234 8.070050351841715 192
1694432600250 7.946267700139689 193
1694432600267 7.824431233997926 194
1694432600284 7.70451018225504 195
1694432600300 7.58647426185676 196
1694432600316 7.470293670094666 197
1694432600334 7.355939076968613 198
1694432600349 7.2433816176709 199
1694432600366 7.132592885190391 200
1694432600382 7.023544923034405 201
1694432600398 6.916210218066763 202
1694432600414 6.810561693459937 203
1694432600432 6.706572701759482 204
1694432600449 6.604217018059162 205
1694432600466 6.5034688332846535 206
1694432600483 6.404302747584436 207
1694432600501 6.306693763825919 208
1694432600517 6.2106172811952 209
1694432600534 6.116049088898836 210
1694432600550 6.022965359965899 211
1694432600567 5.93134264514881 212
1694432600582 5.841157866921318 213
1694432600600 5.752388313572078 214
1694432600616 5.665011633392305 215
1694432600633 5.57900582895598 216
1694432600649 5.49434925149117 217
1694432600665 5.411020595341012 218
1694432600682 5.328998892512791 219
1694432600699 5.248263507313914 220
1694432600714 5.168794131073283 221
1694432600731 5.090570776946631 222
1694432600748 5.013573774804634 223
1694432600765 4.93778376620235 224
1694432600781 4.863181699428783 225
1694432600798 4.789748824635204 226
1694432600814 4.717466689041016 227
1694432600830 4.646317132215964 228
1694432600846 4.576282281437348 229
1694432600863 4.507344547121225 230
1694432600880 4.439486618326218 231
1694432600895 4.372691458328945 232
1694432600912 4.3069423002697995 233
1694432600928 4.242222642868049 234
1694432600944 4.1785162462050955 235
1694432600961 4.115807127574802 236
1694432600978 4.054079557399853 237
1694432600995 3.9933180552130945 238
1694432601011 3.9335073857027947 239
1694432601029 3.87463255482078 240
1694432601045 3.8166788059524968 241
1694432601064 3.7596316161480225 242
1694432601081 3.703476692412974 243
1694432601097 3.648199968058419 244
1694432601113 3.593787599108856 245
1694432601130 3.5402259607673012 246
1694432601146 3.4875016439365742 247
1694432601163 3.435601451795967 248
1694432601178 3.3845123964322497 249
1694432601197 3.3342216955243216 250
1694432601213 3.2847167690805583 251
1694432601228 3.2359852362279926 252
1694432601244 3.188014912052621 253
1694432601260 3.1407938044898587 254
1694432601277 3.0943101112644915 255
1694432601294 3.048552216879251 256
1694432601310 3.0035086896512615 257
1694432601326 2.9591682787955818 258
1694432601342 2.9155199115551356 259
1694432601358 2.872552690376241 260
1694432601375 2.8302558901290444 261
1694432601392 2.7886189553721055 262
1694432601408 2.7476314976605103 263
1694432601424 2.7072832928966974 264
1694432601441 2.667564278723451 265
1694432601458 2.628464551958285 266
1694432601474 2.5899743660686076 267
1694432601491 2.5520841286870133 268
1694432601507 2.51478439916605 269
1694432601523 2.4780658861718488 270
1694432601541 2.4419194453159765 271
1694432601556 2.40633607682495 272
1694432601573 2.371306923246718 273
1694432601590 2.336823267193646 274
1694432601608 2.302876529121322 275
1694432601624 2.2694582651426565 276
1694432601640 2.23656016487672 277
1694432601656 2.204174049331762 278
1694432601672 2.1722918688218162 279
1694432601689 2.1409057009164427 280
1694432601706 2.11000774842305 281
1694432601722 2.0795903374012163 282
1694432601738 2.0496459152085857 283
1694432601755 2.0201670485778145 284
1694432601772 1.9911464217240122 285
1694432601788 1.9625768344823138 286
1694432601804 1.934451200474961 287
1694432601820 1.9067625453075363 288
1694432601837 1.879504004793839 289
1694432601852 1.8526688232089321 290
1694432601869 1.8262503515699584 291
1694432601885 1.800242045944243 292
1694432601902 1.774666239375484 293
1694432601918 1.7494540520085544 294
1694432601933 1.7246679960290288 295
1694432601949 1.7002321170738148 296
1694432601966 1.6762111944756284 297
1694432601983 1.6525594401999222 298
1694432601999 1.629242658869106 299
1694432602016 1.606326106523404 300
1694432602032 1.5837607999090983 301
1694432602048 1.5615111207079495 302
1694432602064 1.53964752918545 303
1694432602081 1.5180817069009205 304
1694432602098 1.4968919180612295 305
1694432602113 1.476025559107559 306
1694432602130 1.4554454232326712 307
1694432602145 1.435228295642416 308
1694432602162 1.415318844649753 309
1694432602179 1.3956786577607811 310
1694432602196 1.3763889683391788 311
1694432602213 1.3573512502185607 312
1694432602229 1.338655024275909 313
1694432602246 1.320242045079986 314
1694432602262 1.3020726471292603 315
1694432602278 1.2842332193383834 316
1694432602295 1.2666631894949043 317
1694432602311 1.2493218725838025 318
1694432602327 1.232299454956497 319
1694432602344 1.2155332427120769 320
1694432602360 1.1989816021115285 321
1694432602377 1.1827382727972975 322
1694432602393 1.1667385809203765 323
1694432602410 1.1509400112281913 324
1694432602425 1.135439625786869 325
1694432602441 1.120170904733375 326
1694432602457 1.105090514751718 327
1694432602473 1.0902986220555053 328
1694432602490 1.075726987302428 329
1694432602506 1.061331519000087 330
1694432602523 1.047215281170509 331
1694432602538 1.0333084345138315 332
1694432602555 1.019566185872072 333
1694432602571 1.0060943020533821 334
1694432602588 0.992821456675413 335
1694432602604 0.979702208226677 336
1694432602621 0.9668448420073189 337
1694432602637 0.9541766511285668 338
1694432602653 0.9416515960070682 339
1694432602669 0.9293803063105708 340
1694432602687 0.9172887952507344 341
1694432602704 0.9053304725832778 342
1694432602720 0.8936181478590491 343
1694432602736 0.8820766493407332 344
1694432602755 0.8706588808147575 345
1694432602771 0.8594796763679245 346
1694432602789 0.8484627689050379 347
1694432602804 0.8375605983593343 348
1694432602820 0.8268898766668363 349
1694432602837 0.8163733258877235 350
1694432602853 0.8060187610091595 351
1694432602869 0.7957668874810732 352
1694432602885 0.7857383581055364 353
1694432602901 0.7758535852667013 354
1694432602917 0.7660635058684941 355
1694432602933 0.7564903104291387 356
1694432602950 0.7470536206980074 357
1694432602966 0.7377040547028972 358
1694432602982 0.7285651872358373 359
1694432602998 0.7195559172308382 360
1694432603014 0.7106850543526984 361
1694432603032 0.7018910588056675 362
1694432603048 0.6933008337159439 363
1694432603064 0.6848313274317375 364
1694432603081 0.676431961986389 365
1694432603098 0.6682307423815629 366
1694432603113 0.6601440781314376 367
1694432603129 0.6521211916360707 368
1694432603145 0.6442910638884144 369
1694432603161 0.6365696191761845 370
1694432603178 0.6289664737066933 371
1694432603195 0.62141836635954 372
1694432603211 0.614057100172387 373
1694432603227 0.6067969447831418 374
1694432603243 0.5995861787513095 375
1694432603259 0.5925573470432142 376
1694432603274 0.5856243877800427 377
1694432603292 0.5787974343953336 378
1694432603308 0.5720120647044776 379
1694432603324 0.5654033194818785 380
1694432603340 0.5588836740346343 381
1694432603358 0.5524006272665792 382
1694432603375 0.5460897298834186 383
1694432603391 0.5398632601072471 384
1694432603408 0.5337317970507772 385
1694432603423 0.5276299589729722 386
1694432603440 0.5216955071594633 387
1694432603456 0.5158394243858375 388
1694432603472 0.5100085727742023 389
1694432603489 0.5043410208356615 390
1694432603505 0.49874767146043786 391
1694432603521 0.4932394865302454 392
1694432603537 0.4877503001334533 393
1694432603552 0.4824201423119626 394
1694432603570 0.47715876630990745 395
1694432603587 0.47197739673196604 396
1694432603605 0.4668091730746757 397
1694432603620 0.4617959456637108 398
1694432603637 0.4568464168141087 399
1694432603654 0.45190645377972605 400
1694432603669 0.447117919592961 401
1694432603687 0.44238960814430883 402
1694432603703 0.4377330369776384 403
1694432603720 0.43308081874767507 404
1694432603737 0.42857641605305147 405
1694432603753 0.424127686538254 406
1694432603768 0.419746364099943 407
1694432603786 0.415364498519721 408
1694432603802 0.4111270356867335 409
1694432603818 0.406940979513021 410
1694432603834 0.40275147835270664 411
1694432603850 0.3987032529786647 412
1694432603866 0.39470353684560655 413
1694432603882 0.3907642834972936 414
1694432603900 0.38681722236675475 415
1694432603915 0.38300838184438274 416
1694432603932 0.3792442306254279 417
1694432603950 0.37553690081546937 418
1694432603966 0.37181766442134156 419
1694432603983 0.3682337616951504 420
1694432603999 0.36469096581110205 421
1694432604015 0.36120157319364626 422
1694432604031 0.3576964416272614 423
1694432604047 0.3543239151604909 424
1694432604063 0.35098913572280777 425
1694432604079 0.34770455082464613 426
1694432604097 0.3444006439682649 427
1694432604113 0.3412267629380903 428
1694432604129 0.33808747787382093 429
1694432604145 0.3349269000967582 430
1694432604162 0.3318938139523974 431
1694432604178 0.3288932163199094 432
1694432604196 0.32593767124401224 433
1694432604212 0.32295763738007016 434
1694432604229 0.3201027915298926 435
1694432604245 0.31727761083723244 436
1694432604262 0.3144947847685931 437
1694432604278 0.31168446536830086 438
1694432604295 0.3089971554791858 439
1694432604310 0.30633686268827126 440
1694432604326 0.303716391501224 441
1694432604343 0.30106561859603537 442
1694432604359 0.2985357945180155 443
1694432604375 0.2960305038420426 444
1694432604391 0.29356265647716195 445
1694432604408 0.29106188256207544 446
1694432604423 0.28868010793227095 447
1694432604440 0.28632053712335165 448
1694432604457 0.2839961765090904 449
1694432604473 0.28163643626813356 450
1694432604489 0.27939385062777616 451
1694432604507 0.2771712837356461 452
1694432604524 0.2749121674830216 453
1694432604540 0.27276819438065936 454
1694432604557 0.2706428167481342 455
1694432604573 0.2685490713897297 456
1694432604590 0.2664165843826262 457
1694432604606 0.26439760004059687 458
1694432604623 0.26239525098509364 459
1694432604639 0.2604226551740063 460
1694432604655 0.25840925433998985 461
1694432604671 0.2565078031819968 462
1694432604688 0.2546211486282276 463
1694432604705 0.2527624827000476 464
1694432604721 0.25086108389974004 465
1694432604737 0.24907016420831896 466
1694432604753 0.2472923163716598 467
1694432604769 0.24554079990527072 468
1694432604785 0.24374474950361819 469
1694432604802 0.2420577854687651 470
1694432604819 0.24038227537604262 471
1694432604835 0.23873154015191925 472
1694432604850 0.23703458853417414 473
1694432604867 0.23544540403597147 474
1694432604883 0.2338661557515961 475
1694432604901 0.23231022038808224 476
1694432604917 0.2307064971181863 477
1694432604932 0.22920929113600144 478
1694432604949 0.22772059758680974 479
1694432604965 0.22625384374944987 480
1694432604981 0.22473783426819396 481
1694432604998 0.22332715781477222 482
1694432605014 0.2219236581136606 483
1694432605031 0.22054080819931077 484
1694432605047 0.21910733196610854 485
1694432605062 0.21777806645132697 486
1694432605078 0.21645472462607943 487
1694432605097 0.21515082082970768 488
1694432605114 0.21379501081791683 489
1694432605130 0.21254234775294037 490
1694432605145 0.21129443279256988 491
1694432605161 0.21006481747047848 492
1694432605177 0.20878210093184857 493
1694432605193 0.20760152289007952 494
1694432605210 0.2064245900264983 495
1694432605226 0.20519427768204376 496
1694432605243 0.20406468809866185 497
1694432605259 0.20293808692402512 498
1694432605274 0.20182796305178657 499
