1694429351863 164.43076301849106 0
1694429351882 164.10182654459317 1
1694429351898 163.83925655813968 2
1694429351914 163.57710168115082 3
1694429351929 163.31537491630817 4
1694429351946 163.05407555337646 5
1694429351962 162.79320288616069 6
1694429351978 162.53275620964385 7
1694429351995 162.27273481998552 8
1694429352012 162.01313801451985 9
1694429352028 161.7539650917535 10
1694429352043 161.49521535136384 11
1694429352059 161.23688809419687 12
1694429352075 160.97898262226516 13
1694429352091 160.72149823874605 14
1694429352109 160.46443424797963 15
1694429352125 160.2077899554666 16
1694429352143 159.95156466786656 17
1694429352159 159.695757692996 18
1694429352180 159.4403683398262 19
1694429352200 159.18539591848128 20
1694429352221 158.93083974023662 21
1694429352240 158.67669911751636 22
1694429352260 158.42297336389188 23
1694429352280 158.1696617940797 24
1694429352299 157.91676372393957 25
1694429352318 157.6642784704725 26
1694429352338 157.41220535181893 27
1694429352356 157.16054368725662 28
1694429352376 156.90929279719904 29
1694429352395 156.6584520031931 30
1694429352410 156.40802062791747 31
1694429352428 156.15799799518058 32
1694429352445 155.90838342991879 33
1694429352462 155.65917625819432 34
1694429352479 155.41037580719353 35
1694429352495 155.16198140522494 36
1694429352511 154.91399238171735 37
1694429352528 154.66640806721793 38
1694429352548 154.4192277933903 39
1694429352567 154.17245089301275 40
1694429352584 153.92607669997628 41
1694429352602 153.68010454928276 42
1694429352618 153.434533777043 43
1694429352634 153.18936372047492 44
1694429352654 152.94459371790165 45
1694429352671 152.70022310874973 46
1694429352687 152.4562512335472 47
1694429352704 152.21267743392173 48
1694429352722 151.96950105259876 49
1694429352741 151.72672143339972 50
1694429352760 151.4843379212401 51
1694429352778 151.24234986212764 52
1694429352796 151.00075660316043 53
1694429352812 150.7595574925252 54
1694429352830 150.51875187949534 55
1694429352847 150.2783391144292 56
1694429352862 150.03831854876802 57
1694429352879 149.7986895350345 58
1694429352896 149.5594514268306 59
1694429352911 149.32060357883594 60
1694429352926 149.0821453468058 61
1694429352943 148.8440760875695 62
1694429352960 148.6063951590285 63
1694429352975 148.36910192015455 64
1694429352994 148.13219573098795 65
1694429353010 147.89567595263574 66
1694429353026 147.65954194726984 67
1694429353041 147.42379307812536 68
1694429353058 147.1884287094987 69
1694429353073 146.95344820674586 70
1694429353090 146.7188509362805 71
1694429353106 146.4846362655723 72
1694429353122 146.25080356314513 73
1694429353139 146.0173521985754 74
1694429353156 145.78428154248996 75
1694429353171 145.55159096656473 76
1694429353188 145.3192798435225 77
1694429353205 145.08734754713157 78
1694429353222 144.8557934522038 79
1694429353239 144.62461693459284 80
1694429353255 144.3938173711923 81
1694429353271 144.16339413993427 82
1694429353287 143.93334661978724 83
1694429353303 143.7036741907546 84
1694429353319 143.47437623387282 85
1694429353335 143.2454521312096 86
1694429353351 143.01690126586223 87
1694429353366 142.78872302195595 88
1694429353382 142.560916784642 89
1694429353399 142.33348194009605 90
1694429353415 142.10641787551646 91
1694429353430 141.87972397912253 92
1694429353446 141.65339964015263 93
1694429353462 141.42744424886283 94
1694429353479 141.20185719652477 95
1694429353495 140.97663787542442 96
1694429353511 140.75178567885987 97
1694429353527 140.52730000114002 98
1694429353543 140.30318023758255 99
1694429353559 140.07942578451264 100
1694429353576 139.85603603926083 101
1694429353593 139.6330104001615 102
1694429353609 139.41034826655138 103
1694429353624 139.1880490387676 104
1694429353640 138.96611211814596 105
1694429353660 138.74453690701952 106
1694429353676 138.52332280871673 107
1694429353693 138.30246922755984 108
1694429353710 138.08197556886307 109
1694429353726 137.86184123893113 110
1694429353742 137.64206564505747 111
1694429353758 137.42264819552264 112
1694429353774 137.20358829959247 113
1694429353790 136.9848853675168 114
1694429353806 136.76653881052727 115
1694429353822 136.54854804083615 116
1694429353838 136.33091247163452 117
1694429353853 136.11363151709048 118
1694429353869 135.8967045923477 119
1694429353886 135.68013111352374 120
1694429353902 135.4639104977083 121
1694429353918 135.24804216296172 122
1694429353933 135.03252552831324 123
1694429353950 134.81736001375944 124
1694429353965 134.60254504026258 125
1694429353980 134.388080029749 126
1694429353997 134.17396440510745 127
1694429354013 133.96019759018745 128
1694429354030 133.74677900979785 129
1694429354046 133.53370808970493 130
1694429354061 133.32098425663108 131
1694429354076 133.1086069382529 132
1694429354092 132.89657556319992 133
1694429354109 132.68488956105267 134
1694429354124 132.47354836234132 135
1694429354140 132.262551398544 136
1694429354156 132.0518981020851 137
1694429354171 131.84158790633387 138
1694429354187 131.63162024560273 139
1694429354203 131.4219945551456 140
1694429354219 131.2127102711565 141
1694429354235 131.00376683076783 142
1694429354250 130.79516367204886 143
1694429354266 130.58690023400405 144
1694429354282 130.37897595657162 145
1694429354299 130.1713902806219 146
1694429354317 129.96414264795575 147
1694429354333 129.757232501303 148
1694429354351 129.550659284321 149
1694429354368 129.34442244159288 150
1694429354384 129.13852141862603 151
1694429354401 128.93295566185066 152
1694429354416 128.7277246186182 153
1694429354433 128.5228277371997 154
1694429354449 128.31826446678426 155
1694429354465 128.1140342574776 156
1694429354480 127.91013656030046 157
1694429354496 127.70657082718701 158
1694429354512 127.50333651098335 159
1694429354528 127.30043306544603 160
1694429354545 127.09785994524047 161
1694429354560 126.89561660593944 162
1694429354576 126.69370250402145 163
1694429354591 126.49211709686944 164
1694429354607 126.29085984276897 165
1694429354623 126.08993020090699 166
1694429354639 125.88932763137014 167
1694429354654 125.68905159514325 168
1694429354670 125.48910155410793 169
1694429354685 125.28947697104098 170
1694429354702 125.0901773096129 171
1694429354718 124.89120203438638 172
1694429354734 124.69255061081479 173
1694429354749 124.49422250524077 174
1694429354766 124.29621718489466 175
1694429354782 124.09853411789294 176
1694429354799 123.90117277323691 177
1694429354815 123.70413262081101 178
1694429354832 123.50741313138153 179
1694429354847 123.311013776595 180
1694429354862 123.11493402897673 181
1694429354878 122.91917336192935 182
1694429354894 122.72373124973132 183
1694429354911 122.52860716753547 184
1694429354926 122.33380059136759 185
1694429354942 122.1393109981248 186
1694429354958 121.94513786557424 187
1694429354973 121.7512806723516 188
1694429354989 121.55773889795951 189
1694429355006 121.36451202276626 190
1694429355021 121.1715995280043 191
1694429355037 120.97900089576865 192
1694429355053 120.78671560901572 193
1694429355069 120.59474315156153 194
1694429355085 120.40308300808057 195
1694429355101 120.21173466410416 196
1694429355116 120.02069760601913 197
1694429355132 119.82997132106624 198
1694429355148 119.63955529733899 199
1694429355164 119.44944902378185 200
1694429355180 119.25965199018913 201
1694429355196 119.07016368720343 202
1694429355212 118.88098360631417 203
1694429355229 118.69211123985625 204
1694429355243 118.50354608100858 205
1694429355260 118.31528762379268 206
1694429355274 118.1273353630713 207
1694429355291 117.93968879454692 208
1694429355308 117.75234741476044 209
1694429355324 117.56531072108966 210
1694429355340 117.37857821174799 211
1694429355355 117.19214938578297 212
1694429355372 117.00602374307489 213
1694429355388 116.82020078433541 214
1694429355405 116.63468001110613 215
1694429355422 116.44946092575722 216
1694429355438 116.26454303148601 217
1694429355455 116.07992583231562 218
1694429355472 115.89560883309358 219
1694429355487 115.7115915394904 220
1694429355504 115.52787345799827 221
1694429355520 115.34445409592958 222
1694429355535 115.16133296141558 223
1694429355551 114.9785095634051 224
1694429355566 114.795983411663 225
1694429355583 114.61375401676898 226
1694429355599 114.43182089011603 227
1694429355614 114.25018354390924 228
1694429355630 114.06884149116432 229
1694429355646 113.88779424570632 230
1694429355661 113.70704132216818 231
1694429355678 113.52658223598942 232
1694429355695 113.34641650341483 233
1694429355709 113.16654364149306 234
1694429355727 112.98696316807526 235
1694429355742 112.80767460181377 236
1694429355758 112.6286774621608 237
1694429355774 112.449971269367 238
1694429355789 112.27155554448025 239
1694429355805 112.09342980934413 240
1694429355822 111.91559358659681 241
1694429355837 111.73804639966953 242
1694429355854 111.5607877727854 243
1694429355869 111.38381723095796 244
1694429355886 111.20713429998995 245
1694429355902 111.03073850647192 246
1694429355918 110.85462937778094 247
1694429355934 110.67880644207929 248
1694429355952 110.50326922831312 249
1694429355969 110.32801726621112 250
1694429355984 110.15305008628323 251
1694429356002 109.97836721981933 252
1694429356017 109.80396819888796 253
1694429356033 109.62985255633491 254
1694429356049 109.45601982578208 255
1694429356064 109.28246954162599 256
1694429356080 109.10920123903662 257
1694429356096 108.93621445395608 258
1694429356112 108.76350872309732 259
1694429356128 108.59108358394275 260
1694429356144 108.41893857474307 261
1694429356160 108.24707323451591 262
1694429356175 108.07548710304455 263
1694429356192 107.90417972087675 264
1694429356208 107.73315062932318 265
1694429356224 107.5623993704565 266
1694429356239 107.39192548710984 267
1694429356255 107.22172852287557 268
1694429356270 107.0518080221041 269
1694429356287 106.8821635299025 270
1694429356303 106.71279459213336 271
1694429356319 106.5437007554134 272
1694429356335 106.37488156711228 273
1694429356351 106.20633657535132 274
1694429356366 106.03806532900224 275
1694429356382 105.87006737768584 276
1694429356397 105.70234227177087 277
1694429356414 105.5348895623727 278
1694429356429 105.36770880135204 279
1694429356445 105.20079954131371 280
1694429356460 105.0341613356055 281
1694429356476 104.86779373831673 282
1694429356491 104.70169630427716 283
1694429356508 104.53586858905568 284
1694429356524 104.37031014895912 285
1694429356540 104.2050205410309 286
1694429356556 104.03999932304998 287
1694429356573 103.87524605352947 288
1694429356590 103.71076029171542 289
1694429356606 103.54654159758567 290
1694429356622 103.3825895318486 291
1694429356639 103.21890365594183 292
1694429356654 103.05548353203105 293
1694429356670 102.89232872300882 294
1694429356685 102.72943879249337 295
1694429356702 102.56681330482724 296
1694429356717 102.4044518250763 297
1694429356734 102.2423539190283 298
1694429356749 102.08051915319184 299
1694429356765 101.91894709479503 300
1694429356781 101.75763731178444 301
1694429356797 101.59658937282367 302
1694429356813 101.4358028472924 303
1694429356829 101.275277305285 304
1694429356846 101.11501231760944 305
1694429356861 100.95500745578599 306
1694429356877 100.79526229204617 307
1694429356893 100.63577639933148 308
1694429356908 100.47654935129215 309
1694429356925 100.31758072228602 310
1694429356940 100.15887008737744 311
1694429356956 100.00041702233588 312
1694429356972 99.84222110363493 313
1694429356988 99.68428190845101 314
1694429357003 99.52659901466232 315
1694429357019 99.36917200084747 316
1694429357034 99.21200044628446 317
1694429357050 99.05508393094952 318
1694429357065 98.89842203551581 319
1694429357082 98.74201434135239 320
1694429357097 98.5858604305229 321
1694429357114 98.42995988578458 322
1694429357131 98.274312290587 323
1694429357147 98.1189172290709 324
1694429357163 97.96377428606705 325
1694429357178 97.80888304709511 326
1694429357193 97.65424309836241 327
1694429357209 97.49985402676293 328
1694429357225 97.34571541987603 329
1694429357241 97.19182686596527 330
1694429357256 97.0381879539775 331
1694429357272 96.88479827354138 332
1694429357288 96.73165741496652 333
1694429357303 96.57876496924219 334
1694429357320 96.4261205280362 335
1694429357336 96.27372368369382 336
1694429357351 96.12157402923658 337
1694429357367 95.96967115836121 338
1694429357383 95.81801466543843 339
1694429357398 95.66660414551188 340
1694429357415 95.51543919429693 341
1694429357430 95.36451940817969 342
1694429357446 95.21384438421568 343
1694429357463 95.06341372012889 344
1694429357478 94.91322701431058 345
1694429357493 94.76328386581818 346
1694429357508 94.61358387437417 347
1694429357525 94.464126640365 348
1694429357541 94.31491176483985 349
1694429357557 94.16593884950973 350
1694429357573 94.01720749674621 351
1694429357589 93.86871730958036 352
1694429357605 93.72046789170166 353
1694429357620 93.5724588474569 354
1694429357637 93.42468978184904 355
1694429357653 93.27716030053618 356
1694429357669 93.12987000983036 357
1694429357684 92.98281851669658 358
1694429357701 92.83600542875163 359
1694429357718 92.68943035426307 360
1694429357735 92.54309290214805 361
1694429357751 92.39699268197226 362
1694429357767 92.25112930394891 363
1694429357783 92.10550237893756 364
1694429357798 91.96011151844301 365
1694429357814 91.81495633461438 366
1694429357830 91.67003644024386 367
1694429357846 91.52535144876573 368
1694429357861 91.38090097425527 369
1694429357877 91.23668463142765 370
1694429357894 91.09270203563692 371
1694429357909 90.94895280287483 372
1694429357925 90.80543654976995 373
1694429357941 90.66215289358647 374
1694429357956 90.51910145222304 375
1694429357972 90.37628184421203 376
1694429357988 90.23369368871812 377
1694429358004 90.09133660553744 378
1694429358021 89.94921021509646 379
1694429358036 89.80731413845092 380
1694429358052 89.66564799728488 381
1694429358068 89.5242114139095 382
1694429358083 89.3830040112621 383
1694429358098 89.24202541290511 384
1694429358115 89.10127524302503 385
1694429358132 88.96075312643127 386
1694429358147 88.82045868855529 387
1694429358163 88.68039155544945 388
1694429358179 88.54055135378594 389
1694429358195 88.40093771085589 390
1694429358210 88.26155025456812 391
1694429358227 88.12238861344831 392
1694429358243 87.98345241663789 393
1694429358258 87.84474129389292 394
1694429358275 87.70625487558327 395
1694429358292 87.56799279269134 396
1694429358309 87.42995467681124 397
1694429358326 87.29214016014772 398
1694429358340 87.15454887551508 399
1694429358356 87.01718045633615 400
1694429358373 86.88003453664139 401
1694429358389 86.74311075106775 402
1694429358404 86.60640873485775 403
1694429358420 86.46992812385837 404
1694429358436 86.33366855452013 405
1694429358452 86.19762966389604 406
1694429358468 86.06181108964056 407
1694429358482 85.92621247000868 408
1694429358498 85.79083344385482 409
1694429358513 85.65567365063191 410
1694429358529 85.5207327303903 411
1694429358546 85.3860103237769 412
1694429358562 85.25150607203402 413
1694429358578 85.11721961699847 414
1694429358595 84.98315060110056 415
1694429358613 84.84929866736312 416
1694429358631 84.71566345940039 417
1694429358650 84.58224462141725 418
1694429358668 84.44904179820801 419
1694429358687 84.31605463515562 420
1694429358702 84.18328277823049 421
1694429358717 84.05072587398965 422
1694429358733 83.91838356957575 423
1694429358750 83.78625551271604 424
1694429358765 83.6543413517214 425
1694429358781 83.5226407354854 426
1694429358797 83.39115331348327 427
1694429358813 83.259878735771 428
1694429358829 83.1288166529843 429
1694429358845 82.99796671633766 430
1694429358862 82.8673285776234 431
1694429358879 82.73690188921071 432
1694429358895 82.60668630404462 433
1694429358910 82.47668147564508 434
1694429358925 82.34688705810603 435
1694429358943 82.21730270609444 436
1694429358958 82.08792807484923 437
1694429358974 81.95876282018051 438
1694429358988 81.82980659846847 439
1694429359004 81.7010590666625 440
1694429359020 81.57251988228018 441
1694429359037 81.44418870340643 442
1694429359054 81.31606518869246 443
1694429359069 81.18814899735494 444
1694429359085 81.06043978917488 445
1694429359101 80.93293722449687 446
1694429359117 80.80564096422803 447
1694429359134 80.67855066983707 448
1694429359149 80.55166600335343 449
1694429359166 80.42498662736628 450
1694429359182 80.29851220502357 451
1694429359197 80.17224240003121 452
1694429359214 80.04617687665193 453
1694429359230 79.92031529970455 454
1694429359247 79.79465733456297 455
1694429359264 79.66920264715525 456
1694429359282 79.54395090396265 457
1694429359299 79.41890177201877 458
1694429359315 79.29405491890861 459
1694429359331 79.16941001276757 460
1694429359347 79.04496672228065 461
1694429359362 78.92072471668146 462
1694429359378 78.79668366575133 463
1694429359394 78.67284323981839 464
1694429359409 78.54920310975663 465
1694429359427 78.42576294698502 466
1694429359445 78.30252242346663 467
1694429359461 78.17948121170761 468
1694429359478 78.05663898475642 469
1694429359493 77.93399541620283 470
1694429359507 77.81155018017708 471
1694429359524 77.68930295134888 472
1694429359540 77.56725340492666 473
1694429359555 77.44540121665649 474
1694429359571 77.32374606282136 475
1694429359588 77.20228762024013 476
1694429359604 77.08102556626676 477
1694429359619 76.95995957878934 478
1694429359636 76.83908933622921 479
1694429359651 76.71841451754008 480
1694429359667 76.59793480220719 481
1694429359684 76.47764987024632 482
1694429359699 76.35755940220294 483
1694429359715 76.23766307915142 484
1694429359731 76.117960582694 485
1694429359747 75.99845159495999 486
1694429359762 75.87913579860495 487
1694429359778 75.76001287680964 488
1694429359793 75.64108251327929 489
1694429359810 75.52234439224272 490
1694429359826 75.40379819845137 491
1694429359842 75.28544361717844 492
1694429359858 75.16728033421822 493
1694429359874 75.04930803588492 494
1694429359889 74.93152640901194 495
1694429359905 74.81393514095112 496
1694429359920 74.69653391957165 497
1694429359938 74.57932243325939 498
1694429359953 74.46230037091594 499
