1694436064085 0.18533813785047173 0
1694436064161 0.03176994605504869 1
1694436064236 0.01972755688918925 2
1694436064309 0.06885860335014087 3
1694436064386 0.01959447776531914 4
1694436064464 0.10639653955767747 5
1694436064543 0.054869910875421146 6
1694436064616 0.0016381840044804752 7
1694436064692 0.018225835145480408 8
1694436064765 0.032040114432007494 9
1694436064845 0.0009495946291832897 10
1694436064953 0.050896970993307804 11
1694436065030 0.018268675986568252 12
1694436065105 0.045410868229947506 13
1694436065183 0.0923683994157044 14
1694436065272 0.00820325612782968 15
1694436065345 0.02349933965737237 16
1694436065422 7.326013416260233e-05 17
1694436065498 0.3938854109322155 18
1694436065574 0.3754938280362885 19
1694436065650 0.05730163736227808 20
1694436065724 0.34940896696386053 21
1694436065797 0.2391764387825968 22
1694436065870 0.9204337802160399 23
1694436065943 0.08844615195984948 24
1694436066017 0.02632398619445391 25
1694436066095 0.0004263716263798507 26
1694436066170 0.14841575488990044 27
1694436066243 0.10462755910525233 28
1694436066316 0.3857358799180293 29
1694436066389 0.029318300598129184 30
1694436066465 0.9801220141876467 31
1694436066538 0.1122697485537396 32
1694436066611 0.20439350964210196 33
1694436066687 0.02938654598746505 34
1694436066758 0.000468282619711545 35
1694436066833 0.008866212860095354 36
1694436066906 0.006004236710660986 37
1694436066982 0.018759197926898678 38
1694436067054 0.006958425223621795 39
1694436067127 0.08214625906040081 40
1694436067199 0.13255699036640703 41
1694436067276 1.8866951936314808e-05 42
1694436067349 3.785524343781735e-05 43
1694436067424 0.0652822688877514 44
1694436067498 0.04913927438577165 45
1694436067585 0.04671636107235013 46
1694436067658 0.19748720955154772 47
1694436067733 0.010661907871172877 48
1694436067808 0.15548798981419082 49
1694436067881 0.0048842309576341975 50
1694436067954 0.6934501186655984 51
1694436068030 1.3234833671239246 52
1694436068105 0.026127572554432866 53
1694436068184 0.287902247087504 54
1694436068255 0.17981496859380985 55
1694436068330 0.17399225359776063 56
1694436068405 0.22059964510937602 57
1694436068478 0.0033309049564547704 58
1694436068551 0.05953439273473908 59
1694436068629 0.3003361802447567 60
1694436068705 0.2722591802965134 61
1694436068780 0.1044474244680348 62
1694436068853 0.0021651400634751447 63
1694436068929 0.2060412834022098 64
1694436069009 0.11876655838210304 65
1694436069083 0.07421837796183417 66
1694436069157 0.09118566319257966 67
1694436069231 0.13147632957429675 68
1694436069305 0.027587545904789044 69
1694436069381 3.9918602431763024e-05 70
1694436069456 0.48065204606484063 71
1694436069531 0.34074065416973676 72
1694436069608 0.002458806696274301 73
1694436069682 0.06712834872195224 74
1694436069763 0.040757223023373514 75
1694436069846 0.0836249800354132 76
1694436069927 0.016086033261005484 77
1694436070007 0.13498173493472768 78
1694436070087 0.10651363436116193 79
1694436070164 0.009676779706525668 80
1694436070242 0.0030109551495264334 81
1694436070315 0.10625977822346207 82
1694436070421 0.06721499682034024 83
1694436070502 0.10355704980059927 84
1694436070577 0.0014375841160294582 85
1694436070653 0.17705343569972865 86
1694436070758 0.037471108670987276 87
1694436070834 0.08501960350205186 88
1694436070938 0.013074374382853577 89
1694436071016 0.0008159794207306351 90
1694436071104 0.2297890583715184 91
1694436071179 0.013015263140288728 92
1694436071255 0.00043260425613155564 93
1694436071327 0.5173004384224341 94
1694436071405 0.19026772955126128 95
1694436071481 0.17062875728250174 96
1694436071601 0.006266154012608176 97
1694436071680 0.36045677900407297 98
1694436071789 0.3531441639025548 99
1694436071891 0.3175231524253237 100
1694436071967 0.16934010189084964 101
1694436072040 0.0019644188754557547 102
1694436072113 0.12132583246772313 103
1694436072189 0.00897711702998968 104
1694436072262 0.0796340999481135 105
1694436072337 0.23864596911678268 106
1694436072410 0.0869598642113543 107
1694436072489 0.02395599402154403 108
1694436072564 0.02053713048482428 109
1694436072636 0.43849584699391725 110
1694436072710 0.33410313266580205 111
1694436072783 0.5210217562790312 112
1694436072856 0.14751068629026265 113
1694436072929 0.07598174846195464 114
1694436073002 0.059474939358629055 115
1694436073076 0.030554468419609147 116
1694436073149 0.03221699367532182 117
1694436073222 0.09841671843510913 118
1694436073294 0.012392437035440821 119
1694436073371 0.16200982962203755 120
1694436073445 0.004464558099461708 121
1694436073517 0.08195224132110102 122
1694436073590 0.5661025061070614 123
1694436073666 0.012747918333799837 124
1694436073738 0.3363013826228107 125
1694436073811 0.20493988904616683 126
1694436073887 0.00904495708667329 127
1694436073962 0.06360686673614073 128
1694436074037 0.0328162773152229 129
1694436074118 0.26223223148213165 130
1694436074198 0.0430610779963947 131
1694436074273 0.3987338039925261 132
1694436074348 0.15533612383426398 133
1694436074421 0.03336967140716143 134
1694436074496 0.031105476939298292 135
1694436074569 0.07869689752464985 136
1694436074643 0.0049869521007676835 137
1694436074715 2.0388694957186465e-05 138
1694436074788 0.028169904675292602 139
1694436074863 0.005370015019348574 140
1694436074935 0.032559394945470256 141
1694436075009 0.017475817647671497 142
1694436075085 0.18023406588259133 143
1694436075160 0.03037396395510493 144
1694436075231 0.11538599173411276 145
1694436075307 0.17032878190398565 146
1694436075382 0.0003624480361962076 147
1694436075455 0.22856465248119842 148
1694436075530 0.029132301412943273 149
1694436075603 0.006253189920406675 150
1694436075676 0.3641413123487667 151
1694436075752 0.24173455519854198 152
1694436075824 0.005678930873573741 153
1694436075899 0.018554763124997844 154
1694436075976 0.10391106589787526 155
1694436076051 0.0708611066674373 156
1694436076125 0.036999125144442355 157
1694436076199 0.020404436573152218 158
1694436076274 0.019022040941828147 159
1694436076346 0.028585042510102812 160
1694436076420 0.030295917441702392 161
1694436076495 0.012868674314771913 162
1694436076569 0.12307173948652513 163
1694436076642 0.037028564733004386 164
1694436076715 0.01810912402204937 165
1694436076793 0.08750036742596601 166
1694436076866 0.003235277491750632 167
1694436076940 0.03128160540922981 168
1694436077015 0.43036891635280516 169
1694436077089 0.00955315031783263 170
1694436077166 0.001263365172247055 171
1694436077238 0.08150399333540544 172
1694436077311 0.0009438542738924432 173
1694436077384 0.0004133588191809834 174
1694436077456 0.0542896857547179 175
1694436077531 0.0016272874895950863 176
1694436077605 0.02023365414172211 177
1694436077682 0.001751207163437298 178
1694436077754 0.010985423540592523 179
1694436077827 0.18848135115266557 180
1694436077902 0.051399850170604416 181
1694436077977 0.010036957509781006 182
1694436078048 0.1766294126745841 183
1694436078127 0.1448857547969614 184
1694436078202 0.20997911240744566 185
1694436078278 0.006230717728735563 186
1694436078350 0.007728307884287076 187
1694436078424 0.04403515875946696 188
1694436078500 0.0003855477164335248 189
1694436078576 0.09535533382935792 190
1694436078652 0.0047087427932415715 191
1694436078727 0.023727068704334997 192
1694436078803 0.015700838202319642 193
1694436078876 2.383933173435339e-05 194
1694436078948 0.051519221598006905 195
1694436079023 0.03086413405135605 196
1694436079098 0.07688017996432862 197
1694436079170 0.0001228609913979511 198
1694436079245 0.008379363377054838 199
1694436079318 0.0004607334810382269 200
1694436079397 0.015878455107076816 201
1694436079470 0.08013421887573015 202
1694436079547 0.022282496031361853 203
1694436079621 0.1346095474275785 204
1694436079696 0.19562421693522583 205
1694436079769 0.13131352121407225 206
1694436079844 0.13890273693902605 207
1694436079918 0.009338115248190624 208
1694436079992 0.6238106834885241 209
1694436080066 0.23308481444564724 210
1694436080140 0.05046096757368037 211
1694436080214 0.0031557460872931177 212
1694436080290 0.006350202679010608 213
1694436080364 0.07751572780294491 214
1694436080438 0.006956386419771149 215
1694436080513 0.09165498449599567 216
1694436080585 0.17888064719791127 217
1694436080658 0.11458656898197508 218
1694436080733 0.20843793653011475 219
1694436080808 3.409628540223612e-05 220
1694436080881 0.017083704164015563 221
1694436080955 0.008032872385603459 222
1694436081028 0.08150219127564053 223
1694436081106 0.013372011463789893 224
1694436081179 0.05078592773205201 225
1694436081255 0.00617380149520459 226
1694436081329 0.5564546162234907 227
1694436081402 0.0020398924594401263 228
1694436081475 0.1463430019413494 229
1694436081549 0.007459192636424274 230
1694436081625 0.5307574927142713 231
1694436081700 0.04380702742086915 232
1694436081772 0.059578336744255556 233
1694436081848 0.011630801448653263 234
1694436081923 0.007178183405067035 235
1694436082001 2.485276564076641e-06 236
1694436082075 0.11663661970679148 237
1694436082155 0.001613006642090539 238
1694436082228 0.0017589187313491528 239
1694436082301 0.03966815660414704 240
1694436082374 0.077022206248353 241
1694436082450 0.004197258008506741 242
1694436082526 0.027325109777635685 243
1694436082599 0.15539576859461202 244
1694436082673 0.05376020705659199 245
1694436082750 0.0163107539770036 246
1694436082827 0.009364075864516552 247
1694436082900 0.19101669713042713 248
1694436082975 0.0009702446920992007 249
1694436083050 0.14371273856117897 250
1694436083126 0.004923699319809687 251
1694436083225 0.08948452597624412 252
1694436083296 0.006316543722518964 253
1694436083371 0.007306392722184487 254
1694436083446 0.11066057114893167 255
1694436083523 0.8777079371424233 256
1694436083596 0.016298226350500815 257
1694436083676 0.005535682111387274 258
1694436083751 0.5476612376938336 259
1694436083826 0.07708916815554842 260
1694436083899 0.03239181112536881 261
1694436083972 0.366879505412778 262
1694436084047 0.00015930586056840727 263
1694436084121 0.03760188403014785 264
1694436084195 0.29425066942488143 265
1694436084271 0.12278058296094278 266
1694436084345 0.4364557009821809 267
1694436084421 0.0002537765866003003 268
1694436084492 0.020253064361508838 269
1694436084569 0.206499575952852 270
1694436084643 0.07675685076048898 271
1694436084715 0.11467019832348622 272
1694436084789 0.013630405965417258 273
1694436084862 0.00160700574606507 274
1694436084938 0.018530584915241347 275
1694436085011 0.10379436145163626 276
1694436085085 0.24623452489105452 277
1694436085159 0.33454213254498066 278
1694436085235 0.5416005957126133 279
1694436085308 5.0083309974525e-05 280
1694436085385 0.029591283177229668 281
1694436085468 0.15557663273753602 282
1694436085540 0.2169764880203158 283
1694436085610 0.029077118561153484 284
1694436085684 0.02940235442939682 285
1694436085760 0.08323652473717812 286
1694436085833 0.00635366403688901 287
1694436085905 0.06013335085681792 288
1694436085979 0.021718844077523367 289
1694436086052 0.00046732628948788836 290
1694436086125 0.08129516286348369 291
1694436086200 0.005265500007098953 292
1694436086281 0.004304382833134925 293
1694436086357 0.05408506678162712 294
1694436086430 0.3513316089178312 295
1694436086504 0.11328897640497994 296
1694436086578 0.1135677942572231 297
1694436086652 0.0028553034071408115 298
1694436086727 0.05820246774051182 299
1694436086801 0.3903229981591485 300
1694436086876 0.2738542345812681 301
1694436086950 0.15293923124946673 302
1694436087032 0.07304482097118593 303
1694436087107 0.11626040775756392 304
1694436087185 0.004644319023050484 305
1694436087261 0.0004913314340506702 306
1694436087334 0.004356413736369193 307
1694436087410 0.14092599145125823 308
1694436087486 0.015073586462092703 309
1694436087561 0.07272420474704325 310
1694436087634 0.2607204786094 311
1694436087708 0.0007208653514101915 312
1694436087781 0.046121786366096984 313
1694436087856 0.004071311226503807 314
1694436087930 1.1986942013892048 315
1694436088004 0.006907409682413301 316
1694436088079 0.10099937611609104 317
1694436088154 0.05558907978101404 318
1694436088226 0.17297579208998468 319
1694436088299 0.002606793553496114 320
1694436088372 0.10302424944567766 321
1694436088444 0.13526968487455776 322
1694436088520 0.1812703372988809 323
1694436088595 0.07977060642622787 324
1694436088670 0.00029737938341600306 325
1694436088744 0.2191761955689057 326
1694436088818 3.217597168927099e-08 327
1694436088896 0.015575961077023935 328
1694436088976 0.011589587468378005 329
1694436089056 0.10724668312983156 330
1694436089129 0.004858213435468041 331
1694436089204 0.03314558043253415 332
1694436089280 0.031351377584751566 333
1694436089352 0.04732703338397777 334
1694436089426 0.14196409093895665 335
1694436089499 0.0011641724282817649 336
1694436089574 0.20332724111257028 337
1694436089646 0.0037241191428376286 338
1694436089725 0.024142333408220758 339
1694436089799 0.00840316812555175 340
1694436089873 0.014429604762381212 341
1694436089946 0.000675906046549059 342
1694436090019 0.0075201566407740944 343
1694436090091 0.17577076204339562 344
1694436090168 0.001527921285263829 345
1694436090243 0.006995699582894298 346
1694436090317 0.032233170731663235 347
1694436090389 0.13486263682807756 348
1694436090463 0.0785729875147267 349
1694436090537 0.08760579169389288 350
1694436090613 0.002833497266449881 351
1694436090689 0.07479074522888678 352
1694436090762 0.5137474495134499 353
1694436090835 0.06659888708909797 354
1694436090910 0.1644718705735474 355
1694436090985 0.021643444553263138 356
1694436091057 0.12966733349659865 357
1694436091129 0.9353667005961064 358
1694436091204 0.014293502955625445 359
1694436091278 0.04948426573012171 360
1694436091351 0.0009748191663607011 361
1694436091429 0.07697435428569777 362
1694436091505 0.00447020128534469 363
1694436091578 0.06251354403709457 364
1694436091652 0.17542509636788034 365
1694436091726 0.0355611187134373 366
1694436091801 0.03445735407082825 367
1694436091873 0.04562989916477904 368
1694436091946 0.019618129617541478 369
1694436092022 0.013700796512192992 370
1694436092097 0.24129160489408377 371
1694436092170 0.003603461370617327 372
1694436092243 0.5215039984812093 373
1694436092318 0.11153210625854999 374
1694436092402 0.0025016066740815176 375
1694436092476 0.23261783626694452 376
1694436092551 0.09430243801394451 377
1694436092627 0.0009843685346599604 378
1694436092701 0.05644847470408977 379
1694436092774 0.12607634603071194 380
1694436092861 0.03944977236228663 381
1694436092936 1.1458687166300296 382
1694436093010 0.004389451843912509 383
1694436093084 0.23953333827809464 384
1694436093161 0.18836006360339302 385
1694436093235 0.0003925619884898984 386
1694436093311 0.0037234292745575506 387
1694436093384 0.12343057658523553 388
1694436093463 0.001967026299866448 389
1694436093538 0.2792526044176267 390
1694436093610 0.002169136937390904 391
1694436093683 0.3639584118200013 392
1694436093758 0.06496534938536623 393
1694436093831 0.32213710993111505 394
1694436093907 0.04910431329587144 395
1694436093979 0.0514028076004431 396
1694436094060 0.12670617744828397 397
1694436094135 0.0013429332259311461 398
1694436094216 0.061432392946927435 399
1694436094289 0.284415555599923 400
1694436094366 0.22976730094966707 401
1694436094440 0.015312831338432495 402
1694436094515 0.1671029508139567 403
1694436094587 0.02275125293140076 404
1694436094660 0.01736296971753963 405
1694436094736 0.12193462912069673 406
1694436094812 0.3540938490025038 407
1694436094890 0.003582679965253411 408
1694436094965 0.45018025861217964 409
1694436095039 0.1582481623051499 410
1694436095112 0.012541189897733469 411
1694436095185 0.12173198837963228 412
1694436095260 0.06692612771760387 413
1694436095332 0.14460189987387545 414
1694436095406 0.013692400895691277 415
1694436095478 0.0637989859167161 416
1694436095551 0.060615187213292565 417
1694436095626 0.0525352395704956 418
1694436095699 0.005256349020374882 419
1694436095780 0.0008634777757144891 420
1694436095852 0.03970944724776452 421
1694436095926 0.0974801041146713 422
1694436095999 0.05332355838933199 423
1694436096073 0.0016787102863757859 424
1694436096148 0.003667769389050634 425
1694436096223 0.1725704944384915 426
1694436096295 0.5131001383649691 427
1694436096371 0.014422299278669254 428
1694436096446 0.0014401480713497252 429
1694436096521 0.0007570468757046881 430
1694436096593 0.14342583539799414 431
1694436096668 0.15260127747599012 432
1694436096742 0.02261483314768647 433
1694436096815 0.008906486635815196 434
1694436096887 0.31370380786959606 435
1694436096962 0.15423457381429143 436
1694436097037 0.0015281139292177854 437
1694436097109 0.13775921174508615 438
1694436097182 0.060359257540058095 439
1694436097257 0.09000889264856671 440
1694436097330 0.010904315683943927 441
1694436097403 0.017116079790638904 442
1694436097478 0.10320059514620968 443
1694436097552 0.022140951635145883 444
1694436097624 0.017034422868372562 445
1694436097696 0.018998122548408092 446
1694436097769 0.5175052304943857 447
1694436097843 0.09702981594520482 448
1694436097914 0.15648423521667287 449
1694436097989 0.3327949835820472 450
1694436098062 0.3700972972365029 451
1694436098135 0.0077876291624993455 452
1694436098207 0.008616083278230815 453
1694436098281 0.4060656716774712 454
1694436098359 0.05166270104113174 455
1694436098432 0.01901002385361899 456
1694436098505 6.241701629453547e-07 457
1694436098581 0.01176549544454072 458
1694436098654 0.06703887822178577 459
1694436098727 0.09357922974714088 460
1694436098804 0.26200572950562323 461
1694436098879 0.026983855910370606 462
1694436098954 0.14846651416514944 463
1694436099028 0.12978963880623945 464
1694436099101 0.11688038593456684 465
1694436099178 0.003825765053126966 466
1694436099258 0.2353446818305745 467
1694436099332 0.0011018364206619835 468
1694436099408 0.039179077857550086 469
1694436099484 0.06073778858837595 470
1694436099559 0.037041796138714195 471
1694436099631 3.2822114867506953e-06 472
1694436099705 0.4859247864971292 473
1694436099780 0.013396264604711793 474
1694436099853 5.4751715640521226e-05 475
1694436099928 0.3979579224748419 476
1694436100001 0.14802642517802386 477
1694436100077 0.010476428293910406 478
1694436100150 0.14817433833642585 479
1694436100223 0.06900234366003397 480
1694436100297 0.12867244140906997 481
1694436100372 3.0460825354226976e-05 482
1694436100445 0.07536310311539239 483
1694436100519 0.007656705668773173 484
1694436100593 0.05662250177894902 485
1694436100669 0.06279593445055891 486
1694436100741 0.012612983586812357 487
1694436100814 1.2054889600901044 488
1694436100889 0.06006314191764331 489
1694436100970 2.8432655780487623e-05 490
1694436101042 0.002238786849181411 491
1694436101115 0.01748231824900255 492
1694436101189 0.03565282034105522 493
1694436101263 0.15124469565245816 494
1694436101335 0.0009588580195907659 495
1694436101410 0.10979675483969396 496
1694436101485 0.020849424542327917 497
1694436101559 0.004833840378612577 498
1694436101633 0.1712961343988029 499
