1694430554017 160.80357970265874 0
1694430554034 160.7714269343742 1
1694430554050 160.7392807280616 2
1694430554066 160.70714108236635 3
1694430554082 160.67500799593424 4
1694430554099 160.64288146741129 5
1694430554114 160.61076149544377 6
1694430554130 160.57864807867824 7
1694430554146 160.5465412157616 8
1694430554162 160.51444090534108 9
1694430554179 160.48234714606392 10
1694430554196 160.45025993657796 11
1694430554212 160.41817927553123 12
1694430554228 160.3861051615719 13
1694430554245 160.35403759334855 14
1694430554261 160.32197656951 15
1694430554276 160.2899220887055 16
1694430554293 160.2578741495843 17
1694430554310 160.22583275079612 18
1694430554327 160.19379789099096 19
1694430554343 160.161769568819 20
1694430554360 160.12974778293093 21
1694430554375 160.09773253197733 22
1694430554391 160.06572381460938 23
1694430554407 160.03372162947852 24
1694430554423 160.0017259752363 25
1694430554441 159.96973685053473 26
1694430554459 159.93775425402598 27
1694430554475 159.90577818436253 28
1694430554491 159.87380864019715 29
1694430554507 159.841845620183 30
1694430554523 159.80988912297323 31
1694430554538 159.77793914722156 32
1694430554555 159.74599569158192 33
1694430554569 159.71405875470842 34
1694430554587 159.68212833525556 35
1694430554604 159.65020443187802 36
1694430554619 159.6182870432309 37
1694430554636 159.58637616796943 38
1694430554651 159.55447180474923 39
1694430554667 159.5225739522261 40
1694430554683 159.49068260905622 41
1694430554699 159.45879777389604 42
1694430554715 159.42691944540218 43
1694430554731 159.39504762223166 44
1694430554746 159.36318230304173 45
1694430554763 159.33132348648996 46
1694430554778 159.2994711712341 47
1694430554795 159.2676253559323 48
1694430554811 159.2357860392429 49
1694430554826 159.20395321982454 50
1694430554843 159.17212689633624 51
1694430554860 159.14030706743716 52
1694430554876 159.10849373178675 53
1694430554894 159.07668688804486 54
1694430554913 159.0448865348715 55
1694430554931 159.01309267092702 56
1694430554948 158.98130529487196 57
1694430554966 158.94952440536736 58
1694430554985 158.9177500010742 59
1694430555004 158.88598208065406 60
1694430555020 158.85422064276864 61
1694430555037 158.8224656860799 62
1694430555053 158.79071720925018 63
1694430555068 158.75897521094203 64
1694430555084 158.72723968981825 65
1694430555100 158.695510644542 66
1694430555115 158.66378807377666 67
1694430555132 158.6320719761859 68
1694430555147 158.60036235043364 69
1694430555162 158.5686591951842 70
1694430555180 158.53696250910207 71
1694430555203 158.50527229085202 72
1694430555225 158.47358853909907 73
1694430555243 158.44191125250862 74
1694430555258 158.41024042974624 75
1694430555274 158.37857606947796 76
1694430555291 158.3469181703698 77
1694430555307 158.31526673108837 78
1694430555323 158.28362175030023 79
1694430555340 158.25198322667254 80
1694430555355 158.22035115887252 81
1694430555370 158.1887255455678 82
1694430555386 158.1571063854261 83
1694430555402 158.12549367711566 84
1694430555418 158.09388741930485 85
1694430555435 158.06228761066234 86
1694430555450 158.0306942498571 87
1694430555467 157.9991073355583 88
1694430555482 157.96752686643555 89
1694430555499 157.93595284115855 90
1694430555514 157.90438525839744 91
1694430555529 157.87282411682247 92
1694430555546 157.84126941510436 93
1694430555563 157.8097211519139 94
1694430555579 157.77817932592237 95
1694430555597 157.74664393580113 96
1694430555612 157.71511498022198 97
1694430555629 157.68359245785683 98
1694430555645 157.65207636737804 99
1694430555661 157.6205667074581 100
1694430555677 157.58906347676992 101
1694430555693 157.55756667398654 102
1694430555708 157.52607629778134 103
1694430555724 157.49459234682806 104
1694430555740 157.46311481980058 105
1694430555756 157.43164371537304 106
1694430555772 157.40017903222014 107
1694430555789 157.36872076901642 108
1694430555805 157.33726892443704 109
1694430555820 157.3058234971573 110
1694430555836 157.27438448585272 111
1694430555852 157.2429518891993 112
1694430555868 157.21152570587313 113
1694430555885 157.1801059345506 114
1694430555900 157.14869257390845 115
1694430555916 157.1172856226236 116
1694430555932 157.08588507937338 117
1694430555949 157.05449094283523 118
1694430555965 157.023103211687 119
1694430555981 156.9917218846067 120
1694430555997 156.96034696027277 121
1694430556012 156.92897843736378 122
1694430556028 156.89761631455863 123
1694430556045 156.8662605905365 124
1694430556061 156.8349112639769 125
1694430556078 156.8035683335594 126
1694430556095 156.7722317979642 127
1694430556111 156.74090165587145 128
1694430556126 156.70957790596168 129
1694430556143 156.67826054691582 130
1694430556160 156.6469495774149 131
1694430556175 156.6156449961403 132
1694430556192 156.58434680177365 133
1694430556207 156.55305499299692 134
1694430556223 156.5217695684923 135
1694430556239 156.49049052694227 136
1694430556255 156.4592178670295 137
1694430556271 156.42795158743712 138
1694430556287 156.39669168684836 139
1694430556302 156.3654381639468 140
1694430556319 156.33419101741632 141
1694430556334 156.30295024594096 142
1694430556352 156.27171584820522 143
1694430556367 156.2404878228937 144
1694430556382 156.20926616869133 145
1694430556399 156.17805088428335 146
1694430556415 156.14684196835523 147
1694430556431 156.11563941959275 148
1694430556448 156.08444323668195 149
1694430556463 156.0532534183091 150
1694430556479 156.02206996316085 151
1694430556496 155.99089286992398 152
1694430556512 155.95972213728572 153
1694430556529 155.92855776393338 154
1694430556545 155.89739974855465 155
1694430556561 155.8662480898375 156
1694430556577 155.8351027864702 157
1694430556594 155.80396383714117 158
1694430556609 155.7728312405392 159
1694430556626 155.7417049953534 160
1694430556642 155.71058510027297 161
1694430556657 155.67947155398755 162
1694430556674 155.64836435518706 163
1694430556690 155.61726350256157 164
1694430556706 155.5861689948015 165
1694430556724 155.55508083059752 166
1694430556741 155.5239990086406 167
1694430556758 155.49292352762197 168
1694430556773 155.4618543862331 169
1694430556789 155.43079158316584 170
1694430556805 155.39973511711216 171
1694430556820 155.36868498676432 172
1694430556837 155.33764119081505 173
1694430556854 155.3066037279571 174
1694430556870 155.27557259688368 175
1694430556887 155.24454779628812 176
1694430556903 155.21352932486417 177
1694430556919 155.1825171813057 178
1694430556934 155.15151136430697 179
1694430556951 155.12051187256253 180
1694430556967 155.08951870476707 181
1694430556983 155.0585318596156 182
1694430556998 155.02755133580354 183
1694430557015 154.9965771320264 184
1694430557030 154.96560924698 185
1694430557046 154.9346476793605 186
1694430557063 154.9036924278643 187
1694430557078 154.8727434911881 188
1694430557095 154.84180086802874 189
1694430557110 154.81086455708353 190
1694430557126 154.7799345570499 191
1694430557142 154.7490108666256 192
1694430557159 154.7180934845087 193
1694430557174 154.6871824093974 194
1694430557190 154.6562776399904 195
1694430557206 154.6253791749864 196
1694430557223 154.59448701308457 197
1694430557240 154.5636011529843 198
1694430557258 154.53272159338522 199
1694430557274 154.50184833298724 200
1694430557290 154.47098137049056 201
1694430557305 154.4401207045957 202
1694430557321 154.40926633400326 203
1694430557337 154.37841825741438 204
1694430557353 154.34757647353024 205
1694430557369 154.31674098105245 206
1694430557385 154.28591177868276 207
1694430557401 154.25508886512327 208
1694430557417 154.22427223907636 209
1694430557433 154.19346189924465 210
1694430557448 154.16265784433102 211
1694430557464 154.13186007303867 212
1694430557481 154.101068584071 213
1694430557497 154.07028337613167 214
1694430557513 154.03950444792477 215
1694430557529 154.00873179815446 216
1694430557544 153.97796542552524 217
1694430557561 153.94720532874197 218
1694430557577 153.91645150650967 219
1694430557593 153.88570395753365 220
1694430557609 153.85496268051946 221
1694430557624 153.8242276741731 222
1694430557640 153.79349893720058 223
1694430557657 153.76277646830837 224
1694430557672 153.7320602662031 225
1694430557689 153.7013503295917 226
1694430557705 153.67064665718138 227
1694430557720 153.6399492476797 228
1694430557735 153.6092580997943 229
1694430557751 153.57857321223327 230
1694430557769 153.54789458370487 231
1694430557786 153.51722221291766 232
1694430557802 153.48655609858045 233
1694430557817 153.4558962394024 234
1694430557833 153.42524263409274 235
1694430557849 153.39459528136123 236
1694430557867 153.36395417991767 237
1694430557883 153.3333193284723 238
1694430557899 153.30269072573554 239
1694430557915 153.27206837041808 240
1694430557933 153.24145226123093 241
1694430557948 153.21084239688528 242
1694430557965 153.1802387760927 243
1694430557981 153.14964139756486 244
1694430557998 153.11905026001395 245
1694430558013 153.08846536215216 246
1694430558029 153.05788670269214 247
1694430558044 153.02731428034676 248
1694430558061 152.9967480938291 249
1694430558077 152.96618814185257 250
1694430558094 152.93563442313078 251
1694430558109 152.9050869363777 252
1694430558125 152.8745456803075 253
1694430558141 152.84401065363465 254
1694430558156 152.81348185507386 255
1694430558172 152.78295928334015 256
1694430558188 152.75244293714877 257
1694430558204 152.72193281521527 258
1694430558220 152.69142891625535 259
1694430558235 152.6609312389852 260
1694430558251 152.63043978212113 261
1694430558267 152.59995454437964 262
1694430558283 152.56947552447767 263
1694430558300 152.53900272113236 264
1694430558315 152.50853613306109 265
1694430558330 152.47807575898156 266
1694430558346 152.44762159761166 267
1694430558362 152.41717364766964 268
1694430558378 152.38673190787384 269
1694430558395 152.3562963769432 270
1694430558412 152.32586705359657 271
1694430558428 152.29544393655323 272
1694430558445 152.26502702453277 273
1694430558461 152.23461631625494 274
1694430558477 152.2042118104399 275
1694430558494 152.17381350580789 276
1694430558509 152.14342140107954 277
1694430558524 152.1130354949757 278
1694430558541 152.08265578621752 279
1694430558556 152.05228227352643 280
1694430558572 152.02191495562406 281
1694430558589 151.99155383123235 282
1694430558605 151.9611988990735 283
1694430558621 151.93085015787 284
1694430558637 151.90050760634455 285
1694430558654 151.87017124322014 286
1694430558670 151.83984106722005 287
1694430558687 151.80951707706782 288
1694430558702 151.77919927148722 289
1694430558719 151.7488876492023 290
1694430558734 151.7185822089374 291
1694430558750 151.68828294941713 292
1694430558766 151.6579898693663 293
1694430558783 151.62770296751012 294
1694430558799 151.5974222425739 295
1694430558814 151.5671476932833 296
1694430558830 151.53687931836424 297
1694430558845 151.50661711654297 298
1694430558861 151.47636108654584 299
1694430558878 151.44611122709964 300
1694430558894 151.4158675369313 301
1694430558910 151.38563001476808 302
1694430558926 151.35539865933748 303
1694430558942 151.3251734693673 304
1694430558957 151.2949544435856 305
1694430558974 151.26474158072062 306
1694430558989 151.23453487950093 307
1694430559005 151.20433433865537 308
1694430559023 151.17413995691314 309
1694430559039 151.1439517330035 310
1694430559057 151.11376966565604 311
1694430559072 151.08359375360072 312
1694430559090 151.05342399556775 313
1694430559106 151.02326039028745 314
1694430559122 150.9931029364905 315
1694430559137 150.96295163290793 316
1694430559152 150.93280647827092 317
1694430559169 150.9026674713109 318
1694430559186 150.8725346107597 319
1694430559202 150.84240789534925 320
1694430559217 150.81228732381183 321
1694430559233 150.78217289488 322
1694430559248 150.75206460728657 323
1694430559265 150.72196245976454 324
1694430559281 150.6918664510473 325
1694430559298 150.66177657986842 326
1694430559313 150.63169284496172 327
1694430559329 150.60161524506134 328
1694430559345 150.57154377890166 329
1694430559360 150.54147844521734 330
1694430559377 150.51141924274322 331
1694430559394 150.48136617021453 332
1694430559409 150.4513192263667 333
1694430559425 150.42127840993544 334
1694430559441 150.39124371965667 335
1694430559457 150.3612151542666 336
1694430559473 150.33119271250177 337
1694430559489 150.3011763930989 338
1694430559504 150.271166194795 339
1694430559520 150.24116211632736 340
1694430559537 150.21116415643348 341
1694430559553 150.18117231385122 342
1694430559569 150.1511865873186 343
1694430559587 150.12120697557395 344
1694430559603 150.09123347735587 345
1694430559618 150.06126609140318 346
1694430559634 150.03130481645502 347
1694430559649 150.00134965125082 348
1694430559665 149.9714005945301 349
1694430559681 149.94145764503284 350
1694430559697 149.9115208014992 351
1694430559713 149.8815900626696 352
1694430559729 149.85166542728473 353
1694430559746 149.8217468940855 354
1694430559761 149.79183446181315 355
1694430559778 149.7619281292092 356
1694430559794 149.73202789501528 357
1694430559811 149.7021337579735 358
1694430559826 149.67224571682604 359
1694430559841 149.64236377031548 360
1694430559857 149.61248791718458 361
1694430559874 149.58261815617638 362
1694430559890 149.5527544860342 363
1694430559906 149.52289690550157 364
1694430559922 149.4930454133223 365
1694430559939 149.46320000824062 366
1694430559955 149.43336068900075 367
1694430559970 149.4035274543473 368
1694430559987 149.37370030302532 369
1694430560004 149.3438792337797 370
1694430560020 149.314064245356 371
1694430560035 149.28425533649985 372
1694430560051 149.25445250595715 373
1694430560066 149.22465575247406 374
1694430560084 149.1948650747971 375
1694430560100 149.1650804716729 376
1694430560116 149.13530194184844 377
1694430560132 149.10552948407093 378
1694430560147 149.0757630970879 379
1694430560163 149.04600277964713 380
1694430560180 149.0162485304965 381
1694430560197 148.9865003483844 382
1694430560214 148.95675823205931 383
1694430560228 148.92702218027 384
1694430560246 148.8972921917656 385
1694430560261 148.86756826529526 386
1694430560277 148.83785039960873 387
1694430560294 148.80813859345574 388
1694430560308 148.77843284558637 389
1694430560324 148.74873315475105 390
1694430560340 148.71903951970032 391
1694430560356 148.68935193918506 392
1694430560372 148.65967041195643 393
1694430560389 148.62999493676585 394
1694430560405 148.60032551236486 395
1694430560420 148.5706621375055 396
1694430560437 148.54100481093982 397
1694430560453 148.51135353142035 398
1694430560468 148.48170829769978 399
1694430560484 148.45206910853096 400
1694430560500 148.42243596266718 401
1694430560516 148.3928088588619 402
1694430560531 148.36318779586884 403
1694430560548 148.33357277244198 404
1694430560563 148.3039637873356 405
1694430560580 148.27436083930414 406
1694430560597 148.2447639271024 407
1694430560612 148.21517304948543 408
1694430560628 148.18558820520852 409
1694430560643 148.15600939302718 410
1694430560660 148.1264366116972 411
1694430560675 148.09686985997467 412
1694430560691 148.06730913661588 413
1694430560707 148.03775444037748 414
1694430560722 148.00820577001622 415
1694430560739 147.97866312428926 416
1694430560755 147.9491265019539 417
1694430560770 147.91959590176782 418
1694430560787 147.89007132248886 419
1694430560803 147.8605527628751 420
1694430560820 147.83104022168502 421
1694430560835 147.80153369767723 422
1694430560851 147.7720331896106 423
1694430560867 147.74253869624437 424
1694430560883 147.7130502163379 425
1694430560899 147.6835677486509 426
1694430560915 147.65409129194327 427
1694430560931 147.62462084497525 428
1694430560947 147.5951564065073 429
1694430560963 147.5656979753001 430
1694430560979 147.53624555011467 431
1694430560996 147.50679912971216 432
1694430561011 147.47735871285414 433
1694430561027 147.44792429830233 434
1694430561043 147.4184958848187 435
1694430561059 147.38907347116552 436
1694430561074 147.35965705610536 437
1694430561092 147.33024663840095 438
1694430561107 147.3008422168153 439
1694430561122 147.27144379011176 440
1694430561139 147.24205135705384 441
1694430561155 147.21266491640537 442
1694430561170 147.18328446693036 443
1694430561187 147.15391000739322 444
1694430561203 147.12454153655844 445
1694430561219 147.0951790531909 446
1694430561235 147.06582255605565 447
1694430561251 147.0364720439181 448
1694430561266 147.0071275155438 449
1694430561284 146.97778896969868 450
1694430561300 146.9484564051488 451
1694430561315 146.91912982066052 452
1694430561332 146.8898092150005 453
1694430561348 146.86049458693566 454
1694430561364 146.83118593523307 455
1694430561380 146.80188325866024 456
1694430561397 146.77258655598473 457
1694430561412 146.7432958259745 458
1694430561427 146.71401106739776 459
1694430561444 146.68473227902285 460
1694430561459 146.65545945961853 461
1694430561475 146.62619260795367 462
1694430561492 146.59693172279754 463
1694430561508 146.56767680291958 464
1694430561523 146.53842784708942 465
1694430561539 146.50918485407715 466
1694430561554 146.4799478226529 467
1694430561570 146.45071675158718 468
1694430561586 146.42149163965072 469
1694430561604 146.39227248561448 470
1694430561619 146.3630592882498 471
1694430561635 146.33385204632805 472
1694430561650 146.30465075862108 473
1694430561665 146.27545542390084 474
1694430561681 146.24626604093962 475
1694430561697 146.21708260851 476
1694430561713 146.1879051253847 477
1694430561729 146.15873359033674 478
1694430561745 146.12956800213945 479
1694430561761 146.10040835956636 480
1694430561777 146.0712546613913 481
1694430561794 146.04210690638826 482
1694430561809 146.01296509333156 483
1694430561825 145.98382922099583 484
1694430561842 145.95469928815584 485
1694430561857 145.92557529358666 486
1694430561872 145.89645723606367 487
1694430561889 145.86734511436237 488
1694430561906 145.83823892725866 489
1694430561922 145.80913867352862 490
1694430561939 145.78004435194865 491
1694430561955 145.75095596129526 492
1694430561970 145.72187350034537 493
1694430561986 145.6927969678761 494
1694430562003 145.66372636266476 495
1694430562019 145.63466168348904 496
1694430562036 145.60560292912677 497
1694430562052 145.57655009835608 498
1694430562067 145.54750318995536 499
