1694432605359 174.1891950645115 0
1694432605377 170.70455564126996 1
1694432605394 167.97668361373417 2
1694432605410 165.32175315283098 3
1694432605427 162.7028176706566 4
1694432605444 160.1255304681449 5
1694432605459 157.5892155941935 6
1694432605476 155.0932203673755 7
1694432605492 152.63690249963463 8
1694432605509 150.21962995494 9
1694432605527 147.84078078515705 10
1694432605542 145.49974296860762 11
1694432605558 143.19591425122525 12
1694432605574 140.92870199026305 13
1694432605591 138.69752300051402 14
1694432605608 136.5018034030015 15
1694432605624 134.34097847610158 16
1694432605641 132.21449250905633 17
1694432605658 130.12179865784046 18
1694432605675 128.06235880334262 19
1694432605693 126.03564341182411 20
1694432605711 124.0411313976181 21
1694432605729 122.07830998803318 22
1694432605747 120.14667459042559 23
1694432605766 118.245728661405 24
1694432605784 116.37498357813946 25
1694432605804 114.53395851172549 26
1694432605822 112.72218030258999 27
1694432605838 110.9391833378913 28
1694432605853 109.1845094308868 29
1694432605870 107.45770770223567 30
1694432605886 105.75833446320526 31
1694432605903 104.08595310075049 32
1694432605919 102.44013396443621 33
1694432605935 100.82045425517248 34
1694432605951 99.2264979157336 35
1694432605967 97.65785552303248 36
1694432605984 96.11412418212159 37
1694432606001 94.59490742189266 38
1694432606017 93.09981509244838 39
1694432606033 91.62846326411838 40
1694432606049 90.18047412809325 41
1694432606065 88.75547589865096 42
1694432606081 87.35310271694935 43
1694432606098 85.9729945563599 44
1694432606114 84.61479712931799 45
1694432606130 83.27816179566493 46
1694432606146 81.96274547245801 47
1694432606163 80.6682105452249 48
1694432606180 79.39422478063891 49
1694432606196 78.14046124059291 50
1694432606214 76.90659819764845 51
1694432606231 75.6923190518387 52
1694432606246 74.4973122488034 53
1694432606264 73.32127119923385 54
1694432606280 72.16389419960737 55
1694432606296 71.02488435419063 56
1694432606313 69.90394949829076 57
1694432606330 68.80194134929391 58
1694432606346 67.71717834295842 59
1694432606362 66.64961801606304 60
1694432606378 65.59898636994268 61
1694432606393 64.56501432008665 62
1694432606410 63.54743706481094 63
1694432606426 62.54599401835444 64
1694432606444 61.56042874364924 65
1694432606459 60.590488886169 66
1694432606475 59.635926108834184 67
1694432606491 58.69649602795738 68
1694432606508 57.77195815021198 69
1694432606526 56.86207581060778 70
1694432606543 55.96661611145739 71
1694432606559 55.085349862317656 72
1694432606578 54.21805152089035 73
1694432606594 53.364499134866726 74
1694432606611 52.52447428470103 75
1694432606627 51.69776202729786 76
1694432606643 50.88415084059881 77
1694432606659 50.083432569054025 78
1694432606676 49.29540236996452 79
1694432606692 48.5198586606811 80
1694432606708 47.75660306664661 81
1694432606725 47.00544037026745 82
1694432606741 46.266178460601544 83
1694432606757 45.5386282838494 84
1694432606774 44.822603794635626 85
1694432606790 44.11792190806802 86
1694432606806 43.424402452561985 87
1694432606823 42.74186812341783 88
1694432606840 42.07014443713926 89
1694432606857 41.409059686480646 90
1694432606874 40.75844489621192 91
1694432606889 40.118133779589364 92
1694432606906 39.487962695521034 93
1694432606924 38.867770606415746 94
1694432606940 38.25739903670466 95
1694432606956 37.65669203202467 96
1694432606972 37.06549611905316 97
1694432606988 36.483660265983445 98
1694432607004 35.91103584363096 99
1694432607021 35.34747658715994 100
1694432607038 34.79283855842055 101
1694432607054 34.24698010888701 102
1694432607070 33.70976184318687 103
1694432607087 33.181046583212115 104
1694432607102 32.66069933280264 105
1694432607121 32.148587242993095 106
1694432607137 31.644579577814106 107
1694432607153 31.14854768063886 108
1694432607169 30.660364941066497 109
1694432607186 30.179906762333626 110
1694432607203 29.707050529245585 111
1694432607219 29.241675576619116 112
1694432607235 28.783663158228283 113
1694432607252 28.332896416245603 114
1694432607267 27.88926035117044 115
1694432607284 27.45264179223695 116
1694432607300 27.02292936829389 117
1694432607317 26.600013479148647 118
1694432607333 26.183786267368255 119
1694432607350 25.774141590530036 120
1694432607368 25.370974993914455 121
1694432607384 24.97418368363364 122
1694432607401 24.583666500188038 123
1694432607418 24.1993238924447 124
1694432607433 23.821057892030495 125
1694432607450 23.448772088133417 126
1694432607466 23.082371602705564 127
1694432607483 22.72176306606145 128
1694432607499 22.366854592865284 129
1694432607515 22.017555758500944 130
1694432607533 21.673777575818608 131
1694432607548 21.335432472252037 132
1694432607563 21.002434267300504 133
1694432607581 20.67469815036974 134
1694432607597 20.35214065896589 135
1694432607614 20.03467965723706 136
1694432607630 19.722234314856887 137
1694432607646 19.414725086244527 138
1694432607663 19.1120736901159 139
1694432607679 18.81420308936066 140
1694432607695 18.521037471240017 141
1694432607712 18.232502227899893 142
1694432607730 17.948523937194764 143
1694432607747 17.669030343816953 144
1694432607763 17.39395034072665 145
1694432607778 17.123213950877787 146
1694432607794 16.856752309235098 147
1694432607810 16.594497645077727 148
1694432607827 16.33638326458466 149
1694432607844 16.08234353369778 150
1694432607860 15.832313861257763 151
1694432607876 15.586230682408786 152
1694432607893 15.344031442267559 153
1694432607909 15.105654579852462 154
1694432607925 14.871039512268846 155
1694432607943 14.640126619146084 156
1694432607959 14.41285722732265 157
1694432607975 14.189173595775154 158
1694432607993 13.969018900787399 159
1694432608009 13.752337221355674 160
1694432608026 13.53907352482655 161
1694432608043 13.329173652763448 162
1694432608059 13.122584307038272 163
1694432608075 12.919253036144603 164
1694432608091 12.719128221728905 165
1694432608107 12.522159065336163 166
1694432608125 12.328295575366768 167
1694432608141 12.137488554240939 168
1694432608157 11.949689585767727 169
1694432608172 11.764851022715114 170
1694432608189 11.582925974578048 171
1694432608204 11.403868295541287 172
1694432608221 11.22763257263394 173
1694432608238 11.054174114072646 174
1694432608255 10.883448937790384 175
1694432608270 10.715413760147907 176
1694432608288 10.550025984824995 177
1694432608304 10.387243691888532 178
1694432608321 10.22702562703473 179
1694432608337 10.069331191002565 180
1694432608352 9.914120429155847 181
1694432608369 9.761354021231124 182
1694432608385 9.61099327124886 183
1694432608401 9.46300009758518 184
1694432608418 9.317337023201784 185
1694432608435 9.173967166031316 186
1694432608452 9.032854229515843 187
1694432608468 8.893962493296037 188
1694432608484 8.757256804048463 189
1694432608500 8.622702566468835 190
1694432608517 8.490265734398786 191
1694432608534 8.359912802093868 192
1694432608552 8.231610795630624 193
1694432608568 8.10532726445042 194
1694432608585 7.981030273037858 195
1694432608600 7.858688392731706 196
1694432608616 7.738270693666148 197
1694432608634 7.619746736840359 198
1694432608651 7.503086566314267 199
1694432608667 7.388260701528552 200
1694432608685 7.275240129746924 201
1694432608701 7.1639962986186365 202
1694432608717 7.054501108859449 203
1694432608733 6.946726907049023 204
1694432608750 6.840646478543017 205
1694432608766 6.736233040497926 206
1694432608782 6.633460235006982 207
1694432608798 6.532302122345322 208
1694432608815 6.432733174322556 209
1694432608833 6.334728267741279 210
1694432608848 6.238262677959559 211
1694432608864 6.143312072555965 212
1694432608880 6.049852505095333 213
1694432608896 5.957860408993822 214
1694432608912 5.867312591481559 215
1694432608929 5.778186227661348 216
1694432608946 5.690458854661963 217
1694432608961 5.604108365884434 218
1694432608978 5.519113005339937 219
1694432608994 5.435451362077756 220
1694432609011 5.353102364701909 221
1694432609028 5.272045275975044 222
1694432609044 5.192259687508154 223
1694432609060 5.113725514534865 224
1694432609077 5.036422990768786 225
1694432609092 4.9603326633427285 226
1694432609109 4.885435387828451 227
1694432609125 4.811712323335649 228
1694432609141 4.73914492768886 229
1694432609158 4.667714952681192 230
1694432609175 4.5974044394035065 231
1694432609192 4.52819571364794 232
1694432609208 4.46007138138451 233
1694432609225 4.393014324309761 234
1694432609242 4.32700769546615 235
1694432609258 4.262034914931156 236
1694432609274 4.198079665574967 237
1694432609290 4.135125888885678 238
1694432609306 4.07315778086085 239
1694432609322 4.0121597879644355 240
1694432609339 3.9521166031480903 241
1694432609356 3.8930131619356674 242
1694432609371 3.8348346385700665 243
1694432609388 3.7775664422213473 244
1694432609404 3.7211942132551736 245
1694432609420 3.6657038195606106 246
1694432609436 3.6110813529362926 247
1694432609453 3.5573131255341486 248
1694432609468 3.5043856663596133 249
1694432609486 3.4522857178275395 250
1694432609502 3.4010002323729074 251
1694432609517 3.3505163691153945 252
1694432609534 3.3008214905770235 253
1694432609550 3.2519031594520067 254
1694432609566 3.203749135427972 255
1694432609583 3.1563473720577186 256
1694432609599 3.1096860136807365 257
1694432609615 3.063753392393696 258
1694432609632 3.018538025069102 259
1694432609648 2.9740286104213474 260
1694432609663 2.9302140261194505 261
1694432609680 2.887083325945702 262
1694432609696 2.844625736999444 263
1694432609712 2.8028306569454067 264
1694432609729 2.7616876513057154 265
1694432609745 2.721186450794994 266
1694432609762 2.6813169486978508 267
1694432609779 2.6420691982880484 268
1694432609796 2.603433410288704 269
1694432609811 2.5653999503728886 270
1694432609827 2.527959336703971 271
1694432609844 2.4911022375150265 272
1694432609860 2.454819468726809 273
1694432609876 2.4191019916035135 274
1694432609893 2.3839409104458475 275
1694432609909 2.349327470320793 276
1694432609924 2.315253054827422 277
1694432609941 2.281709183898276 278
1694432609957 2.2486875116356564 279
1694432609973 2.216179824182338 280
1694432609990 2.1841780376261335 281
1694432610007 2.152674195937754 282
1694432610023 2.1216604689414478 283
1694432610040 2.091129150317922 284
1694432610056 2.0610726556389984 285
1694432610071 2.0314835204334925 286
1694432610089 2.0023543982838636 287
1694432610105 1.9736780589530911 288
1694432610120 1.9454473865413648 289
1694432610138 1.9176553776720255 290
1694432610154 1.8902951397063683 291
1694432610170 1.8633598889868292 292
1694432610186 1.8368429491080571 293
1694432610203 1.8107377492154955 294
1694432610219 1.7850378223310002 295
1694432610235 1.759736803705055 296
1694432610253 1.734828429195193 297
1694432610268 1.7103065336701646 298
1694432610284 1.6861650494395009 299
1694432610302 1.6623980047079967 300
1694432610320 1.6389995220547873 301
1694432610338 1.6159638169365682 302
1694432610355 1.5932851962146117 303
1694432610371 1.570958056705196 304
1694432610388 1.5489768837530584 305
1694432610403 1.5273362498275143 306
1694432610419 1.5060308131408957 307
1694432610435 1.4850553162889348 308
1694432610452 1.464404584912753 309
1694432610468 1.4440735263820912 310
1694432610485 1.4240571284995012 311
1694432610501 1.404350458225082 312
1694432610517 1.3849486604215127 313
1694432610533 1.3658469566189864 314
1694432610549 1.3470406437998124 315
1694432610566 1.3285250932022825 316
1694432610582 1.3102957491435738 317
1694432610599 1.2923481278613254 318
1694432610615 1.2746778163736319 319
1694432610632 1.2572804713571517 320
1694432610647 1.2401518180430156 321
1694432610663 1.223287649130295 322
1694432610680 1.2066838237167343 323
1694432610696 1.1903362662464305 324
1694432610712 1.1742409654742643 325
1694432610728 1.1583939734467734 326
1694432610745 1.1427914044991991 327
1694432610761 1.1274294342684772 328
1694432610778 1.1123042987218923 329
1694432610794 1.0974122932011816 330
1694432610810 1.0827497714817806 331
1694432610827 1.0683131448470562 332
1694432610843 1.0540988811772078 333
1694432610860 1.0401035040526598 334
1694432610876 1.0263235918716636 335
1694432610894 1.0127557769819533 336
1694432610910 0.9993967448261547 337
1694432610926 0.9862432331007817 338
1694432610943 0.9732920309285877 339
1694432610959 0.9605399780440506 340
1694432610975 0.9479839639917963 341
1694432610992 0.9356209273377563 342
1694432611008 0.9234478548928304 343
1694432611024 0.9114617809488981 344
1694432611041 0.8996597865269496 345
1694432611059 0.8880389986371484 346
1694432611074 0.8765965895506546 347
1694432611091 0.8653297760829982 348
1694432611107 0.8542358188888368 349
1694432611122 0.8433120217678872 350
1694432611140 0.832555730981919 351
1694432611156 0.8219643345825448 352
1694432611172 0.8115352617497065 353
1694432611188 0.801265982140659 354
1694432611204 0.7911540052492794 355
1694432611220 0.7811968797755507 356
1694432611236 0.7713921930050558 357
1694432611253 0.7617375701983236 358
1694432611269 0.7522306739898487 359
1694432611285 0.7428692037966697 360
1694432611302 0.7336508952363271 361
1694432611318 0.7245735195540591 362
1694432611334 0.7156348830590733 363
1694432611351 0.7068328265697913 364
1694432611367 0.6981652248678736 365
1694432611383 0.6896299861609281 366
1694432611399 0.6812250515537218 367
1694432611416 0.6729483945278045 368
1694432611432 0.6647980204293706 369
1694432611448 0.65677196596527 370
1694432611466 0.6488682987069885 371
1694432611484 0.6410851166025162 372
1694432611502 0.6334205474959679 373
1694432611518 0.6258727486547893 374
1694432611535 0.6184399063045122 375
1694432611551 0.6111202351708486 376
1694432611567 0.603911978029071 377
1694432611584 0.5968134052605443 378
1694432611600 0.5898228144162716 379
1694432611615 0.5829385297873828 380
1694432611632 0.5761589019824297 381
1694432611648 0.5694823075113842 382
1694432611664 0.5629071483762391 383
1694432611680 0.5564318516680865 384
1694432611697 0.5500548691706219 385
1694432611713 0.5437746769698903 386
1694432611729 0.537589775070264 387
1694432611746 0.5314986870164772 388
1694432611762 0.5254999595216767 389
1694432611779 0.5195921621013626 390
1694432611795 0.5137738867131312 391
1694432611810 0.5080437474021323 392
1694432611828 0.5024003799521559 393
1694432611844 0.49684244154223817 394
1694432611860 0.491368610408717 395
1694432611876 0.4859775855126513 396
1694432611892 0.48066808621250856 397
1694432611909 0.47543885194203667 398
1694432611925 0.4702886418932533 399
1694432611941 0.46521623470444967 400
1694432611958 0.4602204281531485 401
1694432611974 0.45530003885392123 402
1694432611991 0.4504539019610111 403
1694432612007 0.44568087087563896 404
1694432612023 0.440979816957986 405
1694432612041 0.4363496292437164 406
1694432612058 0.43178921416499405 407
1694432612075 0.4272974952759357 408
1694432612093 0.4228734129823927 409
1694432612108 0.4185159242760436 410
1694432612124 0.4142240024726695 411
1694432612140 0.4099966369545993 412
1694432612156 0.40583283291722944 413
1694432612172 0.4017316111195549 414
1694432612188 0.3976920076386576 415
1694432612205 0.3937130736280821 416
1694432612222 0.3897938750800457 417
1694432612238 0.3859334925914094 418
1694432612255 0.3821310211333578 419
1694432612271 0.3783855698247252 420
1694432612287 0.37469626170891823 421
1694432612304 0.3710622335343672 422
1694432612319 0.36748263553845867 423
1694432612335 0.3639566312348834 424
1694432612351 0.3604833972043624 425
1694432612367 0.3570621228886789 426
1694432612384 0.35369201038797493 427
1694432612400 0.350372274261263 428
1694432612416 0.34710214133008566 429
1694432612431 0.343880850485297 430
1694432612448 0.34070765249689094 431
1694432612465 0.3375818098268495 432
1694432612481 0.3345025964449571 433
1694432612497 0.33146929764751915 434
1694432612513 0.3284812098789554 435
1694432612529 0.3255376405562272 436
1694432612546 0.3226379078960288 437
1694432612562 0.3197813407447272 438
1694432612579 0.3169672784109837 439
1694432612596 0.31419507050103374 440
1694432612611 0.3114640767565626 441
1694432612630 0.3087736668951631 442
1694432612648 0.306123220453301 443
1694432612667 0.3035121266317798 444
1694432612683 0.30093978414363814 445
1694432612702 0.2984056010644668 446
1694432612717 0.2959089946850864 447
1694432612733 0.29344939136655335 448
1694432612750 0.291026226397473 449
1694432612767 0.28863894385355154 450
1694432612783 0.2862869964593859 451
1694432612800 0.28396984545243387 452
1694432612815 0.28168696044913527 453
1694432612831 0.27943781931315065 454
1694432612847 0.2772219080256844 455
1694432612863 0.275038720557865 456
1694432612879 0.2728877587451294 457
1694432612895 0.27076853216361296 458
1694432612912 0.2686805580084731 459
1694432612927 0.26662336097415906 460
1694432612943 0.2645964731365546 461
1694432612960 0.26259943383700096 462
1694432612976 0.2606317895681374 463
1694432612994 0.2586930938615656 464
1694432613009 0.25678290717726915 465
1694432613025 0.254900796794801 466
1694432613041 0.2530463367061746 467
1694432613058 0.2512191075104557 468
1694432613075 0.2494186963100231 469
1694432613091 0.24764469660846666 470
1694432613106 0.24589670821008677 471
1694432613122 0.24417433712100656 472
1694432613138 0.2424771954518232 473
1694432613155 0.24080490132181556 474
1694432613172 0.2391570787646468 475
1694432613187 0.23753335763557837 476
1694432613206 0.23593337352013063 477
1694432613223 0.23435676764419805 478
1694432613239 0.2328031867855806 479
1694432613256 0.2312722831869105 480
1694432613273 0.22976371446996013 481
1694432613290 0.22827714355129888 482
1694432613306 0.22681223855927976 483
1694432613321 0.2253686727523437 484
1694432613338 0.22394612443860812 485
1694432613353 0.22254427689672932 486
1694432613370 0.22116281829801135 487
1694432613386 0.21980144162974802 488
1694432613402 0.21845984461976534 489
1694432613418 0.2171377296621738 490
1694432613433 0.215834803744273 491
1694432613449 0.2145507783746229 492
1694432613466 0.21328536951224197 493
1694432613482 0.21203829749693415 494
1694432613499 0.21080928698069956 495
1694432613515 0.20959806686024227 496
1694432613531 0.20840437021053093 497
1694432613547 0.20722793421941949 498
1694432613564 0.20606850012329012 499
