1694435533481 144.41649464663422 0
1694435533500 137.035762780382 1
1694435533519 103.94542445222086 2
1694435533537 87.83710820037224 3
1694435533561 80.07679917664613 4
1694435533582 69.59201262893974 5
1694435533605 56.17107201460181 6
1694435533630 45.29654844363576 7
1694435533654 42.27244713639288 8
1694435533677 36.38587754019122 9
1694435533700 28.099521450094667 10
1694435533727 25.364212683497573 11
1694435533747 19.279286408096176 12
1694435533765 17.86262558001431 13
1694435533782 15.49926313822134 14
1694435533799 12.778638018393533 15
1694435533818 12.044238028429064 16
1694435533837 11.11494921763544 17
1694435533855 7.8168143600536615 18
1694435533873 6.953291199868952 19
1694435533891 5.74917632653344 20
1694435533909 4.96740614781468 21
1694435533928 4.291427545939466 22
1694435533945 3.9373655917689936 23
1694435533965 3.3656061526861527 24
1694435533983 2.7726521239193596 25
1694435534001 2.0499846538480067 26
1694435534020 2.131952563822625 27
1694435534039 1.3651515015269091 28
1694435534058 1.6757766826304756 29
1694435534077 1.179240592431102 30
1694435534095 1.1997276570025457 31
1694435534113 1.204724769595527 32
1694435534132 1.2775258787008426 33
1694435534150 0.6500391675701221 34
1694435534167 0.7474473730850603 35
1694435534185 1.4950970200654545 36
1694435534203 0.4286071452708183 37
1694435534222 0.48734875071510164 38
1694435534240 0.48531554144659356 39
1694435534258 0.34534012272626463 40
1694435534275 0.34709671605872455 41
1694435534292 0.2672417216751581 42
1694435534311 0.16007038465704762 43
1694435534330 0.21253271514583674 44
1694435534347 0.2691518318509963 45
1694435534364 0.2860818060343834 46
1694435534381 0.1286550861860754 47
1694435534398 0.20874346013649903 48
1694435534416 0.8089718952924129 49
1694435534436 0.10892951969636443 50
1694435534454 0.1386497781677527 51
1694435534471 0.11749855645870129 52
1694435534488 0.08760051655684667 53
1694435534506 0.14237595625420632 54
1694435534525 0.09047873345888156 55
1694435534544 0.1674802953509845 56
1694435534561 0.15313464524197232 57
1694435534578 0.05328520338302229 58
1694435534595 0.07602611300391367 59
1694435534613 0.1268206442102084 60
1694435534636 0.21018879788564623 61
1694435534660 0.0885656400992293 62
1694435534685 0.1342746718676751 63
1694435534705 0.12691325135817455 64
1694435534724 0.15707338486628777 65
1694435534745 0.14972487570516696 66
1694435534768 0.09509417421907997 67
1694435534790 0.10707662357700722 68
1694435534811 0.09560446033359098 69
1694435534830 0.11638637818606842 70
1694435534848 0.10759274110435495 71
1694435534865 0.19203121807880866 72
1694435534883 0.26923902907221725 73
1694435534901 0.20285407040748657 74
1694435534918 0.1076775416501382 75
1694435534938 0.13281437042033026 76
1694435534956 0.2528734645167945 77
1694435534974 0.11338587225286993 78
1694435534991 0.09719442827545872 79
1694435535009 0.14810146012814118 80
1694435535028 0.16972431871920932 81
1694435535046 0.0873837059112544 82
1694435535064 0.1031318162979881 83
1694435535080 0.10607948040407227 84
1694435535097 0.13732015066859146 85
1694435535114 0.08404057236204786 86
1694435535133 0.09722210194167956 87
1694435535151 0.07416935220663881 88
1694435535169 0.19914878279656795 89
1694435535186 0.16764462270908637 90
1694435535203 0.13247962714507058 91
1694435535221 0.13063520051527153 92
1694435535241 0.16912079772033667 93
1694435535258 0.036394767689405846 94
1694435535276 0.06698156876697631 95
1694435535297 0.17940341620134098 96
1694435535319 0.16026306655738565 97
1694435535340 0.11362929193255843 98
1694435535356 0.1345263905218617 99
1694435535374 0.1322150691202572 100
1694435535391 0.197230857984281 101
1694435535408 0.05327907715885536 102
1694435535426 0.16675319468526778 103
1694435535446 0.05450504757085463 104
1694435535463 0.1450483626944785 105
1694435535480 0.11137177376097548 106
1694435535498 0.11106240425929267 107
1694435535516 0.07399012776419621 108
1694435535534 0.06882941158947722 109
1694435535552 0.14952075801473153 110
1694435535569 0.1672284642828094 111
1694435535587 0.07261258704538934 112
1694435535604 0.052882036214678296 113
1694435535624 0.10082818536196679 114
1694435535644 0.2045102297170675 115
1694435535660 0.07935539170796642 116
1694435535679 0.21632357798480553 117
1694435535696 0.07612023155030577 118
1694435535716 0.11983789348392397 119
1694435535733 0.21095019374341742 120
1694435535752 0.12208825399339791 121
1694435535771 0.08868501516728526 122
1694435535788 0.10953950804469141 123
1694435535805 0.10659729410995344 124
1694435535823 0.07159842792591439 125
1694435535844 0.09950614649831446 126
1694435535861 0.12073482538604129 127
1694435535878 0.1149997209825941 128
1694435535895 0.06303891948038232 129
1694435535912 0.06103616785552317 130
1694435535930 0.10385863975960787 131
1694435535953 0.0810502173584016 132
1694435535976 0.1645267919961794 133
1694435535995 0.11558604631887727 134
1694435536013 0.134605798314476 135
1694435536032 0.1616799329945626 136
1694435536052 0.1420719761540386 137
1694435536069 0.20975447258094623 138
1694435536088 0.09579373290895309 139
1694435536105 0.07213438604547547 140
1694435536123 0.11575227541737068 141
1694435536144 0.15247877337728113 142
1694435536161 0.03475102780090612 143
1694435536180 0.09871787813063458 144
1694435536196 0.13642228964914632 145
1694435536215 0.0847711826511968 146
1694435536232 0.2638538001737461 147
1694435536250 0.11883488259763864 148
1694435536268 0.11139893768578915 149
1694435536285 0.1428624046086787 150
1694435536302 0.06659411835297072 151
1694435536320 0.04845997302706151 152
1694435536337 0.08368619693426094 153
1694435536355 0.19919185188124708 154
1694435536372 0.0963433764474312 155
1694435536389 0.1163709082139689 156
1694435536407 0.14806124247101254 157
1694435536424 0.1885932700490817 158
1694435536445 0.050001339609070064 159
1694435536462 0.06486779441431746 160
1694435536479 0.0979593979499467 161
1694435536497 0.08815029188609157 162
1694435536515 0.12342556923937012 163
1694435536537 0.10648385780895052 164
1694435536558 0.15746945512603044 165
1694435536576 0.1440036530330582 166
1694435536593 0.20666663224677048 167
1694435536610 0.03425885636340213 168
1694435536628 0.08738974128353506 169
1694435536647 0.1992212835866684 170
1694435536665 0.1082612515066345 171
1694435536683 0.11627184551769916 172
1694435536701 0.12044909475672334 173
1694435536719 0.0884868837576918 174
1694435536736 0.1121776869428825 175
1694435536756 0.07956310973433814 176
1694435536773 0.10728956931557976 177
1694435536790 0.09039668679884907 178
1694435536808 0.15981108631278476 179
1694435536825 0.0468186590224966 180
1694435536845 0.04921759919162106 181
1694435536862 0.10063391518145053 182
1694435536879 0.16033632725472072 183
1694435536896 0.0897396890836071 184
1694435536913 0.06081585148873921 185
1694435536931 0.13151035901426036 186
1694435536950 0.10527671289071987 187
1694435536968 0.08768613892353401 188
1694435536986 0.09128845422226366 189
1694435537003 0.09297174815756104 190
1694435537022 0.10388242468340728 191
1694435537039 0.137631294529842 192
1694435537058 0.228107049263331 193
1694435537075 0.1294080069465676 194
1694435537093 0.10502939738190371 195
1694435537110 0.08075348736983397 196
1694435537128 0.22265089746400754 197
1694435537150 0.09202823746004492 198
1694435537170 0.12875783739151458 199
1694435537189 0.11064664723982706 200
1694435537207 0.09117327996415849 201
1694435537225 0.2558729584742426 202
1694435537242 0.09946842425918888 203
1694435537262 0.10382994193757868 204
1694435537279 0.07504294117350382 205
1694435537296 0.11168993682786287 206
1694435537314 0.09293400681162452 207
1694435537331 0.13852547364673357 208
1694435537351 0.06232500826445082 209
1694435537368 0.09282550765794194 210
1694435537386 0.2061039238659878 211
1694435537403 0.03731764710441072 212
1694435537422 0.11051640906515003 213
1694435537439 0.17177410585584568 214
1694435537459 0.11219770004578307 215
1694435537476 0.08496557139161222 216
1694435537494 0.154157265084032 217
1694435537512 0.14222418345643761 218
1694435537530 0.07177233905787271 219
1694435537549 0.10431186648034593 220
1694435537566 0.08012803557839288 221
1694435537584 0.1481085331093515 222
1694435537601 0.1386346827137956 223
1694435537618 0.11338988300863272 224
1694435537636 0.13647635916860698 225
1694435537656 0.13415554611498354 226
1694435537674 0.09831855186508918 227
1694435537691 0.2381453665204281 228
1694435537708 0.21049661924248567 229
1694435537727 0.08347744478245452 230
1694435537747 0.08332462325927101 231
1694435537772 0.1523275715650037 232
1694435537790 0.1052352391110308 233
1694435537808 0.09958572378805623 234
1694435537825 0.13120248456380174 235
1694435537843 0.10396648325064183 236
1694435537861 0.10600751458040836 237
1694435537878 0.06066742308872997 238
1694435537896 0.06136012675682634 239
1694435537914 0.10220414348984992 240
1694435537931 0.04212264627734008 241
1694435537949 0.14495243766164537 242
1694435537968 0.08591353754998722 243
1694435537986 0.06324764650385784 244
1694435538004 0.12779970430623053 245
1694435538021 0.03653326345073747 246
1694435538038 0.07014080773721935 247
1694435538057 0.19729003305353446 248
1694435538076 0.09541433265398883 249
1694435538094 0.20263173763362471 250
1694435538111 0.1340728035315728 251
1694435538128 0.07887854744870096 252
1694435538145 0.0489758337068959 253
1694435538165 0.10185646363380178 254
1694435538182 0.029660294185704216 255
1694435538198 0.10430508379317387 256
1694435538216 0.10948845334693649 257
1694435538234 0.1018871798220294 258
1694435538252 0.07363514762433994 259
1694435538270 0.08979473867975621 260
1694435538289 0.09723044720555483 261
1694435538306 0.2509404174768732 262
1694435538324 0.037367823800460734 263
1694435538342 0.1397421112939853 264
1694435538361 0.10392476303734036 265
1694435538382 0.06839381500036272 266
1694435538403 0.12398279988579082 267
1694435538422 0.07575945292114192 268
1694435538440 0.11819782019585312 269
1694435538460 0.1203382488008299 270
1694435538478 0.1193810630171142 271
1694435538495 0.05927549177462394 272
1694435538513 0.12151835579308122 273
1694435538531 0.09757835731804505 274
1694435538548 0.1337140580275231 275
1694435538568 0.15818448903161894 276
1694435538586 0.14070427749882988 277
1694435538604 0.11015089378189546 278
1694435538622 0.11878331367767525 279
1694435538638 0.1604178627952318 280
1694435538658 0.11862018270176136 281
1694435538676 0.07909406640625442 282
1694435538693 0.12692386184779605 283
1694435538711 0.2915793508532453 284
1694435538730 0.1064821921285549 285
1694435538749 0.1756694012431427 286
1694435538769 0.10125638042919152 287
1694435538787 0.1337784191537348 288
1694435538803 0.10288893665019302 289
1694435538821 0.07120097935043708 290
1694435538840 0.10801030308952478 291
1694435538857 0.1973297464299487 292
1694435538876 0.08145630470076244 293
1694435538894 0.15239070381593386 294
1694435538911 0.11376370380856847 295
1694435538929 0.09472835944038482 296
1694435538949 0.07739721597138717 297
1694435538970 0.13119851777450667 298
1694435538990 0.18500216020789995 299
1694435539009 0.08573608197584114 300
1694435539026 0.10427088239635543 301
1694435539043 0.08889180113622008 302
1694435539060 0.10440045739089607 303
1694435539079 0.18625222498125588 304
1694435539096 0.23369076001257666 305
1694435539114 0.09429969279661123 306
1694435539131 0.08695216052186765 307
1694435539148 0.0517245892477567 308
1694435539167 0.06718655664483 309
1694435539184 0.11589280327403231 310
1694435539201 0.03705554248296116 311
1694435539219 0.09273786338901649 312
1694435539236 0.09183063617471447 313
1694435539255 0.13672762730440816 314
1694435539274 0.05484731805975352 315
1694435539292 0.09024402787857129 316
1694435539309 0.08293962081892976 317
1694435539327 0.16189254545820544 318
1694435539344 0.08706235429709505 319
1694435539363 0.09394875157102543 320
1694435539382 0.12233159830503305 321
1694435539398 0.1379445155294497 322
1694435539416 0.1122550346336945 323
1694435539433 0.08225854098501485 324
1694435539451 0.07499522084124155 325
1694435539470 0.07573922725298295 326
1694435539488 0.09803966110025845 327
1694435539505 0.13723435945443777 328
1694435539524 0.08483290643118543 329
1694435539540 0.22104639199199488 330
1694435539557 0.10171671239827089 331
1694435539581 0.10801741110097915 332
1694435539604 0.06722218230100403 333
1694435539622 0.11542769128166977 334
1694435539641 0.08187181975053472 335
1694435539660 0.06344221559435735 336
1694435539678 0.09478424406613602 337
1694435539695 0.08296832684679381 338
1694435539712 0.1211793122091245 339
1694435539730 0.14265535622763 340
1694435539747 0.12101120071362285 341
1694435539766 0.09536978142268959 342
1694435539786 0.0645305263119696 343
1694435539803 0.18862733178219435 344
1694435539821 0.09832770125780031 345
1694435539838 0.08728771921897127 346
1694435539856 0.09514524717762199 347
1694435539876 0.035880414495849965 348
1694435539893 0.14724916639838276 349
1694435539910 0.09108638565805835 350
1694435539928 0.11610368375062749 351
1694435539946 0.07860672135295162 352
1694435539963 0.1856581655709096 353
1694435539982 0.1459034101130237 354
1694435540000 0.08199961897690293 355
1694435540018 0.07753886036098707 356
1694435540035 0.06751757512752107 357
1694435540054 0.0669643303314604 358
1694435540074 0.03942516976705191 359
1694435540091 0.05742348588170953 360
1694435540108 0.15061298042273125 361
1694435540127 0.08737295747302987 362
1694435540143 0.15508127603337382 363
1694435540165 0.12579543192317993 364
1694435540190 0.08453084489980207 365
1694435540209 0.06998878994229407 366
1694435540227 0.15057359260196215 367
1694435540245 0.1103757671296589 368
1694435540261 0.14002734038784978 369
1694435540282 0.07276368899698336 370
1694435540299 0.08000815679135069 371
1694435540318 0.17061128708405682 372
1694435540335 0.09813172313683505 373
1694435540353 0.07613126112614006 374
1694435540369 0.23311548789684705 375
1694435540390 0.05863549039486525 376
1694435540407 0.18186101897322576 377
1694435540425 0.07845678305809976 378
1694435540442 0.10375905747445573 379
1694435540460 0.1862328945809117 380
1694435540479 0.12221283283141313 381
1694435540497 0.14601444502321262 382
1694435540515 0.1270230252694477 383
1694435540533 0.1016837742934977 384
1694435540550 0.107329575209022 385
1694435540567 0.18276191908819056 386
1694435540587 0.11882200508047966 387
1694435540604 0.10616952687610952 388
1694435540622 0.08503023960221599 389
1694435540639 0.06244456746982523 390
1694435540657 0.231122157403711 391
1694435540675 0.06118490278938676 392
1694435540694 0.16595655709782045 393
1694435540710 0.045611334851796484 394
1694435540728 0.08214416052617372 395
1694435540746 0.10344097163695151 396
1694435540762 0.1591401144666765 397
1694435540783 0.1105309026134502 398
1694435540804 0.0591808986387854 399
1694435540823 0.11881747987957077 400
1694435540840 0.07323950298678543 401
1694435540858 0.0669736663651657 402
1694435540876 0.12175990298139082 403
1694435540893 0.11117247815295492 404
1694435540910 0.22266915462989417 405
1694435540929 0.08280451587149537 406
1694435540946 0.16687287261323622 407
1694435540963 0.08482871207510416 408
1694435540981 0.12341313117780699 409
1694435540999 0.10357561787554835 410
1694435541018 0.05002654683918303 411
1694435541036 0.2453389911634499 412
1694435541053 0.0799860852827762 413
1694435541071 0.15033750664961065 414
1694435541089 0.20895312024214968 415
1694435541107 0.08022166774021909 416
1694435541127 0.07444629920942739 417
1694435541147 0.07640469476268583 418
1694435541164 0.04068111616881936 419
1694435541182 0.09262158659022128 420
1694435541200 0.09228286088956603 421
1694435541217 0.06696221574279729 422
1694435541234 0.1866391002798733 423
1694435541252 0.08045298132432643 424
1694435541272 0.1368974282411391 425
1694435541292 0.15120010528121292 426
1694435541309 0.15247765293278737 427
1694435541327 0.14416428209485108 428
1694435541344 0.10087498679573371 429
1694435541362 0.07186662252981126 430
1694435541383 0.11164760508825025 431
1694435541402 0.08573001881154337 432
1694435541420 0.08674096687732273 433
1694435541438 0.07798007591598548 434
1694435541455 0.030702301923484967 435
1694435541472 0.07174328413209288 436
1694435541493 0.07798702506544611 437
1694435541511 0.10829267040485191 438
1694435541528 0.07927973368837497 439
1694435541546 0.1224384755324339 440
1694435541563 0.12081112407948288 441
1694435541582 0.11464729162053136 442
1694435541600 0.17508193414852555 443
1694435541617 0.12174890483127523 444
1694435541636 0.11731952491970374 445
1694435541653 0.11053948918302034 446
1694435541671 0.08220873991356958 447
1694435541689 0.15808480014804718 448
1694435541707 0.12098959189917942 449
1694435541725 0.09399224985076715 450
1694435541742 0.20319670872089773 451
1694435541759 0.058470134560591004 452
1694435541778 0.044570321925562505 453
1694435541796 0.10975824543924839 454
1694435541813 0.14868234500412347 455
1694435541831 0.05427056268534369 456
1694435541848 0.04634878416307042 457
1694435541866 0.06227497216624249 458
1694435541883 0.14689894812116822 459
1694435541901 0.117150663586754 460
1694435541919 0.0921976342992602 461
1694435541936 0.08620964814592187 462
1694435541954 0.0459309720928463 463
1694435541971 0.12397085893226316 464
1694435541992 0.07749566350265694 465
1694435542014 0.05287764806124083 466
1694435542034 0.20699236936482354 467
1694435542052 0.04388226314441257 468
1694435542071 0.14366310143298053 469
1694435542088 0.06673436910671171 470
1694435542106 0.15722306972930378 471
1694435542124 0.14121274937929137 472
1694435542141 0.19937420055961724 473
1694435542159 0.1580278386888986 474
1694435542177 0.11304412791238808 475
1694435542197 0.09586545257249637 476
1694435542215 0.07634516857130107 477
1694435542232 0.07267296276777128 478
1694435542249 0.14203634713397897 479
1694435542267 0.16170303704701064 480
1694435542283 0.23597768144404738 481
1694435542304 0.05983287649904615 482
1694435542322 0.07736817024394498 483
1694435542338 0.05309374510019472 484
1694435542355 0.16324417420378398 485
1694435542373 0.08815410470144565 486
1694435542392 0.0881244162024996 487
1694435542410 0.0369364441147166 488
1694435542427 0.05598923844097118 489
1694435542445 0.10837278441733265 490
1694435542462 0.1272849239363181 491
1694435542480 0.10509247701244875 492
1694435542500 0.12745411597447343 493
1694435542519 0.1451299193013986 494
1694435542536 0.043666598269613464 495
1694435542554 0.25661990078187963 496
1694435542572 0.07596075295806629 497
1694435542596 0.15078133414501102 498
1694435542617 0.1871958762689681 499
